1000
1.09911,0.539521605139426,0.0825083856013448,0.468419095848832,0.910010862252352
1.10312,0.451641670074817,-0.0146827534073494,0.513658355155718,0.40532605335692
-0.281341,-0.160177023073472,-0.0530186903178919,-0.0408788382229706,0.72972781037878
0.391205,0.141698182631902,-0.0628864903619446,0.406408640216867,0.07036573018272
0.204171,0.0923124287871037,0.0203384926368918,0.0726523521433084,0.308529865373936
0.216644,0.0388501979987359,-0.0267379290370427,0.29854186414605,0.483575423438405
0.729386,0.350261371134025,0.0898675551336554,0.352179119403095,0.526797873196933
0.931907,0.377579724063487,0.0299111576910022,0.515127550867962,0.473154265634547
0.394663,0.19145884286737,0.0796681884955693,0.162109946725726,0.305663940089044
-0.284518,-0.213106036999781,-0.0758638565240611,0.0790927570704776,0.111624107817406
-0.30544,-0.147943555823338,-0.0645992041630119,-0.0857481645013695,-0.0392477115173121
0.149442,0.0233483605500702,0.0230974161619962,0.188647941338648,-0.255991934066868
-0.102695,-0.0505515141421658,-0.0732136748952239,0.019089132965847,-0.422395139014775
-1.19251,-0.560486718222222,0.0858091952710508,-0.236010571443148,0.245010290756611
0.571464,0.246370637257858,-0.0204300496764109,0.403780686963301,-0.24921822999559
0.600057,0.224313084281962,0.0131646288537677,0.388757125105989,0.220974646856621
0.24393,0.105414214199935,0.00805571487936483,0.198518301471317,-0.04471246065795
-0.706568,-0.297867482611045,0.185657148351024,-0.227226230885604,-0.0168745996275655
-0.42219,-0.188954665881253,-0.151750539783218,-0.0957522205831624,-0.165833186063192
0.101862,0.0113520979594479,0.0568635196887729,0.137993151578374,0.241170832579787
0.957932,0.404588670157063,0.0685533469176407,0.564126253883796,0.378184178048677
0.986863,0.386596136239998,0.0102861017050661,0.563134263484129,0.0662785172563105
-0.780518,-0.253138964180296,-0.160207047108746,-0.162872680198499,0.409786877619926
-0.268318,-0.131912145183225,0.107686086701971,-0.0728551740634517,0.0275921752222123
0.584194,0.246237324734843,0.0246790476670731,0.373180089470993,0.106420303791819
0.582696,0.214825300033646,0.00604768900276651,0.3970176498707,0.303744954314343
0.279503,0.141073804579683,0.0592034052020439,0.17598275105255,0.012280127058086
-0.584667,-0.233375498090939,0.173988823652133,-0.190738738472654,0.0231504107166575
-0.377485,-0.108079188062541,-0.0819589836781635,-0.0973210724682678,-0.0736565439802147
0.189558,0.0243431417643629,0.0716475598135534,0.140881872937806,0.273279405352485
0.96826,0.385080759225495,0.0544091202561903,0.53540832573198,0.423371358655517
0.979247,0.340055202604462,-0.00416905208290989,0.561442510514635,0.124273676298075
-0.638311,-0.188574518034607,-0.0470351041463832,-0.164660979920451,0.321570157668379
-0.349711,-0.209646830587502,0.0295924538161225,-0.0704299042614124,-0.258481434645975
-0.0184803,0.00992818035711236,-0.0428631595325045,0.0335686738491282,-0.519777665098475
-0.979319,-0.377616337230626,0.246323063486848,-0.282153995925002,0.465448202514597
1.00063,0.413925942828366,0.0594965617632474,0.531414372680702,0.0769973574043278
1.06222,0.376920639250051,0.0144231474678003,0.566312853860605,0.675238427494807
0.638024,0.268728930307119,0.039595972902209,0.345466549765982,0.785909206485993
0.629277,0.223280197814358,0.0443832174802842,0.378655549427321,0.431182505375861
0.297351,0.147276889388409,0.0177445803727302,0.168993032284824,0.0376908258642766
-0.614911,-0.249318067488407,0.154780362509687,-0.224164100557588,0.0378061312818442
-0.331646,-0.093030177561659,-0.0856966660679508,-0.0995739741220574,-0.205981696569458
0.182621,0.0422344026558514,0.115116075480407,0.144632458979797,-0.498807221601203
-0.701727,-0.310876021808678,-0.196570191463963,-0.158849039707167,-0.110622756328996
-0.330031,-0.137973085700394,0.149795343884815,-0.0941786870085103,-0.433771403252028
-0.168378,-0.0389315613500035,-0.119490508802499,-0.0083311660554707,-0.661009570324246
-1.05768,-0.469381453095723,0.208647887550345,-0.342559511726826,-0.283205279349807
-0.473398,-0.188961742578045,-0.142087681707139,-0.115543600521439,-0.350270730505629
0.105505,-0.0492553478086844,0.0382433893114313,0.0879149127415774,0.191056748200785
0.957946,0.391342109136677,0.0364953875407117,0.539862880902321,0.369165820941872
0.979599,0.356283313343052,-0.0131488732039323,0.564273774408786,0.0650547617508143
-0.749403,-0.276637420329762,-0.0729945574921888,-0.166680299378183,0.316126975573926
-0.344114,-0.168547483562062,0.0805351879345807,-0.122977305832464,-0.347800656082477
-0.0871828,-0.0563157575143402,-0.127030964632389,-0.0318858035910934,-0.609383175599428
-1.09509,-0.452094344869224,0.220233542592147,-0.238334818559234,0.197820160959723
0.534641,0.224421639489666,-0.0018952480252732,0.341048372570674,-0.240847103216432
0.526679,0.121944522359381,-0.0184167849976754,0.254395829873171,0.225703502390807
0.276421,0.116636955615693,0.0124595462379008,0.137360449559349,-0.0710436032137753
-0.841954,-0.385707197304868,-0.0457398469561626,-0.306129432626668,0.418105199085649
0.540226,0.225241919602467,0.0146338431215503,0.282134713666635,-0.108664901106678
0.525072,0.175657817171464,-0.00102549341157596,0.322403101017537,0.198493020701728
0.19065,0.0587014691670006,-0.0904589782427802,0.112855728935123,-0.162970820588563
-0.895535,-0.385708765573647,0.074285014244861,-0.280977647916664,-0.0977020255470962
-0.521419,-0.191982386397536,-0.176887939285412,-0.12908068357758,-0.327015900159918
-0.0638604,-0.0635043711524932,-0.00713224939012824,0.0530907665521512,0.143880698425787
0.857414,0.375774570711206,0.0232204764856065,0.517604911659725,0.300980822952805
0.983337,0.346548557447539,-0.00989344114693744,0.567630837188814,0.0313991474782304
-0.684262,-0.273226826747158,-0.144567078326308,-0.151706289495543,0.25816187653078
-0.457854,-0.156441681342894,0.147270323327194,-0.133736791705909,-0.342008892796234
-0.0834932,-0.0489086937483622,-0.116516795800495,-0.0206997328446963,-0.803323389936298
-1.31215,-0.58986475019506,0.0625644116652437,-0.246090510540643,-0.189619985835799
-0.108955,-0.0340205632699618,-0.0813580624838254,-0.0204424286970319,-1.05957488126192
-1.25714,-0.574686900484352,0.0963118271111315,-0.29382976959131,0.154556841949092
0.579693,0.250587467264659,0.0773516137542408,0.32338104549674,-0.289098770429442
0.592718,0.199839385337297,0.0483733691108641,0.37065629166267,0.250284588464624
0.328018,0.181364944497415,0.0512395790022794,0.184245754195611,-0.0728889380834233
-0.786069,-0.262409673159888,0.196385279941639,-0.270598328814515,0.0794281939236323
-0.286061,-0.0895086393676519,-0.0318655779354963,-0.094409189791122,-0.173098122876831
0.139784,0.0562063383924699,0.06583722222075,0.113451020667162,0.328618713844364
1.02204,0.527035241442824,0.0764774821987301,0.611657327971079,0.446241168360597
1.06462,0.493090005264997,0.0487756670632817,0.629405229924504,0.169435122850718
-0.574228,-0.233776574976943,-0.0692621216782844,-0.194671154323091,0.344723593007157
-0.305372,-0.1309283227444,0.226336173314373,-0.130014220995034,-0.458718899748168
-0.638816,-0.259467654621427,-0.156547432338722,-0.169507744419037,-0.293990065072441
-0.305898,-0.13852455458178,0.203409213328102,-0.128115497295238,-0.356243763312808
-0.00816743,0.0448201758498489,0.0242415992995598,0.0354379178311627,-0.561073475815663
-1.08706,-0.482622539331898,0.306863769826282,-0.371240508315766,0.471898562628506
1.00507,0.526946972207988,0.069430750966615,0.5632682722315,0.0291060281185416
1.05314,0.517756654493776,0.0269544467729265,0.609908197784796,0.676837525427556
0.656731,0.353968597838364,0.0518287516254898,0.352080168619902,0.771104733836288
0.602617,0.308061290140296,0.069101276309049,0.372695621699307,0.446206117484685
0.317601,0.20554959400393,0.0538521306565674,0.182757858659931,0.0221116662327794
-0.636931,-0.329149313216653,0.253003638521075,-0.320275331140258,0.0715888263743153
-0.303029,-0.0931805244353003,-0.0159284074695274,-0.0824648195860092,-0.117146917169179
0.125625,0.0758399129130976,0.14309460696569,0.119826377139653,0.321273215288942
1.00094,0.559588491773937,0.0878405418626083,0.601316560627456,0.436363490335829
1.06672,0.549728355448984,0.0451950786423783,0.61722142626937,0.125863142505353
-0.667132,-0.246224463764603,-0.0778484271310304,-0.181786961038397,0.382755709902189
-0.300553,-0.142894445304315,0.18691645405326,-0.111904471008702,-0.254680956827347
0.0251548,0.0426107900168381,0.00697446217342858,0.0492821495745635,-0.555541837090442
-1.04628,-0.509324228567281,0.367618315590651,-0.378300550205877,0.305329209477157
0.65087,0.358663393433929,0.0220177591008034,0.395077382542428,-0.168056804896903
0.622778,0.312319436347255,0.0118139292074957,0.395457471477856,0.302697154432821
0.334259,0.210003438222671,0.0488987152947583,0.234469154632726,-0.0302034486746962
-0.729483,-0.342637236623009,0.29174675900064,-0.29916936179188,0.0778344668628899
-0.289766,-0.103937889066814,-0.0786538467434261,-0.076684373587988,-0.18562983171644
0.113571,0.0669106877653955,0.126712414632104,0.123643661666904,0.155684383256916
0.656821,0.376348088258684,0.0472983725279338,0.401304446913601,0.303138277014786
0.620835,0.329428479103271,0.0724994490023809,0.405898540872325,0.388405165350838
0.357056,0.210287843811398,0.086338588568654,0.213516661075967,-0.00030814636252073
-0.683991,-0.351624695717821,0.301175214817079,-0.310325417404653,0.0919092510187492
-0.290208,-0.105414321382767,-0.0334185253176918,-0.0753159745034206,-0.144217447261464
0.102878,0.0611434501204574,0.121644538619381,0.141298821933194,0.324870352946802
0.999696,0.609655851823454,0.0488175819421725,0.649175807140621,0.435607676414959
1.07109,0.598840530223997,0.0289766348274695,0.668022965408577,0.168231809803369
-0.567862,-0.257378439679203,-0.0289667747032589,-0.188931621971056,0.398322600729993
-0.267153,-0.153190891203175,0.240406065898721,-0.104772501007115,-0.213641946576126
0.013583,0.0468597014816314,-0.0123256371605492,0.0753930330186194,-0.51253942797403
-1.06777,-0.557665541452828,0.452450034764037,-0.370035853455349,0.514182288944911
1.13035,0.655497350190138,0.000680950326702455,0.521118281562489,-0.133024736187779
0.889855,0.480406960382619,0.0215736762816747,0.353130024046259,0.0446261893093757
0.00523179,-0.0863518737165997,-0.176011742937792,0.097736501432833,-2.02391517397368
-5.72587,-4.25462215981548,-2.19727353412377,-0.347066977423289,-0.133394954224024
0.540195,0.274238549876985,-0.0445394532583301,0.358311345599471,-5.2988379628203
-6.89121,-4.75565608074088,-1.96994549974522,-0.332714779457264,0.223502108624968
0.880958,0.515175152978981,-0.0294491202660718,0.566869877478757,-3.06294467802052
-0.326428,-0.324024107162415,-0.280209328018577,-0.0276516705062381,0.0981972778568544
0.738619,0.424758229650596,0.0315925615417848,0.485124571794401,-1.13476286160949
-2.37045,-1.51729431560688,-0.34641857949344,-0.626000663624098,0.436590624683218
0.448801,0.259603860472146,0.045679046779426,0.307042784736627,-1.27007708527077
-0.752845,-0.548677959417509,-0.201265619270409,-0.198466412352272,0.137740285265725
0.627116,0.386282972536476,0.0305279915998935,0.420932055785389,-1.48180399744981
-2.89002,-1.8010625985565,-0.510429660008117,-0.903445425977454,0.617022327614878
0.931382,0.563724731759354,0.0426298091064043,0.625308476223928,-1.18539095414433
-0.0254435,-0.0295874327659778,-0.0953991580017811,0.231835690442798,0.355923229451018
0.770838,0.453533845242999,0.0474672216749733,0.534555592651732,-1.23371805915121
-2.99632,-2.13758342230888,-0.664453931270654,-0.683461061051615,0.451975237438968
0.492473,0.288818303900599,-0.0166021710146559,0.373826799553113,-1.81275319868665
-1.56747,-1.11061864473449,-0.432494056031214,-0.396364879071379,0.541945371850112
1.08036,0.686427289236295,-0.05187692851371,0.64729492084215,-0.282859267588367
0.892022,0.543097019166183,-0.0185233614764999,0.551152950371598,0.362559534855303
0.351576,0.187633198803689,-0.0668687781499385,0.288754253623605,-0.545504830518381
-2.43432,-1.81615869539389,-0.570298856037282,-0.615958463148632,0.588397618188194
0.901378,0.570252204603388,-0.0105523794632347,0.613180510418458,-1.0640954158622
-0.200446,-0.17910096949508,-0.159716442748617,0.0694258004596315,0.390407056837441
0.762822,0.44867246897944,-0.0190429825305561,0.500568902500893,-1.16082050545104
-2.66199,-1.8967206512672,-0.498310391051708,-0.854450003491989,0.456223746763114
0.440433,0.296236834571532,-0.00558207343275956,0.380550785813415,-1.40177757851143
-0.933048,-0.668955576781895,-0.261926418879824,-0.283408432285431,0.54979844100552
1.09217,0.715756663049001,0.00861618047717964,0.652114303341252,0.0125521372588606
0.930265,0.61195399944783,-0.0301853706168707,0.619425533924081,0.472598831325941
0.392283,0.237034994307573,0.0553413247181373,0.303093284744399,-0.206373753327206
-1.61023,-1.06423687643616,-0.219948735854722,-0.633468733001445,0.381221516536412
0.722471,0.4381240492173,0.0485466346159809,0.497436686225338,-1.72306881806228
-2.72324,-1.78087978279324,-0.465254472294512,-1.07943131873293,0.766735009637607
1.13608,0.734166429122368,-0.020728191853505,0.664513529349046,-0.632270088871592
1.01492,0.637875267809085,-0.0201298306079308,0.63620994283307,0.730031783459338
0.950175,0.605319742630976,0.0578076206692841,0.616763325133106,0.559900246670138
0.111859,0.0359234304952258,-0.0754050867918609,0.215112929673754,0.701815848627412
0.820728,0.482915866695072,0.046338857714948,0.529219134585957,-0.699409479202639
-1.9946,-1.30880956223618,-0.192544698212892,-0.910178808629492,0.563495545709565
0.571426,0.340498517277683,0.0511929418821476,0.394484886731445,-1.10094639846245
-0.766853,-0.505856972934172,-0.213984067731814,-0.197718539405719,0.242616197964095
0.492718,0.304716499015304,0.0345387982363762,0.352635733034588,-0.912378245578336
-1.46885,-0.960653509919494,-0.270421713690802,-0.629769800115637,0.292286147927171
0.707298,0.453771617990283,0.0571420493228952,0.498806427067331,-1.74394699124965
-2.77487,-1.71432982127997,-0.432959777011762,-1.14342543398439,0.446157927470899
0.627839,0.394993596083433,0.0850641876380932,0.423284051721333,-1.35749880064658
-0.686201,-0.474835160580928,-0.16331020691538,-0.160506502351503,0.641393464132589
1.12807,0.736939768404607,0.00641787244685691,0.659976132611757,0.170126722576121
1.00948,0.641770123346782,-0.0207801001275927,0.63519268089209,0.561657338400072
0.490687,0.320993995539202,0.0453997136889352,0.338243780168411,-0.0705356921650614
-1.38552,-0.948480839841038,-0.214910777737428,-0.669934990701816,0.440583477693775
0.741507,0.461283878285564,0.0544412016823263,0.485379476928194,-1.59649035758762
-2.62215,-1.61183298537104,-0.374907968557294,-1.09388285881864,0.663360028976575
0.975924,0.620806178722715,0.0285568615268276,0.607886631517443,-0.977204664877989
0.15742,0.0957455984673202,-0.0786205583723074,0.279066494202769,0.489265905786283
0.833011,0.52165569970729,0.0539204456999837,0.544318608125578,-0.679769997263855
-1.99665,-1.25731120317916,-0.330274421558925,-0.963473185084692,0.79696901767603
0.967918,0.593202866563539,0.0322110312783968,0.619709794388596,-0.688339629071676
0.171444,0.0838749831272487,-0.0850540556835218,0.266688090773897,0.505950552844794
0.787179,0.495720926301525,0.0212954781035125,0.561268815636025,-0.69059933438883
-1.97663,-1.25255635256807,-0.296601473532703,-0.959738053559567,0.570960972176324
0.584485,0.337926920431187,0.0761388917082713,0.393831528907064,-0.984581885336918
-0.649597,-0.461853598728978,-0.209531409614874,-0.145572609521429,0.656294085829955
1.08615,0.697225539536844,-0.0111077276395661,0.659112957710311,0.171234141206348
0.973884,0.612865257920974,-0.0271045823912281,0.646093023647212,0.515790482023791
0.411077,0.27048572246899,-0.0101869594857039,0.324775271424899,-0.0704253164099651
-1.32913,-0.866970250580981,-0.251220306684935,-0.609977300146014,0.360696636477864
0.66654,0.414604227618298,0.0195080781781859,0.446304327638021,-1.65459997627257
-2.68944,-1.80387744014794,-0.640736064545084,-0.994559418984882,0.314159882531705
0.624135,0.404088408434132,0.0393568089928009,0.453223680716246,-2.14787493567668
-2.57113,-1.66725923119551,-0.622987026655315,-1.05263434009237,0.4815064339978
0.874204,0.559206276194357,0.00802027422674739,0.575410722612477,-1.00106978318307
0.114809,0.0548691338450475,-0.152682443039494,0.258802981802453,0.398153791367594
0.72013,0.450632020246628,-0.018363950618022,0.493261133869175,-0.705013943491959
-1.91572,-1.20071207256319,-0.304012536834227,-0.908932325266181,0.511400186265082
0.53159,0.319197722274168,0.0250663159722364,0.37774123130766,-0.985115580434702
-0.697111,-0.498670489972327,-0.297323983544983,-0.152289009485963,0.629224356240802
1.07293,0.665304638037742,-0.017959325666798,0.603831992051393,0.134351171333167
0.949904,0.578502121833337,-0.00873517521737203,0.613552071631668,0.482727190459619
0.342983,0.224161594067954,0.030763102887943,0.281334219798319,-0.0489462303356162
-1.25118,-0.809101872326942,-0.186718330047535,-0.58072260207604,0.329391768001445
0.475088,0.288453226461163,-0.00214810173939545,0.360502762651796,-1.08759564928727
-1.42081,-0.885919846394678,-0.263063814911402,-0.558294705113872,0.232199844400997
0.630221,0.396909916503419,0.034757165279287,0.427606267204194,-1.66949869040649
-2.73306,-1.6488724432721,-0.529571861481099,-0.995489884878723,0.693664161477731
1.05148,0.633035510889283,0.052728781353924,0.578114940044946,-0.690701766699784
0.907022,0.545792193651994,-0.0512238064194859,0.57683962316321,0.666316446844401
0.893576,0.518373666174489,0.00492927246641245,0.53078880397403,0.491952724486109
0.079342,0.0458887165438916,-0.0960096719806081,0.239853800747605,0.65223332396757
0.751812,0.423135288742606,0.0111016912033012,0.462596738128588,-0.640890642770998
-1.80368,-1.09243604984296,-0.348822636253629,-0.785010848614821,0.504390358650204
0.459155,0.296667096271092,0.0579023795312619,0.360302005581481,-0.886340111485966
-0.573999,-0.398485173071915,-0.201695089821538,-0.0427275282362582,0.58168230605246
1.0149,0.618990935952679,-0.0202398057386096,0.587961122351254,0.186309647095701
0.950994,0.512422435080782,-0.0950115858234175,0.594578767325424,0.483298092205439
0.391991,0.238430166107799,1.91205286794113e-05,0.286867119312778,-0.0699137107044378
-1.29601,-0.788850404914175,-0.335855709005626,-0.450665052759604,0.351340924904766
0.644999,0.364245550488432,0.0291305217515581,0.444846331451317,-1.57600774870764
-2.63887,-1.61874111820328,-0.653209847791111,-0.836111851302041,0.603791276581784
0.919534,0.502118630466741,0.0146955989476523,0.542280365900915,-0.98479501437406
0.178535,0.0519853951157785,-0.130150711685213,0.276125420443485,0.436742482608211
0.771618,0.422469581728493,0.0643021785998223,0.494348217021505,-0.678037954449822
-1.92394,-1.13081298391457,-0.398968732148903,-0.651342869825968,0.54321887410544
0.502559,0.276502196432585,0.0311878964498965,0.346032172277336,-0.865607731337098
-0.391115,-0.226337614160566,-0.0674877499479555,0.0777324039602792,0.543671159905112
0.980507,0.567061420719122,0.0377355570855435,0.576313152328599,0.036126869066151
0.342641,0.192568986998631,-0.0372657301506459,0.37387708592621,0.673886960031027
0.883587,0.511008694890472,0.0853942128098308,0.51466533163834,-0.433009813806642
-1.59847,-0.873911471804752,-0.257321001355993,-0.394404723672762,0.684302066647717
0.676783,0.392906647141659,0.0927743161537876,0.419618758444853,-0.683183465487379
-0.34463,-0.219611105941946,-0.143212950155228,0.119919899926678,0.740167883198474
1.12655,0.648517321101919,-0.0117673602653015,0.664407590522042,0.325255996118924
0.980271,0.575053477863095,-0.0418508736810849,0.650493578410592,0.634017968815913
0.547134,0.36589415603494,0.122308936764338,0.346478192398694,0.0877028017065046
-1.01194,-0.538403495445524,-0.126040556756133,-0.130317796671841,0.518870229837266
0.80468,0.460700431906906,0.0802116478841985,0.462505031963817,-1.24183391879758
-2.20361,-1.18896318634125,-0.319741630134586,-0.473715221527818,0.811680100759214
1.08047,0.610520389739262,0.0809151719689085,0.673880801204963,-0.440458800662519
1.07113,0.572180277074082,0.0320870756291613,0.617770370342526,0.313691335719712
0.0252054,0.0653323934250897,0.0729302320227418,0.226572666777483,0.35663574816572
-0.395266,-0.265625656358673,0.167859307861998,-0.0220129809984067,0.223974758794183
0.4734,0.288831087685873,0.0911039015349261,0.404410036547867,-0.579150034807487
-1.13815,-0.705484500806682,0.336102535903297,-0.332922232953474,0.575908407420001
0.829587,0.480671965617698,0.0483082852984435,0.586200529974221,-0.155158624671796
0.633991,0.301223556041015,0.0597300978842814,0.441734122074244,0.500489336472551
0.63373,0.391524250845365,0.0801868264962889,0.470617828869135,-0.040672435424315
-0.869953,-0.476793918990097,0.250584630061046,-0.300017355977233,0.429822643490896
0.252736,0.192534749193551,0.0919797689166125,0.288621798669675,-0.280724596051981
0.0498213,-0.00433196458697221,0.0983339216706766,0.150764741812479,0.195550632859777
0.486021,0.284450619184411,0.0712742048092073,0.372824749914771,-0.437692604332142
-1.24361,-0.669978348027377,0.391744838558724,-0.406166108712015,0.616894878228253
0.850081,0.466902266412208,0.0643073460609165,0.577532660151579,-0.200084630471361
0.621203,0.295415091966961,0.0767986767979073,0.445191627916547,0.505833820221973
0.631388,0.367256930557007,0.0727614316417331,0.472614651240837,-0.0215618366832076
-0.818671,-0.453345337357008,0.310527554870497,-0.332202870606245,0.443461014045218
0.27058,0.188693405417159,0.0821692760672582,0.258800494200713,-0.207311943018048
0.0343211,-0.021891204381503,0.122000318907307,0.137000305418782,0.596208278999155
1.07564,0.582350263040443,0.0498206377906134,0.684563415199606,0.485862178957183
1.09065,0.53891614310582,0.142541834400639,0.622076541824809,0.442741631263249
0.00651541,0.0876892326036787,0.0902649680764997,0.186390109678922,0.392838855199473
-0.470505,-0.289291942557521,0.11330270725623,-0.129039456932756,0.48367375113032
0.845126,0.451178013133938,0.0681371641102923,0.559654612859823,0.0908891772381934
0.576088,0.267599485349166,0.0277494416781913,0.423949521391262,0.555415118817773
0.659308,0.375011457288557,0.085281557513457,0.432120720968169,-0.0778134134836177
-0.9116,-0.50304092381656,0.17263976221765,-0.367501533401971,0.425463941335637
0.207129,0.181379640118314,0.100507251529864,0.262320066115161,-0.251834761980863
0.0173648,-0.0340649309577775,0.0906634233304445,0.129231109422153,0.567923485477178
1.08745,0.560384444569848,0.0444963170829691,0.658568272116065,0.469237582623618
1.08375,0.504539785764434,-0.00403798285978362,0.631477890802367,0.435495434988657
0.00933526,0.0834478547817936,0.044380481566195,0.172673654349787,0.313154631709533
-0.548845,-0.301008456809559,0.175501817092271,-0.13938878587425,0.191756523326303
0.441118,0.270522753043877,0.047177955202723,0.344505055940497,-0.749052301736257
-1.43293,-0.674336926025094,0.393390206485437,-0.39781174932189,0.692798714763496
1.08159,0.551690384240216,0.0282354971050079,0.664263253073411,-0.0613510027164874
1.08753,0.510779156687589,0.0153995909194195,0.629219536889801,0.787398948940501
0.877073,0.464610019458019,0.0893552212322346,0.512261705606213,0.803513931714315
0.594941,0.258527298261277,0.0620523210779317,0.397203124795244,0.668082796380319
0.631697,0.364670283857075,0.109918313631821,0.41448540358667,-0.0191209138911173
-0.834135,-0.470219119401574,0.31778890242618,-0.373080994331577,0.416549317703657
0.242101,0.180795143867693,0.0784185968957007,0.244538921081786,-0.327130135771248
-0.0111646,-0.0644672169116367,0.0867521853027012,0.108681301414765,-0.0452349771739338
-0.141519,-0.0204126041104561,-0.0316931688436994,0.154491979146421,-0.275545243738478
-0.660957,-0.421396936107432,0.10084954141995,-0.240350543082985,-0.0484863186599795
0.276445,0.18175448726816,-0.00311917414239174,0.269214786952682,-0.998857422976182
-1.66902,-0.866540935644153,0.227471989109952,-0.562086737021871,0.0767987958118382
0.00483049,0.0901081008583196,0.00779552198594772,0.191001435115092,-0.693733847956923
-0.160589,-0.161342440132785,0.0442001639732943,0.0489405210337057,0.382778501838265
1.00017,0.448590789268228,-0.020054821726361,0.544711414203726,0.31843148047508
0.987775,0.403090075542779,0.015088079412691,0.552534317038935,0.294401930905691
-0.182784,-0.0121863181578439,0.00965108761821726,0.116833043909086,0.211899749113011
-0.64684,-0.41324655566317,0.0280155293308895,-0.240566059223304,0.0288199239024604
0.298768,0.178010235433628,0.0385849347617349,0.263107538439122,-0.894592429242752
-1.57869,-0.861832145113584,0.129189043936481,-0.592515811984978,0.433365766941521
0.743265,0.353010194415503,0.0274776821654316,0.45769919240881,-0.445933345415761
0.450331,0.143239103124109,-0.0186560444204415,0.319191992827617,0.356220123578134
0.497924,0.271499124160768,0.0205850988744728,0.349755672154632,-0.260049480132397
-1.2599,-0.621837138564517,0.131784207873545,-0.500790707866595,0.58835460704491
0.733849,0.360144576795851,0.128739502639305,0.448706094447646,-0.290816747392693
0.43791,0.158474313041543,-0.00921427410559423,0.3419699231908,0.38254435148841
0.522744,0.289153998290476,0.049322651098587,0.355190164211157,-0.290056801002545
-1.20564,-0.629527618383573,0.129947446725447,-0.480967976291587,0.2600582038747
0.0200812,0.0618367876406777,0.00663681257847431,0.169456825986033,-0.500272427489494
-0.22828,-0.164870903932333,0.0440921750218395,0.0268470633092701,0.410140185051084
0.974198,0.450675665269845,0.0442559956420713,0.51466603917342,0.284029281482938
0.974546,0.394432105502927,-0.0446194169648106,0.553001955208342,0.239799514730025
-0.265821,-0.0345512110415971,-0.00681908880954397,0.113981996076335,0.171542659315379
-0.722049,-0.443265164781813,-0.0134957085023412,-0.245902682490369,-0.0115156429032892
0.304272,0.170971084666995,0.0452079946088421,0.239751492382574,-0.972970365878409
-1.56337,-0.844550057144894,0.127161545011184,-0.537815947614614,0.113702712965078
0.28934,0.166535563892483,0.0200664215333184,0.250708586346425,-1.26328673624091
-1.56085,-0.870859367145592,0.187793828024239,-0.652186556736279,0.37371069203277
0.745817,0.356503274378778,0.105667091528045,0.45633418157776,-0.449052939326643
0.445068,0.15698716482182,-0.00930722635138888,0.329167550799563,0.361037373927458
0.501796,0.27591286119858,0.0373842187588368,0.342752116635493,-0.246693413625472
-1.11549,-0.583015987540226,0.224444597205889,-0.502172922823373,0.28361920263945
0.0800752,0.126596275960303,0.0468217989068461,0.160720068109037,-0.417440234142311
-0.119705,-0.119324508105872,0.0589765087241138,0.0326421960294136,0.438973231153803
0.963344,0.455405662193852,-0.0105965233427573,0.582094082167571,0.350943684873101
0.994158,0.401283217905242,0.00600708412196266,0.582135576337095,0.294627682136956
-0.15218,0.0464450874606343,0.0179194995071462,0.0860739357368878,0.203789143235877
-0.611671,-0.364346817972465,0.137271363624821,-0.276241940226014,-0.118214752072829
-0.200075,0.0157373598316029,-0.0601399541753722,0.0931040449545585,-0.531508762436179
-0.657067,-0.357998568114809,0.166925040706914,-0.266685868737712,-0.0798062312574049
0.315463,0.205879346418433,0.0670438712653999,0.249395566188918,-0.8979894292215
-1.58568,-0.767796724581463,0.258246064985649,-0.687822553229886,0.581885761538298
0.991789,0.44553106834746,0.023707116803913,0.559530379919831,-0.187638197201694
0.993456,0.359248968141952,-0.0103492538861952,0.504557930788274,0.660281091541326
0.715949,0.368038777573512,0.0103666929482193,0.419696415963511,0.693945120905744
0.469867,0.136735328794606,0.0656491249445529,0.280601596201729,0.532516995242295
0.547385,0.270608875369929,0.00358186961284969,0.322863678157746,-0.24421328236488
-1.19788,-0.642950717100867,-0.0265780625730974,-0.564177210001992,0.330994538438856
0.130757,0.142126555382102,0.00680899732498944,0.180446209895342,-0.439823141955467
-0.107249,-0.10195194788981,0.0903540467765298,0.0260329074871943,0.480451945144272
1.01188,0.486643755926331,0.0244513556133382,0.588374035650695,0.385874609838966
1.05078,0.433333791273036,0.00570890966796118,0.583701194297161,0.336898782627868
-0.11991,0.0426506047244322,0.00289383735331657,0.0850272345025287,0.276616533744906
-0.5714,-0.334315105398693,0.193647824105109,-0.27108845021014,0.08869270717667
0.354285,0.226508349436995,0.0356619651704213,0.277134373186064,-0.822376535745214
-1.49915,-0.741706710770749,0.377587109319319,-0.628034138727558,0.473695001486285
0.754745,0.390072037226775,0.0307995607302539,0.482613725497001,-0.365537630425139
0.533516,0.208530206978802,0.0746178876684511,0.372101476703911,0.412673815716631
0.591538,0.331116964830667,0.0602923906207899,0.401661019537684,-0.182318957411766
-1.05842,-0.56103589652907,0.274777830346491,-0.525952213594442,0.334804767268264
0.0915095,0.135544382039408,0.040050882141574,0.18405802339617,-0.371008683117187
-0.0549825,-0.100122969781258,0.0691421923314697,0.0267881538791795,0.369009872004187
0.830316,0.415763700101681,0.0390295262573358,0.513206340800679,0.227281266102082
0.536974,0.201131332071629,0.053703178983022,0.380844248944374,0.520744164700007
0.578155,0.329937208014217,0.0800072850786511,0.385008041981736,-0.211762179007656
-1.17834,-0.564326662714118,0.269717955049302,-0.524843625639448,0.344658263226473
0.118692,0.138034258196714,0.0317807037251598,0.192591957292007,-0.415403238184103
-0.083662,-0.0959480916435948,0.0514355360304431,0.0582203373707981,0.500638749470038
1.06715,0.528327231279832,0.0416722322243353,0.677035799147464,0.396453713039459
1.0539,0.458787123581658,-0.00757631077733797,0.636147220714733,0.360219320227286
-0.109474,0.0509543267741307,0.0148657562964702,0.0911194050374328,0.24159674268546
-0.668806,-0.383981198620746,0.190470839661288,-0.257033591471341,0.102523162301231
0.370052,0.225121869507007,0.0235444852131978,0.281316360208956,-0.849997761647213
-1.52203,-0.837288025939345,0.308900602109538,-0.548808381385541,0.625850948778298
1.04499,0.521515172571477,0.0230509094865973,0.67156593583757,-0.187786939528533
1.07187,0.481433361757746,0.021020791385186,0.649090819855375,0.258375619859102
-0.126989,0.0316142644169867,0.0394199804756111,0.109200500277142,0.259325227846521
-0.582268,-0.34723518640683,0.183394156086034,-0.243885249343326,0.014192136932117
0.32683,0.229260181574794,0.0266353436856741,0.295984341745687,-1.22421774334426
-2.44043,-1.47237079522652,-0.0764813876443316,-0.145620575789492,0.483699902699486
0.808725,0.421680873576934,0.0135219937033528,0.549242768220852,-0.771122253165163
0.535767,0.221986357427009,0.0818917477615217,0.398814475534935,0.344510956216363
0.526299,0.343459304935264,0.075437872369426,0.407995204061173,-0.207997670153702
-1.10697,-0.58160267824269,0.189862842183826,-0.511572514231107,0.303770021966199
0.110822,0.117400467804974,0.0119755737565435,0.193178544079414,-0.467664117372663
-0.106836,-0.0894451257649297,0.103175980886099,0.0500736509084459,0.0421660246757801
0.358129,0.245621862555709,0.0660457719709163,0.297745598488057,-0.665328995231669
-1.5835,-0.827403049797059,0.304591158325793,-0.578112013089281,0.516813733100982
0.788459,0.433877105929773,0.0160375555222051,0.566779630608943,-0.406641492615596
0.509958,0.218912683986029,0.0537670993057473,0.413016017270706,0.423801729759166
0.603156,0.342014483158919,0.0264495722388314,0.449240275120493,-0.214199043932399
-1.12125,-0.589592104021242,0.220635912424842,-0.527039541750528,0.360890907752057
0.144137,0.138353804821997,0.0127479988633923,0.219623747632832,-0.396499115404232
-0.0982772,-0.109184366458582,0.0994186704141988,0.0716058186627075,0.514746309216294
1.0617,0.550112784447348,0.0244835535358761,0.698051180817825,0.404751905239054
1.07708,0.508791529967009,0.0192238238097601,0.687722919511405,0.373617215642782
-0.109113,0.039588522242383,0.0688563745747081,0.126381089813093,0.358300962219944
-0.531261,-0.304703116241505,0.258162109292921,-0.21282297687728,0.429684631582023
0.831775,0.46263963962912,0.0779221348821284,0.579405475164789,0.0711555783868432
0.610654,0.248706691712298,0.0975020201116253,0.40720570683932,0.537730262834647
0.664095,0.377075786576707,0.106310751247034,0.436003936709858,-0.125002324076485
-1.05049,-0.483102321166987,0.400665832055095,-0.456046564694211,0.421141856615096
0.192633,0.181931828821641,0.0489143769136757,0.247816980643352,-0.324655564031112
-0.0197917,-0.0608825981194963,0.119027782117045,0.0956255534220269,0.562340024229496
1.10462,0.560694007922809,0.058775840785399,0.685032841095386,0.464824751818341
1.12118,0.503753665938342,0.0179743292285502,0.727034509046082,0.424812956776874
-0.0300311,0.100894393775115,0.117425059197784,0.160120090189086,0.33947561000101
-0.5258,-0.270468004935114,0.277740544500558,-0.202494013148809,0.17704054882027
0.438746,0.28108709235443,0.116432227470227,0.366172693336625,-0.737854077519777
-1.42429,-0.672775134603058,0.456990548332155,-0.540002394652364,0.692054247015477
1.07458,0.549000370913553,0.026348661991695,0.705856241722133,-0.0437150520398893
1.12077,0.508891221997958,0.0318806270932636,0.752294700768645,0.783729185170358
0.870404,0.460930078139773,0.0932303246033144,0.557776112152019,0.827884758096865
0.617678,0.266050101994253,0.109878511709213,0.408225698155011,0.67360471340233
0.654875,0.371271333085791,0.128749232836993,0.433944550358972,-0.0332631119774096
-0.883626,-0.455139741872158,0.361901758148849,-0.389546428880557,0.41016025554003
0.201443,0.175210248376086,0.0896624370812728,0.249974928295885,-0.349000739077999
-0.0323525,-0.0276512237619131,0.145606054693738,0.116032508679271,-0.0221909153070061
-0.0694414,0.0704120851631545,0.0411131850130546,0.183066054190718,-0.203592213131372
-0.493713,-0.272044188190691,0.215660135250494,-0.170919120640203,0.06637833772799
0.416516,0.277572068028635,0.0928146868944016,0.373169973994414,-0.746757531348787
-1.28859,-0.680120729424693,0.434792487184214,-0.478812632552737,0.247655833316155
0.210736,0.172201481004319,0.0684312626144714,0.272285952675621,-0.438086358648876
0.0162944,-0.0455919282957501,0.140575154727059,0.130887800415734,0.550465258129008
1.108,0.550424230225738,0.034030738097864,0.733165790580112,0.467255266513832
1.09623,0.499208694863679,-0.0021734430644243,0.725259978259985,0.42436772731523
-0.0473838,0.0943553162810901,0.0783572444309394,0.184683468173251,0.352050906051928
-0.475902,-0.267490487852679,0.247198404270288,-0.165637167001015,0.177694476907465
0.462514,0.297404610557201,0.0979287613749524,0.377654035606346,-0.722144232666918
-1.38721,-0.728809277665749,0.432945571752826,-0.507699858669518,0.572336430863187
0.85581,0.485816630426591,0.0640757754751028,0.599778541742848,-0.291125831017793
0.563806,0.283822860208169,0.0739988057064203,0.45681778202601,0.504132173902487
0.670524,0.395127274827839,0.109479121365273,0.480090198615638,-0.118020644242672
-1.08124,-0.562894672721382,0.337113573052916,-0.397792115327053,0.727608492965716
0.849227,0.462190519351598,0.0513097979334018,0.592936831378457,-0.1476487662535
0.539002,0.253859029515787,0.0477580808117198,0.450143708484849,0.524647601781948
0.659016,0.400093921477122,0.096104290619642,0.49896126490025,-0.0916292651563853
-0.900058,-0.545753569366878,0.376295651434267,-0.387360549687305,0.434160516510379
0.236195,0.161486662424091,0.0589732145359847,0.28723545445303,-0.250567349910478
0.013724,-0.0538209772212887,0.146542271369686,0.140152086464534,0.570341382722969
1.0653,0.556207284355755,0.00709911847813892,0.649205690021293,0.461684978913086
1.05892,0.523317612015083,0.0278867987331188,0.674024215524389,0.443298815841484
0.0310162,0.0595018415580264,0.0261186356908937,0.230917236668958,0.353655754782941
-0.425783,-0.326601684372898,0.224181336410361,-0.106805431688414,0.200176745974147
0.426188,0.260722565889317,0.0115675195347947,0.382215022547542,-0.646661707822188
-1.17449,-0.819301775670981,0.237909966568743,-0.340518399533694,0.288661733225836
0.461897,0.259403187103055,0.06760173169935,0.394841359184719,-0.900674097202225
-1.13654,-0.778635943953904,0.350396810925785,-0.414103140289866,0.513079061401756
0.805213,0.46015717229802,0.0364322950586637,0.597538870657339,-0.158151506475367
0.63432,0.280570521333796,0.0893998898687486,0.482243263991251,0.516649639317611
0.685039,0.374665559778393,0.0969927829536652,0.482250769889164,-0.00341793710584903
-0.784667,-0.526804350978299,0.269999009251092,-0.26720071504553,0.468491874348771
0.26792,0.161639175067534,0.0211704851729591,0.302765169271976,-0.170663419190739
0.0802704,-0.0224364487411325,0.142651131847882,0.169232455608804,0.591997531363397
1.06528,0.562395058664752,0.0325942389658437,0.706697594629854,0.496315818221665
1.07039,0.510564694513262,0.0116713984476021,0.670747415013271,0.436590563297932
0.0116186,0.0563641724455131,0.0398336268023105,0.212690619821848,0.338076517160678
-0.432891,-0.270932895280296,0.139166078389337,-0.0930066261043074,0.071894474330707
0.0175485,0.0481611900575516,0.0281361840168112,0.218676445711697,-0.298606084383783
-0.346167,-0.307603151593046,0.194531548684104,-0.095491875833997,0.11521941497495
0.46443,0.24864988627204,0.0449698847467935,0.375263789613492,-0.575864169476307
-1.18774,-0.739926419590859,0.326337546043023,-0.415456901601264,0.70081384807912
1.05417,0.54817106608694,0.030328588829583,0.616481067718159,0.0404352727936841
1.08268,0.505837356817094,0.0213838613860638,0.641088064733767,0.768719165838296
0.817612,0.458163615957981,0.0592395185223057,0.572768772408555,0.81614184846643
0.6258,0.277266898245785,0.0877839195199065,0.443085294439467,0.64884692341981
0.639072,0.372023867313224,0.100460627311014,0.464099862548979,0.0113222717178211
-0.790898,-0.507258065282133,0.264721187072955,-0.280736366033703,0.439507982841713
0.242058,0.155009784434085,0.0653738032553657,0.295165588470125,-0.184744367201322
0.0628954,-0.0131906447702694,0.0807962844473749,0.175317132767508,0.570042772320836
1.042,0.548839596058033,0.0471967617642055,0.688373335669222,0.485526800011688
1.06151,0.496221977132596,-0.0201685045786341,0.676226258553508,0.439705540898731
0.0237149,0.0695656228829862,0.063738941120877,0.207805226668176,0.394620783284012
-0.335564,-0.276826224591217,0.154210834160582,-0.0895289189507393,0.213724938165773
0.433166,0.259958811610857,0.0632816843446888,0.382704820238827,-0.517956091008973
-1.05147,-0.700106106540767,0.29846378920348,-0.394464402400411,0.554120540880136
0.809915,0.427342386020444,0.0202391071780632,0.582082796227538,-0.120933961247682
0.634059,0.264753078069152,0.0576414767334896,0.453851719614289,0.493106081366851
0.620779,0.358740679160714,0.0581379281546118,0.493862978012164,-0.0323300028477162
-0.853679,-0.469324311058453,0.243841605307309,-0.240513600601215,0.43664176007725
0.25427,0.159166833311818,0.0352892603424616,0.292213439127759,-0.196668767321393
0.143684,-0.0399163604427242,0.0829522433838253,0.16554441164472,0.450874479197327
0.806175,0.442037526420701,0.0534875236337731,0.581031966103358,0.387210714864441
0.671052,0.282879723686538,0.0874846114074848,0.455063787118023,0.565694302439685
0.605441,0.353140499435281,0.0946303195228979,0.473580555334526,0.0398006408981994
-0.735838,-0.502012196085799,0.271228818388908,-0.242781494115386,0.403970804779488
0.184003,0.156970522046398,0.0519468681548209,0.303056027819276,-0.148773083351486
0.097186,-0.0160121464510884,0.0657584833251202,0.181948872480901,0.548101069099622
1.04532,0.556655359890818,0.0565105152337194,0.692501001326717,0.484008148059993
1.04146,0.498579578666913,0.00493807373871379,0.690240870796863,0.413834472006312
-0.0386412,0.0542038147282759,0.0399375526593427,0.209954267169229,0.370125120767608
-0.364579,-0.284249253660751,0.159969885613771,-0.0783510696500351,0.158501397410491
0.375059,0.224791948033079,0.0298801972755574,0.368277015002218,-0.553157936922554
-1.15274,-0.741804148692529,0.19960563001588,-0.316281948187121,0.689189577881852
1.13171,0.598787265733973,0.070578289569557,0.693626404556579,0.00108092174093211
1.10737,0.527498675053676,0.0139845726253057,0.666899086763002,0.409236945167649
0.096081,0.123378963240947,0.0878992932149326,0.258173037970959,0.251179383009866
-0.672937,-0.485247891292738,-0.0506279232272099,-0.106610383248138,0.153799120398361
0.486697,0.313711570356021,0.102094004676611,0.422835096017562,-1.42656075031479
-2.87045,-1.52692718845827,-0.699607484699326,-0.215583235519054,0.576126410328816
0.88131,0.472373120489603,0.0677946218807605,0.587546460227402,-0.962891264027393
0.469098,0.189857709013516,-0.0528686704536577,0.450037177105517,0.41402015897801
0.713622,0.401131842704547,0.111536713999316,0.499793114089712,-0.335627078320166
-1.37331,-0.850123447150181,-0.408581089175958,-0.334064111419303,0.467175220225161
0.323487,0.214661848820348,0.0623284382593749,0.323756071290399,-0.585994423013373
-0.170663,-0.185936621135101,-0.191964124461923,0.131242548286006,0.188545161453823
0.577725,0.344270883259346,0.100021583265262,0.426634877735945,-0.828469409130756
-1.9458,-1.15306658848151,-0.469498501339028,-0.535347935227438,0.652569505868102
0.905195,0.486334082379594,0.0322368669155573,0.629910471826633,-0.579194630591167
0.424202,0.170009799295791,-0.0357049608388594,0.437777189981434,0.48070381115019
0.734918,0.410726510426415,0.0929034938743495,0.541729981665855,-0.430868021270209
-1.58505,-1.00752925525849,-0.490221316227137,-0.52442641078752,0.496356914305524
0.393666,0.258737422712713,0.0610644443930527,0.377219728089807,-0.731209960445434
-0.449319,-0.317676295211707,-0.230326932247356,0.0537040158190119,0.618777162449992
1.12351,0.606106413169646,0.0131108609194124,0.762634558273735,0.267877123663141
1.03434,0.523457959912973,0.0224878178621535,0.707524980948801,0.504954484603206
0.25941,0.229153892859202,0.040541932973557,0.325106144735802,0.134634234251226
-1.02963,-0.687484780081527,-0.3139509269719,-0.244764278745817,0.620336049234676
0.945952,0.507214562629233,0.0555586540792737,0.624977871368946,-0.197140570555358
0.417704,0.16484705353133,-0.0316454250505635,0.404880197624037,0.574221290610506
0.763775,0.434446482118589,0.0631441103061915,0.543846429205402,-0.37804773210747
-1.50028,-0.965219959386344,-0.349923086146857,-0.605403627687974,0.565804779288708
0.49676,0.301465385347409,0.04848505000527,0.402888999590169,-0.612165472989199
-0.264662,-0.212944056998959,-0.15841373812462,0.0669863739960513,0.684859852410199
1.15665,0.626525186386852,0.0122180949687549,0.724711299905163,0.369950846462403
1.04969,0.536501918787587,-0.0200901473478013,0.710271782631438,0.596284195453749
0.405715,0.262925348364514,0.0802998683980654,0.328070557217796,0.160242437905441
-0.906093,-0.563937455591018,-0.251355543482479,-0.258225445999301,0.434416245588962
0.685389,0.399498642165953,0.078102288579467,0.503748659178106,-1.06118588018606
-1.88004,-1.19729682433099,-0.418873333634202,-0.716268080692227,0.809380636756791
1.15933,0.628529417476153,0.0117013279820638,0.74635569432833,-0.247198132700389
1.05789,0.543805646516353,0.0456261758408078,0.699271111433679,0.821023737959633
0.965082,0.535973406026773,0.0831659842380291,0.603418316196843,0.723642645483235
0.415793,0.186419529170702,-0.0769670038548334,0.385482597509865,0.756652820070555
0.824432,0.458737730744079,0.0670648977016656,0.53975675300972,-0.283417615258127
-1.32454,-0.871477959161394,-0.324374221135428,-0.590898371084908,0.587568954027446
0.49567,0.33048308160709,0.095393246893705,0.398498964512649,-0.578730027866179
-0.221896,-0.193345883575959,-0.12158141158707,0.0309734635095726,0.271074440046541
0.429504,0.296011066367537,0.0937713523691805,0.360379928053726,-0.383469795195541
-0.791203,-0.556822959958938,-0.216990327485029,-0.30553759035957,0.351155042853879
0.708122,0.423501899195663,0.092047347574119,0.517675225598949,-1.11866581720424
-1.9844,-1.22413245485684,-0.491856061546425,-0.782119024340334,0.490312887480674
0.561458,0.362524700558188,0.0881751589172786,0.433992623493497,-0.823799581343208
-0.236796,-0.199376250550982,-0.188471758015202,0.0132030418416295,0.665563850362074
1.12509,0.652405506425365,0.00834989392953208,0.731234983466012,0.380039673221904
1.03658,0.563034591381488,-0.0175154896351203,0.693346495286636,0.615601826363689
0.455839,0.322400292081609,0.102481938135983,0.363703097758049,0.217719301345227
-0.764924,-0.518456937381975,-0.190130402766753,-0.262234444598085,0.48664673580525
0.758594,0.448902108073751,0.0912450928124832,0.51629763581651,-0.992563673835544
-1.82773,-1.14954826139964,-0.325595591948029,-0.741228724497778,0.739008834354296
0.987998,0.565622061446512,0.0729015642334569,0.61134053385875,-0.472617659278189
0.514037,0.244879571542446,-0.0493110083138596,0.4084793093355,0.601957024813916
0.867722,0.502653334877537,0.0535300167025102,0.551651271083222,-0.245473607020471
-1.34891,-0.842673267277569,-0.201384885055683,-0.566842277626035,0.828290033598801
0.904172,0.555549813043103,0.0601700136141533,0.608974690291645,-0.276032251985698
0.464106,0.210190356367054,-0.0577417972069433,0.39102242191953,0.566299589174428
0.810216,0.45895619792671,0.0854531726728736,0.533987600089718,-0.327216377696963
-1.42133,-0.965290335286615,-0.471177789908063,-0.572948189149064,0.604493795317738
0.545194,0.347576325032116,0.0449749760973668,0.407615402790735,-0.601110827503307
-0.316392,-0.20670280952797,-0.178876974222442,0.0442425069784839,0.685696743652409
1.10341,0.620471918495256,-0.0155756488683313,0.692194552881836,0.334164809973382
1.01367,0.571374199349524,-0.0399474733705539,0.693523872255625,0.554778810427635
0.365015,0.244095495919605,0.0358038127602419,0.345148367408349,0.14803371595093
-0.876037,-0.623973834066133,-0.30649304283454,-0.338198629931522,0.375097543969589
0.625022,0.3988882214388,0.0614587729536129,0.460196148445208,-1.14139475434197
-1.94971,-1.32013226203242,-0.455164874677586,-0.671072141953591,0.382875587883392
0.670339,0.382971234160205,0.0809196014082893,0.461987216970802,-1.57696602881719
-1.98559,-1.3377431950376,-0.488988798972304,-0.648902928337306,0.588522429904208
0.924973,0.531206494435522,0.0352969037946963,0.578762660132106,-0.619420948475462
0.386578,0.168451928173479,-0.0721985982154546,0.369960201839577,0.50660186199202
0.768804,0.462125837465105,0.0404266318638649,0.508317320237873,-0.398059111865839
-1.48695,-0.986482544410349,-0.39327731345582,-0.556228770015884,0.5516971897105
0.475083,0.311205386126808,0.044909075071987,0.394773388729258,-0.630458956343872
-0.304869,-0.193782420920406,-0.182727442274905,0.0252647979971303,0.63206083883573
1.06401,0.628113647210865,-0.0133590750238863,0.669553499977419,0.318061266883079
0.975781,0.534362708350705,-0.0193333282775141,0.582078758735944,0.539832391101418
0.36689,0.253980053549329,0.0217142565244587,0.335992871889626,0.136354033396911
-0.851754,-0.610320608693759,-0.213811333455159,-0.347414991141208,0.35060953249903
0.43452,0.286233095993351,0.0572566462990782,0.362976689995149,-0.741393755316888
-1.02995,-0.645674950079436,-0.298003328030397,-0.344182558190269,0.29711524648153
0.652087,0.428482236951295,0.088527052743672,0.514961463118588,-1.18780058457611
-2.00661,-1.22900497948251,-0.246677899010411,-0.809667174027075,0.764955128184421
1.11577,0.655491124168734,-0.0112319754233376,0.69431489139665,-0.31291817808321
1.03755,0.569710734086739,-0.0386117345209308,0.647832962782093,0.796611588494376
0.979186,0.598222499038242,0.0828011531948709,0.597553867462928,0.688700775333252
0.36824,0.205399192309183,-0.0448955246805605,0.371852914848319,0.74739707946244
0.787114,0.505208003988834,0.0785892710213745,0.554431173197547,-0.285879907717524
-1.29668,-0.857761790057371,-0.255630657539842,-0.661079445569015,0.603995384914542
0.568396,0.373821242390053,0.115334288277038,0.449187435744663,-0.540729326568236
-0.290242,-0.210483907849191,-0.161893485497971,0.0219316387315018,0.690206542381031
1.07722,0.671265839823102,0.0132715801568247,0.683059807525667,0.335672002486439
0.978269,0.576906625875092,-0.0167362374834179,0.666898031618843,0.564566196816508
0.416018,0.289912487739476,0.0463409696213043,0.366229861688085,0.113312332396491
-0.921102,-0.649197297503231,-0.279324917918706,-0.330364316783318,0.399877579587294
0.666561,0.406770661889616,0.0442033533603075,0.436566979634315,-1.23864272852657
-2.22238,-1.38602735981382,-0.514880141312326,-0.644644476044267,0.630848885121745
0.880188,0.540652069062378,-0.0136645013600513,0.566048060271038,-0.733192712391285
0.324592,0.166830237353631,-0.100233860078697,0.36018039058582,0.497319150086866
0.808419,0.503535648226701,0.109084553187889,0.519275110944835,-0.385323918542564
-1.40747,-0.915698795993717,-0.353670114707455,-0.629243552460448,0.631920580086707
0.629093,0.397536815556649,0.0622733648927732,0.453703583844685,-0.577311995499971
-0.231007,-0.191334816894484,-0.12346361300594,0.0189878011089291,0.610558191105137
0.928179,0.588055065545607,0.0187526811115467,0.645579787640453,0.129711233520702
0.386078,0.167527918342046,-0.104366153338371,0.352073029321511,0.623691481341083
0.752808,0.487406625706628,0.0695922138924085,0.523572106142878,-0.312949207394499
-1.31767,-0.866923874094194,-0.178092471879087,-0.634277391354631,0.522976177751154
0.422028,0.332491674389049,0.0339605004260817,0.431895036755484,-0.571664122757291
-0.351323,-0.256083132598753,-0.199384101846221,0.022191497509318,0.668429694587745
1.1633,0.710077842387724,0.0142695861685174,0.82199075519582,0.336860576683792
1.04972,0.617570009810549,-0.0457154304895283,0.759523790445616,0.638272915317632
0.492992,0.356914462627157,0.0970178692687537,0.403984352542092,0.213430487246375
-0.786312,-0.546794847075277,-0.177198140218293,-0.316796886921177,0.489582525573661
0.733271,0.480585944926782,0.123643078659228,0.537304387263786,-1.01968994032812
-1.91297,-1.23869264593243,-0.367150054984045,-0.812203439670609,0.831697261044198
1.15734,0.705038579967119,-0.0156040957698776,0.779503972290905,-0.294724735258021
1.06843,0.610748716167246,-0.0191397905704557,0.711759534994717,0.536609357584967
0.489124,0.353554373018611,0.115185776399419,0.409158868824049,0.195778041424708
-0.816794,-0.5265940024884,-0.195091875430622,-0.321502383011886,0.501010849365905
0.760042,0.476101440395602,0.0938466830904752,0.556017316436231,-1.01496876142938
-1.83127,-1.20669510230056,-0.301183239777807,-0.848515978052154,0.730173762138656
0.988036,0.601267632334531,0.076539609155518,0.66361782056321,-0.518176381009558
0.414802,0.212167406206397,-0.0639434547060796,0.389702815072558,0.591498510787851
0.856646,0.528900442980991,0.104520564749848,0.595001203887965,-0.324400128264115
-1.36676,-0.875769653359061,-0.136263083741957,-0.693530003819122,0.623204743506304
0.567667,0.388931702833045,0.121697210185376,0.471390702202608,-0.625266632963378
-0.31359,-0.200691754177997,-0.0638697998417681,-0.0110270405033726,0.358856827572375
0.734794,0.468315723470084,0.107020814897806,0.564073937968064,-0.886434933131797
-1.98741,-1.26612280773949,-0.245934882113759,-0.955053120394351,0.743596945030044
0.982813,0.594523479998764,0.0648099994521749,0.686414198543677,-0.601089610566834
0.373844,0.207066399131873,-0.0385632707863364,0.392606031928305,0.567036647443697
0.829009,0.521979480865675,0.0655711283017971,0.620853221737135,-0.349829402059281
-1.38536,-0.876408672091783,-0.21419660617932,-0.733593077318643,0.619384704233321
0.575655,0.399918457480911,0.150220335085341,0.482383376920787,-0.586169604316203
-0.327821,-0.225259889225355,-0.092435131498482,-0.0331499103960931,0.729076512793471
1.16215,0.704747997481208,0.00260320344518713,0.821335116489901,0.3528102195823
1.04606,0.604296743039087,-0.0181000067155958,0.732454176620343,0.629020710720376
0.476157,0.345023914845959,0.12097887267337,0.411797618159035,0.181732262154595
-0.941138,-0.585845389426129,-0.164455370835915,-0.387443453330666,0.717642202923691
0.957456,0.596601158110847,0.0827114878380977,0.675053650883392,-0.152440655343984
0.386136,0.199498600522174,-0.0517091400145718,0.375435698158828,0.63013210393633
0.851136,0.528842601706574,0.11117886536336,0.599033523005241,-0.348572976899496
-1.41475,-0.885550417346937,-0.213885290502522,-0.762306468587598,0.632195261052167
0.572998,0.402455557543099,0.0997103858033736,0.490083170388548,-0.579939020287322
-0.282958,-0.223216761426898,-0.12110020421453,-0.0347152306122473,0.712492331604869
1.13104,0.711004542560022,0.0171196757418426,0.793888085799935,0.367083930873813
1.03659,0.619651101595263,-0.0343774920154961,0.733306397777954,0.616308494232843
0.474544,0.360706700620621,0.10420695179823,0.400361704150423,0.165999740092763
-0.879137,-0.572890530384166,-0.189237260681734,-0.398623563159034,0.472905982597585
0.716258,0.482263093459049,0.103138147107747,0.580352188110823,-1.0641523812752
-1.92587,-1.22463595529493,-0.362805776343202,-0.980367798236542,0.830411555347172
1.17177,0.713421902093727,0.00490063719168215,0.80029936672091,-0.262546154945516
1.05979,0.612665866089899,-0.0354194211278808,0.754004413579755,0.830432092255912
0.988343,0.605419892025429,0.0692058146909917,0.654815017680538,0.703553893643642
0.363186,0.212685700336477,-0.0320023554306252,0.374246270141369,0.773792176582315
0.836398,0.528755278441542,0.102725380543429,0.605589029637013,-0.291052930563008
-1.30213,-0.865782758566624,-0.105637951747148,-0.700737054325161,0.614135179111258
0.564669,0.398709170798146,0.115915589025213,0.484472165405161,-0.600385350518805
-0.304292,-0.218371848486983,-0.153442824753107,-0.0410790794203723,0.325536439693233
0.500799,0.366646933019774,0.134689638661775,0.443862517619881,-0.458152701420139
-0.898517,-0.570036586100658,-0.159314746037482,-0.436562141799964,0.385779333703466
0.730705,0.490692732429735,0.105771320858177,0.605112687697958,-1.16520172584356
-2.00503,-1.26410310166864,-0.313804704529064,-1.04192957915606,0.520209824477609
0.632168,0.424216163556225,0.125769709474209,0.503124542825806,-0.855390041613316
-0.297814,-0.224478461806124,-0.11189191709623,-0.0402599480037293,0.711806802237795
1.16346,0.717536188333251,0.0415651021122751,0.774934747590236,0.365837353358552
1.05319,0.629650955545888,-0.0432606302298465,0.750015326893586,0.631014932292358
0.489077,0.3645687067685,0.133114368300923,0.423025125654219,0.148157291548233
-0.942793,-0.588168460184133,-0.20505662542958,-0.405814180903019,0.482246495080251
0.743009,0.487510165647328,0.0860238420146762,0.588993652956988,-1.15425021032191
-2.02911,-1.25595459251127,-0.320276446140821,-1.02729950091073,0.702653914441003
0.960277,0.614140490024033,0.0708608395880791,0.703737687552908,-0.607281613276415
0.410675,0.206858356069118,-0.0246305151753612,0.390994021101444,0.560299388338708
0.846313,0.53617563217893,0.0907457267105274,0.637099295199929,-0.343423602687798
-1.47336,-0.96098791814736,-0.278626010400912,-0.705669411660237,0.829594937897472
0.9724,0.616958031635463,0.0602666693289432,0.695317356835064,-0.407675823624888
0.286565,0.158774702970069,-0.0900430854132644,0.372844126459588,0.581332031407229
0.794788,0.501857448798763,0.0865982343730409,0.576445479579579,-0.393677448703917
-1.41479,-0.900253469879849,-0.227094858268722,-0.679520367442006,0.607834018345456
0.590443,0.413114084843848,0.116857306126218,0.484851463036373,-0.590837477653928
-0.293127,-0.206669897747791,-0.118005536575128,-0.0362883891483707,0.706420040664963
1.10781,0.685861933715297,0.00473693444305093,0.732007015869415,0.344214648883493
1.01116,0.596543140497846,-0.000678678449339594,0.634026158003634,0.547529178789827
0.334101,0.279197496211173,0.0558955878496612,0.361686171963697,0.161529887897737
-0.859903,-0.538210672842603,-0.101715189521296,-0.348735125396328,0.409470348619442
0.736428,0.487323022940802,0.111733266977656,0.58654000006663,-1.13494712655867
-1.95875,-1.20790042309032,-0.284687778265663,-0.941811105958948,0.467079948573751
0.747374,0.488737903777812,0.126106434899825,0.578643257956355,-1.55105531548021
-1.94153,-1.19269540668436,-0.240359659706381,-0.999833692537068,0.647204533997269
0.982512,0.611432221555103,0.0498427349814746,0.69210106390106,-0.589181107177201
0.390311,0.214127561900457,-0.0585649750780538,0.398627725687621,0.567548684652616
0.842571,0.537853183493017,0.0932521345566564,0.625514770795113,-0.381716767124816
-1.46791,-0.962627674593325,-0.314959294051308,-0.640976779103246,0.600377473353133
0.509946,0.339494186669541,0.0615808470837867,0.406294602568184,-0.606591446743456
-0.290965,-0.188338999878371,-0.0826389672022171,-0.0303546956138595,0.682400107854596
1.12698,0.668519491213309,0.0291090108926456,0.673540629184798,0.371997753555661
1.06314,0.621839954193102,-0.0104322398081231,0.776925425334719,0.62378150168419
0.49253,0.375185970484742,0.111141073875803,0.414747829245212,0.194469373661812
-0.832145,-0.557985940023821,-0.164239067286121,-0.421994961336675,0.466540184453382
0.531169,0.367530605618779,0.104704365593488,0.445599580890755,-0.622440970202581
-0.803487,-0.550311647714181,-0.147101595347598,-0.373231943218541,0.376955256347591
0.751706,0.489291915750762,0.112548898744702,0.57656286845766,-1.12612365972979
-2.10741,-1.3785978310128,-0.443497912470181,-0.666812640311439,0.834181090191849
1.14019,0.678176832556246,-0.0239529645772285,0.73170594338898,-0.3398693554784
1.05186,0.615015263206858,-0.0095176132747823,0.659666673142506,0.809535948254977
0.98683,0.609060024961093,0.0851329275674616,0.619796879779412,0.725060842036755
0.428624,0.215923338322645,-0.0539966153069823,0.365107761675453,0.777204652738005
0.860444,0.530788192135464,0.100957465153532,0.590536787473174,-0.297104686299616
-1.38919,-0.863242418965093,-0.156591036058288,-0.732831801290496,0.651068177017974
0.596004,0.40843190854701,0.0932989697947159,0.47240988748168,-0.57328493013532
-0.299055,-0.185966112091953,-0.11171081777893,0.0146866584153569,0.731806819294871
1.1464,0.699953529136289,0.00451189526849159,0.772259014617426,0.370115195180134
1.05809,0.615032127604831,-0.0447942279665524,0.766298134659668,0.615372500770371
0.453263,0.36175397536404,0.102701973523719,0.393467221891636,0.191517970699337
-0.84695,-0.561653386206514,-0.141408426213485,-0.40163214806511,0.47757375825758
0.755559,0.493354798472946,0.104356788658228,0.561816978008095,-1.08191488780476
-1.95506,-1.22351410902025,-0.332635371249918,-1.00605468575064,0.729597139931251
0.995891,0.608726487424562,0.0615466968531219,0.657785701710475,-0.569598863046631
0.416136,0.220513112448664,-0.0322013071098651,0.371551501297679,0.595260980180214
0.874482,0.546041596349408,0.109311612302035,0.613411261334677,-0.318493388179321
-1.36502,-0.851513577722482,-0.131984969506203,-0.711257552510553,0.666048619367658
0.63635,0.424525919178505,0.111267223969962,0.451428338914473,-0.583174482443511
-0.309673,-0.20087713900218,-0.101855752643332,-0.0409587093394983,0.645310016663922
0.993378,0.60384055374033,0.0644229634395769,0.637075533330759,0.100358393083131
0.377577,0.20893231132498,-0.0779175910239297,0.358949731361548,0.691274570483634
0.860673,0.543414074110163,0.084592499964112,0.593596275446263,-0.320499391035007
-1.36642,-0.895478814023831,-0.237376418012884,-0.717647690779157,0.657863454829695
0.615722,0.413128636430832,0.0924653200347937,0.465018453842976,-0.540539806450927
-0.238407,-0.202194846353211,-0.124099140210233,-0.0395821400527839,0.728552169914622
1.1162,0.708363910463947,-0.018698091655589,0.795349641394172,0.396172663722433
1.04106,0.613960443532933,-0.0398645259144539,0.784009538643706,0.64701821022362
0.533093,0.387518328469642,0.13667825378115,0.382017270995082,0.226192396066326
-0.750887,-0.566990362809578,-0.111788706021021,-0.403688274558248,0.526033216221888
0.769409,0.488673751085019,0.120338754767122,0.546992280812553,-0.969953256350248
-1.83374,-1.21657925591465,-0.249018425302695,-0.982130284303121,0.840127240504513
1.14698,0.715227795069475,0.043282519965585,0.756626441228802,-0.292729756297119
1.0441,0.622637321168028,-0.017390851939511,0.759036163640479,0.377392673514114
0.155559,0.1776324920609,0.059647569361236,0.288686501940909,0.0622932079656361
-1.06902,-0.659689011330671,-0.280251219373116,-0.318315250612422,0.250375517293501
0.56007,0.376524556755626,0.131874054051253,0.443751945000232,-1.29261334771359
-2.1676,-1.32788910124097,-0.48983097741498,-0.707927780981871,0.585880326148517
0.90285,0.56539850884715,0.0962191157839343,0.612931209811019,-0.702004501089145
0.37538,0.189583384349954,-0.0648323293230131,0.381808468010913,0.474957072653955
0.753392,0.471933394827583,0.116186414585002,0.531574362473971,-0.434643422173934
-1.53538,-0.974131593187551,-0.300801917676147,-0.638621334048033,0.489919640906169
0.373876,0.304735890262264,0.0891726118684074,0.360799176323382,-0.725284301456798
-0.327079,-0.260855630387656,-0.182541301959991,-0.0187673394851867,0.161579962355423
0.563925,0.391300179235195,0.0872925280303441,0.464263677780007,-1.10952064913054
-2.45661,-1.51840784005465,-0.525505760563912,-0.841212710697557,0.64260395863639
0.932632,0.57001563496058,0.0890782533319805,0.662027878544296,-0.838972466077112
0.335831,0.171877522857135,-0.0760346598075353,0.365542839554427,0.441001735422721
0.718679,0.476936249942013,0.0947767180343398,0.567904060217408,-0.548613771255599
-1.76632,-1.11548556799418,-0.348740762616342,-0.791587111707539,0.48369336693302
0.403045,0.302577596889486,0.0734285648411608,0.388550799838385,-0.834520718463933
-0.509435,-0.343367978737662,-0.190149081273755,-0.0903944255254587,0.619169921108697
1.14169,0.710552244087743,0.0116141053821602,0.761103804269389,0.244533426429569
1.03642,0.607099031140899,-0.0334051617532903,0.769493245982601,0.525352336088959
0.33111,0.259963411432804,0.0987099099633446,0.324910269173991,0.0440375106922181
-1.23757,-0.769277349479627,-0.25391271750367,-0.522901825797808,0.626641913721104
0.91011,0.584836556833633,0.0848065029711156,0.624928412634493,-0.341997231244123
0.278861,0.169704548618484,-0.0913083165060764,0.34808374637795,0.532632798704714
0.771123,0.487345898119682,0.0789692487842712,0.55410360420319,-0.553989482682591
-1.7598,-1.10240581643327,-0.278671528309639,-0.910381292949215,0.543073229969026
0.48154,0.339291746913575,0.121499085324,0.405570909359584,-0.789520742425128
-0.412169,-0.293719192085956,-0.162998679871778,-0.0948768577519694,0.639037965944289
1.10918,0.708905196521152,0.0230188822772762,0.757492544923823,0.28706324392868
1.02574,0.608132765835514,-0.0284988211232847,0.709054553762848,0.522569157673692
0.333446,0.283848572084754,0.0852985254033235,0.330333511735733,0.0595346114673709
-1.09679,-0.729704659470899,-0.271487080839052,-0.51872108778222,0.368424005482916
0.672646,0.440561552162129,0.0939286723788773,0.514469356112793,-1.33162341475446
-2.30693,-1.41465044617297,-0.392467695402808,-1.00917158961159,0.77101824302283
1.11529,0.703511533474396,0.00356217905898282,0.761308648999678,-0.440319801217718
1.04341,0.611131351300641,-0.014411429987606,0.768346563042273,0.756141149085384
0.940032,0.597089231074015,0.0773804616119041,0.620825164532119,0.657897078527369
0.301552,0.156449992073177,-0.0387641793795105,0.317584827079868,0.716797364635189
0.78898,0.496097951297811,0.0775400581485727,0.556708225332071,-0.415131204408647
-1.50959,-1.01913855855679,-0.17902245677719,-0.928061784708189,0.547516799491024
0.486678,0.348690870421617,0.121835038299366,0.412918479584145,-0.751539997131032
-0.420135,-0.297500213579071,-0.153100161415535,-0.123423189078733,0.211557690544626
0.371352,0.309623608928912,0.111010847268637,0.369003631743135,-0.594672850797732
-1.0802,-0.731250423859385,-0.236634518380043,-0.580517167446759,0.302154802492814
0.710824,0.458390666211921,0.0759723114291965,0.521601591433976,-1.33005076325171
-2.17325,-1.44268613763097,-0.331228535093475,-1.1057301440078,0.454657269146376
0.551112,0.377125696548929,0.114811057194108,0.41949668744515,-0.99445212886713
-0.446132,-0.300466225013071,-0.118243093017013,-0.109211624145048,0.657420319013288
1.14786,0.716800245113486,0.0022521846323714,0.750657756772196,0.281883656419847
1.03805,0.626159318011664,-0.0213344322894124,0.752265535166641,0.563009119999894
0.395574,0.313311897785941,0.0989421655026432,0.351732695859184,0.0647603649645895
-1.1014,-0.729096676778255,-0.239982457291581,-0.572272088064038,0.394602134506777
0.677178,0.469279997909139,0.13166408326323,0.514336313021143,-1.35171546809867
-2.31829,-1.44786464087839,-0.362298205961828,-1.13775500594594,0.657100039846776
0.958247,0.608782533159595,0.0772397609068909,0.659700500393832,-0.773896744366995
0.327258,0.166978321288044,-0.0611017896163964,0.326520481256603,0.524139899607376
0.837326,0.53537809274734,0.107698915437928,0.583167031163074,-0.463025577751685
-1.66359,-1.09756965178093,-0.24609425714078,-0.980715108938947,0.818191827564406
0.96094,0.615753550847489,0.0734547665989069,0.671301468611388,-0.469622546073499
0.335187,0.162483205299782,-0.0820241689987541,0.331222872005906,0.561985394315724
0.817294,0.519320977871639,0.0964227898621947,0.588629236249894,-0.453637511175692
-1.58362,-1.05546074755392,-0.228410749901656,-0.93855718165032,0.578220441178189
0.503214,0.3633684636037,0.113739954601353,0.421671966176318,-0.692917008808794
-0.377219,-0.283641140549914,-0.120682012123827,-0.129450175463851,0.682706180370416
1.15954,0.729893624840758,0.01455536034181,0.789687803711045,0.31363516564836
1.03048,0.635354825752122,-0.0339490746042018,0.735156844965619,0.590291087771821
0.423152,0.316921043348769,0.0972802132246571,0.361277902927374,0.101077615940836
-1.01112,-0.665414417936977,-0.23135032805578,-0.525925545280445,0.404073604627008
0.685951,0.463002911749003,0.109538810343729,0.506516908501829,-1.34918142516775
-2.30782,-1.513902913993,-0.431127191169181,-0.910785555864446,0.386775343306539
0.666129,0.451575292548183,0.103744348010703,0.512617253297764,-1.80776644160322
-2.1797,-1.42348088154891,-0.295844352515315,-1.04252472500178,0.57252986396842
0.957079,0.623786518307387,0.0696646296534224,0.67754810371977,-0.741694918311453
0.294746,0.166435275299154,-0.0625375374340642,0.337564768566187,0.526651476033492
0.827005,0.522535982696773,0.0729792944049528,0.593534273143422,-0.473085613720042
-1.58447,-1.01107797106126,-0.201763262225804,-0.940238684922706,0.606266690385239
0.56154,0.379037240313413,0.105017329762781,0.419090584943145,-0.67636811423805
-0.335739,-0.26547449133801,-0.114423955858874,-0.120783148637007,0.701857371414454
1.14477,0.715898093171913,-0.00552087475588858,0.76048924310519,0.33965018373614
1.04096,0.619528931768162,-0.0359338470231468,0.706765353902818,0.588663381700235
0.434373,0.332176228754908,0.132004584069033,0.338572883819587,0.0829179661939954
-1.06044,-0.660195893716658,-0.178697360436422,-0.52447786785445,0.401546860392836
0.471891,0.331794635603171,0.137904380176287,0.372484070431408,-0.815264639251199
-1.0158,-0.638247053179476,-0.169673057489786,-0.420229955655114,0.32563659125443
0.738809,0.459942624682487,0.109018609662916,0.497522886779372,-1.259127395025
-2.19216,-1.32675576722711,-0.320707836856203,-1.11677960886132,0.809622326706372
1.13234,0.693579723032215,0.00936861462609624,0.73826063133094,-0.387590045797228
1.03773,0.589689521962612,-0.0213525603980471,0.706680094728517,0.782288118916061
0.966715,0.589162761219619,0.0752771708658344,0.58118416189656,0.654189647345408
0.302122,0.145492717969737,-0.0459400855504786,0.278356551199571,0.702734924315034
0.753257,0.491279240429234,0.073223171875481,0.496129704786078,-0.480745711804209
-1.6715,-1.00074294379993,-0.239581880567666,-0.912784424499479,0.540980202921034
0.49009,0.33656829379923,0.0663703071807504,0.353727331478366,-0.776283493287146
-0.473314,-0.314766405965587,-0.13450065793119,-0.113959165963367,0.661791820668257
1.14401,0.673403263717812,0.0182926243315622,0.643110039118857,0.254547685279538
0.996557,0.573490738178184,-0.0230216359538681,0.680811260482822,0.563696687330319
0.393988,0.268325689864151,0.0690529741207921,0.282582375673072,0.0772031007565575
-1.03653,-0.663666988046055,-0.203996589326287,-0.486142635367698,0.411127099670069
0.704481,0.436402352480002,0.112516424228801,0.472275104977199,-1.26912012486386
-2.18586,-1.28632529100889,-0.251890752162805,-1.06877353742578,0.667638737090973
0.952955,0.565342585863329,0.0654206026222168,0.600791334623009,-0.734599177379251
0.290855,0.150185110083543,-0.0993919181301091,0.293008628183856,0.504935010206088
0.783904,0.490046631564766,0.100462831484598,0.549392936548049,-0.497418547534547
-1.62677,-0.94664363674694,-0.196224932479864,-0.902988361971607,0.556361177942419
0.505438,0.341885221042112,0.0859934999655626,0.369367924706147,-0.746929384154797
-0.406848,-0.282518272421562,-0.180398560650545,-0.144428667434804,0.544457795673703
0.941084,0.554199952527043,0.0636444594323466,0.619077930049641,0.0130716574558631
0.306639,0.153038222390623,-0.0429261107015916,0.272389552058111,0.629027835560325
0.814846,0.481111258677048,0.0912722589991218,0.512050876053124,-0.439822440083731
-1.54271,-0.973300056345711,-0.281511640154025,-0.888521511010748,0.568265306549216
0.490344,0.345270621071205,0.123589897093151,0.3614558284004,-0.696816871858082
-0.421979,-0.283568876439108,-0.0987003967808682,-0.144315673801428,0.665936225062559
1.12471,0.662887436819262,0.00904767174065105,0.696695496796618,0.300629508261565
1.04586,0.561950387357661,-0.0435073542125724,0.714918917741071,0.572143122462424
0.41757,0.309311422711429,0.122147464786026,0.267676986292363,0.118641591055196
-0.987108,-0.580313344004039,-0.167424000582811,-0.529124974575348,0.425075365177106
0.699411,0.405723208832972,0.0908026406599924,0.408866480245176,-1.22566325387975
-2.17919,-1.25899890927514,-0.304582502579788,-0.935522085666493,0.78650270207097
1.14438,0.725102650270179,0.254258824102692,0.48541386892141,-0.490470601075332
1.09717,0.57773825965324,-0.0287929747536793,0.690274406649391,-0.0907239307781811
-0.911906,-0.406385624253889,0.187566979720825,-0.395126098241623,0.146275761501108
-0.813438,-0.416165936643345,-0.128090830596451,-0.359039562632933,-0.491165633885167
-0.153057,0.00711390033838514,0.252067386809002,-0.16341792581672,-1.16874450175591
-1.92889,-1.02759501224619,-0.337415254793727,-0.714243168755931,0.164756596585928
0.6034,0.422640727158692,0.253727080549383,0.220942086505424,-0.624424918444276
0.506099,0.273145348188239,-0.00825330145515634,0.288619299039302,0.123379342392719
0.182658,0.201586870558727,0.264842859836436,-0.0184041431854729,-0.331814611382364
-1.23146,-0.672795966308341,-0.133510036603694,-0.589047756778853,-0.174605436845517
-0.646008,-0.24603540264056,0.164317261653549,-0.394569182053011,-0.592392610686374
-0.118439,-0.0793948684997138,-0.0622740749073911,-0.0506165824890674,-0.587629887220342
-0.271625,-0.0373241088823861,0.220829310080412,-0.22091571831615,-0.914545550844486
-2.01238,-1.09591569242743,-0.375099797603658,-0.790141436423705,0.160373499067585
0.61276,0.420861583493964,0.293023205889896,0.220288557123919,-0.669445453121596
0.490298,0.24816072445948,-0.0521621334145901,0.292028541840275,0.110349557148246
0.178215,0.196906289902955,0.29287564572544,-0.0187833223958124,-0.402866590414991
-1.38329,-0.743664021977956,-0.235100491408365,-0.704046700145827,-0.175137562559438
-0.662602,-0.25317286040576,0.205875406255797,-0.430231560489717,-0.594539974285547
-0.244484,-0.150454215105876,-0.0922112802281291,-0.118439592607418,0.171647340780253
1.13346,0.698597530394902,0.250532508357403,0.526037183320152,0.222198085256162
1.08563,0.548588106894436,-0.0321257201476467,0.655033641641959,-0.0767753984279118
-1.1197,-0.502883090944958,0.0750399368566716,-0.502969145087879,0.138053979949102
-1.02182,-0.549589463522868,-0.190316340362903,-0.518327153322654,-0.114796888883281
0.599538,0.395367241177982,0.264412803190609,0.171535953820917,-0.315601497399334
0.435492,0.202837045353579,-0.0113380486655205,0.222457715939484,0.134599615080145
0.15577,0.186935911261196,0.222036505989888,-0.0757694746061997,-0.536776819164705
-1.65591,-0.847153719487028,-0.292741844169657,-0.828698319739632,-0.203161190170066
-0.700283,-0.263767547533982,0.113888424846188,-0.44837284598161,-0.712712125246386
-0.24646,-0.144121996618906,-0.121108763772771,-0.151758067499792,0.139779183138438
1.13784,0.688376396603346,0.24958299817186,0.537723572208719,0.215543642053756
1.08021,0.523308970187143,-0.0203498229229179,0.641958596180152,-0.0653029999574966
-1.09245,-0.503006965950467,0.0538686835262866,-0.567853384000407,0.129219978509306
-0.861792,-0.438384334794714,-0.175763338433642,-0.510371294728808,-0.601219674510283
-0.245399,-0.0461643000456624,0.265445899038908,-0.286629589521236,-1.16950551505677
-1.94909,-1.01632098243029,-0.286056476259229,-0.958869870700019,0.385127971294383
1.12832,0.696991007288258,0.2996202327689,0.563814850150627,-0.364243494641937
1.05348,0.521658054741888,-0.0247529808392866,0.564416416964422,0.62895137274268
0.584931,0.402401985139582,0.319379108643352,0.0820660641719521,0.692793314494663
0.464541,0.214744472608401,-0.0464546756788153,0.191477039336021,0.288971581202416
0.13839,0.152483251895545,0.248271310749411,-0.1369839379787,-0.377953733294903
-1.35702,-0.687687002976382,-0.181763714940355,-0.820600419650678,-0.218877414786342
-0.683852,-0.28992642975529,0.201147605282858,-0.535086331454778,-0.722900659171931
-0.176573,-0.122480614775641,-0.123270665489078,-0.183921449778882,-0.944599155208505
-1.20629,-0.564943930962419,0.0827757996723914,-0.649361411120946,-0.510214046421494
-0.787659,-0.425904647368223,-0.216915721234232,-0.554716465747219,-0.826227957773043
-0.370477,-0.103497868602279,0.182384648616135,-0.335661176032905,-1.32333375260996
-2.01978,-1.02576002923154,-0.349185848802228,-1.04586072667393,-0.554612721327588
-0.787856,-0.315881217514827,0.10007186253914,-0.540213104983311,-0.892440040845602
-0.190324,-0.120276892108448,-0.0634829408543747,-0.193099365996281,0.0636472833504231
1.12089,0.692886595394858,0.292514320949481,0.575250541615769,0.220436587365384
1.0628,0.507498717822103,-0.048774771772784,0.619751898075313,-0.0804410729063177
-1.11581,-0.547955945074531,0.117034970903585,-0.702668103901358,0.120197805545077
-0.832803,-0.432290911546014,-0.159536946152237,-0.574420539887361,-0.700442786686927
-0.432311,-0.132304526973227,0.207178500475439,-0.380010638712735,-1.21684146884248
-1.97508,-0.987329944181279,-0.24262476809069,-1.09826286427315,-0.00559093007687771
0.50227,0.359889009962405,0.303179259456445,0.146648559207564,-0.69844563755107
0.436535,0.194027038532002,-0.0344326670806883,0.202805067714875,0.0312207636103303
0.06769,0.122813254794278,0.291737153335301,-0.165116869221648,-0.332708912111295
-1.33357,-0.705637821858423,-0.148145817106601,-0.873912287543529,0.299794478134746
0.50601,0.357402931729933,0.31284952094517,0.137774317365718,-0.383107472181637
0.444189,0.18887557958655,-0.0695889929457174,0.182969576298062,0.0391578187609246
0.021265,0.109597478564525,0.258279102101875,-0.146472241748979,-0.466690185619564
-1.45801,-0.704762651869388,-0.223947288507061,-0.86997995899553,-0.329864078955058
-0.863991,-0.354973368576123,0.0744025348880932,-0.610416629881595,-0.63342474272265
-0.235583,-0.14777729083751,-0.116353250434708,-0.2245769117788,0.0764434069391833
1.13646,0.691672025443621,0.289285159836062,0.582199056389558,0.181506681903188
1.04281,0.511085280959664,-0.0386894691980666,0.671600498460313,-0.160363441858241
-1.3141,-0.605492859193012,0.0801388108685465,-0.746596433151029,0.114879529993997
-0.82723,-0.414851565104472,-0.13494847543423,-0.546361603230802,-0.784251845490142
-0.415675,-0.166332011065066,0.207638992455352,-0.424750249949783,-1.26287252984524
-1.87076,-0.967430982651098,-0.24350226079861,-1.07385747862838,-0.532978337812465
-0.432245,-0.139079720066503,0.203392679575244,-0.424994001569886,-1.55827888636762
-1.79332,-0.971292370640827,-0.297048756414156,-1.10734138193997,-0.0743178307707429
0.492391,0.352002376058855,0.328908642254311,0.112948552910607,-0.64293823408387
0.416763,0.204542576691299,-0.0574909410474902,0.172858466279519,0.0107200343346385
0.0357812,0.103349611880099,0.269776077205564,-0.200067210251662,-0.426288598695151
-1.3148,-0.676223687622409,-0.219168642656948,-0.854744070690488,-0.341905168512015
-0.901591,-0.382050143272081,0.201067953407932,-0.673393194301923,-0.569237034305417
-0.226645,-0.14188108321494,-0.0959699389325664,-0.237368310421484,0.0626197432831618
1.12194,0.705279908596563,0.297084587290514,0.601848843530326,0.178527843622656
1.04639,0.507208778682351,-0.0384240353201003,0.643579828428241,-0.214705414366091
-1.407,-0.629805488579518,0.0157676347379814,-0.833317250029405,0.0548082343096679
-0.827648,-0.43942463006451,-0.163638499214263,-0.611756097432302,-1.22718606043162
-1.51749,-0.704179384548112,0.0260079210865407,-0.759162633641935,-0.837056878204345
-0.845182,-0.427727187316164,-0.174312754580494,-0.589059960662554,-1.02879301123413
-0.485432,-0.179394380394764,0.215410605073372,-0.462852344172798,-1.21898472708678
-1.96704,-0.984915765080597,-0.292572134567858,-1.1535402916923,0.275496239839311
1.12621,0.694135877593876,0.306503709749057,0.622942139610826,-0.390858610429761
1.0679,0.510941506167106,-0.0345182466814763,0.557868614776638,0.564820359508238
0.461525,0.35418792210412,0.307677375223231,0.0328054049469201,0.649763328225862
0.371396,0.192776331229261,-0.00300142502189403,0.159982816214082,0.178357805074885
0.00568639,0.093803144704199,0.258128893201257,-0.214096377411459,-0.442085625860026
-1.36279,-0.676398538631594,-0.154603947393518,-0.961797740004602,-0.378290230872219
-0.95966,-0.450103843674928,0.117282947239489,-0.713274959778993,-0.592506954943922
-0.228014,-0.117166123446939,-0.0871818944112019,-0.241781286062422,0.0313449747105796
1.11081,0.704910636542767,0.299397720708013,0.650310908310747,0.183888279752525
1.06707,0.518265206426027,-0.0771530129383049,0.602655031031587,-0.210846144751144
-1.4103,-0.656317215927703,0.0885444352266107,-0.848424919353715,0.134698681834121
-0.795253,-0.396519395056368,-0.127044387554497,-0.609888010033147,-0.839989315206858
-0.482059,-0.183188054478854,0.199871098372084,-0.465962719959343,-1.17512636339197
-1.85846,-0.96257528714783,-0.214674836517365,-1.15029022212558,-0.061187299344919
0.42798,0.327055897434178,0.283066891891337,0.132311272598311,-0.668656490099405
0.423417,0.203248787914189,-0.0293747790105667,0.203191394654126,-0.0664386039735205
-0.0479871,0.0602382424733354,0.276720868686826,-0.188564013425757,-0.500687668559831
-1.46132,-0.714634089252785,-0.161892842486442,-0.980845650905037,-0.446732804227212
-1.03719,-0.463836095032816,0.118947217662344,-0.730543410872667,-0.712313885421924
-0.290436,-0.14309099910966,-0.0611238134738909,-0.269884193254845,-0.327080641772172
0.436763,0.311720083221782,0.276738551187693,0.0665704814369565,-0.0632881836219126
0.377205,0.195673525473434,-0.0456536999209796,0.193136906750186,0.02141063455964
-0.0783779,0.0554953851115962,0.237514831989827,-0.225431990765748,-0.485330115608779
-1.41993,-0.699508640648868,-0.141319131557451,-0.991610722045435,-0.442069851477784
-1.00551,-0.440929293766127,0.164281417992444,-0.756204421690183,-0.664323036127744
-0.329002,-0.172310324459417,-0.0822497364770078,-0.267077791703568,0.014240227041616
1.12853,0.704737647625591,0.297671247426667,0.651294892951725,0.132643232952221
1.06554,0.529659749538771,-0.0370967305941796,0.684049990704987,-0.237359051673033
-1.4576,-0.678958101896679,0.11696675829475,-0.951238341080609,0.0878479210608805
-0.89787,-0.445924373048812,-0.101396213857868,-0.6670153613803,-0.878299429022267
-0.517515,-0.200392085521304,0.200270600473418,-0.474820559702456,-1.24200836695162
-2.02034,-1.02919343011321,-0.271244751965321,-1.14107711494284,0.240622038361819
1.12588,0.696736842120315,0.275599883669063,0.606658006887379,-0.559530638398478
1.05843,0.533346416842039,-0.053104071521021,0.713575155082111,-0.371694348401613
-1.52487,-0.701774301987669,0.0846468998840072,-0.930249339835108,0.0564460472317117
-0.92411,-0.466437325716991,-0.087898027656728,-0.627216079142176,-0.920685377847052
-0.524565,-0.225373239120493,0.172456448277089,-0.483106139844996,-1.3113166680923
-2.03462,-1.02965863556503,-0.20113315591252,-1.08189694705401,-0.080557230835029
0.455979,0.32589709578231,0.283446007111424,0.109594621381152,-0.773539453437714
0.366862,0.195719254783754,-0.0197269577391967,0.212644795102901,-0.0790220191397346
-0.0787725,0.0406736971604091,0.234585555949049,-0.211902015403369,-0.522239954920014
-1.44848,-0.740047227427435,-0.132853802514848,-0.989308513087857,-0.483195204626476
-1.04777,-0.478001491271411,0.156978447096337,-0.775016019619275,-0.810843208435828
-0.327681,-0.15811713305369,-0.073266140064004,-0.273435051594535,-0.901953084679712
-0.567399,-0.240854163742552,0.188676368620125,-0.492612591260808,-1.04012399266819
-2.00484,-1.04420057125222,-0.243248083613477,-1.14687553517828,-0.0613249210834604
0.449345,0.324597749274895,0.335223289631279,0.109841225176596,-0.747587492686789
0.38379,0.198597238101048,-0.00262570193636404,0.210665847895527,-0.0591545529988683
-0.032722,0.0564032144459888,0.307734294589922,-0.200918493090353,-0.510011254804193
-1.44964,-0.735255428795329,-0.160218026301188,-0.989611316083181,-0.425673312061353
-1.01377,-0.458595443115002,0.193313770679509,-0.73804398010297,-0.658869542880444
-0.290282,-0.151073079649348,-0.0516791241078716,-0.260786804141695,0.0028253335361092
1.11555,0.708899870950176,0.292982205739772,0.649968572694754,0.142590824429793
1.05584,0.541496335440688,-0.0279347298402686,0.713325046952174,-0.251737199393266
-1.50602,-0.739065333782548,0.0893828497289984,-0.895653217260705,0.145131743880863
-0.940641,-0.47552032332569,-0.108290669536841,-0.640887571019569,-0.36572719032414
0.416642,0.307988367693953,0.284764230644222,0.0539814574453224,-0.351272399113277
0.36374,0.185597848281644,-0.0252024789674648,0.181868435141932,-0.0398909285627002
-0.103772,0.0193211418374483,0.262048093653311,-0.256581837634549,-0.497895710175804
-1.41135,-0.712944433075849,-0.124700316965741,-0.994118033096709,-0.474004213584031
-1.06073,-0.494511972940013,0.161299516466086,-0.753270861743938,-0.633176442105291
-0.256425,-0.15031994899094,-0.0410883175320908,-0.27138146106854,-0.0185003256916072
1.11382,0.717110383902484,0.30262179845796,0.606949693950825,0.138034533473948
1.01923,0.536073842091879,-0.051195280750783,0.714783213715007,-0.254806746250419
-1.48701,-0.726422506581581,0.102593118023083,-0.915504545138578,0.0491666442639238
-0.936538,-0.457630230849702,-0.0765149107452074,-0.669293334343738,-0.908320557809702
-0.561006,-0.230159997116206,0.215876204636943,-0.505302345120683,-1.23405947182567
-1.96457,-1.01397447205924,-0.203705351081569,-1.14440025299864,0.239507782421664
1.12596,0.718099861406543,0.321679817997032,0.668971457571439,-0.40524262712834
1.04705,0.548176992897319,-0.0552911761951133,0.77734239842959,0.566228794372161
0.450447,0.331340477150745,0.314598223538159,-0.0111838305527436,0.696829040126816
0.347192,0.205733047489452,0.000698392057075356,0.196330480220021,0.532075946435307
