1000
-1.04674,-0.46932638302142,-0.117241148219582,-0.509182786862629,-0.872335487118866
-1.08199,-0.70745309647635,-0.0995806354165977,-0.522400095492556,-0.310220063356317
0.406761,0.356336349622069,-0.336870718761805,-0.107532805206038,-0.633540042681632
-0.232291,-0.376265664711259,0.0817131299468013,-0.420126111548944,0.0866947698319147
-0.017503,0.032233156763127,-0.408875483306914,-0.202762702339487,-0.0839400698000059
0.123179,-0.171529252018671,0.172061855439919,-0.335257993684659,-0.364314768078482
-0.703982,-0.327639388445874,-0.254138276972028,-0.420809244876316,-0.250410521968856
-0.659387,-0.583223212428018,-0.0634283950064508,-0.539998186575497,-0.421922390049463
-0.363367,-0.130641177651717,-0.37690420499272,-0.276157858329881,-0.161899007145855
0.36877,0.0549456519122907,0.0392827326646445,-0.149392078928963,-0.167175139017432
0.101215,0.0893591859610091,-0.485174289342478,-0.105629798973989,0.0784871122403983
-0.109481,-0.101609137926772,-0.0122332102611594,-0.216144945153461,0.0534528384903916
-0.123436,-0.0290395550414457,-0.505305272056212,-0.179049810756712,0.255960770522418
0.804343,0.706248335220187,0.11218358945089,0.0966424098707865,-0.382637325009962
-0.683099,-0.364115827197927,-0.274843865573226,-0.479289248337959,0.104676577746638
-0.492813,-0.325027775485258,-0.0652151039216033,-0.396261609655622,-0.367553603851324
-0.382351,-0.16384076350555,-0.461779573910583,-0.315881843220529,-0.0101797495789524
0.547324,0.58369541375406,0.0808906549368727,0.0873709718475912,-0.181188837154196
0.0830576,0.0814762822373315,-0.566291642940134,-0.105438211616495,0.0884124147411819
-0.0847419,-0.0103602154315636,0.00642683127391426,-0.183760337125246,-0.456488412841819
-1.09355,-0.506986434798636,-0.129647883572765,-0.634248254687658,-0.408786014844252
-0.95525,-0.583900600027382,-0.118380768850775,-0.592300382131276,-0.312995412052853
0.35306,0.288481682036775,-0.625202061796859,-0.0451374841047136,-0.438593193546416
0.206547,0.241461388690412,0.0694631258296484,-0.0241893466051124,-0.255241608116522
-0.704208,-0.360172587427068,-0.289583919707793,-0.462460447976,-0.130639011387943
-0.489127,-0.366279676900423,-0.0672461001330282,-0.411936112238581,-0.433412144181574
-0.417973,-0.159868171718512,-0.367553123585119,-0.308520011984937,-0.0599739464724978
0.447187,0.461823679514487,0.117887781184372,0.0522386661496585,-0.211976403740815
0.0506338,0.112884539566711,-0.479037360261813,-0.109120912964819,0.0358334147385255
-0.101643,-0.0464555136243682,0.0142161209071555,-0.198121384370172,-0.479810924129082
-1.10109,-0.522176652294619,-0.147505499535524,-0.610464712565122,-0.416197239418025
-0.949068,-0.603337016069893,-0.121691600773828,-0.586837751734415,-0.316421037166416
0.337863,0.295884561102997,-0.468721428440203,-0.0531288925901215,-0.38512688678734
0.225584,0.191542969530134,0.0626273571002506,-0.0313715649693749,0.0281473778425362
-0.186393,-0.0275832089725428,-0.415540750912289,-0.206675133119408,0.339581007036941
0.737246,0.703395014046849,0.20880374986537,0.11801944162113,-0.600075204089873
-1.10416,-0.541460442124836,-0.123469287774388,-0.591514801593953,-0.146402442599391
-0.943115,-0.628560237744927,-0.113420596252794,-0.583425505523814,-0.753384991966359
-0.699368,-0.333420086876159,-0.251368644218306,-0.44338748949734,-0.680725575613242
-0.454066,-0.336644530980724,-0.0378834199830247,-0.396576651859812,-0.522295065348712
-0.444288,-0.156539920260116,-0.383002373821895,-0.305700167675196,-0.0248650123578135
0.520431,0.501017853501586,0.176441574838212,0.0893505232414566,-0.213041005129608
0.0326352,0.104292830957169,-0.452579485316464,-0.10749146629706,0.181840907056067
-0.060067,-0.0382165041581774,0.0445688286447777,-0.192932547752053,0.175639442181531
0.277623,0.223210710449585,-0.697744646546986,-0.0549593105954155,0.0850509289874669
0.259512,0.273242981610141,0.103473213089543,0.000278220145141593,0.0746127899862396
-0.210833,-0.0283157363997743,-0.608347301940283,-0.176334949135668,0.454664542986702
0.772469,0.740350124093133,0.213481612334991,0.167735973030679,-0.0787269378066209
0.0156257,0.0778939499194184,-0.695765149607838,-0.0951354729522193,0.218619165018781
-0.0480741,-0.0305907008310674,0.0228699473930947,-0.152476862724248,-0.470392778507712
-1.10475,-0.505920590840541,-0.147923413632028,-0.618746820978291,-0.379751147371972
-0.913628,-0.594928736504383,-0.112704505392884,-0.587390177335884,-0.332460334085995
0.288167,0.272547031047902,-0.708560552254509,-0.0526539165503116,-0.349340984706807
0.276545,0.28639911569899,0.0950531010968554,0.0214029089947025,0.00112894231435387
-0.22537,-0.0488823514329278,-0.640184617387729,-0.176109255886988,0.414480197945235
0.803809,0.854940502513891,0.208909230011685,0.0742733739546268,-0.42874457773309
-0.754171,-0.364035845706347,-0.331651768173627,-0.451954959394911,0.121736393500194
-0.430372,-0.335686946140587,-0.04959502260291,-0.321438824773304,-0.440961031715377
-0.465085,-0.174380074035175,-0.416695570865161,-0.300320189709141,-0.0387069561393255
0.558217,0.547859556663227,0.137874126155051,0.148477559423705,-0.580464936003421
-0.749961,-0.323899620401803,-0.300555873187218,-0.404609546718893,-0.000650104864749429
-0.42073,-0.298842452053588,-0.0394305633954155,-0.366802345804319,-0.451371093761164
-0.471688,-0.19736880754963,-0.434681745709573,-0.271516456390917,0.0277985847604677
0.592232,0.563240501507851,0.164594760237211,0.132349617969312,-0.24612064509805
-0.001089,0.0764623435958455,-0.766159379034079,-0.0975127138331524,0.137536623575478
-0.000727216,-0.00541347875688763,0.0347499956379727,-0.131436774334237,-0.493501352038295
-1.10945,-0.516764709667404,-0.156947859178308,-0.597634871289915,-0.355090626006131
-0.894066,-0.602029588598519,-0.112324533500351,-0.604235035064963,-0.334925796138582
0.272287,0.253036129223212,-0.79706854900515,-0.0749397658251385,-0.315745504076591
0.334595,0.300813686312324,0.131100942781699,0.0462962713824627,-0.000968307424888835
-0.237983,-0.0862839851704652,-0.633765198016792,-0.186722734673562,0.496435518646973
0.837795,0.785554356466298,0.199831963474246,0.09465713205053,-0.139414254456198
-0.249778,-0.0523900195818389,-0.607002501410973,-0.188051206711833,0.647681579993731
0.83872,0.796728525601348,0.224609668804719,0.139189586673189,-0.408603577762577
-0.763638,-0.34042795375197,-0.271729802521356,-0.438880717400981,0.151336538054202
-0.403265,-0.330658573487971,-0.0281480560475523,-0.381006343041187,-0.44300356475898
-0.492506,-0.193864907331782,-0.349479835618029,-0.338052050771369,0.0453228297612912
0.612382,0.627528500263642,0.212914856623929,0.153667237114867,-0.259246984231303
-0.0169191,0.125411564237515,-0.441215124140657,-0.135686045345993,0.151776713823112
0.0167012,-0.012345276719787,0.0568143388037094,-0.15009891348684,-0.503110540819037
-1.11849,-0.639678471249197,-0.125975628445885,-0.69927960338809,-0.349611699467647
-0.894394,-0.744400734997363,-0.108624890459528,-0.629168426077913,-0.344096518377333
0.24754,0.31442754900128,-0.473206490918695,-0.0481802799636159,-0.288272054709623
0.346305,0.34876171942663,0.164814904858477,0.057988235721343,0.142109767137833
0.201191,0.25465585682838,-0.566641978289926,-0.0519809645665388,0.279842432508062
0.322474,0.349097811930882,0.156918422997857,0.0577603884103439,0.0413553145159148
-0.257265,-0.0526530594486031,-0.386052245818802,-0.218192679248905,0.435058233385223
0.853493,0.946159334396409,0.279042196179005,0.22715605579461,-0.626865442790656
-1.11866,-0.671065936151871,-0.130846573631333,-0.645564958719885,-0.0839667900048348
-0.899299,-0.750382175720062,-0.103484497687612,-0.604500005310482,-0.766633808339665
-0.743343,-0.434273924040982,-0.246104236329405,-0.461631618834723,-0.630232088293283
-0.374254,-0.375739852311958,-0.00799781514324823,-0.362110549527965,-0.552873155776986
-0.492495,-0.215347981337163,-0.321279882115472,-0.324479089992173,0.0450693727984656
0.624532,0.687716820037735,0.238669086154964,0.206074760914329,-0.267734076245477
-0.03659,0.110536685465426,-0.485976320470431,-0.127716051284153,0.160245884510761
0.0252287,0.00622885515228696,0.0831223960162311,-0.143490386033081,-0.512438507491194
-1.12296,-0.672220247006522,-0.135251688892559,-0.682002975970772,-0.346252556101604
-0.889978,-0.76576691517442,-0.105154393339779,-0.623322877596204,-0.352474920651787
0.23911,0.31549984856356,-0.468671858366957,-0.0237667014055431,-0.308677472008968
0.356216,0.372596039806398,0.165253782306326,0.048813847510082,-0.0362005844512568
-0.278214,-0.0606381386234729,-0.391348905176981,-0.219072308387561,0.475811865176309
0.87911,1.00065089291072,0.325098538636622,0.243994851140817,-0.457244822671222
-0.787865,-0.488898404693654,-0.266786188160856,-0.49030859823424,0.175443862955515
-0.37123,-0.380977590452388,-0.00159325659736187,-0.384341954122044,-0.456034054271309
-0.50832,-0.239093891487578,-0.336395988690496,-0.358232134361376,0.0729078440184676
0.650946,0.735602285418306,0.262186283083569,0.207138940662537,-0.271730810666716
-0.049216,0.111867168443614,-0.425281258083652,-0.108512729200637,0.208192685763013
0.0520607,0.0204892228181519,0.0891198180075215,-0.138400086801049,-0.343053003032605
-0.780306,-0.477225090806887,-0.30815649490765,-0.489053762630767,-0.151693761412117
-0.351958,-0.382667097192335,0.00228558932698881,-0.390614684877572,-0.504933178816392
-0.515775,-0.236205624657293,-0.341312609259185,-0.330422291120712,0.0828369728484069
0.674784,0.774477468755594,0.261948166037498,0.215734466397105,-0.283635158537039
-0.0630946,0.102068464689899,-0.433875351306528,-0.102816394874339,0.197802122395216
0.0673405,0.0371271698546256,0.110140681475582,-0.147644281812456,-0.52458132264997
-1.13273,-0.715505004067526,-0.135569221346073,-0.713657128160744,-0.327783765711584
-0.883333,-0.792688973016694,-0.0992373765530016,-0.658037949418981,-0.361005421990639
0.216948,0.314774257601884,-0.461880106141018,0.0186497501467704,-0.289228743485052
0.398402,0.428284013109369,0.208894801681082,0.0605460879272606,-0.0522104169104404
-0.289235,-0.0805391832573977,-0.439388807225855,-0.205265460904935,0.477941559046281
0.919586,1.08213301595518,0.341149196648519,0.267919173871167,-0.670578903294531
-1.24813,-0.896776889974704,-0.224412329854235,-0.568088207005778,0.0901733284463477
-0.756275,-0.593413776799544,-0.5102898062234,-0.416716433852812,-0.239105178731385
-0.12487,-0.131740685108747,-0.607724266468657,-0.169901717179983,1.52745788982366
4.49139,2.41488131692844,-6.37401242862997,0.249509554212827,-0.0386602655495402
-0.676444,-0.528526190300156,-0.52854619190921,-0.411307629338092,4.29816046654199
5.80512,4.36242990206854,-3.85034212087301,0.227030179499682,-0.41316874206385
-1.03316,-0.772352754523088,-0.302701424660865,-0.610581603902205,2.6648439509805
0.537779,0.0904985414642063,-0.629861634059369,-0.0411850258690662,-0.273064686294303
-0.818429,-0.585084174606731,-0.332847301948551,-0.535822981308593,1.17790214458004
2.31214,1.93044649307339,-0.114537975035339,0.525695958061788,-0.469144609273142
-0.50217,-0.280983665425031,-0.3368523763925,-0.365513029957735,1.33261195863108
0.98087,0.518818137502874,-0.141215439716112,0.140546425784952,-0.205181868067325
-0.677928,-0.415778854621161,-0.276714772760477,-0.471062522447458,1.44829460506267
2.6014,1.92673467300765,0.248852270165144,0.796981076831652,-0.649546447293341
-1.01584,-0.717212509799658,-0.268066088912008,-0.672808072147251,1.1351781547755
0.213331,-0.123229560401251,-0.122162986385354,-0.244305258066209,-0.452100471307665
-0.825899,-0.576654286501381,-0.28218897873598,-0.579294154134504,1.18339531413073
2.72394,1.78950546503677,-0.487750954092545,0.598216130242223,-0.506266422338634
-0.575923,-0.38265838837265,-0.349483541463593,-0.416835882162454,1.65394088000276
1.49622,0.841820056391246,-0.906435082756626,0.333856693851565,-0.667499450486396
-1.26685,-0.936685383669181,-0.210355216626366,-0.696456287934938,0.290111963396752
-0.766068,-0.741268155839549,-0.178487091365974,-0.586942981394209,-0.501156683637851
-0.44607,-0.275582977440577,-0.403997704615758,-0.333469780037433,0.496731967075937
2.24395,1.57052516292809,-0.99101139648611,0.535217464407521,-0.680097159437576
-1.05724,-0.783164515962283,-0.274482787624697,-0.65859208516184,1.03532008784886
0.358654,0.0135582793717005,-0.345754518312698,-0.110890226569547,-0.536275503105392
-0.884203,-0.640648874587781,-0.328656651001896,-0.547341270736273,1.11534355524888
2.44565,1.87895717915102,-0.328094696548838,0.750980729404946,-0.558878747100483
-0.58973,-0.370325298787133,-0.393488307385274,-0.422674664993807,1.33059933214147
1.02149,0.560974845138532,-0.20264366898095,0.248478566343978,-0.696869605102512
-1.26637,-0.954103183713077,-0.179345616972036,-0.705477741768652,0.0478355976325702
-0.839707,-0.822630441888722,-0.113993456254115,-0.636366244523543,-0.569229883761642
-0.453986,-0.240348389833752,-0.395134247531426,-0.34846500667799,0.232782667558349
1.61628,1.1149156948201,0.0358598828804699,0.564753785697209,-0.43080327160625
-0.752684,-0.517363137583885,-0.29347793247204,-0.544383115699282,1.62429192399892
2.50805,1.94134938357607,0.275379589412317,0.952257562717428,-0.823609006075306
-1.26226,-0.965892476116991,-0.173206061129369,-0.722256791176641,0.603594295065375
-0.858989,-0.860611779827601,-0.107986065473341,-0.651629835255148,-0.808018918856026
-1.01718,-0.748107415697204,-0.214138344311592,-0.671988189367107,-0.382840590515936
0.178844,-0.112498126826951,-0.0687579249010149,-0.235934749139096,-0.739410797387114
-0.855875,-0.633309872235138,-0.262520371559473,-0.582242936196342,0.802648680540428
1.95203,1.53148644278796,0.287952461101877,0.804786100668284,-0.555140121482194
-0.575506,-0.360156422938822,-0.312171999735614,-0.4435523757939,1.1295169863113
0.878745,0.437388987362577,0.0357115458587684,0.173354035364579,-0.256135356801313
-0.511206,-0.28940946700937,-0.298543893768392,-0.399098564986188,0.950781469278136
1.46539,0.970809403767568,0.0552429018556685,0.580946661369497,-0.340005217178211
-0.768611,-0.530437329048959,-0.273057822643803,-0.548031840751844,1.60353549216612
2.44741,1.9206655613588,0.275959425446367,1.01163629463473,-0.470026776544594
-0.640765,-0.409478116784915,-0.252296588211281,-0.470974125533283,1.26720238805712
0.827174,0.394881043482073,0.0655639720250015,0.138244058737991,-0.715624008107491
-1.26065,-0.990602523296795,-0.163620651641751,-0.730129137222143,-0.0537447420851021
-0.870208,-0.866791254054332,-0.0908594039407767,-0.665268425284118,-0.600888223872469
-0.47541,-0.276630141724077,-0.284751082960241,-0.385032142758377,0.137555033205381
1.43166,1.03327365978351,0.105147984150417,0.612717120370931,-0.456911178521525
-0.764254,-0.548476661201646,-0.252822773230344,-0.538259343062277,1.47846276784737
2.29951,1.84869929226049,0.443199271069601,0.961195419018951,-0.687464507281334
-1.04928,-0.803248285923898,-0.220314646297193,-0.664897446537996,0.929055426383613
0.0640679,-0.186030676587555,0.0470907484045893,-0.292664228618338,-0.569173119643929
-0.878846,-0.660795329855542,-0.246936973404618,-0.600201424395273,0.709228448818145
1.86756,1.4936392567373,0.3439437432448,0.850529092655388,-0.817025392437613
-1.03308,-0.792706238596047,-0.241806111218072,-0.681781650648995,0.726971797567753
0.0654107,-0.171279253044656,0.00358737228514865,-0.280631486725009,-0.583335052980273
-0.860433,-0.646073183589098,-0.262214769934773,-0.613301916725881,0.717968587949538
1.81733,1.46324602328788,0.413947385824492,0.845391871376648,-0.58907011769675
-0.595326,-0.385173877137362,-0.294317855125746,-0.446015293912906,0.936676099664756
0.72711,0.374610765088262,0.0474811049603186,0.116730035105281,-0.742233159575711
-1.2632,-0.972038897425618,-0.173748367180307,-0.7259418452852,-0.110972572968213
-0.895475,-0.861865460023916,-0.104987219735514,-0.676774942668484,-0.611421212109701
-0.45582,-0.250175706445437,-0.356933782687518,-0.37491048511273,0.0533643766636029
1.25903,0.933288019153681,0.151648448620964,0.544359886845803,-0.442975953389898
-0.754355,-0.505636257636141,-0.367918111719645,-0.500454950663671,1.42681033933461
2.25874,1.78014800687626,0.213378374746232,0.844741002322457,-0.440295407855659
-0.756976,-0.508334932303844,-0.371622181122034,-0.512031474959256,1.77494764140293
2.16163,1.78762788203006,0.306704060300753,0.897999771619263,-0.629719392179938
-1.03924,-0.761350206990579,-0.262698775563389,-0.630177516450993,0.859648460336519
0.0185858,-0.190638313493429,0.0230024461473919,-0.266124227606508,-0.571943269281855
-0.870476,-0.620503164408626,-0.318950473753944,-0.545313192046676,0.668820788054999
1.74366,1.37965898080063,0.405847456816598,0.795680674480276,-0.602603991207145
-0.607731,-0.356731484741941,-0.343269758340928,-0.431099521628712,0.895019921501852
0.703836,0.369126535233062,0.0418749936094948,0.109356713193122,-0.748439376830959
-1.25446,-0.916487444043629,-0.167902742834745,-0.662655735396462,-0.121179557754448
-0.891963,-0.818286853066424,-0.110197648971612,-0.650827027064349,-0.61133772665643
-0.462222,-0.20767127590815,-0.37252212432784,-0.333673255983543,0.0605022519006912
1.25986,0.899217874516005,0.240554750246815,0.501593746244592,-0.412197767069031
-0.526585,-0.292071982061831,-0.309572108925391,-0.411734014408624,1.00271827809065
1.26361,0.845347395929904,0.0830582025082501,0.487661837946373,-0.350957906822299
-0.773582,-0.466516763773621,-0.350061563950008,-0.490645593526132,1.36338472872953
2.21007,1.69451476794087,0.33705013340777,0.832802248696365,-0.856169109456437
-1.26286,-0.887751931492405,-0.189487565229343,-0.639851484492601,0.449651815180028
-0.907075,-0.792137906167337,-0.110338964317036,-0.618087254949793,-0.844638851002279
-1.03098,-0.673902837654498,-0.248183799544201,-0.597688590086647,-0.47820204182052
0.0210634,-0.152108010605568,0.018431077264705,-0.26757945463717,-0.781391984693525
-0.878476,-0.571572725555784,-0.282906032101177,-0.529497941321554,0.580295972160386
1.60465,1.24884578896007,0.401279498164631,0.662676824576768,-0.616533251074535
-0.606644,-0.310464722884085,-0.410873649037827,-0.426529614628987,0.790004040582613
0.599563,0.266740400758366,0.0950415749050473,-0.00639627481680423,-0.760149349533261
-1.25838,-0.857294491046495,-0.180689783364457,-0.646097294993849,-0.177064587332444
-0.912278,-0.817294460756041,-0.134339900224783,-0.638241057349301,-0.630969959558179
-0.474141,-0.172867996034655,-0.355557166283774,-0.357883293865497,0.00969952893593178
1.18242,0.794488780130358,0.177744434570745,0.36479149369551,-0.47185355903964
-0.767653,-0.451894711880209,-0.329657236845287,-0.520735724745889,1.29838237933865
2.12894,1.51469855734975,0.308650785586872,0.676964960665074,-0.713299956397002
-1.05356,-0.687558993482402,-0.249020567102688,-0.614862241345944,0.809827010771912
-0.0332743,-0.213478124520752,0.00903077266620565,-0.306663603751542,-0.600629050825891
-0.889126,-0.551024105778875,-0.334161193836114,-0.568556760669037,0.57212187917395
1.57976,1.21811561143414,0.298124247573864,0.527474480970826,-0.637595043156715
-0.644806,-0.326361652605982,-0.347211296636411,-0.424412504496701,0.771607991908448
0.535327,0.22820636215199,0.16804233983002,-0.132509664614916,-0.644363265940039
-1.05391,-0.717025797280854,-0.23513207556947,-0.644949920250246,0.10506075075762
-0.11996,-0.299907062767918,0.0869520488917778,-0.42364459850847,-0.712839369905589
-0.907103,-0.583168627833205,-0.247883358366279,-0.59029202465413,0.490260314473412
1.51305,1.08330322007644,0.516517243257259,0.286532573913358,-0.664029826254775
-0.658675,-0.37024505337428,-0.245448223226306,-0.497448973471742,0.706770121923165
0.503295,0.177596675374648,0.165704762609679,-0.179165105258941,-0.791846158619389
-1.25858,-0.885390221093663,-0.181997630197498,-0.721048274063892,-0.243459815031266
-0.950099,-0.835824273816924,-0.108996590406042,-0.678468153254943,-0.672099782736783
-0.532169,-0.2328189514161,-0.194594620177807,-0.433940871882641,-0.0716547243692257
1.04301,0.655540679981962,0.30462700590784,0.0365160190973037,-0.532250588608604
-0.813293,-0.487312314095327,-0.275549818110644,-0.546457024950805,1.14295068616414
1.94211,1.38421341347464,0.514869955055179,0.336047893846811,-0.82677182334596
-1.12707,-0.71066997951969,-0.10300336513448,-0.74190979988378,0.370606849315432
-0.942821,-0.730248850447207,-0.0910064331118224,-0.672506848160692,-0.437018294531429
-0.207202,-0.0233434038002652,-0.260397870927591,-0.345629928301465,-0.370599906976374
0.277106,0.336228052063197,0.256486984781066,-0.066189601241588,-0.379340006136403
-0.629604,-0.31744801863562,-0.286474878596183,-0.504828848816632,0.391866487955648
0.858289,1.00742985541185,0.479504329298578,0.175505826533314,-0.702201258076942
-0.973721,-0.596256546044389,-0.218061762862356,-0.663435787362819,0.0946346308135118
-0.441072,-0.399069679438225,0.0414087364005705,-0.471103096985077,-0.662984693668613
-0.785417,-0.420711738667072,-0.256102367300797,-0.566973540472013,-0.00429643971448464
0.634609,0.75041439345314,0.454436883492402,0.162084379878588,-0.582647863426504
-0.490203,-0.177113729133117,-0.349928645235617,-0.415350131065153,0.18659404655166
0.0126777,0.0208789655247189,0.199803213025061,-0.197028877975602,-0.396543089501172
-0.63149,-0.292309494806097,-0.351067893897927,-0.491637736674591,0.299836133529202
0.913095,1.08668850757363,0.578673171646137,0.211014524073904,-0.719920598886415
-0.97844,-0.569264839488322,-0.227534056636823,-0.666013912054851,0.130665628429612
-0.406237,-0.367560898719958,0.0686745744804768,-0.465483579584167,-0.657765488635699
-0.780077,-0.395347036734307,-0.314139551529856,-0.580784159370124,0.0230668406306948
0.66257,0.783427577960109,0.489190411304668,0.170695134985072,-0.574569223752929
-0.468849,-0.125995420341998,-0.357601100425471,-0.409935767027038,0.162529189338597
0.0487843,0.047166627564556,0.230682218362019,-0.188853623278566,-0.732119440506107
-1.18591,-0.693207912343599,-0.131621543221334,-0.760942278246398,-0.422655109121724
-0.955713,-0.7467171659306,-0.100878074278147,-0.675203264607225,-0.587604547842695
-0.236278,0.0121977550427552,-0.384150057000621,-0.347363510038713,-0.365308759365321
0.429878,0.44569424548975,0.382666101904352,-0.00385028562402511,-0.613764651611669
-0.966283,-0.541256734029562,-0.229129530529639,-0.65814729293745,-0.0453966902168196
-0.374911,-0.345878308710752,0.0692299377579337,-0.449604404951246,-0.673204049457818
-0.771862,-0.364150670001988,-0.302980166684939,-0.556736377707297,0.062688830053501
0.728937,0.803737156731779,0.516209152886003,0.182607088913024,-0.558990059536396
-0.445315,-0.122796791055891,-0.335345164020673,-0.424783085862982,0.195333572098756
0.0583051,0.0598450486003696,0.2366175336262,-0.193582539399675,-0.718932026962985
-1.18821,-0.644487316877301,-0.138583869343925,-0.742656068221849,-0.417464731565553
-0.962004,-0.716341273734299,-0.110769727529391,-0.679692234894052,-0.576650731246779
-0.219914,0.0157416576128952,-0.360656565196588,-0.355520072441703,-0.341373816606542
0.41201,0.435392994218455,0.383546500199693,0.00507322481418798,-0.379248316128381
-0.616951,-0.248904307766436,-0.351351583491839,-0.494115027681582,0.477819972471456
0.975051,1.06422110444365,0.624035731143964,0.1800835230526,-0.818616477890352
-1.19447,-0.664701644576736,-0.142555024545632,-0.749097491365733,-0.0962229255316888
-0.965188,-0.709599111665622,-0.10322971210468,-0.684243716281657,-0.880971083409927
-0.941819,-0.485190196533115,-0.219729313781193,-0.634076259846777,-0.676429181943301
-0.366096,-0.320553515319385,0.0978623014148798,-0.449150244263934,-0.758492321207517
-0.76956,-0.353453772958765,-0.289212445585468,-0.55862796065645,0.0443132392241037
0.703671,0.782870730182671,0.538589546756378,0.167368231476479,-0.550460130490222
-0.449527,-0.135336082662204,-0.377949450655979,-0.440953177646811,0.25637732997912
0.0608889,0.0701920950745114,0.24390871869399,-0.211285256454351,-0.250803088595321
-0.276095,-0.075067882297144,-0.646243820832045,-0.369807084368784,0.141676475172271
0.398409,0.457536835396756,0.374762517645437,0.0502870128059119,-0.320026025491311
-0.618752,-0.22756986713337,-0.527136793551374,-0.487801882466122,0.550853377622582
1.01102,1.06512570857315,0.60808318304621,0.261504703697116,-0.444859109026092
-0.460058,-0.131327930529328,-0.654878299301446,-0.420030694208503,0.333249113849942
0.0588588,0.0886760681410382,0.212060817330099,-0.191367876954683,-0.706369431620276
-1.19082,-0.592858378988532,-0.185683458068572,-0.677122740614613,-0.420201823162665
-0.974352,-0.640891401614128,-0.126404487333529,-0.659258866596661,-0.576500413899087
-0.221039,0.0143793657321664,-0.657770040818391,-0.352597872594523,-0.337242503153208
0.432075,0.465104811329957,0.387405115453945,0.0418876652766492,-0.374018973610809
-0.611403,-0.235457662975215,-0.536099907886336,-0.492379481848891,0.514152024571647
0.993776,1.07845670409409,0.622494359764039,0.273648484666973,-0.681462346743987
-0.977177,-0.462460034843777,-0.29874429367438,-0.624947824655603,0.186641371852769
-0.368412,-0.269020880419458,0.110148267638259,-0.4163667504395,-0.649305937722146
-0.773998,-0.316612740921145,-0.429284704006247,-0.549272203035282,0.0361041078731916
0.736111,0.797888452477607,0.5273671523811,0.227084944226224,-0.804604328061162
-0.974333,-0.436160607099949,-0.285912847807662,-0.618417369295822,0.0590432955018302
-0.370505,-0.267368656359632,0.100397222945628,-0.426210183351514,-0.657545285475585
-0.765529,-0.294442887642436,-0.441336490692538,-0.556305093189014,0.0737922984948544
0.744101,0.823858237114878,0.528060717705547,0.20719673783345,-0.548996652065923
-0.433121,-0.105113092997133,-0.580603231943571,-0.404097465309105,0.212895136756791
0.0820853,0.116640922229951,0.235899137484618,-0.168613640830585,-0.709321553936596
-1.1782,-0.566562204148051,-0.180233204026276,-0.655985926230841,-0.412149014557355
-0.980518,-0.647043954947215,-0.134262799393151,-0.664331711517277,-0.556315220618316
-0.191759,0.0220069719138731,-0.685619951085756,-0.360852732120231,-0.33154244446422
0.44576,0.484897295050507,0.395354043385459,0.0400142771396171,-0.351875796826603
-0.599214,-0.214714762257841,-0.548339001902406,-0.476382611008883,0.553236329695677
0.983027,1.0717396478324,0.615201374370461,0.22902388672966,-0.43505371038832
-0.611071,-0.213728403780515,-0.516535402808799,-0.487254858306958,0.746426463848349
1.01114,1.05647463981122,0.607113741625337,0.313521897567493,-0.647164618390084
-0.97837,-0.443857942819346,-0.313385244231596,-0.633795754138403,0.205189710057326
-0.357406,-0.264667776852664,0.0946454074233248,-0.425057520940499,-0.638504786973823
-0.766806,-0.316462801778104,-0.521909032317077,-0.556427816051138,0.0834998306193251
0.747402,0.83322131102649,0.576696354708049,0.213809064500734,-0.549385305149266
-0.436917,-0.0948562814719377,-0.524198180740247,-0.423605340022551,0.218007128218955
0.0925014,0.103469435975858,0.263561445699355,-0.179724812377941,-0.716082729929179
-1.18962,-0.589123236894356,-0.180212284043547,-0.729940905317542,-0.411446157546182
-0.987529,-0.663883776094525,-0.119385414488768,-0.695115096628297,-0.564103661900107
-0.20743,0.0388057875205199,-0.522818070086245,-0.353471131394784,-0.314524822437454
0.455741,0.489773081645137,0.44099862180879,0.0715928416109914,-0.249869146165943
-0.26235,-0.0198332759087667,-0.722566929840628,-0.360172843362682,0.329802437771024
0.450727,0.478670686331667,0.419045955003999,0.0612781588911429,-0.293781020141217
-0.612907,-0.226072381723447,-0.515115373044486,-0.495061905472066,0.530839018271075
1.03395,1.1048118562499,0.670869416638167,0.341153591838549,-0.815961916863687
-1.1974,-0.583413734618434,-0.17566645300087,-0.71926857947641,-0.0844766639376052
-0.999014,-0.656561117435979,-0.13307630366551,-0.635691256879139,-0.876922360148443
-0.944424,-0.424223651218148,-0.315739585652023,-0.613821787756546,-0.673329729265066
-0.326475,-0.241736207441381,0.113414463439547,-0.395987815628406,-0.760257335358435
-0.777078,-0.307838722205106,-0.407801130093424,-0.554153498033332,0.0912830247156268
0.773933,0.843190743224464,0.581249170734161,0.25141920666547,-0.546131470391189
-0.420829,-0.108592208173315,-0.490168868182475,-0.445368470642008,0.238510191944576
0.116689,0.118731964457415,0.295235097865603,-0.15044622239797,-0.709747858618326
-1.19263,-0.591097719928324,-0.162358837204171,-0.736812046184503,-0.405560892527933
-1.00256,-0.670760834540784,-0.10848114808521,-0.698369169113087,-0.558917043464863
-0.192657,0.031462468621068,-0.517676271427576,-0.347080141115837,-0.33144071899788
0.47155,0.518602302738226,0.463368452837911,0.0761343356256552,-0.359878584496416
-0.60755,-0.218532898547122,-0.465487428603714,-0.504799187828205,0.546912047409694
1.02809,1.11089900048696,0.713841451055253,0.310903527832231,-0.677974514121697
-0.983338,-0.471871452615821,-0.258527419503861,-0.650207035245785,0.213466479022001
-0.344814,-0.273976074786775,0.112004880590975,-0.423722078765538,-0.63932947483012
-0.768576,-0.316907746755724,-0.379402082332382,-0.597938269618496,0.0992087022436391
0.769022,0.852936138393361,0.626998768979544,0.259690115007267,-0.539963803473045
-0.426095,-0.090884098017664,-0.497478006052861,-0.424096610875473,0.259230236928929
0.122056,0.125095553680713,0.307834959058371,-0.123577115689443,-0.58035242597266
-0.972027,-0.473647791201391,-0.305341616706485,-0.676023622214307,-0.149604460596852
-0.32488,-0.279673134081271,0.131193472362118,-0.416941018494311,-0.691485622396013
-0.774197,-0.329962460903634,-0.38381529653103,-0.576088626726246,0.107588335207017
0.78806,0.891057945636761,0.65363335975161,0.273219333409097,-0.545877770564921
-0.4276,-0.0979795887350855,-0.451979299110563,-0.427927946562633,0.246888199730636
0.121178,0.123139867324591,0.306999124288088,-0.147200406448681,-0.711269225192726
-1.18921,-0.598382642688671,-0.177781276187288,-0.802935682208776,-0.410748056221144
-1.0204,-0.692019674639786,-0.121499963082611,-0.714525678184667,-0.552070686578543
-0.183692,0.0389702783295198,-0.512914676404234,-0.331236110128171,-0.329981301050361
0.493647,0.521683293847713,0.510224118827749,0.0963698013284148,-0.361070027130342
-0.615423,-0.232271382812213,-0.456280353621895,-0.488242303605215,0.552947088212792
1.0651,1.16470158242475,0.763108918841326,0.273135485795037,-0.809851731969334
-1.19984,-0.59366514012614,-0.177140403385423,-0.790435250032342,-0.0240865630030656
-1.02179,-0.678268633947817,-0.122183253738774,-0.721268720431766,-0.497471078094368
-0.182433,0.0262303549548076,-0.530795072565575,-0.334165679726616,-0.319110737423029
0.500143,0.525891188855798,0.509307213637189,0.108768671026145,-0.354982071482459
-0.609616,-0.214105515801882,-0.445588683543674,-0.493380445470005,0.569100531996961
1.05117,1.02255122360247,0.678163060472968,-0.0348912648015267,-0.679869263857381
-0.991868,-0.484685216698928,-0.291131383239117,-0.684306446958899,0.228212474096939
-0.331364,-0.280915285121681,0.128068152466048,-0.408069311256087,-0.647600518342799
-0.78593,-0.322212160039954,-0.367522637636548,-0.569759675050066,0.113144058322398
0.788686,0.892466585275396,0.662107417719415,0.296262986474975,-0.54537095756584
-0.437425,-0.10646606906651,-0.545102083480706,-0.403244153894228,0.306202667874467
0.130964,0.131284346915592,0.331644532375469,-0.100249619814109,-0.345381236171841
-0.611993,-0.210109514218836,-0.474085485689171,-0.489239094065649,0.424809871448988
1.07608,1.18586347646834,0.752726969174907,0.332827956929924,-0.699604750838111
-0.982352,-0.468283931636631,-0.292500936205346,-0.691719646071808,0.238607788015152
-0.32527,-0.293901250290392,0.131603098217738,-0.412081131176609,-0.636861099306135
-0.774919,-0.3318237464035,-0.356191236752025,-0.600273121926911,0.122935370213738
0.806012,0.87512501527521,0.668205184913053,0.326888989968679,-0.54617280160556
-0.433405,-0.120307848235794,-0.557126668677828,-0.418194585629641,0.26315775705952
0.14237,0.12900256724406,0.326515998702808,-0.119574608673669,-0.716072152230623
-1.19568,-0.605939772608073,-0.177928271816016,-0.793330202844982,-0.407041292169843
-1.02963,-0.688820020653608,-0.112073489700845,-0.731965884298139,-0.561261581260858
-0.191829,0.0251325021146922,-0.498610951048997,-0.323252793583032,-0.362414991642803
0.511403,0.551200085945022,0.542645425874669,0.11633323457458,-0.604157365283364
-0.985798,-0.488360183023593,-0.262702108167386,-0.689620451990419,0.0158952565654204
-0.318297,-0.308242604532009,0.146082586430455,-0.404599636723671,-0.673016422237689
-0.777914,-0.342076922867255,-0.316058739616124,-0.573155063979511,0.123252270230208
0.811484,0.913702661989274,0.703637632328678,0.286085665616201,-0.545788680750288
-0.428097,-0.112809429895535,-0.427100641601197,-0.426440079575214,0.263292351326366
0.137622,0.123482643008576,0.33416674314918,-0.125743197981001,-0.712887343766105
-1.19442,-0.603062838235423,-0.15525322541079,-0.769381086598721,-0.407947031300971
-1.0324,-0.716031499406037,-0.113449084122685,-0.748383392923124,-0.548383504189225
-0.17483,0.0329390724711332,-0.332000858566204,-0.339754083133818,-0.328198003161178
0.508395,0.514723270204493,0.524442816144555,0.123061399918709,-0.353018763137482
-0.604424,-0.232712136551504,-0.337925847312854,-0.513374128769064,0.562163470909197
1.07422,1.18355742751348,0.789364926451171,0.351483089174304,-0.813366115422827
-1.19981,-0.633553239907368,-0.161338645526886,-0.780940332247717,-0.0808031157416017
-1.03393,-0.72409334238748,-0.114500545443175,-0.768205966339448,-0.8718598327498
-0.940976,-0.471208416756737,-0.233066609170515,-0.667722052908475,-0.675433468117266
-0.300546,-0.296554717146559,0.148739336256437,-0.412075283028685,-0.751040245557084
-0.758602,-0.330723550499487,-0.339386033604926,-0.559178328474524,0.116437412507106
0.801664,0.886303855067087,0.6777526106976,0.237864016676375,-0.520358356001721
-0.41299,-0.102690001488999,-0.403189893369092,-0.415588216466892,0.338204101295817
0.14276,0.122111478354643,0.340367629080032,-0.142289626182769,-0.201707139299016
-0.226654,-0.0169128736182854,-0.393688188706443,-0.347379629891069,0.220495409189198
0.490459,0.493420828479112,0.494941284598038,0.0982636261941321,-0.282631246439027
-0.6053,-0.233884975748798,-0.377017531546938,-0.5125699049726,0.626982207973606
1.08127,1.17755215859189,0.762813208160077,0.296157958497233,-0.411747848877118
-0.423156,-0.122339934932352,-0.365924728246042,-0.425872893128052,0.399902361750283
0.143012,0.0984393413744212,0.319743754602126,-0.156613775220364,-0.691263673731943
-1.19635,-0.614812300489478,-0.149447610834847,-0.806646925835561,-0.401206489475138
-1.03005,-0.72755676306984,-0.115664277270941,-0.739673442338838,-0.547448446711579
-0.174377,0.0303564610348898,-0.381154152631954,-0.342068029363186,-0.322065941210067
0.519082,0.525439083692715,0.521780124667687,0.0976888113220865,-0.348669555934247
-0.604393,-0.231111353887261,-0.354137731281899,-0.510645940257063,0.593679122029423
1.08813,1.17157451354805,0.763303956059083,0.34069040766586,-0.672636743601936
-0.985117,-0.502871101026043,-0.23716439298561,-0.684480346351538,0.250144937727459
-0.316811,-0.315677975838292,0.131678680149519,-0.430325048956207,-0.645574666453265
-0.779959,-0.350424816583701,-0.298199112309498,-0.584592165558318,0.0812836256900133
0.790303,0.903802952219611,0.648355540452226,0.269784560079082,-0.805196514918633
-0.983305,-0.483418253938081,-0.258148828692008,-0.677889862316431,0.0982292354423789
-0.330062,-0.291704961923431,0.121556058936978,-0.428214453800131,-0.665619638326754
-0.788692,-0.3407667219198,-0.290379197570624,-0.595510594617659,0.105020198351937
0.77968,0.886431292358006,0.619808151551924,0.25528824588264,-0.56316093697037
-0.451156,-0.113505459617045,-0.397491116743757,-0.415608771250904,0.232102994171745
0.0962264,0.100078316340181,0.273967903522673,-0.160693585941234,-0.720443532172287
-1.18933,-0.618080731973785,-0.154820288430136,-0.701926284378221,-0.412501474341333
-0.990501,-0.685756309770244,-0.113721327225076,-0.69551949215512,-0.568843148809113
-0.208956,0.0109174592865114,-0.390857322611507,-0.360312429658232,-0.344811639628415
0.427809,0.45863670789884,0.411725637525977,0.0467065305788142,-0.365267246191977
-0.609173,-0.243583914259933,-0.382790777821028,-0.492339897738884,0.536908402132068
0.967478,1.05079318939903,0.614973280056854,0.218660999745087,-0.446509581353834
-0.616532,-0.246637698659183,-0.343468530972057,-0.506006214621533,0.715127860764739
0.953955,1.03543371585421,0.591238204108289,0.276425248743711,-0.647609054034885
-0.965331,-0.493426909043737,-0.227771723534011,-0.66617024460667,0.163357125289686
-0.395643,-0.330713905199385,0.0676178019936528,-0.462300288651672,-0.641750624720409
-0.768014,-0.342245648825076,-0.302096983391205,-0.572068905876219,0.0371824978403047
0.678703,0.749217816529843,0.492149947122804,0.166646463882885,-0.559890970943731
-0.443523,-0.154455301574886,-0.337327070055188,-0.417585445951496,0.156429953241137
0.0150453,0.0639476459577144,0.217325250120017,-0.189377745759811,-0.716797372206077
-1.17904,-0.615624481421175,-0.147040611102286,-0.755756618601675,-0.431879656310932
-0.953186,-0.675105919699898,-0.108197458894762,-0.679863368446175,-0.571507069043837
-0.209292,-0.00158881243718072,-0.377841445107734,-0.325564898532403,-0.340103956099479
0.360283,0.402763047059151,0.337580957519043,0.058034145417106,-0.245231433769346
-0.239217,-0.034196514939164,-0.423331016814367,-0.324095520496528,0.245570566802588
0.346082,0.377716155036832,0.297738405096068,0.0629070760858897,-0.285927642523948
-0.584371,-0.246173277962712,-0.321768894997628,-0.458960478953273,0.433204689407664
0.904495,0.971860022964565,0.529040269914184,0.321075201679989,-0.801752683340328
-1.18299,-0.592299990544598,-0.143777623679336,-0.644596188827801,-0.121741466528708
-0.961081,-0.654666857485129,-0.112555769498896,-0.637422688342641,-0.873559380454359
-0.917827,-0.467978826820116,-0.206317985969971,-0.616826266135712,-0.697143051903879
-0.422064,-0.309416289023555,0.0476165087516187,-0.391883191832091,-0.739950089052231
-0.74043,-0.321474126252859,-0.22957929815797,-0.514646510828986,-0.00695408209232766
0.632994,0.696147741915256,0.429092441216262,0.223905204236899,-0.534712046846526
-0.39636,-0.124284791215884,-0.370392906071717,-0.373563152728724,0.121541586557823
-0.0252228,0.0333582524390507,0.180705880942095,-0.145480287352641,-0.696216561727969
-1.17156,-0.60909597888966,-0.143775651441926,-0.708927095447684,-0.44605222365464
-0.953506,-0.66585045708385,-0.108645716071404,-0.658343445961546,-0.567411343341072
-0.188849,0.0138593672169439,-0.348693798887988,-0.279387447478887,-0.377694770772124
0.311488,0.357646033675108,0.297596624464636,0.0916194660228821,-0.348875262412271
-0.570463,-0.237777639680255,-0.295991572896269,-0.427958282667114,0.416163070106949
0.873667,0.926801598687295,0.479843027001062,0.326908239630282,-0.657595264144277
-0.93142,-0.487650017745073,-0.21169054062057,-0.595416954706256,0.0995966462219943
-0.461893,-0.336109895055361,0.0165079560948126,-0.38332558729682,-0.622455597643196
-0.732961,-0.350111470665788,-0.263275560368176,-0.513987228168575,-0.0194715590316703
0.602904,0.666610032603396,0.391868916976687,0.22419201869251,-0.533093105939295
-0.404185,-0.131578242014744,-0.376415023894111,-0.338022941015226,0.120454275041042
-0.0449649,0.00206632087197397,0.156789325372824,-0.110717503190353,-0.570593449875412
-0.926753,-0.49172743095515,-0.198708488029899,-0.582760743336171,-0.276725555640975
-0.459433,-0.333101123899363,0.0301894433698963,-0.375734782801873,-0.674749960007119
-0.725203,-0.341535048387887,-0.256424248844512,-0.48451950449979,-0.0327129984008161
0.586558,0.654836154792062,0.376397270542405,0.242963190227812,-0.525110769616568
-0.383298,-0.125037063277767,-0.310978049172491,-0.331417335819681,0.0930195470274305
-0.0495756,0.0160783322083351,0.152798136816195,-0.116380944863507,-0.688410384417785
-1.16034,-0.613247170283204,-0.124935279714528,-0.684481346659209,-0.453632454773909
-0.950228,-0.6632012557837,-0.113409188497337,-0.643995062401537,-0.557699893377997
-0.169185,0.00206001864851791,-0.340797280033063,-0.231063487703817,-0.388746540625116
0.278279,0.322055904460443,0.241548606165522,0.133237852612182,-0.332216631540875
-0.539938,-0.23519025662625,-0.303711217146689,-0.368378858665218,0.370347043132807
0.849833,0.895913354633001,0.432397479330224,0.317473968260026,-0.799004942543605
-1.23216,-0.686280091886676,-0.11869387440016,-0.670789621239129,-0.0725050557801733
-0.964244,-0.728264276742067,-0.107669380228113,-0.611227098541479,-0.41896524581476
0.00464829,0.0370726468397597,-0.19320709510131,-0.227895874879249,-0.125098354378629
0.848518,0.421640337757103,0.368445598379072,0.204320314758929,-0.102091551205763
-0.480685,-0.253901528636011,-0.185815974971253,-0.372845790008772,1.49982885406782
2.8419,1.04966693215401,0.796232348631191,0.31402458980186,-0.53990901405263
-0.88414,-0.521513156870829,-0.146053561890003,-0.542192630653247,1.1032414458392
-0.143358,-0.393704290882004,0.0805456816544282,-0.334424719940386,-0.33803113114772
-0.598761,-0.35705032001681,-0.139703550524319,-0.44380425607324,0.672828142895851
1.81139,0.534470288256037,0.566366880982733,0.483611504394463,-0.311248280377854
-0.186632,-0.118863688366323,-0.15001252844233,-0.263598483136452,0.97095581413923
0.581562,-0.0528354148274451,0.246131932243497,0.0167828429389779,-0.00959226898433219
-0.422143,-0.251809466105372,-0.131840317794993,-0.365863690973034,1.18412343174247
2.32733,0.833509352696864,0.714976695098547,0.688136073036307,-0.520275075392756
-0.873717,-0.541006602614531,-0.12833971339629,-0.582917059003189,0.919787371533994
-0.0657498,-0.345649498351272,0.107393580634684,-0.298291629834317,-0.361338236785481
-0.626649,-0.39059816471632,-0.136128458289187,-0.476370248158965,0.812800816210731
2.07997,0.685194713344468,0.618982394816252,0.699688209357657,-0.338205297395083
-0.25069,-0.176529073286036,-0.16496976233502,-0.300732855939982,1.13632264085835
0.897405,0.0605057285964631,0.283168039887008,0.0996917938158803,-0.565917494341758
-1.24512,-0.747056679697007,-0.131492102264067,-0.739967547807737,0.0078581334893556
-0.900366,-0.682118895602873,-0.0710840979521399,-0.638828384194427,-0.430895623145133
-0.107619,-0.0718311143335265,-0.156129474147136,-0.244174905597022,0.122998288873186
1.49936,0.387655550930482,0.443938181867313,0.405170515271676,-0.519767812951265
-0.938556,-0.589610678632247,-0.151494795123858,-0.571283533057903,0.573464782247996
-0.0462232,-0.331499254403989,0.107828297134503,-0.258920883097469,-0.486850224576429
-0.709991,-0.449167048294151,-0.15901999335182,-0.4745194102933,0.739859020890336
1.93755,0.692065932566446,0.598620799649623,0.789635790460269,-0.432732126954484
-0.351413,-0.231148230273912,-0.165370537767501,-0.321877792780072,0.965016670642489
0.648854,0.00440567316383237,0.259084606091339,0.108419074934022,-0.616734772217234
-1.23464,-0.778456446066137,-0.140711858152397,-0.692545184699217,-0.122508450755229
-0.923992,-0.716537041480011,-0.0773916323152764,-0.631830767649503,-0.488811858748493
-0.191636,-0.113290392758554,-0.13089709588123,-0.239966911476955,0.0462627006444552
1.24617,0.339810861310954,0.404427998285073,0.440318826435411,-0.272026367203978
-0.591039,-0.374740522967091,-0.160663800999036,-0.424291321831385,1.37693059141913
2.25726,0.928547855234538,0.689880284339064,0.885972667488352,-0.771708077887165
-1.24186,-0.789365884409244,-0.141262943838211,-0.721489884187245,0.47558582548706
-0.932654,-0.711886181228579,-0.0737839125598018,-0.622808539024789,-0.795752480111146
-0.93167,-0.584155771577749,-0.130298094822506,-0.543158480844389,-0.534039151037875
-0.113759,-0.340902339189142,0.110929521567268,-0.238556676753894,-0.671698820593876
-0.735596,-0.481897039057101,-0.162082493294698,-0.465282690163104,0.583414061130267
1.69635,0.674302967316742,0.576212045363895,0.778724169374874,-0.461389739455215
-0.388042,-0.24370329573123,-0.182374881262426,-0.305379367863559,0.898356449827596
0.555875,-0.00227141836972325,0.25175187601959,0.154052485108885,-0.126874534695916
-0.313123,-0.175207420010053,-0.196970206933756,-0.259701767920964,0.696061946305141
1.15236,0.34274720110812,0.394653814552246,0.494100906705438,-0.235327213451209
-0.64168,-0.399233684163314,-0.159073323725791,-0.434794531511189,1.38469041121607
2.20426,0.982288187927522,0.702049212488368,0.962552558094554,-0.382563812300434
-0.47846,-0.297487699977392,-0.187101480353257,-0.335746361016817,1.05585705987908
0.55911,0.0105942928635238,0.266778993018317,0.182327541943419,-0.657158873268658
-1.24401,-0.814011425309746,-0.149969021703136,-0.696514440443199,-0.178926085612126
-0.933611,-0.759644982850645,-0.0892887735615189,-0.618192681317031,-0.559225872110445
-0.307148,-0.161716307774613,-0.147279296310783,-0.256712958715035,-0.0312232029635377
1.0954,0.360576141749073,0.424300468135939,0.449088689427774,-0.373521971637065
-0.681768,-0.424928748487457,-0.163602580129552,-0.432112539389508,1.21919380217935
2.00004,0.954855945468747,0.72086050294566,0.921961527136633,-0.666647200591326
-0.994949,-0.652593851120556,-0.161366001384326,-0.546723394253154,0.687866560901812
-0.21157,-0.393430272677617,0.101217398309757,-0.275774128161411,-0.558284078899273
-0.811827,-0.525827081111828,-0.163699752494667,-0.47904291006259,0.446400139862183
1.52095,0.712490972337371,0.603029762276102,0.748982062210447,-0.799309581563694
-0.978935,-0.639986719275989,-0.183807067231543,-0.547976195696275,0.472461712848194
-0.19517,-0.375822871803745,0.106384690133694,-0.271992673296516,-0.569388877991829
-0.788761,-0.491007444044047,-0.209452527789553,-0.466163141144461,0.489447377657116
1.53091,0.717237997991758,0.571451132304067,0.731893346728585,-0.549844277423879
-0.495695,-0.273371534300698,-0.26270267644278,-0.323429318082611,0.703597732080905
0.457588,0.0227626839730183,0.241454010013428,0.105454115315024,-0.710247703654215
-1.23886,-0.834946835565792,-0.178283097451639,-0.66654422266676,-0.240381630503504
-0.95011,-0.803428442781441,-0.098630648986438,-0.635846530462552,-0.586293720575813
-0.345495,-0.176090682380287,-0.265744090225202,-0.271297428997831,-0.0740606533011725
1.01191,0.385188874158411,0.393749123371575,0.475947387024796,-0.387856110691687
-0.690004,-0.408690644157316,-0.225226582442866,-0.396036318519814,1.22483921366638
2.00652,1.0450061436094,0.670499437463257,0.780533100672014,-0.402530196962613
-0.67332,-0.426869058659464,-0.238916104217421,-0.405740816886679,1.60045577026474
1.99594,1.04820268926583,0.690858888467697,0.762013846961292,-0.60162082512844
-0.990566,-0.668697125888259,-0.18817112623769,-0.533396550638296,0.709800854017352
-0.178757,-0.358319711956732,0.0906456051246815,-0.262472254722011,-0.551414169603817
-0.815765,-0.523416676129441,-0.194209598426642,-0.456130111038142,0.497841896470107
1.52518,0.793794258198033,0.580580383095016,0.68236931920372,-0.56383339692436
-0.508318,-0.305689775400393,-0.246460257037477,-0.333585014339578,0.707735015726194
0.476818,0.0617815001486358,0.276738833264371,0.107768112507503,-0.716973828626986
-1.24183,-0.86539230873684,-0.160767017931727,-0.641638353241378,-0.229952698335999
-0.940009,-0.772556571489821,-0.101015151818246,-0.530075048377677,-0.594093958192763
-0.367825,-0.188841015117939,-0.237842761323952,-0.270147490714259,-0.0573756337762524
1.02719,0.422317571101705,0.39761830573762,0.476001747835565,-0.357281734179502
-0.45037,-0.251022169789154,-0.252351063655959,-0.300206709985479,0.813659664734541
1.03455,0.415662529142225,0.367450901807064,0.478491821017182,-0.321459330582135
-0.718645,-0.485399493383028,-0.215430663753132,-0.456522027854101,1.18709954643212
2.01651,1.14150644461008,0.708128564779697,0.928245072259046,-0.84310634712386
-1.24874,-0.869800766567422,-0.163781527987248,-0.677479113667745,0.354734923122287
-0.945266,-0.821671407039258,-0.0978413512480959,-0.594902988833231,-0.835984890259323
-0.974353,-0.654973940387788,-0.148512193402983,-0.558366952139133,-0.557308662202942
-0.133853,-0.340852698384337,0.124550320954806,-0.25942970297521,-0.733943195299674
-0.808159,-0.558552826727749,-0.184001175847063,-0.506528189913667,0.491396902704799
1.53,0.874471546385218,0.636067942623384,0.792562028161452,-0.559671840246306
-0.501169,-0.331558390375918,-0.201698987786876,-0.390931425455311,0.704856750399796
0.465353,0.0486296144945762,0.267470288680288,0.108976687720967,-0.715929965800841
-1.2477,-0.865575011264571,-0.1751038618846,-0.662678952431172,-0.233746123687049
-0.939902,-0.809501339893727,-0.101758696177771,-0.618335939231909,-0.593894557698132
-0.357746,-0.217764778042307,-0.223364710171361,-0.305002149749334,-0.0645061224810196
1.02764,0.478880213572661,0.363601680548264,0.447743886023766,-0.398934106178375
-0.689933,-0.437013625134648,-0.235476349103329,-0.38228813573527,1.18802319154876
2.00308,1.17276998899457,0.631292038340046,0.749080935506271,-0.677174828441035
-1.00941,-0.688892684494208,-0.197262365884923,-0.519947521164682,0.714082291808566
-0.151579,-0.31622817652863,0.100578884482558,-0.252359656800273,-0.560013182737314
-0.820149,-0.534491128422305,-0.190509937828686,-0.472407898407346,0.523594928748652
1.56354,0.89913427635321,0.641352646855317,0.7619188416839,-0.569136164644221
-0.529748,-0.356912630690149,-0.19170914920679,-0.394757263664991,0.751504786846314
0.487715,0.0686407263338905,0.280298926875066,0.1138753071148,-0.571132845646873
-0.99241,-0.704734467243959,-0.170677525954614,-0.610367210474089,0.0835633845532645
-0.154092,-0.324337180254705,0.0970844261032145,-0.250560153476748,-0.648690228585014
-0.821198,-0.541881222129982,-0.200047807451101,-0.477311897452704,0.502324094285441
1.54661,0.925252830494667,0.649952679902514,0.76573076422338,-0.571249419945171
-0.525531,-0.36778348474099,-0.282895599223914,-0.37016785721912,0.735000692709634
0.520947,0.0881873165437936,0.257696035862368,0.106303662628175,-0.724069464469958
-1.24634,-0.896976626399284,-0.156812426944655,-0.827274520531105,-0.206619806589063
-0.927799,-0.83247520601098,-0.0860986251958795,-0.690415953191336,-0.591567804384208
-0.371595,-0.222116527757067,-0.147981776353041,-0.325767550429982,-0.0302594539690046
1.09615,0.499015055708308,0.451261442582724,0.457582407616376,-0.407889094234969
-0.697934,-0.47819586445444,-0.179567658141135,-0.480063612949491,1.21276402297565
2.0475,1.19910612201746,0.75151680961834,0.93107373060665,-0.826391488335521
-1.25338,-0.894589685727869,-0.161142910279266,-0.771737692670009,0.424257009023966
-0.933161,-0.831762041515061,-0.0947004975846616,-0.649874254521616,-0.505093388989539
-0.377961,-0.226479373786652,-0.162818799105971,-0.327505712299142,-0.0382523770248804
1.05057,0.479957673164419,0.449141745672945,0.476119792002205,-0.409920445973085
-0.702492,-0.479016306941193,-0.184915101496555,-0.495189533757821,1.19916532363551
2.00449,1.18192315077159,0.746099337857232,0.966136987244468,-0.669967789784349
-0.990103,-0.704472624376691,-0.167282455811915,-0.621415606331144,0.734504619606739
-0.107722,-0.335836965434252,0.132348381813065,-0.251228406996866,-0.539793711169317
-0.803669,-0.56648532467574,-0.1566223736909,-0.536254200872114,0.577364056454912
1.63292,0.952220241854295,0.661292273147494,0.850212737222783,-0.529797526870009
-0.489442,-0.333760996909957,-0.169252037084057,-0.391079090592134,0.863631270949309
0.577675,0.131493974239043,0.302957811064932,0.169907225091153,-0.263384036390732
-0.654559,-0.455664266761906,-0.169172843453893,-0.500448081048521,1.07445962163627
2.14071,1.28176960988491,0.742195332933839,1.06732472954506,-0.671842050491178
-0.986118,-0.711006656431834,-0.161275896853916,-0.643185127736675,0.814644877356937
-0.0568673,-0.302814773419851,0.156129546699931,-0.239102312610055,-0.518441933530265
-0.783502,-0.555298976928165,-0.14944341093494,-0.560560538205461,0.617484998515044
1.67379,0.993700865476148,0.695264457237983,0.895862530054016,-0.520189483482183
-0.476022,-0.327302343186783,-0.179127645206612,-0.398900558401749,0.828719698811504
0.604802,0.143480038650019,0.311028605898,0.201422800564668,-0.692312959218153
-1.24592,-0.89320190602995,-0.158199160654045,-0.815023960411597,-0.154147818317563
-0.905684,-0.828076182085877,-0.0852120621737046,-0.652706678149591,-0.565388951790714
-0.324942,-0.189336720252953,-0.128083198830492,-0.320574013142008,-0.0182975638743817
1.18603,0.572436305743198,0.468341387813021,0.551699452756285,-0.630316052834168
-0.974974,-0.703208323740832,-0.154056678252383,-0.630469583607934,0.413741147302905
-0.0571078,-0.305877960901345,0.145695459599898,-0.229345072049934,-0.577404952874546
-0.792036,-0.556006955397167,-0.164021209458932,-0.53508261560503,0.608659353706547
1.67407,1.0127742067687,0.682121465216324,0.919128299547693,-0.52887406994703
-0.484739,-0.336394054801733,-0.157275818384164,-0.407651960956013,0.827130099723198
0.602991,0.146787033305906,0.319536875777208,0.199514243994078,-0.697368196715563
-1.24753,-0.887647798255548,-0.150682606682383,-0.773061975639039,-0.159058599709384
-0.912048,-0.832435634450661,-0.0920464261919926,-0.646997128419787,-0.572178279857189
-0.348457,-0.202028202946305,-0.138791473558027,-0.307490800057793,0.00557297282981173
1.15899,0.563984793052449,0.485079130995719,0.561809441001051,-0.386168112527295
-0.672042,-0.464576909847967,-0.166043391995575,-0.50922092787695,1.23928764876634
2.04566,1.25952383326985,0.793093151310621,1.10276395845803,-0.818123359178838
-1.25491,-0.905829065984736,-0.14723186469247,-0.781551731659914,0.383429158547665
-0.918812,-0.84122631186071,-0.0848174264228078,-0.667673076532091,-0.828295427728574
-0.964857,-0.680420802568333,-0.14350365321213,-0.600981189947338,-0.520928162524373
-0.0781261,-0.291630033048573,0.164112228852634,-0.209456088531503,-0.718235787821231
-0.793472,-0.560351300886343,-0.163320994789054,-0.538546859994843,0.541368142104228
1.58201,0.984277866606922,0.691277300328035,0.853006321939135,-0.527662898321654
-0.485748,-0.330963797767446,-0.170265885737266,-0.397049505839775,0.832214782882888
0.540013,0.117942896761671,0.302199238145783,0.215806683800007,-0.225604226988487
-0.415897,-0.257212664236859,-0.160937927446543,-0.350235437065021,0.643785401827904
1.07427,0.54150304307344,0.457554419967326,0.617999785116442,-0.314104730269205
-0.69318,-0.485532434992384,-0.177556548755503,-0.53537404931837,1.27073999591703
2.04221,1.30116318656805,0.774006400224641,1.15617124107765,-0.443900185298134
-0.554705,-0.365267097180344,-0.151457254990798,-0.419528864365361,0.975903266381009
0.543309,0.136086710402739,0.31152005610646,0.211205161982168,-0.701727609103129
-1.2471,-0.904777365810613,-0.153108706264728,-0.750908312697008,-0.19140459388166
-0.923587,-0.839519169953959,-0.0871174563568564,-0.666807243484838,-0.585997577446194
-0.366726,-0.213553156115913,-0.138899578329672,-0.331580207284397,-0.0151356502542224
1.12437,0.59047841571308,0.479825734422168,0.569158622958012,-0.398233281775147
-0.689049,-0.481653433779311,-0.17280334084121,-0.518525272503302,1.24871649124965
2.04686,1.29991736014591,0.806223651470337,1.137544334891,-0.661653857797483
-0.995949,-0.71761724880101,-0.177114721228173,-0.652524842212735,0.755663841717981
-0.099663,-0.313981963121943,0.153381114871068,-0.220562428374757,-0.55174290598286
-0.814153,-0.578718996209566,-0.173675659467721,-0.57140432075162,0.527762027324262
1.59879,1.00486657868418,0.672703608537286,0.841299919810111,-0.790887905472822
-0.987897,-0.699310288151244,-0.156267067621287,-0.644269453957031,0.546683387334569
-0.100409,-0.292246002289688,0.142794528953274,-0.229899207170322,-0.568564461561144
-0.798908,-0.554010735019214,-0.196521587789255,-0.501301522629129,0.55555777433177
1.5923,1.02465921621382,0.655913270349767,0.821800871664481,-0.55111085738042
-0.512903,-0.347986015648701,-0.195687354183712,-0.400912571444028,0.758588083795113
0.525715,0.138565000482416,0.315459242074401,0.20666247981229,-0.715757298739248
-1.24565,-0.917450511560307,-0.169444656187903,-0.690729685966002,-0.206999492455677
-0.937432,-0.804628510479948,-0.0810293310232071,-0.564325611227702,-0.587975569816864
-0.361421,-0.193624389691794,-0.21030513490442,-0.266530873269261,-0.0437431471514868
1.07117,0.613094320201864,0.505774254405482,0.501262256822833,-0.396893597412085
-0.697135,-0.480378592847366,-0.16982927014023,-0.514604059524892,1.24864983002162
2.00861,1.29846866932261,0.796050009506263,1.04822058956406,-0.411093413304042
-0.694105,-0.475006566516121,-0.19594666112855,-0.505716156268508,1.59916791720371
1.99062,1.30144987704005,0.824238017063593,1.12645314745513,-0.610362810661403
-0.998634,-0.727968054719206,-0.166514597513504,-0.640140727314844,0.728740145451358
-0.124482,-0.326096398622492,0.137195261914474,-0.254565319135063,-0.55915254951626
-0.825401,-0.572812977468031,-0.178619569926777,-0.557258693755374,0.52246712701027
1.53536,0.986570611191284,0.657874972581166,0.778498700889978,-0.579065390445274
-0.54507,-0.330980841605899,-0.256531799929371,-0.314198409744829,0.719382392772326
0.496244,0.118270574545919,0.311946785147334,0.201912881901845,-0.737485045404073
-1.25367,-0.876238932119398,-0.154896313930847,-0.621129521163153,-0.227218105211427
-0.945964,-0.840938217790646,-0.0920606042661487,-0.691307457402236,-0.603179660840183
-0.383445,-0.199690422382554,-0.121405206747281,-0.321940995795341,-0.0492924962942498
1.05554,0.549122418802761,0.474375448918824,0.597886106310374,-0.369833816710144
-0.462788,-0.268731172259688,-0.180004445600957,-0.35313041664898,0.823561078426424
1.03194,0.507153616569305,0.457541135701738,0.550494096415936,-0.324914709554194
-0.713205,-0.467887581595168,-0.181302768618259,-0.501232855943499,1.17120640375144
1.98405,1.20784570966648,0.707601140604669,0.801301809410501,-0.843998834604003
-1.25412,-0.894213604929054,-0.161323245781107,-0.697661352225498,0.336775395837871
-0.954559,-0.813707282034162,-0.0893264104250958,-0.582101674207018,-0.843791060197852
-0.984684,-0.672697372124288,-0.163109705367372,-0.554673247024445,-0.555932046155849
-0.116615,-0.29595068581244,0.158494430813242,-0.196960161612394,-0.748050865511819
-0.824871,-0.548638118326664,-0.176004732412004,-0.518167623267978,0.485131864183593
1.50428,0.936175092127998,0.701703191002013,0.89299821537486,-0.578446885435207
-0.533255,-0.325932895336629,-0.20211696928503,-0.383328209993318,0.699548454133705
0.481061,0.0950602367316547,0.308533596219897,0.155364825467796,-0.732248473663938
-1.24825,-0.876023321593526,-0.15910309900226,-0.748738032660571,-0.233844949301619
-0.946793,-0.828282774723932,-0.101964670746599,-0.680873141811905,-0.60370110645199
-0.387287,-0.183598400613995,-0.183225142153329,-0.28898812814073,-0.0518324761636588
1.06439,0.532032184638597,0.475187907658407,0.589214017079293,-0.412458127347639
-0.694299,-0.437181120252892,-0.162424473964584,-0.482560725669772,1.21048036887754
2.02041,1.2339450049594,0.799643177036586,1.14404234247344,-0.667528728199829
-0.996044,-0.682594910920081,-0.161619032638558,-0.597493356552162,0.746622544997636
-0.093652,-0.297177919042712,0.162877114362146,-0.195692380523029,-0.549728111828648
-0.81678,-0.538212075038527,-0.163830330831957,-0.541655259525222,0.562999327543154
1.59688,0.963160167141473,0.707425619697568,0.871032290246222,-0.566570887382386
-0.542951,-0.322094995483927,-0.173284545609372,-0.357054432233485,0.785811112840756
0.532677,0.119180050516534,0.319278021812651,0.229361932685887,-0.572947364194218
-0.997726,-0.681098021998087,-0.168120156083831,-0.572144423948423,0.127595879181919
-0.094351,-0.301755868539706,0.157964918750242,-0.206672191978119,-0.647921676194473
-0.826909,-0.54198970984762,-0.167303485907108,-0.516569801844453,0.545575558750086
1.59115,0.925263547711732,0.682541078422676,0.880104674960132,-0.577529416470532
-0.549588,-0.339754745458636,-0.161165539482064,-0.36758844286208,0.771178655216474
0.561043,0.115663384104387,0.313021263468849,0.221074500717081,-0.731450206746325
-1.24887,-0.866786146538567,-0.157073500973044,-0.776105669603454,-0.183654427590439
-0.912413,-0.811368864321029,-0.082649188454665,-0.689596470853456,-0.587001356620675
-0.378204,-0.190043600906358,-0.122202171563985,-0.275161404949603,0.0168870651574479
1.18589,0.520700485757792,0.473499271957538,0.588516109001048,-0.39448878299924
-0.681422,-0.438834754464383,-0.15389899614525,-0.458564964698656,1.3052682449647
2.16994,1.22324924015017,0.774912450055858,1.12573474142979,-0.796376498050164
-1.22086,-0.809880058829358,-0.125092998453241,-0.73127722304424,0.501579142967576
-0.946808,-0.816862368898739,-0.0967876052236535,-0.665357398431921,-0.288645665980417
0.0151022,-0.0345442679250588,-0.133902270024339,-0.164362016729019,0.142377493986856
1.4384,0.482048062454127,0.501710968297536,0.51019798515782,-0.121182597728202
-0.470589,-0.307404031032432,-0.146157455579951,-0.338410273468335,1.54563417543738
2.35581,1.06037098302947,0.801153658061768,0.886918393036723,-0.494187482435541
-0.887749,-0.593275342720359,-0.139889453148019,-0.531951603006819,0.93782660100892
-0.0553106,-0.362498998098162,0.117222426090666,-0.216572930576098,-0.386540192857864
-0.643108,-0.429124523024429,-0.135686414977845,-0.437069139804498,0.71837173827575
1.85121,0.846950386901086,0.698319075375031,0.831580700679055,-0.352335138573804
-0.267363,-0.162672993336729,-0.126337212018411,-0.238779394852164,1.03374922216517
0.697057,0.0665819140847132,0.313010269151078,0.209536979509185,-0.0491804523831028
-0.482298,-0.323154584811081,-0.135028887700704,-0.35730051350393,1.34874563141573
2.61488,1.26281939603474,0.83426231719441,1.0180226420472,-0.55171008894066
-0.915846,-0.625689750438448,-0.128982583755453,-0.588336520181076,1.07514538881421
0.0286363,-0.301943084397343,0.142349003472183,-0.171276224404482,-0.388934105049383
-0.684465,-0.47138250553184,-0.147538720236212,-0.46868281746007,0.832775522319507
2.04348,0.985088967039371,0.737090922620121,0.998159602685458,-0.38767501083301
-0.307513,-0.214533468162441,-0.171753033588409,-0.266668022625522,1.07297445654311
0.791806,0.156238975356254,0.304414036743942,0.307562652450699,-0.593982204089873
-1.24719,-0.828098316008043,-0.14146008925973,-0.725350553475589,-0.0429093999968122
-0.900204,-0.793283778932755,-0.0862904039433377,-0.66516645715941,-0.451909754825445
-0.13853,-0.0903009064310926,-0.112428319328746,-0.195036396966979,0.12415111233603
1.50385,0.614513744369861,0.492547388091159,0.750544182594377,-0.53037057130979
-0.945308,-0.638121359505905,-0.150146833390173,-0.539877876414649,0.610592526176675
0.0392781,-0.287086421592027,0.139124310100842,-0.156182094577956,-0.483909098240898
-0.709235,-0.491725198196294,-0.142514320417412,-0.455945865253903,0.81243580852296
2.02351,1.03292159983951,0.71629050851698,1.12561384266876,-0.426142521581014
-0.366532,-0.249972247956178,-0.13834308614363,-0.287109637288729,1.05116857648721
0.764293,0.160075657685806,0.305960117900517,0.312832027450764,-0.619594562963219
-1.24483,-0.83373561486741,-0.14720223811101,-0.720401198335627,-0.0582710370359843
-0.893324,-0.793494687035837,-0.0875751588249889,-0.603913497015878,-0.4707421148145
-0.183899,-0.112704866905473,-0.115461577556223,-0.196747398442161,0.138247898794502
1.42724,0.606194946953262,0.495195789112254,0.742368681642774,-0.256459119194989
-0.592937,-0.399661120172589,-0.126643562627446,-0.408371997042741,1.52849127466914
2.43123,1.31060680393638,0.822387573243346,1.20514383976069,-0.761781300755495
-1.25035,-0.841922716899901,-0.15093037165033,-0.721817976884354,0.569086104409178
-0.895152,-0.787819052376938,-0.0807741922948868,-0.661481647568117,-0.774761501458392
-0.925516,-0.624142820643875,-0.133084100142682,-0.53954800114503,-0.445904329939273
0.045446,-0.260126374856023,0.15209113475531,-0.121394865703815,-0.644062766104739
-0.717149,-0.503601288675197,-0.140889359116425,-0.458603487690425,0.749381392166655
1.92048,1.02950547007913,0.711837755890761,1.14159484424331,-0.428209866210465
-0.382673,-0.2634070137667,-0.1331361419204,-0.294922824833218,1.08169260026246
0.751669,0.172126393179012,0.314518042055188,0.349963915142418,-0.0956325201305912
-0.316081,-0.191535094626664,-0.151688583386044,-0.238404390101599,0.885346902625106
1.38874,0.583768422912981,0.465605237703847,0.814302669347255,-0.203388407029503
-0.628746,-0.425250139798815,-0.13628749348674,-0.420161185373866,1.58583510344489
2.43142,1.34904999540408,0.801156424443366,1.28076226184986,-0.345830024271999
-0.469827,-0.315064268083706,-0.139836185559528,-0.304540014880678,1.23721637059361
0.750872,0.177260027814613,0.311087105530201,0.328152802578653,-0.637330115887706
-1.24933,-0.849889938227685,-0.150490833031702,-0.713805424625027,-0.0713638098033694
-0.892529,-0.792235420981572,-0.0887449556683826,-0.645732799663405,-0.510152975148894
-0.264364,-0.168504030730247,-0.113597939490868,-0.228734255626364,0.124595374810462
1.40129,0.65294163369431,0.47033417606705,0.786782383964635,-0.307229135473725
-0.640804,-0.428881821382899,-0.14985427730472,-0.414028369288812,1.53812759612902
2.42817,1.38851835802851,0.825400846481984,1.30832045967306,-0.603945711913124
-0.973245,-0.674335913436104,-0.143009650567091,-0.588984070109733,0.982804427392002
0.0265524,-0.273205575628666,0.14751454792955,-0.130687910630387,-0.479901865110694
-0.777005,-0.534144036590471,-0.134097880586271,-0.498803557761804,0.728103264008798
1.92297,1.06253851313782,0.682825857242613,1.19116630807361,-0.741683003838573
-0.953374,-0.664562853727225,-0.150027134662233,-0.608154750006368,0.754345375191929
0.0399213,-0.270382683715421,0.150654217397445,-0.135203080998139,-0.489081694547899
-0.745404,-0.519960992121785,-0.144376055219146,-0.504715677299507,0.759655372924381
1.89926,1.07147630239645,0.697280551576499,1.14416757629888,-0.461246402832309
-0.409047,-0.295416134199875,-0.132483101655233,-0.313900252798589,0.982188813097369
0.732358,0.192867857791006,0.310505034162644,0.344838477837072,-0.648441438237497
-1.24843,-0.860223260621012,-0.14931570923609,-0.769649080738969,-0.0823304658744243
-0.89275,-0.817294267121527,-0.0855856598135352,-0.639968843524381,-0.519964091767125
-0.27097,-0.170835228954711,-0.0901086098386508,-0.243774731518402,0.0848556081680576
1.30649,0.621766283429837,0.489108194091582,0.741028944378361,-0.304804935163983
-0.634621,-0.435611017516878,-0.138774837722558,-0.410754305641589,1.51448599897753
2.36744,1.35744201672219,0.756369270709999,1.08503912138345,-0.32145487323678
-0.630989,-0.434126163769333,-0.144103856427424,-0.418257204674992,1.89352464833892
2.30303,1.4093527598009,0.81125269757809,1.2107897045065,-0.541797296993959
-0.980836,-0.681273724584329,-0.142590647509882,-0.615675397128402,0.938113525430213
0.0225811,-0.278080252339732,0.153938780810566,-0.153836901284027,-0.487293284359875
-0.771355,-0.539131053752768,-0.144631814597164,-0.51493155490193,0.724435737763055
1.83316,1.0706174049582,0.705668652365433,1.14525042613317,-0.488751672850001
-0.440905,-0.310571039749696,-0.135264840874762,-0.321334087208646,0.938035139862183
0.69889,0.189579038033182,0.302982540078221,0.322480125110223,-0.666793747852259
-1.25005,-0.866204261692422,-0.149058327168674,-0.731900048056572,-0.0970261247706154
-0.884785,-0.817755777067225,-0.0890219151042997,-0.613346432507967,-0.530877762069588
-0.295262,-0.176455301349983,-0.134932328352588,-0.23179734623921,0.105354399429394
1.33365,0.64463648591682,0.486414902139298,0.724194934420796,-0.274397877534919
-0.376147,-0.234213190837551,-0.128726892692409,-0.26919426319585,1.0605835546193
1.28155,0.59837816482447,0.457419747829338,0.605284725831954,-0.226294978979498
-0.664234,-0.441728305299684,-0.143021177110187,-0.412740095313907,1.43444241065875
2.33153,1.38525598611703,0.799785483599062,1.27024069606133,-0.798479123370931
-1.24811,-0.855968214324041,-0.160441035111911,-0.70912457488002,0.523497910833541
-0.886262,-0.808912821316375,-0.0831369851961465,-0.607472980547395,-0.789482519949952
-0.944887,-0.639003612886124,-0.153526027589244,-0.513013530063947,-0.444093335063569
0.0554222,-0.238181493404943,0.177490693799924,-0.0995591891632384,-0.687157539472216
-0.782846,-0.53038797579079,-0.155595204408529,-0.411377746293923,0.702845071734822
1.8192,1.06945819175227,0.707919190688597,1.0862389021947,-0.499337611589568
-0.446428,-0.28211428584749,-0.183403364323242,-0.255698510537083,0.923806296847854
0.682132,0.185011132506885,0.297104209203895,0.293692505836272,-0.670941370649396
-1.2522,-0.84158691129636,-0.154268286678205,-0.587305509044507,-0.104036704331079
-0.881556,-0.789073248348386,-0.0944931577394407,-0.588454612698459,-0.538103930897721
-0.294792,-0.153875674525195,-0.163439921841291,-0.181661840884267,0.0701331863152889
1.26876,0.617702398250532,0.452924758145146,0.659518098657216,-0.331972699621721
-0.648311,-0.412317748490143,-0.152871075909829,-0.391233818662032,1.41859745480579
2.28413,1.32004952832969,0.744133214029004,1.20476750447488,-0.616590011906217
-0.974509,-0.654537761127455,-0.160213686956727,-0.538356872639672,0.918669529199717
0.0260309,-0.260705135790952,0.157037205833815,-0.106765120110819,-0.495968895513784
-0.788369,-0.506874174700241,-0.145349876481862,-0.471940592318395,0.71766389038152
1.81521,1.03072936004736,0.681783912046719,1.06801109681565,-0.499640424192837
-0.463262,-0.292793943094685,-0.163916408021912,-0.276779335976472,0.966766112176643
0.726347,0.189559303552083,0.314811690018271,0.322548915840138,-0.506034646880529
-0.975553,-0.648716753399405,-0.153561952262366,-0.560547401922523,0.278855961385552
0.039383,-0.247754185413627,0.173702476328702,-0.0992198022004054,-0.592616921276053
-0.786553,-0.50441113555417,-0.148919434482585,-0.44087653828388,0.707843818673262
1.81291,1.02239489475143,0.688670771798687,1.03490463618337,-0.499693405618927
-0.455558,-0.277920862378006,-0.151601266493201,-0.272223798352593,0.947289266094113
0.743653,0.214054791929644,0.31165900180194,0.318522426297948,-0.674655869855117
-1.25041,-0.842942578773743,-0.157611121116437,-0.659283003907024,-0.0793831875215836
-0.885461,-0.787007441759512,-0.0830905418860147,-0.621392915670573,-0.528122919235898
-0.293536,-0.148536061153434,-0.101065735061006,-0.174615726015287,0.101346713756701
1.34386,0.64996325925107,0.498630273275845,0.681242276820747,-0.329502200931352
-0.645827,-0.40952460735653,-0.1479541756653,-0.331536970303128,1.45723255506824
2.3493,1.35099878235875,0.778985963115541,1.04760351769138,-0.750917909694189
-1.17897,-0.531180801586515,-0.020993864326894,-0.430332200921904,0.592332573264938
-1.01017,-0.82172271724137,-0.109849195065458,-0.595420567089498,-0.00848199702211752
0.667455,0.739570029399848,-0.473309075209532,0.39131982014215,-0.0596788073036483
0.949542,0.464883025648122,0.602451933816476,0.51789755720068,0.340691781416526
0.0307569,0.302847955837792,-0.355753867726402,0.178072394091945,1.21144524742191
1.9304,1.05322996077734,0.946534965854095,0.838042820498956,-0.217144283241509
-0.652587,-0.185331179708663,-0.166277496955728,-0.149047739408059,0.711911109690204
-0.279559,-0.368784362919172,0.135163971536648,-0.160618976548574,-0.162680567250732
-0.252733,0.10608931401901,-0.298507617176918,0.0565090569712291,0.506975597165034
1.44655,0.786841445970661,0.810345617551199,0.724431066306558,0.0969077280481455
0.467258,0.578044095397227,-0.467639380172619,0.377880546977439,0.775578433038821
0.361184,0.0424297398959076,0.362439565651661,0.216130997827254,0.464752559897674
0.122128,0.34024075543073,-0.384579205426293,0.224737390489495,1.03024269013819
2.0626,1.13461350771772,0.98186949194936,0.908975104776841,-0.206099605963203
-0.640987,-0.173413805802915,-0.172569433176736,-0.158115711647379,0.788445761809256
-0.23955,-0.361373609035877,0.143770996058214,-0.129179480436335,-0.130284325452527
-0.22724,0.116182695196961,-0.327418807487631,0.053195830675749,0.580101835122011
1.57166,0.841798068970584,0.816480252185807,0.845832933046023,0.117183473501894
0.496905,0.565561541064219,-0.514629867626613,0.405690170078785,0.790924893927883
0.527537,0.117555890914647,0.369624652668758,0.297120237250825,-0.25170383764564
-1.19368,-0.528900400476134,-0.0168683931348754,-0.480949253456666,-0.0834602500624266
-0.988247,-0.801244804686998,-0.104644428626894,-0.556247357252027,-0.0266507076442056
0.857424,0.787113334941145,-0.61534363746296,0.485495949608579,0.014854731299908
1.28434,0.605067780501445,0.623444137748622,0.670271355596327,0.0177385523081908
-0.626384,-0.17469368220273,-0.168614940406625,-0.108848593477369,0.543593070911322
-0.117024,-0.298041918761087,0.15849192360642,-0.0517134778045173,-0.152542450709538
-0.216127,0.109513751488571,-0.321321534049998,0.113107027326425,0.704374286110476
1.75098,0.942280865365276,0.819307207876987,0.972774844812109,0.140419018186068
0.522183,0.554534439128693,-0.461154164589412,0.425760467694536,0.874002932032026
0.538443,0.113458360490654,0.371195012706872,0.340054325294216,-0.225787440771752
-1.18899,-0.510273412823084,-0.00250957487439623,-0.498726107767014,-0.0652464259673469
-0.975261,-0.794832393659226,-0.108588615588682,-0.534781613428249,0.00759792856004371
0.93324,0.828408753965233,-0.514988774791083,0.542966509163951,0.0124957870667991
1.09916,0.50243567261748,0.570877972297458,0.681257008248499,0.519628808467174
0.182285,0.355806300693965,-0.391233014493561,0.275164434527186,1.30344537787229
2.05534,1.13152221785068,0.886702870486282,1.09327478947382,-0.417883187253282
-1.18869,-0.504181566601811,-0.014473401774263,-0.529835649017348,0.447353494320506
-0.969325,-0.792132240077156,-0.102469537350064,-0.454678775003153,-0.620542027961811
-0.564946,-0.0992538705624066,-0.184367895708389,-0.0275031683661736,-0.532506739909468
-0.167826,-0.319226523325272,0.146770879737351,-0.0101523477710864,-0.267081243976496
-0.151926,0.15746352275604,-0.321432229071863,0.161482949069483,0.600958626986362
1.58509,0.846439471590066,0.739677651222095,0.977907314960518,0.218575037562227
0.60447,0.621734629691415,-0.429588078720752,0.488931161842838,0.955044122162246
0.513755,0.0960916104938196,0.350401427614774,0.359894112457723,0.858146182625743
1.00837,0.835212335713595,-0.561887256821401,0.604209162162453,0.76121335717056
1.06412,0.469870466005425,0.543453137126818,0.735602647139127,0.71659903266373
0.25008,0.380009154965232,-0.416826073595407,0.323404267642387,1.46209919489589
2.108,1.15355654478401,0.888349464028597,1.17967950004898,0.47444706788828
0.636266,0.611268737295717,-0.453409721589074,0.497494153442918,1.05301398139687
0.498826,0.0972901643695008,0.356021318033172,0.387370973889266,-0.141955257009048
-1.18278,-0.48740841683086,0.00885163382786953,-0.550177915539722,-0.0475389114126479
-0.942165,-0.787152148063814,-0.0966839641871141,-0.504956707407911,0.0686863805128014
1.06166,0.899237326100639,-0.565224387594471,0.650057482961409,0.0582627303196773
1.14643,0.510294257992596,0.534909000164776,0.761918634531561,0.652138533418694
0.328891,0.417961806710763,-0.395034452403038,0.367966483228652,1.42228833638117
2.14305,1.1676534532855,0.857189208460224,1.24576153634728,0.00176604836601662
-0.504867,-0.0829828967278481,-0.115295994388451,-0.102745928027062,0.910262348202113
-0.110893,-0.304919112884147,0.144829078195979,0.00885889833457472,0.015579865007624
-0.0315848,0.218449861932543,-0.275870496392552,0.190169643844313,0.621865544700113
1.67401,0.883188339417989,0.713474785501824,1.0354424293193,-0.232247148562063
-0.488581,-0.0738465353220093,-0.121955128736181,-0.0946201457835199,0.692250275056981
-0.0768051,-0.28580675481812,0.15468123169641,0.0176541545119721,0.00973423949240526
-0.0116588,0.224356024324606,-0.231558332125561,0.178453574801669,0.726584904439462
1.69992,0.913411890209535,0.750316740125568,1.04556470115716,0.334241487934928
0.75741,0.697807607857375,-0.41397775981082,0.572907942319521,0.883931315288942
0.576333,0.136940671984825,0.356780850844057,0.443164632697131,-0.114814378525775
-1.17271,-0.491602123846155,0.0144218979274567,-0.555323789961293,0.000925519243070696
-0.927638,-0.78030631171251,-0.0890945764075712,-0.552656784191794,0.119594939444058
1.15849,0.9809680561267,-0.419452168470172,0.700334290089001,0.0664770099245036
1.13448,0.520038141163313,0.529343940856318,0.743468032065268,0.732020350003453
0.396494,0.454300602254355,-0.389840373594632,0.413815971364459,1.48205900420888
2.10092,1.15755993849644,0.824127315182375,1.23060040110341,0.54020818728755
0.378797,0.454067225664806,-0.387192861407131,0.414612105077867,1.78996046001243
2.09687,1.1693487299442,0.841045538131633,1.2556031789297,0.0886075672507319
-0.491314,-0.0891946787638127,-0.128165854130578,-0.0608332664959931,0.915205830223514
-0.0861426,-0.289524456669039,0.14795579045418,0.0320288723892667,0.0348453287730913
-0.0161991,0.231172757341057,-0.230732389231341,0.230802129018899,0.687230486927601
1.60324,0.885995862222328,0.716562828756131,1.03638223780419,0.337549736817358
0.770421,0.721769715339081,-0.519715159882737,0.634203089965482,0.840116392140091
0.570081,0.145495515554638,0.354781880304453,0.456955784820946,-0.113822095111598
-1.1721,-0.491513475111726,0.0219835744979329,-0.577601926771195,0.00745816448589686
-0.92034,-0.797060052475707,-0.0937399105386042,-0.519014939871024,0.160732488404323
1.23647,1.02735399864872,-0.477935665195404,0.777330701726054,0.123885831788164
1.16074,0.568002327024645,0.549158896956703,0.815697239216096,1.05327189551378
1.21187,0.931940154060137,-0.549035669284832,0.722043865613036,1.10528869595316
1.16802,0.555720936188766,0.546499878099245,0.79611228319793,0.912706149340403
0.446167,0.47836665007199,-0.359248396922945,0.457554063922868,1.41124824307038
2.14033,1.25480950724627,0.860297170295035,1.31751863896659,-0.288019612699167
-1.18035,-0.515080125726749,0.0217759838277187,-0.600657343110346,0.52528339667731
-0.933559,-0.802249680140177,-0.101626202918714,-0.429777625843446,-0.553759886702334
-0.45257,-0.0540980384231416,-0.108942145286874,0.0245399788433318,-0.466407785430425
-0.0738141,-0.239168224476386,0.177228111219834,0.0828601934787987,-0.155905420710229
-0.0128037,0.229337316389273,-0.265003571227023,0.244556847317375,0.659635068828664
1.58503,0.99242664739995,0.762775776563915,1.15454436945177,0.359747760186164
0.83238,0.746979995006045,-0.438707036849708,0.664323663154881,0.818417744170417
0.538077,0.184660584827666,0.371287291263456,0.469629049755364,-0.0893903760605884
-1.16849,-0.521416424063435,0.0166832198222008,-0.629698732612291,-0.0177374358602388
-0.94935,-0.805923472338485,-0.105535317789159,-0.473895877263773,0.140285707599843
1.20795,1.07431078644658,-0.512330387576879,0.797606064567981,0.0551835707968292
1.13389,0.63579022905314,0.595623954045955,0.821171459996122,0.739771583154377
0.403439,0.48879031725945,-0.340179826032054,0.464875383003147,1.38620348239304
2.04405,1.3156827929938,0.892935042622371,1.32517350629144,0.0479136630051907
-0.48136,-0.100926698499411,-0.139571321621886,-0.0768903568139106,0.899034772180043
-0.0661441,-0.230550922485962,0.187890329775111,0.0489991747113792,0.0664935517636183
0.0400958,0.256683024326782,-0.233581390096128,0.223987660477802,0.748110576780752
1.70591,1.07351656800954,0.815795694344785,1.18332167242468,0.421085815700427
0.880419,0.775109978104634,-0.504636606811627,0.684112943267973,0.964685400104133
0.624279,0.237841511171415,0.396577793957641,0.507303263529857,0.300708771446863
-0.431437,-0.0722154363760369,-0.0997853028694194,-0.00936838684628332,0.344182168153129
-0.0299855,-0.217908663640941,0.190235507917857,0.0543794054239889,-0.00561762863920604
0.0318129,0.259760342566516,-0.243850500398423,0.258210311832885,0.724209314295429
1.64573,1.05089165477566,0.791931600722408,1.1924903287898,0.391310424338942
0.830195,0.77961488368913,-0.466798558095618,0.69742465986417,0.90021729097444
0.661664,0.253579046449508,0.40507657786313,0.492020912022195,-0.0869930861381035
-1.17308,-0.548551642485783,0.00490091932602293,-0.631014666272092,0.0414168064150653
-0.938838,-0.806184996077758,-0.0938790689618819,-0.562433092619114,0.157095237977962
1.22148,1.09674141760151,-0.443402762144231,0.871471887514058,0.094060195921284
1.20423,0.707487620234383,0.614228347768407,0.878430665947758,0.770670456763592
0.460995,0.508404851670709,-0.316778054747483,0.466811635357662,1.41619770260492
2.162,1.40082983986671,0.907878598540134,1.30113530620228,-0.263202533760845
-1.17587,-0.560100590386647,0.00249286427524349,-0.579543509796047,0.653753512392347
-0.941997,-0.807964846252582,-0.0969770952968068,-0.591512334411922,0.262727112325405
1.24931,1.09797649454868,-0.505086778572142,0.851905412689179,0.128084814647144
1.24818,0.705805927310882,0.624275189004273,0.828242199967219,0.805033355000505
0.482106,0.519463634833023,-0.335000671635254,0.47273624188698,1.515152729196
2.22115,1.41539213684533,0.968129268015713,1.23319827705192,0.102721422173934
-0.456902,-0.0884645524401294,-0.103378475508427,-0.0593481928797962,1.00238478365591
-0.0189266,-0.214565177020459,0.194346250222412,0.0308925205972583,0.101562945768538
0.0680641,0.270687512310146,-0.228282175634347,0.237920033906565,0.775844902003496
1.71543,1.08683202105515,0.797622555224966,1.18159730928104,0.437908491706558
0.851616,0.782299932338989,-0.507202896574408,0.712383060416529,1.0617582439223
0.650766,0.261469055899665,0.406972941498557,0.495193466677811,0.818982412164158
0.502201,0.537351659571802,-0.363417173362838,0.478888821547003,1.23892601669155
2.16544,1.39413467691138,0.903585094307818,1.29975873882477,0.0734396911027462
-0.453071,-0.0842969380405304,-0.12800820396367,-0.0597403669891826,0.963339251215326
-0.0407594,-0.214310297034945,0.188211707545311,0.028755141339935,0.0874844582857386
0.0375499,0.256966878204243,-0.214211849603062,0.229199193881423,0.775943036943274
1.74611,1.10552340487061,0.807952096797246,1.18150818240772,0.402066030599668
0.852886,0.78958267424465,-0.497432847526086,0.680984265612987,0.926377229878706
0.621016,0.249165708970067,0.400900429967749,0.498161389613954,-0.0697113409635482
-1.17353,-0.546174904307685,0.0065642611186555,-0.630649539271769,0.0353791993268552
-0.932633,-0.80214170309482,-0.0936564246453906,-0.596479460696829,0.196208023809777
1.33343,1.13669660186109,-0.404149437123372,0.82212679910848,0.0565895041307824
1.28491,0.743790708692588,0.628473654364036,0.837993353624128,0.324938295261953
-0.411788,-0.074633734016942,-0.0842752237092125,0.00508170229766201,0.639600257457988
-0.0114736,-0.209658546436149,0.18402667337507,0.058359549187696,0.0765046532267919
0.0866531,0.277200133163155,-0.260717102211545,0.284708128741099,0.793449570544732
1.76345,1.13277765257937,0.832586470521236,1.18044598196152,0.441613370851287
0.892859,0.81080221921711,-0.451850567578305,0.693446254085641,0.94040833129672
0.628402,0.256833147930505,0.394561044171956,0.507236797636578,-0.0492963147656213
-1.17026,-0.525853264102688,0.0148641744354569,-0.578702539483412,0.0445026848024397
-0.921932,-0.797552347117489,-0.0918247577272841,-0.590351504589843,0.189182796688733
1.2958,1.14360283996303,-0.426122520891673,0.840501300600406,0.105498085713071
1.21302,0.706266815679468,0.597935416416161,0.885397414681722,0.806568942046849
0.471769,0.525639961809192,-0.368274405812077,0.495858886532386,1.41562674166857
2.1451,1.39950445987375,0.94526275924135,1.29712298199778,-0.270961093662733
-1.16635,-0.529224488522752,0.0118449784427289,-0.655608581932355,0.53036957654841
-0.940088,-0.808142913282756,-0.0944744764960325,-0.658764882141886,-0.531826791610361
-0.405697,-0.0241340852621904,-0.0811832769352678,0.0695921836940536,-0.496236694857576
-0.0154308,-0.185685327728392,0.204191867716333,0.0493879619936033,-0.480689852412855
