1000
0.548835,0.203095768853698,0.0353190722280511,0.114662955749504,0.571439157017549
0.895626,0.219146465287497,-0.108825221219302,0.235291510239428,-0.43219917702551
-1.56947,-0.545774291915849,0.205328305952835,-0.569173268974298,0.649812834071694
0.713065,0.210563480119123,-0.0477129348767466,0.165321906768416,-1.11482371388773
-1.27998,-0.430371515385864,0.0236526043767901,-0.502951274428573,0.451021918291215
0.594133,0.20885304068918,0.00101290269266353,0.0842619734785895,-0.605609951612732
-0.317203,-0.0950109575510667,-0.044405266149036,-0.111221766217371,0.451715031290345
0.781651,0.222509264962574,-0.0913929457753705,0.262769640570815,-0.483388050562902
-0.893157,-0.317555434137513,-0.0880014903501928,-0.444454082373667,0.34754353594923
0.28727,0.119493104089888,-0.0394299225858399,-0.0204020795529526,-0.936010259075767
-1.46528,-0.570909286495696,0.00968324816428805,-0.793420161801449,0.199276708635062
0.486063,0.18618359966573,-0.0392430582153481,0.108190525651671,-1.1429372330691
-1.24818,-0.481937487007229,-0.0242357733141134,-0.645033058524241,0.111805857035081
0.0118308,0.111529086026339,0.0408765844265213,-0.0624248224858139,-0.567170866579712
-0.209299,-0.0998420194707531,-0.10591567047962,-0.0881585425917117,0.162225500775684
0.673859,0.227261609590717,-0.0731429749776204,0.219597672624711,-0.447931535474256
-0.812808,-0.324408351609791,-0.103059330376235,-0.427472838605801,0.253663186387279
0.162363,0.199827656612895,0.0336883654821556,-0.0388720970810458,-0.884079613162187
-1.45386,-0.583438341085232,-0.00666401779405743,-0.768297045360315,0.280874164075209
0.500853,0.213695697137367,-0.0212323500425315,0.111692793021959,-0.316758988388649
0.608923,0.182216389178791,-0.0156538586525207,0.255426350759301,0.379982654844571
0.863447,0.246091601322234,-0.0735214958155519,0.322228245325605,-0.441481175546299
-1.74197,-0.66445212670184,0.101497262907467,-0.789889467350528,0.555369861471355
0.369598,0.20692037891082,0.0104207468071729,0.0533989523544253,-0.747927718373614
-0.249628,-0.113412548355375,-0.119599052734657,-0.103601671693235,0.303974197122
0.708936,0.23270591615342,-0.0806388270542045,0.232551209389082,-0.448475867469623
-0.832937,-0.311230182298378,-0.0478906443940381,-0.457927853044935,0.309311915562025
0.256049,0.215188226605815,0.0293905504389577,-0.027233025079902,-0.885728711514656
-1.44978,-0.55490676859182,-0.0104818173027621,-0.790437242962953,0.339203641732325
0.5468,0.222995425146591,-0.0300681316194489,0.0942332069377008,-0.310009385079242
0.606955,0.172606168453681,-0.0139294902694283,0.2274044207463,0.400726992575217
0.865731,0.217307771033269,-0.0874034944464266,0.332075257508613,-0.444841423850155
-1.73811,-0.629394435128861,0.156386443513311,-0.770300980332575,0.508394750245722
0.405743,0.179294419579987,-0.00175850899679173,0.024766365312998,-1.1701601932303
-1.20013,-0.451168778021686,-0.00451046400310454,-0.623180030184154,0.185830056388501
0.158663,0.225662004963099,0.052874167316341,-0.0461772024431322,-0.183089402909346
0.61694,0.187124835419071,-0.0203165598857935,0.22699291777247,0.353663306554529
0.874363,0.231355576706237,-0.0962417479586849,0.329126063181217,0.190983326754188
-0.2533,-0.0967474078887151,-0.0764035015409241,-0.122434115189895,0.6614895669904
0.713027,0.24075914231488,-0.0620189391635835,0.23014849228823,-0.395876594056986
-0.830885,-0.295621692649732,-0.0213499434620933,-0.490900101514861,0.318431484459757
0.264735,0.233861106721862,0.0366485004269362,-0.0095676566287616,-0.910861155078339
-1.46212,-0.535841884488914,0.0101855462437684,-0.791977964965408,0.1950018840326
0.558674,0.238061543898791,-0.0333983129955652,0.105854777101338,-1.33616166843763
-1.73867,-0.725216760518532,0.0317218720589363,-0.751504309677585,0.241697396964207
0.40857,0.22664233132528,0.017385419033621,0.0553109936020565,-1.23494776704247
-1.2109,-0.529361684903977,-0.0965830414223166,-0.667204509682678,0.0454837439233667
0.158946,0.199698716978209,0.0740565661169515,-0.0480782783467137,-1.09302435745746
-1.48411,-0.629745271426474,-0.0301565320254241,-0.770892282326118,0.275538048671508
0.562741,0.199051446250074,-0.0017387013401956,0.0700491418687477,-0.335858910243809
0.605004,0.171573134732258,-0.0132452523705245,0.230566484753026,0.404628587200684
0.869835,0.218717830069656,-0.0700396825777373,0.333597823718414,-0.451345354710686
-1.75191,-0.71369686067585,-0.0029068892018061,-0.745701145177528,0.508220407149043
0.408404,0.220348945446728,-0.0066078573901411,0.0437714266718241,-1.19594560904469
-1.22718,-0.530329860574794,-0.139724846510915,-0.675550027389166,0.128152268859479
0.154613,0.244910906602183,0.07239419450681,-0.0943305411131785,-0.569396570199393
-0.227938,-0.139302797985838,-0.110087490370993,-0.137719835687413,0.245304240307936
0.724042,0.191973994749009,-0.0385451454146099,0.0829759153728019,-0.44202361295764
-0.84687,-0.345394976527521,-0.0626273024552224,-0.478644383873824,0.402900421972043
0.278973,0.199117454312612,0.0225191935669523,-0.0194232400390192,-0.374244527842271
-0.226683,-0.127631348858047,-0.0837768289013259,-0.164768444369879,0.325404240685152
0.724015,0.224875369923968,-0.0387173501020383,0.157892616351939,-0.442449171176436
-0.848539,-0.377384305891667,-0.0492378408446828,-0.406169994592278,0.320928908246157
0.270264,0.20383308837163,0.0398178228913266,-0.0100016903184091,-0.909016265108569
-1.49335,-0.664359348879902,-0.13963811272741,-0.739264798663042,0.348537383942281
0.555919,0.197760176671038,-0.0318391724312709,0.0396051085096986,-0.326069143142901
0.610582,0.155734573872059,-0.00195304324687953,0.201153235843569,0.402832800805968
0.871716,0.207395468285632,-0.0358045026741148,0.340340803362016,-0.454531292068898
-1.76406,-0.744014257423677,0.00334834751785001,-0.698289467989175,0.508487182639025
0.414453,0.233379217261886,0.0100947753145562,0.0782042268180441,-1.22351064083179
-1.25698,-0.539313750351055,-0.0961878613095913,-0.670925915847908,0.0640954949261772
0.157766,0.177715645502421,0.0618154430207244,-0.0683637492567245,-1.03003785642941
-1.21399,-0.505852567525985,-0.074528238651477,-0.681595500658451,0.0503933777235271
0.163583,0.195208819769532,0.0810450100862998,-0.0477182607521184,-0.569197015556181
-0.213106,-0.108010642180384,-0.067809149112989,-0.152583111403555,0.252798016871125
0.736462,0.225603853836338,-0.0520265945908534,0.214671474009038,-0.439316592750012
-0.830252,-0.209711408100354,-0.0595421127522945,-0.477941459464654,0.335271404436806
0.289301,0.218478299056433,0.0459276644234554,0.00921411887426402,-0.888244781586539
-1.46763,-0.378199545183754,0.0346560652406191,-0.817743723941496,0.367165764904022
0.576254,0.184362953137713,-0.0308520507110114,0.100849094051877,-0.309737739269263
0.618812,0.204156129467723,-0.0180715793640859,0.255212016671276,0.416667105947264
0.876863,0.209477059982454,-0.0880704562478483,0.361820392189631,-0.441774465899129
-1.73772,-0.453880861543013,0.0852037991125253,-0.891484252925696,0.488036108972963
0.427169,0.171735419890377,0.0120721402582554,0.0512553501135544,-1.4037166314492
-1.75,-0.48718697172531,0.00432232707636479,-0.857997528785951,0.189319147069137
0.432955,0.167430109011973,-0.00180986554458578,0.0314826129630553,-1.23099015031001
-1.21772,-0.291948618753642,0.0200069412285546,-0.675059193273897,0.196920066068611
0.175113,0.123035728774946,0.0773117348638872,-0.0993962759596306,-0.184902631029481
0.628154,0.199706579759501,-0.03341750694179,0.190791945453071,0.362415436518773
0.879587,0.223564063647095,-0.0875559453679074,0.323833760784466,0.200082963564108
-0.248535,-0.0174074965077985,-0.0828811645500785,-0.183933426904891,0.673840633863915
0.736268,0.221063806592043,-0.0525393243461691,0.180451274656946,-0.396886302240452
-0.84369,-0.160786008659558,-0.0375708289458715,-0.485448055178318,0.341767231831198
0.287665,0.134848696711424,0.0549851801938581,-0.0494619256962612,-0.892633382263403
-1.46743,-0.365517373339127,-0.0221213197353799,-0.812566311869928,0.366819243052051
0.578898,0.188280370246938,-0.0218802885902348,0.060863287996476,-0.309911681308143
0.619032,0.230510555102334,-0.0251641978916473,0.211368283342413,0.416968607291429
0.879132,0.249066510642064,-0.0843349741304563,0.308055764366854,-0.453064250405109
-1.77602,-0.441659617280432,0.0679217917388268,-0.884328842788198,0.520697180452766
0.425366,0.151643604646311,0.0131240630728425,-0.0209381208810961,-1.2040050421632
-1.22736,-0.278973394313235,0.0110877339142966,-0.681099726004964,0.144013704251917
0.176718,0.100631779798595,0.102168663391019,-0.149783119583196,-0.564337838785258
-0.220401,-0.00439827523399662,-0.0876142326649907,-0.16343894431529,0.261884745751005
0.745559,0.218074761349114,-0.0367475644804248,0.170030617829071,-0.451117866954272
-0.852872,-0.146440572898845,-0.0463515718320046,-0.449685050058808,0.338353170392783
0.295878,0.116724438491359,0.0620938180043273,-0.0748135756735942,-0.919003862990846
-1.5005,-0.354365954058891,0.0222719687777031,-0.810157147422258,0.317233590473433
0.583928,0.17502029347748,-0.0334614971797926,0.0333910298426774,-0.687620927263695
-0.237052,0.0132102213296813,-0.109227332329604,-0.160566806053555,0.415517853552473
0.741363,0.226302580087739,-0.0411068765369961,0.175363685690704,-0.436676360002338
-0.856012,-0.148926705404987,-0.0692992647715706,-0.442382527771958,0.335618440030602
0.287567,0.110836004184906,0.0583952400489933,-0.100655350747178,-0.919323361819351
-1.51746,-0.355106898546486,0.0266918052336215,-0.814521587124184,0.367721037458626
0.583788,0.167549496887979,0.00114279432209173,0.0333461588114256,-0.33363538317191
0.61428,0.244617501743055,-0.0415838043868797,0.238175583254322,0.413671288033748
0.878764,0.253170809927271,-0.0670112618705545,0.329993720508914,-0.468449367007401
-1.80695,-0.413145149488331,0.109889257804928,-0.861393565318008,0.51965928540386
0.424895,0.141493492492408,0.0150909677146825,-0.0803928585184007,-1.21962829429235
-1.25222,-0.255045680732006,-0.0559067903507294,-0.648531988215605,0.194537258244298
0.176527,0.0687700725930179,0.0865865648885108,-0.230507964476534,-0.223077664027925
0.794637,0.213715221737485,0.0358911908512148,0.0923295653284028,-0.270042612901855
-0.288911,-0.0724572658231916,-0.16519584658867,-0.205119321841903,-0.623365307850878
-1.08048,-0.379826002068195,-0.0379794603313236,-0.465436140891708,-3.41499903742144
-7.64226,-3.86231004615684,-2.2679562442585,-0.696355931405101,-1.10103279973701
-0.356282,-0.173225028893286,-0.162500066443962,-0.213530091546453,-6.51606486557557
-7.52669,-3.37839506501937,-0.233647711161726,-0.721720022344479,-0.638012438835199
0.290472,0.04514594869392,-0.106335096553604,0.0878033761996608,-4.04499378233831
-1.68782,-0.556787366900806,-0.137451221711337,-0.538739335776544,-0.578505115916928
-0.0927106,-0.0167217088065956,-0.149422307190647,-0.0887049985237133,-1.89405402880125
-2.53587,-0.762524788688664,0.690130815488536,-0.868030262223683,-0.443257221083195
-0.477237,-0.110261394312445,-0.065222419937777,-0.336155246042651,-1.6698772508939
-1.26284,-0.402447751187525,0.0921129797525766,-0.614466487780546,-0.581414304404131
-0.210686,-0.0258428453539473,-0.08112816036084,-0.214514590287279,-1.41997874802493
-1.99053,-0.769063619752616,0.45011466778699,-0.95224175652106,-0.0584836759516738
0.342583,0.105588010772884,-0.133607084343039,0.102722520184902,-1.04539870521887
-0.332611,-0.149047326446737,-0.129908071314892,-0.257266856318836,-0.193375363864819
0.0059295,0.00495456132434247,-0.116932521327749,-0.0648209258990073,-1.54348704557674
-3.19305,-1.26903307326639,-0.143713728387193,-0.883583332120396,-0.333069812717497
-0.377464,-0.100812680108686,-0.0994565895180971,-0.257438971915218,-2.38942887045016
-2.55698,-0.93927380268397,-0.212427729788086,-0.69244747562795,0.0174521032961253
0.839633,0.227498096970303,-0.0910661090482703,0.240817225491111,-0.975453137936256
0.533929,0.123503712250757,-0.08902553094231,0.0889209619872492,-0.220508989650464
-0.470493,-0.164471659435109,-0.109788663803026,-0.328323660068774,-1.12042344820716
-3.26572,-1.2806108810236,0.0496158127968047,-0.843538866594395,-0.0762095710866482
0.362306,0.0872644752489487,-0.13805627093165,0.107348751838551,-1.86952992577874
-1.02143,-0.337323390433703,-0.0950134012508742,-0.436604917315034,-0.211697491215114
0.0427485,-0.0198785812067993,-0.138541575804216,-0.0830119388941032,-1.59001059050265
-2.62667,-1.0499198241742,0.313887461948011,-0.974768527327295,-0.253419426015163
-0.313175,-0.0950996118891505,-0.128153537677896,-0.256929840962104,-1.6042558321335
-1.27186,-0.468479767358027,0.0446952479325157,-0.598672060413498,0.0982362345808915
0.845559,0.255753676703231,-0.0700515351016609,0.249354049943021,-0.316900580849108
0.735721,0.204080106156273,-0.0723134401815317,0.215855141858112,-0.0201346016398277
-0.426175,-0.106727753953312,-0.1236752683786,-0.314016395279483,-0.383365118073966
-1.68258,-0.563717358365505,0.289571283209123,-0.748097248644505,-0.272293044684174
-0.0896959,0.0102211649325468,-0.147278269049044,-0.114394290370111,-1.44195068476153
-1.81063,-0.735238819078397,0.452095160595901,-0.975406407819792,0.264924836113399
0.847221,0.281133228106127,-0.087413666009906,0.273529642870202,-0.438406006479086
0.781892,0.230134365319172,-0.0988184669523532,0.258387038462159,0.3819198119365
0.377328,0.145520364495134,-0.110259330582598,0.105540127082694,0.236665128011752
-0.284553,-0.0712417767304147,-0.0767598744840527,-0.235733700035137,0.142778263565436
0.0624612,0.0383115167756098,-0.129402871429943,-0.0397818348086043,-0.752071821316431
-1.49424,-0.53513215931244,0.36440516809112,-0.838255734102757,-0.175942973386073
-0.30546,-0.0324724104879732,-0.0777318212155452,-0.214079015621458,-1.02970900129104
-0.848315,-0.308846453812061,0.0355551004289224,-0.488523563252462,-0.464993123875657
-0.363319,-0.051535751429412,-0.0670194852676541,-0.256101512659878,-0.966082341917214
-1.29501,-0.482591511622291,0.111412739432655,-0.702713227321946,-0.355803030638983
-0.0698564,0.0249057191833581,-0.124053533659835,-0.0995093342131673,-1.33264818089374
-1.71938,-0.694214355657564,0.40364388175202,-0.953586789021911,-0.246420040513545
-0.223686,0.0173673339804338,-0.071247870037932,-0.172256396212059,-0.977495167263483
-0.681891,-0.275689014345191,0.0281588455687506,-0.436443274699259,0.1971206041956
0.845883,0.299185864892321,-0.0778749846125951,0.292497501179352,-0.0219364109265172
0.786668,0.254437084323372,-0.0697801730689905,0.279754860986364,0.0756014207516697
-0.365971,-0.0267144346944463,-0.0571667823369855,-0.215865995092762,-0.154123284335436
-1.22164,-0.442158385161139,0.208472245302334,-0.688425674242842,-0.204729048142875
-0.0562844,-0.0242736083595557,-0.111726568430014,-0.0751347949860397,-1.08407096708391
-1.35376,-0.605044293689067,0.400973769022987,-0.855154033590431,0.0647483126324905
0.387919,0.150550801922319,-0.116225016803942,0.153749498515794,-0.565222581478687
0.0691822,0.00199677249050699,-0.0552197850285939,-0.0879059246795124,0.0521606325548158
0.120417,0.0360443318739673,-0.109921870768021,0.0266502349167848,-0.460863939964191
-1.23734,-0.520922578218494,0.277211008505698,-0.738422413203442,0.218616882087015
0.373781,0.120065372701496,-0.128125500270509,0.166603971521933,-0.501396756185548
0.051075,-0.0161029636880089,-0.0737172035328861,-0.0728600786375865,0.042832848677884
0.0846152,0.0158492469301801,-0.097368089785251,0.0409098996746506,-0.462253089288124
-1.12068,-0.490254249452614,0.392200810618036,-0.707771817146439,-0.0911775345949708
-0.267197,-0.110617830703735,-0.0628238160278893,-0.143848280782622,-0.594702430233608
-0.435972,-0.265917716062799,0.00681775108719377,-0.318801890133938,0.221078538692016
0.842275,0.256749989760139,-0.0478530401381448,0.327136972903822,0.101053794834264
0.812004,0.229686713998327,-0.0789497055542472,0.331700087313176,0.118356388634371
-0.374215,-0.165343114335438,-0.0773830695418921,-0.160334616791884,0.0695156884832192
-0.723982,-0.363095980806602,0.200505273756489,-0.509489545374781,-0.211843703149489
-0.0661227,-0.0728570593806064,-0.1329829999079,-0.0709878593532013,-0.881493277314965
-1.27999,-0.776664437859109,0.196920093274936,-0.656175382946303,-0.174886923563258
-0.0855489,-0.100343900750054,-0.140490361305,-0.0631057181414738,-0.969265926655368
-1.03493,-0.570471578342201,0.278233394893326,-0.662795609605591,0.0545698536799825
0.377096,0.0630810642625519,-0.113374158524595,0.151277910112606,-0.364501221250551
0.224053,-0.0309272170948724,-0.0542358951510615,-0.01885159674917,0.0790976673413168
0.104865,-0.0618902099807075,-0.112008693325398,0.0279728254410478,-0.271521748633256
-0.853606,-0.369887912880792,0.341609397130219,-0.584600379237277,-0.0570366382600772
-0.246006,-0.147889259917135,-0.0805965168274195,-0.114183845013459,-0.443387707126197
-0.35429,-0.285049359852713,0.0315946322339459,-0.232141535390069,0.248090520412175
0.842628,0.20240294231702,-0.0387650281721195,0.29526953673804,0.142430310175273
0.817017,0.16428555778292,-0.0650992352185173,0.326034658551846,0.128026703963426
-0.359779,-0.211582863759099,-0.06385944101334,-0.129037916308113,0.0564284044554009
-0.735816,-0.273296533268183,0.220210366495586,-0.411017425404365,-0.279027761004351
-0.323391,-0.154972992674158,-0.0634762620173975,-0.132849921898731,-0.648187555968781
-0.72783,-0.350340194615476,0.133734905125791,-0.393520525230269,-0.267028815868049
-0.0414436,-0.115525660979069,-0.114434558829549,-0.0567560060934621,-0.757066776600379
-1.1337,-0.482252504862727,0.325849715055997,-0.543506635492049,0.34603428561372
0.840998,0.149340581931349,-0.0671312645541593,0.278398379602305,-0.113384108768416
0.830626,0.128228171719795,-0.0484895685546977,0.294957938535711,0.454653862443617
0.378889,-0.00537248110222446,-0.102228162105116,0.119331805347089,0.461915536948587
0.156626,-0.0637450816964415,-0.0268338318264097,-0.0141776315258532,0.218863938315597
0.100524,-0.104066945502123,-0.0865480490667609,0.0166644279112177,-0.195295187904113
-0.655637,-0.229857655931093,0.308508977336448,-0.438797726487386,-0.0507776357606218
-0.256263,-0.183799250956222,-0.130408570034175,-0.102854558907349,-0.267263379232392
-0.137166,-0.168815012766056,0.0400599171726036,-0.128997023288791,0.257696577760186
0.843719,0.141097185048461,-0.0614475073331484,0.290655650500988,0.242661037780056
0.827795,0.080566281092419,-0.0918223665424295,0.328748826192272,0.156918038784195
-0.354219,-0.192547621707007,-0.0666659598721321,-0.108475868962389,0.143720586175294
-0.580631,-0.252595895205114,0.164469205508113,-0.280365263344532,-0.178625110811227
-0.0661998,-0.154050138567839,-0.113431739570425,-0.0396705944202124,-0.663963755707387
-1.01139,-0.421942866716505,0.218701165988269,-0.413345619442147,0.107319162572189
0.377612,-0.0351269595243779,-0.0748917540660126,0.153371581491716,-0.346714771109494
0.223998,-0.0619044672731957,-0.0420085563870811,0.0673653310209457,0.0815915022765791
0.103339,-0.120871297170756,-0.12203242567948,0.0509638163721169,-0.269244225413211
-0.8478,-0.292973840769725,0.345626432489324,-0.32587914058767,-0.0615674481109972
-0.267782,-0.211342247532887,-0.0715850954720796,-0.096427378106172,-0.405455055121373
-0.190641,-0.0581457293111955,0.00855494719989251,-0.0571556619622864,0.0125448970624957
0.375079,-0.00444325773678168,-0.105338966612259,0.19147196389473,0.0246014833174832
0.31004,0.0184943243929346,-0.044221123080771,0.116168671516597,0.13593908742117
0.100522,-0.0564501588618142,-0.106009869169143,0.068753552335076,-0.181838091594455
-0.74803,-0.108138936046942,0.235768825174014,-0.18826259948625,-0.0490079471312978
-0.251392,-0.11813699711543,-0.0746884748426849,-0.0713527046390546,-0.360920652241248
-0.268835,-0.0905120994519282,0.00635728867941979,-0.0230423756064326,0.256323216754772
0.848948,0.120343518706244,-0.080490346503629,0.386382375393366,0.186185464809984
0.831764,0.0849131949436876,-0.105056421905675,0.394558262767997,0.139683873635248
-0.362752,-0.107066068668365,-0.0283724916533265,-0.132082965636267,0.0956211024248092
-0.69483,-0.113834942662087,0.164644294805629,-0.107938323902676,-0.184431732019807
-0.0780054,-0.114371177802063,-0.10254683778002,-0.0195774999903204,-0.694530902099128
-1.03866,-0.14948020846455,0.292085574791192,-0.189054753644005,0.295465696168334
0.765157,0.132040153011068,-0.0576781722421654,0.373598194208684,-0.121307855058681
0.912049,0.141733569959178,-0.0961170572115579,0.358740511071917,-0.113008774177695
-0.974233,-0.196967839722129,-0.0494690062445053,-0.261432904852843,0.719069034494026
0.762727,0.252212860507717,0.0209775398980681,0.17939172411804,-0.559215577596017
-0.598251,-0.148450097185085,-0.126276135645999,-0.132379019205702,0.573038112973579
0.657402,0.342094800245097,0.0939707816649896,0.178217948590212,-0.0673552253016401
0.215063,0.000841231837608373,-0.120714615703773,0.191709644691851,0.61240368386365
0.897289,0.18012896191115,-0.0570101703073378,0.29792980164028,0.0193743078375952
-0.342564,-0.0949773157533348,-0.108693501508926,-0.0389847639904539,0.644092577371813
0.708244,0.348119935034749,0.0918046226881355,0.263607497861852,-0.46959579340775
-1.01366,-0.236382974102798,-0.0917864928124713,-0.287099273847485,0.60018143639392
0.834052,0.238794431142936,-0.0055711172128988,0.299839558622106,-0.671285141272759
-0.771716,-0.206063445611479,-0.0992756244808124,-0.191165074094257,0.592140226807848
0.658184,0.427333038602726,0.120731424073258,0.244296934982283,-0.176867024864388
0.124309,-0.0269167012910221,-0.105911009624024,0.168032461222894,0.596594449864787
0.896877,0.194605275489347,-0.0457078430058038,0.349223979447581,-0.0569881154786129
-0.426974,-0.145415874100316,-0.13238934679563,-0.0852813665817296,0.635313861848572
0.710491,0.405328061504831,0.0944681894977915,0.311012887662219,-0.530375838046764
-1.10419,-0.258312122181341,-0.0431887230421394,-0.328580034465322,0.69229548418083
0.838572,0.257667531015883,0.011610291331912,0.338213494945515,-0.0786513549941292
0.711493,0.0994937088637999,-0.0459708335887797,0.385004297005323,0.597457018512812
0.91019,0.110688390954688,-0.102753766535495,0.386352345156756,-0.199201873111927
-1.40219,-0.331065481836152,-0.0151778635365675,-0.348887733257829,0.775864861442134
0.763732,0.338517163820589,0.057963371027367,0.292923735010232,-0.447456748848428
0.0703103,-0.0496105431266178,-0.101124413840427,0.140730250124332,0.597542480844327
0.887204,0.19480733795169,-0.0401062906993075,0.332892040064005,-0.0976750988625074
-0.468284,-0.143892998893328,-0.105112632539271,-0.131150352032492,0.618827846826337
0.69276,0.437536117950078,0.102895962933889,0.311972056393319,-0.559169028057443
-1.12654,-0.280075229950978,-0.0473443239223152,-0.370061831136149,0.677854916640545
0.830662,0.28618211583989,0.0233959519473885,0.338811839277586,-0.0949801157700257
0.700141,0.0963144408120175,-0.0487216570430959,0.354549753006119,0.589366820099776
0.908985,0.101435215007371,-0.115902997746861,0.398498445415204,-0.221595199119652
-1.41933,-0.364922979387379,0.00548166267892585,-0.388735990440689,0.71102519457712
0.756796,0.374216318421771,0.0541186266261924,0.316277310650264,-0.858323452350428
-0.871475,-0.251726666769876,-0.0893129856783768,-0.254717237799817,0.572879120342576
0.654188,0.524296654234436,0.133984382799067,0.310215603067569,0.0241420564894459
0.702977,0.104679340667327,-0.0404495496570171,0.374467247638136,0.625562356809283
0.912997,0.129972851190316,-0.132635852288538,0.407779363106079,0.396845052305534
0.0259263,-0.0544708873645307,-0.0964949951338221,0.0876859790109565,0.790778359906706
0.892576,0.237575277173213,-0.0315328358920457,0.332818852219603,-0.101181335491258
-0.500852,-0.197905621716921,-0.0949307635624747,-0.16014447552944,0.624375343835172
0.704257,0.491634254098071,0.0928520803389641,0.362892308760714,-0.593550477587517
-1.12771,-0.370106520636498,-0.0790434967759234,-0.406023471159106,0.543147240321218
0.831664,0.31835003427864,0.0204900695533463,0.333043648518792,-1.01488058072611
-1.4521,-0.589973122708074,-0.175067209190508,-0.422573158922309,0.55614729640157
0.757896,0.378988246298869,0.0750716909806035,0.350162798434014,-0.932426351573417
-0.915641,-0.409032271876518,-0.156951299230839,-0.403556928214951,0.441562467059999
0.638462,0.505559223248352,0.141777710072009,0.351395600980354,-0.793076320256507
-1.17572,-0.50726667202754,-0.149004395102573,-0.463939008487247,0.621405621939103
0.830696,0.316467731014124,0.0461551135454356,0.304957712609215,-0.133869598923606
0.680713,0.103578922770256,-0.0394539236343539,0.271474840845069,0.575215804583442
0.899948,0.148463632212174,-0.0719271218231265,0.355251586510134,-0.270638755000505
-1.51132,-0.604552942931229,-0.0223889141092836,-0.394537040120035,0.698891811386615
0.75075,0.400062596130174,0.146515655054396,0.362756973625932,-0.927663994493175
-0.924058,-0.421590921714372,-0.167127652168306,-0.440489934730054,0.516821321380186
0.644353,0.531970973667413,0.210647587117244,0.365968771971675,-0.288234790513545
0.0403631,-0.104738726684959,-0.118424029021653,0.0435631924502388,0.570459123357649
0.889286,0.255375172790077,0.0166625456000321,0.310359801935013,-0.134491541504402
-0.541535,-0.280724993896061,-0.117437888054798,-0.258316838194958,0.689210678043364
0.692007,0.479756265865746,0.14027582619897,0.386609702941993,-0.109031779657955
0.0262165,-0.0945332210180074,-0.0969826146408754,0.0274487932249476,0.616394489145738
0.887657,0.25835576540717,0.0324856099587826,0.341477322539873,-0.143081522555666
-0.536967,-0.269028884633879,-0.116911000969871,-0.254201987702286,0.610378377237396
0.690894,0.49016849889577,0.130424528012521,0.383855064453942,-0.625908799297103
-1.21264,-0.509123948461121,-0.0699757425566479,-0.412454569946132,0.668331163408971
0.824336,0.335264788083981,0.0618915572376024,0.304546067989482,-0.142966116415012
0.678595,0.119491611749757,-0.0370254728415819,0.234100773330214,0.571414182070545
0.903478,0.156291776328277,-0.0743308662035416,0.354922354656046,-0.281132252179619
-1.53199,-0.62798868320325,-0.06331967012498,-0.461145364135475,0.698727872859564
0.753419,0.407415602039474,0.0821734772481516,0.3459544745255,-0.953212722752774
-0.941212,-0.427756846090591,-0.1520719340037,-0.446233674875187,0.452308745434888
0.64157,0.532539333472084,0.186847521543277,0.339971085254706,-0.716848620260226
-0.926868,-0.416809341458735,-0.143084352554736,-0.447977096131291,0.500167984470383
0.640941,0.524492515531377,0.149123109041942,0.375598248717683,-0.29579726271245
0.0323615,-0.0900228241938673,-0.102996711945631,0.0321353351419687,0.563410982223025
0.885983,0.269474935516628,0.0507923260015011,0.334322685103209,-0.162957697191068
-0.572603,-0.305555233343783,-0.161415396319818,-0.300744888676407,0.610069504585036
0.695552,0.507916229462939,0.177639055086722,0.372678718075348,-0.647093468629962
-1.22672,-0.500250668319246,-0.0865982172148785,-0.589614752181876,0.669023912350375
0.827631,0.35388583811249,0.0477844627039699,0.313503065290999,-0.151775177128216
0.672506,0.120501178983656,-0.0506221035157661,0.294567984234725,0.570657489942674
0.905155,0.163374168139939,-0.0813821337665422,0.381394845904576,-0.296759452359195
-1.55005,-0.619256948421909,0.00243333833402565,-0.531081092567528,0.662814331618151
0.756622,0.449697937237964,0.0990928349912921,0.37282195838492,-1.21144686927867
-1.54761,-0.645105873461124,-0.101732055920402,-0.609922133059543,0.500065293808874
0.759146,0.443303134037139,0.0871775988523523,0.359808533717456,-0.990676594114366
-0.979282,-0.44991615762166,-0.0989925206219606,-0.516786114409626,0.552565324485578
0.639911,0.591195144759256,0.185505480282575,0.366502046230324,-0.0394645225957784
0.668875,0.121362263990707,-0.0409825917360939,0.275722766871965,0.602349648410645
0.901801,0.149423497143815,-0.0768611624252445,0.313996374107485,0.344901648009521
-0.0536996,-0.12163246776401,-0.0965940045341752,-0.0492082367192245,0.772620804692356
0.885189,0.255475032642759,0.0155202228396423,0.284599359627095,-0.187614131605931
-0.617545,-0.310164934771408,-0.093910074062736,-0.344272153551517,0.603316576059526
0.686865,0.51429327315465,0.135884206872887,0.368092610382417,-0.679823272363339
-1.25815,-0.487565901277021,-0.0706026823462412,-0.645752689584141,0.661637220153437
0.826294,0.373011660997816,0.0490457438422638,0.367236370263264,-0.167255850740884
0.670052,0.136301157882852,-0.0394807727965824,0.296698615527312,0.567409033843195
0.906834,0.171192864016911,-0.0986696290524765,0.378499170959204,-0.306282789177563
-1.58191,-0.599421474235223,0.0773357687626292,-0.656647563182918,0.699828148965312
0.757172,0.465349010708387,0.0787030075195304,0.375149689725083,-0.983303009281642
-0.984077,-0.424972927156675,-0.115061710433226,-0.456086275282197,0.512174248269322
0.644369,0.599367765296347,0.155900495213025,0.367829722901535,-0.333839951195669
-0.00540418,-0.0998389096628705,-0.0769465403483981,0.0266686711069659,0.564025293410406
0.896845,0.283593110515584,0.00140320073994023,0.384980592286909,-0.193006740172988
-0.602722,-0.277633261376097,-0.094713442410306,-0.286653628002936,0.606283336915116
0.695633,0.535319649298606,0.141870793562284,0.395793582222088,-0.699408847758752
-1.3053,-0.505702414817614,-0.0617694242774407,-0.634043969477687,0.624249432249324
0.830708,0.371133096956292,0.0516587729245672,0.393676250893454,-0.480376961520181
-0.0403182,-0.104826644120874,-0.122037794475983,0.0281167493978332,0.62056960463232
0.895031,0.285219923880971,0.0172489618049824,0.39497935996192,-0.213558902811057
-0.636823,-0.294736666946769,-0.0943929495703287,-0.300815244869223,0.60360321363716
0.690923,0.543927007654004,0.169386736955503,0.39640520432382,-0.707630730232015
-1.30473,-0.494646148285312,-0.0581118176295115,-0.635898669097656,0.661934163648052
0.826582,0.371686083517717,0.0404856939643394,0.382831688876071,-0.189764736677098
0.66469,0.139198569970667,-0.0514989290392599,0.344576608601852,0.561085513539935
0.906875,0.158625533909523,-0.100646926342865,0.394616779480334,-0.332220607331276
-1.63535,-0.594345035409151,0.0122888901732099,-0.702620777119009,0.695978673750538
0.752152,0.453273007869114,0.098474693380961,0.369234324609767,-1.01514038186494
-1.01925,-0.424525304148478,-0.101674343530184,-0.500101807342679,0.545867845630934
0.637837,0.593688638101022,0.182357149626005,0.338420322552896,-0.0694361297915748
0.673758,0.126465998488103,-0.0362904783818907,0.328601241415197,0.502296354099702
0.908341,0.158679221600804,-0.121430367524429,0.403246798476531,-0.314917248563922
-1.58212,-0.581705423303781,-0.00904603072882504,-0.70472968408509,0.697494650897084
0.755963,0.458326451341304,0.10182266496112,0.397830340124538,-0.99182015089974
-0.995901,-0.408565583535808,-0.112704815489487,-0.51867423324754,0.48952535589015
0.593195,0.37299151301839,0.112466527482279,0.179627533194164,-0.341274560681327
-0.0103619,-0.0926054558558634,-0.0986668697356351,0.0256841163684077,0.540003210956801
0.894127,0.283005163352307,0.00509348551504393,0.38588538953414,-0.201039688823245
-0.607315,-0.281168730554353,-0.0943165992498048,-0.340743823828577,0.600275572226266
0.688405,0.541290906740656,0.159801611567292,0.387941549106401,-0.707910358044533
-1.29661,-0.50705590875246,-0.111683389884432,-0.678148621165925,0.554575969639413
0.824278,0.368067990002161,0.090126990955774,0.399178258936013,-0.900589616365602
-1.01256,-0.414188937925323,-0.105729415943144,-0.534648227546049,0.550535536406671
0.636737,0.598581296734987,0.178948590447578,0.370979134910681,-0.347523997893434
-0.023302,-0.0957421111614585,-0.101326249090818,0.0142444442365697,0.557373897492841
0.894154,0.267114456378347,0.00251415366329324,0.388077039643387,-0.210743306676726
-0.62439,-0.27942767914286,-0.107693086696627,-0.318150442996149,0.601778270833223
0.687289,0.536607759731945,0.144388654144291,0.419531852458283,-0.699686571530276
-1.29826,-0.478207928850119,-0.0749458701793997,-0.667980441416946,0.661278230601261
0.827315,0.365838445311185,0.0490830693219455,0.37383178186568,-0.18817970343612
0.661498,0.122640944506707,-0.0566159918628335,0.330705311457559,0.563862753165162
0.906711,0.164921764957833,-0.0917223754010207,0.423759439095763,-0.319484837318896
-1.62492,-0.576317925898594,0.0283631269735081,-0.709254227588562,0.759363042296024
0.753307,0.481602507600568,0.0997965462553281,0.401881811501918,-0.58967572608795
-0.0376469,-0.0890077717726841,-0.114309536296905,0.0328910486158488,0.572747574810993
0.897659,0.27559563428668,-0.0184765967714009,0.367405917036964,-0.216378357935618
-0.62902,-0.270143270225144,-0.0933057346293092,-0.306219867732686,0.604705439581662
0.691239,0.58871044550109,0.153264820889445,0.39441609567761,-0.698732783616068
-1.29218,-0.456204204924459,-0.0838171085814145,-0.59537022092258,0.664138324538707
0.829362,0.378176812945879,0.0452982635770691,0.385552818776341,-0.181801545116911
0.669104,0.126848800036734,-0.0466129962411697,0.314748539294285,0.567441403469857
0.910856,0.146948914613804,-0.130877498153772,0.470002664979741,-0.312261706424894
-1.59439,-0.511817020014103,0.0474848917391328,-0.637248332509588,0.700492075286498
0.753225,0.47389058745891,0.0929292127389202,0.412732835628783,-0.983506620560671
-0.987768,-0.360510166695817,-0.0799139783031805,-0.456277237946423,0.552615245703189
0.640266,0.625420222943936,0.177113898387249,0.388763724986846,-0.0381555117919892
0.67903,0.124170228021111,-0.0546482783497244,0.347473686162426,0.606707987812199
0.914366,0.158604182208341,-0.123909913796107,0.500386290793667,0.345795871156779
-0.0626691,-0.0894668932971622,-0.0914176662237474,0.0158897751732913,0.781715621779717
0.891555,0.286656880408148,-0.0245042307084327,0.33801537695256,-0.188266469995378
-0.611454,-0.254256601276432,-0.108148590469394,-0.273397394581382,0.603381980044735
0.690212,0.565740545146452,0.142633376353025,0.386886905405902,-0.700934702007215
-1.26506,-0.437648705503433,-0.0631794318486999,-0.587453745105259,0.522781864661754
0.829669,0.384504973963102,0.0424639304029849,0.367016524596993,-1.11764899226733
-1.55099,-0.523893404879609,0.0140512075029305,-0.614860286594787,0.543681830430717
0.760106,0.464885236432169,0.0786797630368126,0.412165718405991,-0.999322742863442
-0.968403,-0.357666221231668,-0.065885182019624,-0.45421823358085,0.429615490707732
0.635585,0.624110928196926,0.153922221849332,0.374436514642095,-0.850613589902296
-1.25615,-0.440496361898606,-0.0581209669851348,-0.539317494830727,0.616104067088688
0.829736,0.36642085146746,0.0328869071198834,0.37516487807819,-0.170001954965174
0.677085,0.134397378297641,-0.0502943804712752,0.380789064083779,0.571582947035665
0.911801,0.153300797424008,-0.11227455260806,0.469845095490609,-0.293243317843121
-1.55895,-0.510456283448514,0.0157433287383779,-0.590821443108748,0.703759130415841
0.753314,0.471704425764813,0.0946774399016764,0.421029286397648,-0.953227553681576
-0.936861,-0.342946379044629,-0.103542054004402,-0.442979108666531,0.511115607089539
0.636362,0.610372205481251,0.18466865984799,0.404027725507218,-0.297081683004819
0.0312075,-0.0617803160280797,-0.0943957450031714,0.0978104347246786,0.57128597804177
0.898177,0.273912520365608,-0.0204221436872452,0.387425434906773,-0.130331526883291
-0.521193,-0.21822802185242,-0.0717839232429106,-0.218281738060853,0.692604754044448
0.688028,0.542205159651727,0.136599782697052,0.415213582910723,-0.0866529624776194
0.0557573,-0.0638160907816706,-0.121708663042196,0.0795275315993451,0.620816977210301
0.890483,0.271370815889547,-0.00834131533201855,0.389469783890968,-0.106931681577773
-0.485713,-0.199888773310831,-0.0921246768304747,-0.196357067000726,0.62584128088258
0.692508,0.537661713576591,0.13021085632573,0.423659722995459,-0.525606650062958
-1.02996,-0.362255662727437,-0.0658153244076832,-0.458305546177723,0.675095662513747
0.825723,0.35569006442508,0.0293935194308031,0.368446701091555,-0.0503161093121915
0.706036,0.127821168162295,-0.062807725282293,0.323374098819523,0.601996110245403
0.903421,0.162586373623393,-0.081948393191101,0.424907477668682,-0.1456950287189
-1.25067,-0.40750047533443,-0.0195813157194579,-0.454356555819751,0.716431036478395
0.754538,0.421354789168133,0.0857551385112374,0.399709863755392,-0.731801409032467
-0.708663,-0.283393306990114,-0.101593721893994,-0.336613738702609,0.488762733743844
0.64405,0.536951768514976,0.197699601360324,0.380652962163307,-0.502191306172
-0.665528,-0.256856011852512,-0.101949325733997,-0.324095090456769,0.529603873329756
0.649726,0.537378107843393,0.138911238717293,0.406556755283778,-0.119494578875365
0.173401,-0.013767416694655,-0.128764121723469,0.159355428754562,0.6030602606537
0.893633,0.26492023453559,-0.0293295211203471,0.410846500002973,0.00441057800670488
-0.334634,-0.144319832543472,-0.116691670469974,-0.129791333469844,0.643870656324215
0.700503,0.473534323611644,0.10158086379471,0.407243738070197,-0.417341312972516
-0.930851,-0.322793381100619,-0.0628800254847443,-0.40511317259635,0.692901611764893
0.833183,0.346665849828365,0.0267049657494256,0.358172063745031,0.0031245443149277
0.725569,0.141153848038601,-0.0686100847018141,0.411974461834835,0.618669573713879
0.912778,0.156486263819331,-0.100445692774485,0.448824871948991,-0.116503944498754
-1.19653,-0.405091771278426,-0.0152087642045498,-0.422553175698199,0.697937313626003
0.76359,0.40116870625844,0.0553282202252836,0.416153102424546,-0.893046579040065
-1.16259,-0.399806579307372,-0.0766418201372602,-0.441747479517881,0.548597822432141
0.765155,0.380375371234908,0.0576774033374962,0.417675964836589,-0.687620614309774
-0.663361,-0.260090540062993,-0.104974097052905,-0.278690865547243,0.588817149579484
0.650113,0.513940731214003,0.118996916293076,0.414357352672013,0.127292508189841
0.728864,0.131534560018071,-0.0592762325388426,0.354968275312506,0.64632209223466
0.915509,0.146580134510023,-0.102818902528391,0.447269847267797,0.461286868545486
0.142719,-0.0221281189219612,-0.0980174572140785,0.171788583875022,0.80709587719755
0.894024,0.236144772512615,-0.0424245884212083,0.416705787156887,0.0341933472912162
-0.306502,-0.124297658095336,-0.0438448212486324,-0.0791732238798103,0.650413087471642
0.704735,0.451518310575725,0.0694201916793746,0.418454803569659,-0.391699291566828
-0.899761,-0.296985955521583,-0.0865315086439526,-0.332783082076534,0.696897864725509
0.833009,0.310032877428733,0.00556741472497452,0.397373637219104,0.0200572065577167
0.732242,0.133446621098254,-0.0613097189456732,0.442263892353922,0.622963771693913
0.914201,0.148521300959154,-0.0906938060902537,0.498535947786806,-0.101845333634398
-1.1817,-0.352925080389338,-0.0154984504482363,-0.338307538906033,0.733869010809102
0.766784,0.363451437660039,0.0232568413373272,0.433731752609329,-0.663469147794348
-0.640968,-0.217670063119082,-0.0673829976899134,-0.174010516911993,0.560259479215922
0.6536,0.485793922981641,0.111067865568217,0.436103604766553,-0.087452346361458
0.214038,-0.00888741081525158,-0.0963257030036803,0.238345689221984,0.609299058609294
0.893292,0.221542788420117,-0.0537133571260738,0.441859380048371,0.0397370940888636
-0.295393,-0.125683001730541,-0.0923665647543995,0.0205522628020973,0.651875390623257
0.707406,0.422970822718141,0.0572245869456297,0.437258342971278,-0.383246790668948
-0.879071,-0.285652677179209,-0.127215279218467,-0.258041598109382,0.665246916985883
0.83188,0.275738981911511,-0.014413832423931,0.394530579844747,-0.191264361163207
0.196873,-0.00306303466323285,-0.0859264768815414,0.26295253816022,0.67150085561388
0.893353,0.229236645497868,-0.0528035752464908,0.459087063373803,0.0476347975757222
-0.281385,-0.117999332861886,-0.102714881487935,0.0179624239664612,0.652461064272849
0.704984,0.401978407195733,0.0590988242006021,0.434803554609806,-0.368549356610049
-0.870123,-0.256463022480504,-0.0416214331938753,-0.220151961379693,0.697778568722406
0.829717,0.290036496146167,-0.013094514313202,0.420656683138488,0.0363907987790948
0.739522,0.162493696224673,-0.0468890373986727,0.491241522668468,0.625995555009802
0.915251,0.153537603899614,-0.187228244555507,0.541368345695397,-0.0848164033184394
-1.14969,-0.329941649655777,-0.0389248612534156,-0.229658061365925,0.736458040893418
0.763907,0.325294406002325,0.00302862062463702,0.429856544645121,-0.630538745195807
-0.610519,-0.204578020951513,-0.0830976299351573,-0.0883716891786787,0.602754349193236
0.653206,0.422626611850365,0.0814714501339201,0.430002822569841,0.204607801868548
0.878127,0.165255936436327,-0.0829852453368753,0.525633574233089,0.589281324294314
0.894286,0.124120540094344,-0.104062949154792,0.538369319178657,0.174094637707801
-0.676696,-0.151048496626662,-0.0709448458968314,-0.0296067415626997,0.787288975890044
0.815042,0.343169040166856,0.0861542847166438,0.39596841594398,-0.226384867663013
-0.126071,-0.0840152053855298,-0.0803051311061207,0.05120031885506,0.637353127132467
0.681969,0.3558178812271,0.233818124800148,0.36861895359175,0.221739376129656
0.416018,0.0417602583033037,-0.090771998667076,0.340481102951512,0.632583510779881
0.781935,0.170385334350128,-0.0466024721647477,0.466264343462753,0.296100619926576
0.0911302,-0.0352030213873305,-0.0759185660530366,0.164509226881886,0.613846091793689
0.62091,0.261536476026427,0.156710955236015,0.384803668823291,-0.00936857689896448
-0.348778,-0.13037697938405,-0.0444674189861518,-0.0199017471817822,0.580495388259015
0.701639,0.196301407629811,0.0177128437799987,0.408620921978167,-0.0776128244005717
-0.0350296,-0.0581635070536379,-0.0663757173794526,0.0810417664027511,0.574659423921879
0.598489,0.309072196147424,0.218934594935827,0.394959270603392,0.281118984340748
0.473486,0.0496423019042905,-0.0896961598143981,0.368387586248318,0.608301676051025
0.783858,0.176591684847132,-0.0459518215417375,0.487780442177393,0.351186162731576
0.186039,-0.0142822799644801,-0.0807271362522488,0.215115057684974,0.583457326674494
0.522197,0.239618268299723,0.18387762626092,0.395778725526824,0.0832228138316128
-0.231583,-0.103598967188468,-0.0495923508823764,0.027344332421294,0.557068939310704
0.590686,0.172748273659086,0.038901716311445,0.406183919369716,0.363926164336073
0.876029,0.152558373230696,-0.0850262809653546,0.601702500063756,0.599996109727395
0.881093,0.147645283214725,-0.0949252448551762,0.594967553249312,0.300476952611558
-0.343758,-0.102793735999814,-0.0430081394268437,0.0116585975799492,0.689277522975651
0.504683,0.18965213061109,0.122396822209947,0.397522226968038,0.179188499147279
0.498729,0.0428827407447031,-0.0992248005120577,0.398853185093414,0.522340892339324
0.70672,0.155581571552843,-0.0373183274644247,0.473533930917763,0.372917453950409
0.240976,-0.0239111199578752,-0.10279685539485,0.243675123535741,0.524742819294871
0.452167,0.238861125821906,0.185036166631804,0.400266102687737,0.125233260823713
-0.177721,-0.0937200488731435,-0.0649211102618014,0.0653894711164565,0.534382604132907
0.600868,0.177934205152419,0.0375651744155226,0.429199586356251,0.382489535977123
0.872831,0.141623862411266,-0.0978863298248058,0.589660855492885,0.61424690763783
0.889788,0.131614388750574,-0.105287882826081,0.611960995467868,0.323002683980534
-0.279491,-0.0889902642520513,-0.0441692549093966,0.0466617152126859,0.662982602639982
0.498662,0.193930768725274,0.0999438277093488,0.400467805597962,0.0246192319613646
0.0982293,-0.0407268544409681,-0.0824533864384883,0.206199751183686,0.442585445271781
0.408183,0.245920905541278,0.217476348454592,0.396713580274822,0.50621857497835
0.873067,0.148973310999333,-0.0926757902303093,0.614563497836627,0.603090598681869
0.893256,0.143988740976593,-0.101444406512422,0.612405636933233,0.659423465173918
0.501439,0.05953820430515,-0.0826194049806951,0.401456002120466,0.756905024149803
0.703601,0.149070749993045,-0.0362824521138789,0.470611337274233,0.401478177935246
0.226551,-0.0190439582833046,-0.0959172756926258,0.280443000168122,0.515362193944884
0.428641,0.220075506086275,0.174117076646673,0.398142725619433,0.0959077058885566
-0.202492,-0.0889524515298386,-0.076825020473911,0.111282359689241,0.434740603580366
0.570777,0.156954745463,0.0208414218894245,0.432537212668473,-0.136329475924047
-0.263515,-0.0923137587745633,-0.0697316289222293,0.0832205587591736,0.441899800840501
0.46651,0.175797357028098,0.0821985601636855,0.410185389927084,-0.0143402060636167
0.0945451,-0.0414669937875018,-0.0903786213355888,0.224716146622603,0.336002987939709
0.349303,0.226636618146402,0.218854224381433,0.391078366256847,0.0734331478129433
-0.0959908,-0.0703932432387646,-0.0811655485937204,0.152074121664612,0.465793628468662
0.572319,0.16398876676259,0.0137035212964353,0.447341788697311,0.408608996716891
0.872558,0.16568996485406,-0.0868195666368482,0.616656169364757,0.605827464671849
0.888825,0.147657430587339,-0.108944297593377,0.619163261072205,0.322647125990458
-0.266679,-0.0655361509931189,-0.0384212523396628,0.11379573160171,0.632554330882314
0.434031,0.18097966603495,0.0957826026513596,0.403151198346286,0.0142299195419215
0.0802291,-0.0353607110564995,-0.0879349174639621,0.244393401588496,0.361863204759299
0.342838,0.213566539615041,0.224538026179616,0.380382773155734,0.319425517405072
0.496509,0.0608463763814153,-0.0967171217012362,0.438187573265718,0.473003099975561
0.704055,0.149947241436974,-0.0519417639201645,0.482300909830419,0.360695685505337
0.230907,-0.00544909681247353,-0.0998606335601015,0.318577124809256,0.52333289919297
0.357427,0.188490298587871,0.175275951560688,0.380425501013602,0.395086958838546
0.470945,0.0499338436324919,-0.107033211272021,0.420085842472815,0.485162923656234
0.698016,0.13157084679177,-0.00631256876293488,0.46768725421506,0.321967041554874
0.174742,-0.0393587019309576,-0.097757425350986,0.300679347229702,0.473573741184565
0.352493,0.127460347482721,0.178514219222937,0.371708552363548,0.0780903272376621
-0.212098,-0.0991718924721052,-0.110889053192936,0.15841978980888,0.464481821180952
0.547169,0.124781240552899,0.0331482639927535,0.405913538651636,0.358630456713651
0.868228,0.121277760852256,-0.101099523320145,0.587334473276162,0.586252380172776
0.891004,0.128411904566017,-0.109115003714477,0.612953512792918,0.300652455010068
-0.307161,-0.142165831011646,-0.0888099428132859,0.169828995692515,0.631004653805898
0.437022,0.109941378677704,0.102719714533402,0.3799814659645,-0.0233170864728165
0.0553052,-0.0655467471907572,-0.0763324767188241,0.230453080671039,0.295411351557478
0.265873,0.11434191657771,0.190331822755184,0.349621555974464,0.0923278569713263
0.0406149,-0.0838765945739214,-0.0890833685974948,0.229613906427064,0.288328287127898
0.306109,0.114157233296567,0.216077592339837,0.344843707583261,0.287008208839609
0.480552,0.0228628906509957,-0.0962061834310505,0.418830661724578,0.451892843641251
0.702194,0.107093456425535,-0.0274782690569301,0.456647351559158,0.344909147098889
0.232866,-0.028704898991422,-0.0986432828456535,0.296147926967513,0.474897912119264
0.345119,0.1140157109518,0.182080419454751,0.35268112472943,0.122564364462254
-0.163707,-0.129685500590327,-0.0924899325564243,0.173156608068075,0.45813895768538
0.530756,0.1379827649065,0.0699248990727036,0.405805462862024,0.379356502860999
0.869251,0.101730043048475,-0.0788515450423686,0.565259215269289,0.579935375672746
0.883735,0.0949498363362744,-0.0809534924332138,0.521813114605525,0.304846474234278
-0.28348,-0.127876996181739,-0.0738460204913422,0.170683709519839,0.589714459528958
0.3874,0.101609908894347,0.0916947564073709,0.37047840789693,-0.127539813615378
-0.233462,-0.119173737298647,-0.0714854391532264,0.177309805916126,0.335227478012549
0.399215,0.0761083997130755,0.0630693509743622,0.367685065381888,-0.0146708327019833
0.0854117,-0.0640519532417764,-0.116156638519364,0.236279912525278,0.323847216394557
0.236837,0.174749572181821,0.249559320473177,0.320029968388173,0.492737929051487
0.87101,0.105216781417306,-0.0772165450063781,0.578418557597194,0.526511958261831
0.890742,0.0749482617094594,-0.111546181327346,0.574395248511112,0.641561443436173
0.492685,0.0729910800733706,-0.081329868648171,0.398543270272166,0.740106781554662
0.671079,0.107409680939764,-0.0368754320683706,0.449984315554567,0.396924435064897
0.234468,-0.0100992236763879,-0.10018382590736,0.29450678000078,0.475877532302453
0.361392,0.211012030227043,0.234626445937401,0.338988227414945,0.120656568788817
-0.171548,-0.0567098381975767,-0.0734703569745763,0.172222707766737,0.475633686294303
0.555529,0.110488911319485,0.0194861027642305,0.413553741979652,0.377771366290956
0.870037,0.115670535104632,-0.0865210799402287,0.569181478765763,0.592766019466478
0.885398,0.0866187216717183,-0.0786262036571061,0.582545542896897,0.31974992596469
-0.259982,-0.114151376126146,-0.0975863151710357,0.164259953119147,0.611156270772124
0.393694,0.083798121141836,0.0763793488086393,0.362860952789309,0.000995839927532015
0.0589403,-0.0784074236624163,-0.0904598054707181,0.248454961379094,0.300098645778101
0.238499,0.0900699595868072,0.20547084555988,0.328925543462026,0.30333474046201
0.488942,0.00921600305764296,-0.0979855403344059,0.39806461578187,0.418132129956275
0.68577,0.094680902681464,-0.0177235736546737,0.458099308888634,0.34385079516632
0.238142,-0.0165784737634538,-0.0933128445378187,0.310579013736477,0.448838913224348
0.298705,0.151220461211103,0.212176225746498,0.341165816852507,0.128574494509911
-0.143608,-0.0681097756857804,-0.0767097782306166,0.162640397628989,0.413804116913097
0.531667,0.114909481505715,0.02856954294705,0.415237329729896,0.217179466884673
0.490276,0.0355366808461114,-0.092872761878033,0.428877352256615,0.536437301111459
0.700476,0.0933253934582793,-0.0278535030991814,0.455807087671478,0.365218172241673
0.245758,-0.0427618715768517,-0.0970603818337127,0.288881485851823,0.463298535020003
0.31056,0.182045595809921,0.199500104776043,0.34081873706798,0.136988151396497
-0.140909,-0.146500166141236,-0.138722418964075,0.180052136901811,0.437559570411909
0.514115,0.0838843283973347,0.0416597896339566,0.416137860949202,0.389130363920604
0.871853,0.146271323879802,-0.0998025059900838,0.662548926745112,0.58101686676832
0.891315,0.11132060182913,-0.0955719209838027,0.656405693411399,0.330509377829785
-0.226824,-0.0327648033093085,-0.0338891951982125,0.125422697692942,0.602216343152464
0.362458,0.142072984015626,0.115357125288422,0.367090344911922,0.0291180892966247
0.087819,-0.0263889390677383,-0.0787024809877053,0.233183109014065,0.298426755773798
0.200104,0.149883652953248,0.230420987650955,0.317876261788447,0.485719204838992
0.872571,0.12996636141907,-0.0880955809531614,0.630597521683752,0.461484749374406
0.892289,0.100590356870131,-0.112100626597952,0.617692101057739,0.306718425048215
-0.24636,-0.0489656171195518,-0.0510587597144131,0.125325310197857,0.613750487047142
0.396702,0.139331358262675,0.110007561906778,0.367979964064034,0.0151451384330123
0.075235,-0.0235299442104754,-0.112487217719858,0.223964407743666,0.31172938752849
0.259649,0.156210889039786,0.220617535521997,0.308672553290093,0.313939657179592
0.494246,0.0671604465892146,-0.0974751818140858,0.437735396085391,0.435490639118377
0.700887,0.134733899910374,-0.0354851692927105,0.487812344153578,0.35322964688717
0.253883,0.0187361713841572,-0.0873693075598485,0.298739412920299,0.44854027206316
0.280036,0.147201453585146,0.155284934632868,0.330664925654575,0.140678539828181
-0.121483,-0.046509626677538,-0.0616839063180033,0.115554969199828,0.373520546110689
0.524422,0.141398043510119,0.0203494235691993,0.417640381847658,0.022789832112251
0.0794535,-0.0162469195291516,-0.0722031957667891,0.199612960361878,0.346819256475101
0.210924,0.158024296346217,0.213325629950206,0.304035035746488,0.325312446302485
0.498435,0.0547790026481489,-0.0976993376467098,0.436650969036438,0.412811571602
0.68971,0.146670720155216,-0.015666661989335,0.505087374771732,0.360614165048002
0.264554,0.0191612376282284,-0.0788008531591319,0.301607643767126,0.469934428262521
0.337199,0.201124705699153,0.206379628103187,0.325354458740268,0.157743439806132
-0.110952,-0.0281480712789901,-0.072479473757087,0.120890796031219,0.456950903469857
0.530741,0.13992386443,0.029870465737943,0.42523814644879,0.403576661607897
0.871262,0.141675222842411,-0.0900716160064393,0.65160288342758,0.591049343051519
0.890932,0.113203896090632,-0.112001681640461,0.630742706800274,0.337779930921629
-0.225126,-0.0171285313181591,-0.0378265882440244,0.103606705701613,0.638178493847658
0.3771,0.14761611418719,0.104221475916396,0.359370170305557,0.228082604196131
0.494694,0.0638326509763333,-0.0995231645562702,0.427365790213257,0.473504158433437
0.699407,0.13513646328339,-0.0337167827803548,0.475139317179082,0.369953863357436
0.270882,0.0246165705257211,-0.101118503819382,0.280844367410324,0.473842224873951
0.332302,0.208822045636513,0.193922681231084,0.317210383324377,0.167023587349446
-0.0977632,-0.0214949450442689,-0.0590543778391985,0.127632780987902,0.456927907688303
0.534156,0.134178619719293,0.0375797883809329,0.418529504553568,0.409392619929232
0.872168,0.143156555135244,-0.0913329218452606,0.624921553190116,0.593641332316798
0.891924,0.111985668316127,-0.104908558918043,0.623549422814418,0.338056923265736
-0.216885,-0.00551766921779413,-0.0339799916277774,0.136154449504612,0.61250339095
0.382986,0.147285883379526,0.116083904105223,0.354263205095258,0.0404127245812104
0.0917654,0.00774217353614395,-0.0672097164053504,0.203140736875896,0.343275636368949
0.281097,0.170192562435691,0.247021361650326,0.290695404429003,0.495869120007863
0.871006,0.148441201233412,-0.0894953116540509,0.635076687976403,0.547936923945787
0.896562,0.107047862711452,-0.0956426492340986,0.64239792786363,0.642808542952168
0.488686,0.0729958830080231,-0.0759172117067562,0.397119115772668,0.743570040603865
0.67291,0.14179873073758,-0.0218804157554575,0.485582897073172,0.393970808898582
0.237626,0.0176120006076789,-0.0863502313307335,0.27082448835606,0.456141524128551
0.31514,0.192221345697427,0.208231587155989,0.317037773406607,0.117719091898619
-0.147949,-0.0308494095772982,-0.0625759072155316,0.114503950033976,0.360167601983838
0.508263,0.12321604554853,0.0268242528580896,0.418543650745116,-0.121364849881257
-0.250634,-0.0498012055240598,-0.0537439078990996,0.0902659351364719,0.374279440530015
0.370369,0.140761609929283,0.0997328526574409,0.354809520564078,-0.0297442314221049
0.0772465,-0.0200293157312365,-0.0839567468240771,0.194657707537956,0.229404311105031
0.196234,0.157602258018988,0.243720485035031,0.286161182279967,0.0536461948587033
-0.101545,-0.0374405755839336,-0.049187303525194,0.131106028564681,0.372097375231775
0.509942,0.128468964586755,0.0238695390076174,0.421338207887646,0.395470977056492
0.870129,0.150403620806469,-0.0855118338174619,0.616510481057345,0.57952612297512
0.891261,0.13410234098887,-0.105567976483199,0.636935697825883,0.324286719631444
-0.234126,-0.0318266242541244,-0.0404308757177643,0.0946724899188816,0.586722515845734
0.328904,0.149997737703969,0.139353063192027,0.350643904938032,0.0188270784901791
0.0743911,-0.0146688972275935,-0.0777926649715912,0.20005923436932,0.273916511109281
0.237232,0.164456317447539,0.255650938953307,0.282713183705745,0.307488990481933
0.491145,0.0635993468595224,-0.112904950105483,0.426387549674908,0.42153440628304
0.691476,0.139491511907863,-0.0358934351675611,0.50300383680696,0.352117213475117
0.246026,0.0094690640600589,-0.0882696389169189,0.281077377359401,0.477970923929848
0.266433,0.133012843763833,0.213547881242872,0.314211891491798,0.400807721630689
0.474066,0.0737018760907722,-0.0717457046032288,0.416949468296901,0.440454404333204
0.678909,0.119819351764224,-0.0118293963081538,0.454625503033815,0.326116352898986
0.206021,-0.0240307096113076,-0.0815488820680618,0.283549597489119,0.432828487158712
0.267348,0.156943265064246,0.166819443422675,0.320754316268794,0.118195974885905
-0.140693,-0.0450703599434701,-0.0722596313625955,0.135821235829154,0.415258291465883
0.511884,0.146356547296013,0.0297868401539726,0.420313647329611,0.384938090340079
0.869533,0.126364739608369,-0.0992136790753398,0.583034370314711,0.578747323887877
0.893787,0.128582028518403,-0.0855763496914522,0.540330964216922,0.316397346264763
-0.259088,-0.126469430479841,-0.0739152165287825,0.225362459979009,0.608269836633532
0.381123,0.182726153799043,0.13814780423759,0.346876648010604,-0.00265452594822043
0.0672738,-0.0140391973459253,-0.0789051782267613,0.199864316628027,0.241326279562323
0.186638,0.159314448843867,0.225282125048193,0.293051959450524,0.0960851535349403
0.0537136,-0.0159478448057279,-0.108618715079739,0.207331775406837,0.229621532945314
0.24673,0.193620833772183,0.266592944600866,0.282316687692376,0.286974086605639
0.479676,0.077324249719688,-0.10349357309177,0.427628948948433,0.425249892126808
0.699707,0.141939166949071,-0.0346733043284771,0.473563648080706,0.337895271337417
0.234514,0.0248930041999783,-0.0920500780139135,0.287864344594558,0.449417293790278
0.288878,0.114022774099082,0.216035445093351,0.310431410899329,0.12370559122149
-0.157622,-0.139233782694451,-0.0963063767264127,0.191050142528098,0.421650932903342
0.501197,0.134301475773196,0.0453756368160952,0.413909779396683,0.377784846985724
0.866295,0.134737434680322,-0.0663314984077719,0.544443776374719,0.571693510482359
0.891227,0.132231871928885,-0.0932943556331052,0.659658650665896,0.310249908711302
-0.256531,-0.0394467656838751,-0.0321004475124406,0.102302031636237,0.57315963137482
0.343934,0.150338169860609,0.110084441536638,0.348624736919914,-0.120946091886665
-0.237967,-0.0636230491431589,-0.0598996920653335,0.0987349322680863,0.296173655444929
0.349946,0.135164573602669,0.0945044507527266,0.349803196622596,-0.0285426998581455
0.0724931,-0.0310822616522092,-0.0856526709582902,0.192514331704961,0.275821056013941
0.175082,0.0925976456413779,0.199117274549324,0.308456920987387,0.482840232240292
0.86764,0.130143614061169,-0.0992131416231175,0.590424341821113,0.500717880175432
0.897266,0.136182343468253,-0.0917470383882579,0.566198222031144,0.629277465954915
0.479265,0.0595511139846271,-0.0939375942040349,0.383932142219206,0.735270924763974
0.656941,0.146567299939048,-0.0248710370479918,0.478170740660911,0.386412357311618
0.229536,-0.00158122984350402,-0.0862029227999935,0.272249903875494,0.449031422397076
0.311935,0.209327601855839,0.216214541402962,0.31991619640979,0.124175178040707
-0.152214,-0.05834811722385,-0.0845822204390669,0.136318848117031,0.443594196861668
0.53032,0.142840809763426,0.0382869789461355,0.398099630982151,0.383858403933142
0.87079,0.165446227744366,-0.0821686771541902,0.62152786276506,0.587941808140431
0.897028,0.143702555654932,-0.117254503549238,0.655932272796849,0.319892347586082
-0.252188,-0.0593528715514652,-0.0535299024177839,0.107563690951344,0.602615157599311
0.361409,0.161629604522778,0.116286049125839,0.347939603297455,0.00778554717326971
0.0737164,-0.00280583743104695,-0.059785812310054,0.214209332058544,0.263505014889412
0.184583,0.186910699726649,0.238527238965336,0.294931493252079,0.303928241386455
0.481214,0.0720097446733728,-0.100860493032213,0.420972011326855,0.392957965505974
0.679062,0.165834810571625,-0.0236293643615654,0.496462403421869,0.336864996791006
0.242563,0.0269106289756809,-0.0934514555792128,0.30536057697751,0.430063528910164
0.258275,0.209202832236485,0.206324761714657,0.322609012752246,0.144910218932531
-0.105686,-0.037530044017605,-0.0634310379869475,0.150522328876534,0.389571815105647
0.514903,0.152535914582812,0.0354152604917291,0.403066213870284,0.22998142837303
0.48803,0.0688899892652797,-0.102335625999822,0.416950799086725,0.532581603014541
0.698965,0.157949382027692,-0.00558900964674762,0.462174141204619,0.376005605984455
0.277127,0.0288906134246239,-0.0869758512610602,0.291506163590377,0.456881695140287
0.285539,0.170983860257125,0.191715364609445,0.32045920234885,0.184326810254966
-0.0602224,-0.0357732246104363,-0.0574536758071258,0.158528835630581,0.427870224932393
0.511376,0.155338257822607,0.0472962642863179,0.414932800626351,0.423013471889428
0.871425,0.182395439913891,-0.0991641383105087,0.64338156157664,0.591925587641655
0.893987,0.152374119227486,-0.100098628652918,0.67075103048111,0.370813716054532
-0.133888,0.00581463027738146,-0.0356960388515363,0.114522910843536,0.606191853021183
0.359311,0.166038318559743,0.106001258216008,0.343206879629236,0.0961944423167447
0.152315,0.024548667809282,-0.0646624474140713,0.226351620284283,0.302952127777984
0.200578,0.203483888355048,0.230154550421177,0.290203916938939,0.511869960778287
0.876112,0.190459627301428,-0.0676180463021392,0.612595473557531,0.442888892517307
0.887532,0.142736234241113,-0.105163594319151,0.650762986986407,0.168935133165269
-0.591571,-0.101002347234209,-0.0810408262924956,0.180587414934314,0.65722144656813
0.521949,0.191437060196325,0.150047959748066,0.335447027108331,-0.185613054531641
-0.0831937,-0.0180126422375236,-0.073782533114492,0.172656668561816,0.433357271712508
0.479008,0.201966371481106,0.25899991805522,0.30189223915796,0.232634092752668
0.449227,0.104524468948024,-0.0872004473478359,0.404960443572646,0.522595484202082
0.719878,0.149185946482971,-0.0359415049532909,0.459373825313151,0.314641699141435
0.151091,0.0402785213013757,-0.0790535892111618,0.262700300418636,0.533401450079959
0.48644,0.221938105487302,0.228720139706056,0.305326392823511,0.0316083049162952
-0.285368,-0.0260122580389476,-0.0284599726747214,0.115876943356084,0.47628973020545
0.580872,0.151065337198322,0.0434226627240921,0.381682702468999,-0.0517670980283815
0.0238832,0.00838421777719273,-0.0686109315604711,0.187138684246569,0.405695988922596
0.313512,0.180942805170275,0.276005015593916,0.28503638652084,0.30331027173376
0.501169,0.104020751667359,-0.0905265418845771,0.436781871105058,0.440865178989061
0.66593,0.166685128441727,-0.0207112549973201,0.478002194790415,0.352841055498589
0.229017,0.0404103603231067,-0.0897862110864065,0.308015557791385,0.461674730285144
0.348704,0.188456573278584,0.244816508651838,0.292156244643584,0.113741009938317
-0.163299,-0.0282325881890758,-0.0801040630252489,0.139329626209576,0.4240554944002
0.447529,0.132211182626257,0.0459453324476734,0.377505486540658,0.382021800024971
0.875602,0.188280315697196,-0.100116245993589,0.621060226294955,0.542310204560065
0.875538,0.1470975969091,-0.0986297722585212,0.663533828493595,0.310196376541406
-0.264196,-0.0168131523751376,-0.0438598694439037,0.127288270751149,0.584182034424958
0.265651,0.141715840559051,0.148811043188971,0.313000279128117,0.213784671014393
0.515536,0.0970020363970513,-0.105166202924811,0.428557195386011,0.386931584833786
0.615075,0.149718827203267,-0.0241681194845747,0.447690627247507,0.366582991167298
0.279261,0.0501002032876217,-0.0942530078301897,0.302386332294036,0.3829292202411
0.208179,0.186383644155589,0.253847570143767,0.272434925669733,0.148466393332837
-0.122775,0.00510790466856561,-0.0644181663767469,0.155528233618379,0.362933906126309
0.437309,0.14887283027146,0.0467178627524504,0.376602492721683,0.392102406878085
0.876899,0.171249324509975,-0.098458123685356,0.617922871764372,0.544860310940331
0.880288,0.133862876447055,-0.104164251657904,0.617855117444217,0.334249290467057
-0.199545,0.0225662043704366,-0.0547694727510736,0.139578895203457,0.562876916637888
0.273899,0.148487954935819,0.162615675745652,0.309191945451322,0.0627610738865483
0.147954,0.0503994862344824,-0.0647586641298075,0.262887434907784,0.244118948669383
0.153916,0.192099711101549,0.297556191339175,0.254322585384858,0.514853605431912
0.877081,0.16219063777102,-0.098163163535531,0.627168776982111,0.491915684235553
0.882994,0.139384367062515,-0.101517043276777,0.668592406899527,0.645945578166092
0.521251,0.102844193689987,-0.0795727333672309,0.424341851093783,0.699925460833276
0.581766,0.132934014852091,-0.0214681546562835,0.438676558228826,0.417743645355725
0.281597,0.0455876240167658,-0.0951420213411219,0.312042621257351,0.367434671790077
0.187637,0.195757075913882,0.24609262921329,0.259486139028112,0.146226998615989
-0.097439,-0.00697322838527385,-0.0632027921276217,0.135811629011079,0.267034752999931
0.400168,0.12527647884456,0.046853371519622,0.362598986248268,-0.0741844894337773
-0.153969,-0.00254573427667888,-0.0549097718174736,0.127100167683853,0.280080328339558
0.241282,0.126952014613586,0.116805544652612,0.301296096949376,0.0352046238544052
0.171852,0.0439752444781354,-0.0670128783425753,0.270359649986005,0.11460740661244
0.0302908,0.168984835403042,0.295071242961459,0.23949725337268,0.122607162843147
-0.00101203,0.00933788032653897,-0.0623551599998845,0.208273130885901,0.262920896855292
0.406271,0.139828223598937,0.0503953805107758,0.364177062997132,0.431756476867618
0.877924,0.157967240644374,-0.0898870010213999,0.625666624908752,0.540908542332418
0.877743,0.136628525207469,-0.102563969389837,0.658459231258313,0.363487119473916
-0.118506,-0.024071226103236,-0.0539173029243762,0.134847597716678,0.531314710873388
0.199866,0.126027283733632,0.134206773743962,0.295651151405912,0.104199416317972
0.182114,0.0226557596931508,-0.0842066730130549,0.263873590316273,0.168660479300928
0.0942747,0.158928878500419,0.301133878754346,0.214041950146058,0.366947856870381
0.549355,0.0922787914942946,-0.0953141767241864,0.459346111487144,0.340360322705755
0.620952,0.135195249271819,-0.0261340268633667,0.456497185093551,0.393737266141929
0.327272,0.0580517537240254,-0.0608100168288284,0.337268067934139,0.387710431511362
0.110918,0.141067186842295,0.222212174188447,0.2389752916567,0.453527245883562
0.535392,0.103152519834967,-0.104181192425375,0.459903420082201,0.353848632370192
0.609217,0.147004061650187,-0.0280437367667449,0.466766703812332,0.373332544418529
0.295947,0.0577077021676054,-0.0924516540777642,0.341009093678335,0.353433584334373
0.129013,0.149684959656212,0.238624661332767,0.240179442805419,0.195711107158606
-0.0247691,0.00543638811051222,-0.0603970523218452,0.171566722387131,0.322123410958395
0.41783,0.127468027106374,0.0407344889319004,0.362570197852569,0.429634554080044
0.876731,0.174526441751979,-0.0860889799713806,0.648239541168385,0.547669567611478
0.883262,0.155344714803425,-0.101604600873099,0.641822229765621,0.362349462427147
-0.132351,0.0402526578402155,-0.0360394302197457,0.176793558739979,0.564077198389128
0.27257,0.138817685832521,0.154553963878399,0.286826437620167,0.09533868897971
0.191475,0.0387470797403114,-0.0640150650262329,0.280028691565719,0.15013704160269
0.0461298,0.0789452654685765,0.230811026852528,0.231033753049355,0.187842078856769
0.178596,0.0377679165185144,-0.0787952256656549,0.275064487307326,0.121007308429984
0.105097,0.136223285706378,0.297917198934537,0.207170440160495,0.360489285511473
0.551754,0.112381257030704,-0.074193606639018,0.467408009042268,0.3564694322642
0.650885,0.138345587455227,-0.0182680552524764,0.443633555569871,0.396496523326303
0.333018,0.0460731824619996,-0.0883102043493711,0.332689900639331,0.392779268864261
0.174158,0.150162974924366,0.243348410521922,0.20318204988322,0.226223570026724
0.00327071,-0.0142500970068732,-0.0662181113878384,0.178025951257671,0.34452443363121
0.418927,0.117259092604938,0.0412751937409392,0.335559544776956,0.444540199881788
0.875851,0.149765987644228,-0.0790930165062462,0.618301631088642,0.550900186506819
0.882916,0.1171787477478,-0.0995626783371075,0.604409901718227,0.366590188323832
-0.111108,-0.00646039533776553,-0.0503842521222756,0.146354589555656,0.531747543745384
0.232908,0.137451484782969,0.147873477183936,0.238346408972849,0.00221956033999928
-0.0798021,-0.0239578544636083,-0.0562981505846322,0.1380780542027,0.222522089942143
0.250458,0.102605392961563,0.11527307918232,0.227846415674018,0.0772388448233725
0.200859,0.0012886672635047,-0.0678918249115001,0.239328807054293,0.174048117470952
0.0120052,0.169868669630737,0.280420944035657,0.133247227148857,0.536441102528411
0.877178,0.12907453645287,-0.107318620110681,0.589968502187337,0.438457237686018
0.886315,0.0945878121979035,-0.101815899321715,0.599242019116148,0.652563163442416
0.552392,0.0730020263213962,-0.0784750992674612,0.383637157681372,0.712667886310773
0.603401,0.120002511423015,0.000824974416903671,0.389517255049754,0.453990509042562
0.327886,0.00249252599382847,-0.085077106332558,0.273201327875804,0.400862756329528
0.219015,0.182995445695005,0.252641020682751,0.14611473090281,0.226917022638282
0.00864349,-0.0564918589152333,-0.0689482403534084,0.146160044777582,0.378591389401289
0.456016,0.0998229053880323,0.0466676397031442,0.261790145645569,0.448619595868686
0.873294,0.13739112935392,-0.0850496292191394,0.512323174398157,0.568308715583277
0.883297,0.11574395011762,-0.0974476343902003,0.566466032119763,0.372914372004187
-0.107902,-0.0569972852952973,-0.0451436052579757,0.087235488121675,0.556043910625276
0.252974,0.108215241487911,0.144325777723677,0.164411439178134,0.106164520387443
0.180776,-0.0143975343565917,-0.0785371863732149,0.200250659375281,0.176257604257761
0.0577826,0.154327844567639,0.256597704732,0.0716878901208264,0.368436348497166
0.545832,0.0715544424087535,-0.0989361716639152,0.388866940037875,0.325649797947094
0.622344,0.131576062560032,-0.00233779711552469,0.398888632009265,0.388493783191036
0.335381,0.0276424828162622,-0.0688045249415714,0.285616158183356,0.354970674996414
0.116786,0.150911296536966,0.234095813978221,0.10491168051052,0.22197996070311
0.00367737,-0.0495774201940329,-0.0689962172720655,0.107068450193089,0.2968033430478
0.417722,0.12083516751561,0.0540324713235224,0.232493394118189,0.289839748660086
0.545462,0.0748362214257442,-0.0813651523079783,0.391246351263969,0.478096063629988
0.646543,0.143904728553554,-0.00636017906304522,0.369090503603738,0.41748546391476
0.345927,0.0251181981060618,-0.069831652883156,0.256876307554295,0.391857155983657
0.166773,0.160526124817616,0.209056564061267,0.0901209381928773,0.243185277782686
0.0322851,-0.0314319804308299,-0.076785210787482,0.0879926682495359,0.336012773970492
0.404587,0.12116580090472,0.0421001766460446,0.221665499982462,0.455790192858395
0.873714,0.152032979373972,-0.101496335775955,0.534326768549725,0.547751407453472
0.881947,0.125698491043812,-0.0938473032712752,0.581817423533815,0.37557841113372
-0.0871159,-0.0282658895992115,-0.0396050919799876,-0.00581370047895345,0.533578242244489
0.202843,0.150111014040527,0.144674769049318,0.0894497737468611,0.1131062392164
0.183518,-0.0257481070648792,-0.0618706565760778,0.14669788533392,0.136939222392825
-0.0216464,0.152974941581775,0.278270268712995,-0.0330184123041016,0.462443273556086
0.817193,0.301779343984377,0.045755358296467,0.323919373809906,0.161645903334378
0.87012,0.126182080107818,-0.112304667027543,0.55560933772845,-1.07004776382789
-3.35597,-0.636774483058405,0.124818867122007,-1.1862578921714,0.477966749746309
0.451529,0.208488716042967,0.160896231979156,0.112277385474479,-2.26995303360943
-2.19185,-0.362288694789979,0.0346742656267336,-0.935044792086109,0.152566442035161
0.454862,0.234202729684411,0.270867352833631,-0.00159488521536933,-1.12216536514788
-0.517183,0.00294564060449781,-0.0442748702587462,-0.109738013665729,0.261038748027585
0.726665,0.174188201997868,-0.0435199035678499,0.275766077299452,-0.886345455767422
-1.60048,-0.228776644001232,-0.0414904169629042,-0.647192242768151,0.31570270033365
0.516431,0.262060778285344,0.215429396322387,0.0267947001913359,-1.84536213362218
-2.87976,-0.514594476308088,0.0261728088323804,-1.37763873607035,0.239392278425362
0.613665,0.183329856720811,0.0357911555129074,0.187501316118703,-2.17380458012921
-2.32325,-0.406226328491598,-0.0260214396066551,-1.12994967684693,0.207396465203139
0.36927,0.225080045396206,0.27128700299002,-0.0302131012118231,-1.17333781671546
-0.534135,-0.00475709761469901,-0.0481848203331299,-0.184636806044097,0.205204253406899
0.703333,0.154547866385893,-0.0299434126166381,0.316821765774587,-0.921375652342193
-1.63285,-0.244508386208835,-0.0492537254532648,-0.753585096087147,0.252586610232121
0.402569,0.224836616875255,0.215560018075998,0.0122928696783278,-1.87987822410889
-2.97792,-0.563714429332146,-0.0179068556654558,-1.53730390767139,0.34034802302878
0.49745,0.159543747418883,0.033689588036687,0.182295350328212,-0.882377689670653
0.820261,0.312489094290134,0.038829656621042,0.321768652052577,0.181721497306358
0.875604,0.14102416599932,-0.0916378488754303,0.510653966545915,-1.07271621564544
-3.39275,-0.728852738828073,0.000564621854478475,-1.51058725217523,0.539833170886883
0.331115,0.169071307504743,0.158302075331944,0.00764499220581054,-1.55176959337693
-0.46804,-0.00932050305938283,-0.0753678288471099,-0.261832126938856,0.103864711844056
0.633236,0.153277488316414,-0.0232480097230883,0.265264811698239,-0.871116620475399
-1.5355,-0.235020336902836,-0.0307107068331322,-0.839487026511398,0.173686802636263
0.267946,0.192905514069289,0.244613661252263,-0.0484254752635518,-1.80434765971916
-2.89199,-0.579274909530453,0.0471231713338444,-1.59033380091166,0.300449551072941
0.525186,0.168155923619486,0.0460129456905431,0.15558624354493,-0.854597469490652
0.817894,0.325560012560384,0.04125781786476,0.307095326807366,0.197755808613279
0.881754,0.144110966925073,-0.0991968131153407,0.490043526183574,-1.088690611911
-3.40223,-0.70183350293788,0.100534564001497,-1.66123285856393,0.453743429447299
0.40019,0.187730738382371,0.131169358844469,0.0205206625718926,-2.34334497300779
-2.32261,-0.437432595364089,0.0263190291797916,-1.40150079100238,0.134564266744943
0.26259,0.188548667241651,0.262410193353117,-0.0901445490654162,-0.592773146211103
0.818651,0.345033584464938,0.0454850428270999,0.319956561428774,0.309667406824956
0.890542,0.163628598163714,-0.108309398008261,0.414496791495666,0.131629025294733
-0.557139,0.0054614686210221,-0.0357068808443334,-0.444616723366385,0.604127132535689
0.655856,0.162233801551146,-0.0356725837832426,0.239271121794135,-0.87038001870142
-1.62552,-0.266032848144803,-0.020761734058141,-1.03455817975189,0.205335134984938
0.326806,0.207664911669766,0.206862702070899,-0.0584507177181866,-1.89716087681236
-2.93407,-0.603097817678816,0.101406998328665,-1.80581654289422,0.0601341299509619
0.547756,0.173887229608024,0.0431812093161693,0.0785976469126569,-2.66567548716402
-3.36363,-0.744057970756412,0.0556740918843176,-1.84720992216306,0.0797328304758767
0.432234,0.187103287456338,0.119442505168535,0.00879615789901517,-2.42694690124109
-2.33536,-0.484584989951983,-0.0770357047522662,-1.51219176372345,-0.107271517049107
0.239305,0.181030058766166,0.249342364106279,-0.130200615185301,-2.19344745599588
-2.91682,-0.624101399024099,0.0298018032107279,-1.85809831526744,0.241363936409859
0.548714,0.180067242521935,0.0376153212176155,0.122750848814585,-0.874792873510395
0.818283,0.36360238199938,0.0443696366598785,0.311963995123305,0.208572249982733
0.886633,0.165418318013804,-0.111758546322,0.468710040595446,-1.07582433254525
-3.37482,-0.7395828224625,0.0619868055582018,-1.92316207680115,0.455994175440041
0.404994,0.18576161711819,0.118290245321604,0.0117485476322795,-2.34539389821008
-2.32558,-0.47401152429074,-0.0199500158075384,-1.61083833722518,0.0531370056077696
0.266854,0.199979407646923,0.260013289260218,-0.0958972071114202,-1.17376133660165
-0.494532,0.0110084741912812,-0.0307987366623718,-0.501494203507485,0.163748409231701
0.702086,0.184582196231447,-0.0278162726529412,0.288207896761052,-0.876156011709639
-1.59421,-0.252881103956219,-0.00655528423462308,-1.15842370328926,0.379583830948725
0.332531,0.199430853239824,0.201965047778763,-0.0759772995019603,-0.824547955090027
-0.508476,0.0098797755001912,-0.0334106487943775,-0.509298121794046,0.240862593573512
0.696435,0.187346741283045,-0.0263386333666274,0.259280910352115,-0.881785789069764
-1.571,-0.245509590147859,0.0190050861818219,-1.14595483981775,0.232846477186393
0.349096,0.208253165145708,0.208962073695317,-0.0628193349018807,-1.82989202371149
-2.93273,-0.603574056917058,0.0949403731127169,-1.89548316071997,0.352092318516531
0.569476,0.187902074498212,0.0467759602984498,0.156864119197283,-0.866700092168249
0.818563,0.380701317781307,0.0450844064536967,0.328943892027475,0.214818024609369
0.888059,0.188356894798023,-0.0998152541550375,0.522373890304722,-1.10377782866949
-3.45158,-0.774589805282283,0.105943703102982,-1.9819014279516,0.477128631871577
0.452116,0.193144906126457,0.120146890393401,-0.00285648607542081,-2.37577407612594
-2.28468,-0.482258967367625,-0.0208523832273391,-1.64282177620823,-0.0333489442543606
0.316785,0.188779223846176,0.230931685006301,-0.103765472866388,-1.97341308235266
-2.38852,-0.480268827130883,-0.0141025196564022,-1.67647536105843,0.0925044783738265
0.305223,0.189210372526956,0.249466484938805,-0.0957433989463677,-1.18941133693902
-0.478295,0.0131260104700335,-0.0383691726862461,-0.492749483601268,0.182917550671817
0.723571,0.207273268737701,-0.0103744267746565,0.256165256109774,-0.886020136793982
-1.58935,-0.257354490797496,-0.0209101548596813,-1.17287202272223,0.251568958832968
0.375149,0.196304197909001,0.200936646342441,-0.0589145551236152,-1.86469925951408
-3.00202,-0.659262873210949,0.020949477743397,-1.96053940062473,0.366517108319475
0.579294,0.194575043149208,0.0374033324968045,0.145370345090918,-0.89453661959877
0.817285,0.395014210039611,0.0607262471376108,0.351852409947273,0.219011791569485
0.889236,0.184132894033088,-0.10582056088613,0.50466937610736,-1.0795639560676
-3.36519,-0.746515953108291,0.0710509115888621,-2.0952310124514,0.39781611007539
0.441567,0.194265793904492,0.135884300870465,-0.00288623981630774,-2.8403663786586
-3.49238,-0.836687639452399,-0.00140180253458903,-1.9434557308082,0.0473139761530329
0.479311,0.208970190953099,0.118069623411989,-0.0134450080376238,-2.41602292938089
-2.2458,-0.468013611474795,-0.0621880653743268,-1.67651615976464,0.150580438171086
0.25864,0.188816378787305,0.247494833050611,-0.119216259066176,-0.557852748604035
0.817345,0.383258592256928,0.0448192792772378,0.374381497199223,0.314613320771859
0.892237,0.190843349717561,-0.110875691761721,0.430775514802661,0.134778548036616
-0.550927,0.0115011978051335,-0.0285611737087626,-0.556017004351957,0.608108205428725
0.67237,0.199170022943313,-0.00591050050947821,0.301597499117016,-0.891830366739099
-1.68638,-0.29697154066129,-0.0302679493654758,-1.24599310142461,0.223998490821959
0.364291,0.234777499057024,0.217740269612493,-0.0535795882222078,-1.95349660716658
-3.10652,-0.694966184278474,0.0568326522882465,-2.01677479750609,0.35049107551761
0.568717,0.213566097031308,0.0439153595869587,0.148271284736176,-0.942179143551995
0.817384,0.395001925036893,0.0494800722429358,0.39971096762251,0.197161699103713
0.892222,0.198734389369617,-0.118343456296668,0.472585236762843,-1.15891865413795
-3.5718,-0.81285674570285,0.114710129815567,-2.06266101436536,0.466460493311054
0.440193,0.222741272339647,0.143267843251846,-0.0108055248814088,-2.4738457992732
-2.43289,-0.511519614192987,-0.00665395336948647,-1.68818744023732,0.0592294776326764
0.286244,0.213612888196761,0.262404819973494,-0.104161472741698,-1.25025952886766
-0.564841,-0.0202050645240155,-0.0376642875324779,-0.50615319434185,0.156020502499721
0.694232,0.21602114069514,-0.0159331698517443,0.36944185137105,-0.944552207567168
-1.62671,-0.292221836655832,-0.0168932201060256,-1.18967574077505,0.205763974370554
0.316822,0.212078262333014,0.235700739236538,-0.0447047369054925,-1.90166023390057
-3.01103,-0.708374081483586,-0.0120596535381823,-2.03028028736858,0.242130085473991
0.54462,0.208956116315341,0.0597858594268951,0.157711500691176,-1.44954376289309
-0.480461,-0.00619543850399644,-0.0202290939357962,-0.503866706417822,0.233377590306076
0.702587,0.222888643591415,-0.00379165438247547,0.352422366813941,-0.902028120576344
-1.63762,-0.315287331584114,-0.0356245969776159,-1.21223379081321,0.217093941249914
0.332252,0.217495343245212,0.238651488890706,-0.0254953252528672,-1.94363025833993
-3.12803,-0.740953224407127,0.0117615964583959,-2.11239430503769,0.320320882584834
0.521818,0.194263683186384,0.0538324600929507,0.132095328924226,-0.953113257503148
0.818224,0.390281311033391,0.0328725139100234,0.407460644451632,0.171391474083657
0.89009,0.207941760383564,-0.105376539625215,0.550008308833538,-1.18368940294122
-3.61208,-0.858574351658091,0.0787359053120042,-2.26896857954649,0.433321976161002
0.355042,0.204630666851841,0.150245264674644,-0.000422206973246855,-2.46230906033333
-2.3752,-0.522096192938172,-0.00363757420039711,-1.69669491206048,0.0493679434813331
0.14894,0.164586054441423,0.263457173161638,-0.139908239411198,-0.64949392085899
0.819078,0.386008369806165,0.0340911599961081,0.36732730498986,0.0594164634764452
0.889978,0.209501572379248,-0.110550910436841,0.579697728942475,-1.1930098638781
-3.6019,-0.868004356947464,0.0685187288085196,-2.25351606556448,0.450507448509996
0.392202,0.198100318504741,0.163070389078388,-0.0306963146674385,-2.43215045659092
-2.29798,-0.516235695090037,-0.0196681726762412,-1.66922361930057,0.0215904645788727
0.242334,0.195805793764139,0.288058924987145,-0.16437858057566,-1.17329568175708
-0.511898,-0.000235725536287992,-0.030056766843508,-0.476832952486562,0.148586404928249
0.69705,0.22595598912079,-0.00823162685902826,0.369984475981574,-0.911159698014568
-1.58718,-0.292787543776563,-0.0277603466370641,-1.17618562340332,0.181141541509715
0.276047,0.194702079410424,0.229405093927206,-0.0447078260848246,-1.96149584462945
-3.14385,-0.744988744887382,-0.00936627578333971,-2.12277586614602,0.0885765469554406
0.512146,0.204259615815143,0.0620134310237122,0.114539359693698,-2.3414518392156
-2.38826,-0.54272107095814,0.0135097754518355,-1.69524330732544,0.0615699939539158
0.177647,0.168640848889128,0.263274968335426,-0.129558044233855,-1.22440567508408
-0.560584,-0.0209420450175546,-0.044249979124696,-0.482182804766506,0.0991846466573868
0.669315,0.218165819585213,-0.0204559147364585,0.360644434188126,-0.976117275460762
-1.68262,-0.315320061663723,-0.0351483844996339,-1.13101653123001,0.172463368287811
0.283894,0.206543400462191,0.250055369536629,-0.0350384960625502,-1.98102872245924
-3.1637,-0.738141424942795,0.0293973698067346,-2.04524630872862,0.29751438130708
0.52395,0.205243051263675,0.0507368870956928,0.163108097076981,-0.969959637147289
0.818921,0.397536553822182,0.0340968896049602,0.399285215241175,0.180249468680434
0.889399,0.217513503292933,-0.107632345739923,0.580126231946909,-1.11050947362409
-3.48572,-0.870041992805956,0.129691169038518,-2.16786396441683,0.562648344172542
0.369001,0.207500262865553,0.164074233722067,-0.0445317679908445,-1.58399094784854
-0.459223,-0.00369638130651349,-0.0227565726259158,-0.479732653483786,0.132054117409853
0.687274,0.224367485188911,-0.0185514929423766,0.317613535140965,-0.899754424110487
-1.61737,-0.328909712629353,-0.0660886184113099,-1.19304087691828,0.203225887509895
0.322123,0.245098306089086,0.255136801980266,-0.0646973835666687,-1.95062363229927
-3.16291,-0.79868274484781,0.0446078815177573,-2.04923544367614,0.319503168748439
0.527296,0.215496206898976,0.047907865434169,0.178262002259116,-0.968278340921045
0.818138,0.419997291089979,0.0322804469499449,0.353103629587955,0.172553049946605
0.891547,0.234132424590989,-0.10671283967426,0.575611225887949,-1.1803280842414
-3.60479,-0.940879612305381,0.12262583874697,-2.15844707672938,0.435895444597043
0.368669,0.204643422748408,0.160808156453879,-0.00638296302233572,-2.48401324764771
-2.44977,-0.598394146707131,-0.059815731152961,-1.68564179766884,0.101028133375128
0.245314,0.199869628479996,0.284570622071538,-0.149464184511377,-0.650383800452225
0.818942,0.422239772260256,0.0321311549881698,0.415326494924212,0.296615596007142
0.891552,0.237119817145683,-0.11329723134298,0.637865889166157,0.145404287426018
-0.561101,-0.00991402425362955,-0.024297627406088,-0.527117394258956,0.76917568092964
0.662188,0.236145325168758,-0.0166089876296472,0.360063680879015,-0.347977550910897
