1000
-1.14071,-0.555598027615973,-0.449176148292028,-0.684325304027357,-1.13013338842106
-1.38398,-0.787667758876372,-0.835703145144962,-0.701982382376478,-0.357314218280919
0.497342,0.353890669273961,0.326020498220343,-0.265407793870814,-1.05346802173171
-0.875723,-0.413935029177807,-0.583086923264326,-0.575127793227008,0.0556801290401548
-0.0325747,0.0113989331831529,0.022842077997689,-0.372339785577515,-0.640720257444315
-0.543844,-0.194808701935938,-0.430033275407539,-0.469252808541241,-0.427586532103219
-0.705404,-0.385994679113491,-0.297405858642792,-0.59461703027811,-0.645324425614039
-0.899397,-0.613409168607431,-0.683859908776802,-0.72863049392577,-0.481823509523379
-0.463524,-0.186294634211899,-0.115916250653707,-0.440767849368199,-0.091432160043247
0.846108,0.182953364467392,0.181057976424253,-0.227612453699859,-0.384583265774542
-0.258688,0.0433135888544372,0.109465634823672,-0.291117977953283,0.235225609900064
-0.153647,-0.0606019764847755,0.050022548969657,-0.314663391832371,-0.194101021915727
-0.498034,-0.082716632244067,-0.0339684159602575,-0.340757097213726,0.455396316704831
1.40707,0.8861246901833,1.33892053283425,0.21992603931389,-0.676832203269029
-0.956104,-0.442181179762319,-0.356354383967458,-0.63101621230663,0.247133218296577
-0.665754,-0.332594031182336,-0.204027285848441,-0.554756322468966,-0.5522509374565
-0.685788,-0.231308842650011,-0.130563518007266,-0.456833941490993,0.0747771214768809
1.01029,0.723401567068383,1.15221556399841,0.195404859044718,-0.497261499262835
-0.310619,0.0396462914406152,0.100965950128096,-0.270896222142584,0.217781297357893
-0.154726,0.0318003425995975,0.195203229083258,-0.253490690146182,-0.706883866821449
-1.30545,-0.613489950757785,-0.518936265728896,-0.803366284594539,-0.588471902189447
-1.20087,-0.652967808459645,-0.605434270386788,-0.774869193189606,-0.573395981046217
-0.0356315,0.250481680005561,0.248110309339656,-0.204251822579817,-0.540904719420256
0.28284,0.314035623129398,0.56074866774418,-0.00636685516564238,-0.54303195192088
-0.91961,-0.438585887736575,-0.308855269727114,-0.610579747787418,-0.213406784370501
-0.67401,-0.375874912788515,-0.299306108926483,-0.56753474026977,-0.585355436215938
-0.607949,-0.227956663838531,-0.0632846265294724,-0.451839805404154,-0.0215173207559199
0.797882,0.602768384116647,0.924646066503701,0.13628736903017,-0.429312897518077
-0.224466,0.0751430531328678,0.177745316513746,-0.280034977104445,0.131793951894316
-0.156796,-0.0056892044639645,0.138527292683157,-0.271245784280769,-0.679771171558965
-1.29663,-0.635381029951305,-0.50984897983125,-0.770478680884252,-0.588351884885321
-1.21958,-0.68048362163155,-0.644151696751141,-0.76361720339083,-0.533519874984725
0.018864,0.271412572545602,0.334580996200868,-0.199627515343039,-0.464928894379479
0.362119,0.291935242214403,0.471970448335242,-0.00572815977791449,-0.190357559472641
-0.428294,-0.0809478427289691,0.0511684636243185,-0.354699027672853,0.63536007387061
1.38778,0.894074811236164,1.33167162572689,0.263480847519349,-0.80126240220273
-1.30319,-0.652169454111062,-0.506984923358645,-0.74745571504479,-0.0111192618597287
-1.21066,-0.702949528482674,-0.627859578957667,-0.758067948143494,-0.88452250753901
-0.871857,-0.415895253428701,-0.256387836052514,-0.582321181397259,-0.884692811819616
-0.632736,-0.344781978020988,-0.263162273610419,-0.53966687267995,-0.663929955038492
-0.62154,-0.223694793765942,-0.0733232711945221,-0.438189045167662,0.052832013324762
0.952087,0.658286965237395,0.989452109131187,0.210857216903379,-0.409423758964196
-0.206847,0.0665844229147441,0.183839677301007,-0.265648908441846,0.313549170522949
-0.105286,0.0141662852180489,0.180552033138207,-0.25268860662312,-0.0288417493053379
-0.0440726,0.203615942278041,0.252091888946951,-0.188943083482822,0.111095488823245
0.412864,0.375599640655936,0.598077830265661,0.0487087442607822,-0.123307060864622
-0.446122,-0.0766731312086485,-0.00949930867034383,-0.315032993536033,0.787980243296444
1.49297,0.959944768587637,1.35487774268654,0.359308935610988,-0.28492317649545
-0.237735,0.0406728225152948,0.132621748353501,-0.238674247626481,0.476963021944948
-0.0884084,0.021693020461107,0.134139637156568,-0.188966927989511,-0.645908730746304
-1.31831,-0.619054288736619,-0.501015458894132,-0.768200894943114,-0.545624386269332
-1.20288,-0.672358996184519,-0.66364376779294,-0.752884819543181,-0.535412552252405
0.0108247,0.246787073823971,0.319090577888195,-0.176992185286588,-0.421795644569416
0.444019,0.386591467785111,0.553556871252922,0.0899959002103289,-0.180605648615192
-0.422359,-0.0991666677705149,-0.0102330302137035,-0.300273168601449,0.734796528866598
1.46214,1.06214848239096,1.39954830054215,0.208713837023503,-0.571031789911859
-0.889673,-0.451080890092363,-0.330052990667764,-0.571529255820986,0.333214838960583
-0.559803,-0.340404275470153,-0.294250653065786,-0.398409339067567,-0.470995628897148
-0.571285,-0.243905732242084,-0.094305464762882,-0.416259009993917,0.11998763076118
1.0913,0.721956000782115,0.876687798767329,0.338341217008568,-0.70282388077579
-0.885428,-0.41562705464583,-0.284044104772702,-0.510545616991766,0.144547306012613
-0.59053,-0.308748083720404,-0.293087621011953,-0.455088583571156,-0.483886929893583
-0.562274,-0.260927632070139,-0.160814016739055,-0.37033266518672,0.157233971201407
1.10158,0.735808904353321,0.963533777779663,0.321608887117241,-0.370488658580073
-0.167208,0.0496467085817106,0.107874430114871,-0.211342877462197,0.32071892481179
-0.02743,0.0566050874071571,0.115831875764177,-0.126859932377131,-0.629338248048836
-1.28913,-0.633164412058522,-0.517118473621401,-0.72395920162888,-0.506790141562312
-1.17567,-0.685630907000438,-0.670424904202527,-0.746036040859113,-0.512398519376159
0.0112478,0.238940786927562,0.267890213302766,-0.169791176794351,-0.364270767767677
0.540142,0.421549980719531,0.64614013416355,0.152717849752124,-0.160755039025932
-0.425744,-0.131900175564949,-0.00852197283916193,-0.284885014162209,0.902257003004447
1.64338,1.03494859876533,1.33682841457919,0.265741488841968,-0.238028767034497
-0.424277,-0.0961626967044481,0.00368400520154351,-0.279183770579438,1.28105327466648
1.57276,1.05221771963572,1.33963102720937,0.359252904873945,-0.503531757479771
-0.904513,-0.429541267867904,-0.290019366460761,-0.524025449888222,0.388437438829355
-0.569425,-0.341377213498152,-0.250935820870953,-0.462480290491433,-0.460806653805898
-0.58997,-0.250184805922272,-0.0456439027590882,-0.42483783023111,0.220960463019536
1.22448,0.806461213589259,1.08983367600142,0.374316614051194,-0.390718582563848
-0.200721,0.0656005502809424,0.231399287234758,-0.235923868204374,0.397483395439404
0.0338018,0.0324990307636825,0.197287655255157,-0.155209898255341,-0.635970927249882
-1.29208,-0.668993234073528,-0.463067031394421,-0.829074622665264,-0.473535867028653
-1.16406,-0.756638297174525,-0.644586549569918,-0.776054890766322,-0.487955870110137
0.0498195,0.240493088281785,0.361536453066998,-0.154850447754618,-0.321950159360539
0.595596,0.416571010251054,0.718032460172761,0.175348643513143,-0.0540492721561356
-0.0544788,0.181561761631755,0.283567579585928,-0.162499617229797,0.47307700035012
0.568041,0.411828791861767,0.703908641555599,0.163922285309966,-0.0648677798067165
-0.400066,-0.0986616886874963,0.0884375526181258,-0.312717483017809,0.855552864587373
1.66293,1.04925031821829,1.52614391181391,0.467121234953113,-0.765106756787234
-1.29288,-0.68715243014127,-0.479979871152194,-0.765073260776216,0.139648007326494
-1.14498,-0.750862178672,-0.655317891114095,-0.746245408348044,-0.849717083082653
-0.862406,-0.45242640658763,-0.254252173500807,-0.548414204533195,-0.79794068668241
-0.516659,-0.35979941382861,-0.228576264002384,-0.45011055189097,-0.614653721210704
-0.571578,-0.24296921565388,-0.0528483886309665,-0.407658220707354,0.23205198784939
1.25377,0.768780159581896,1.14313682922154,0.425572639663151,-0.378128119121671
-0.189987,0.0584638977488001,0.238110897453453,-0.237727723431722,0.414627796444074
0.0412509,0.0401282540943479,0.246300975586089,-0.15733862770764,-0.626845401891925
-1.29046,-0.679666915751413,-0.469395321969934,-0.809799207555212,-0.45746738588946
-1.14176,-0.765591345537014,-0.644340296931284,-0.76632834218471,-0.470607563056195
0.0835736,0.254294757081333,0.344229257224777,-0.146927787754176,-0.301476499675913
0.648225,0.427110101265506,0.711862908553344,0.134176781310135,-0.115228761697685
-0.395453,-0.0968677919276921,0.0852838539743911,-0.318691282233287,0.951341323398824
1.75684,1.10347874675458,1.58906780242613,0.467500561101958,-0.550945492368014
-0.912314,-0.494477221957469,-0.284591223289206,-0.577417489939794,0.492170529105413
-0.498081,-0.368611998078334,-0.264177951902901,-0.481871675313269,-0.436806551748742
-0.56911,-0.258630856789398,-0.0610030607851926,-0.446623774890048,0.304230259134209
1.33894,0.812207621354804,1.17505972575589,0.414071677233025,-0.355863252769351
-0.170098,0.0698816673999521,0.217173549320225,-0.227419258845835,0.503207648057337
0.0881735,0.0506187316937814,0.235114596565593,-0.162591688495199,-0.402547767839402
-0.884605,-0.474805669374942,-0.266662902990689,-0.575817083658933,-0.183295723614793
-0.467016,-0.369673164229017,-0.240146672367558,-0.494875910040537,-0.525882394844358
-0.572586,-0.250785334663777,-0.0370589356816215,-0.416368484386349,0.330276015295849
1.39981,0.847026731321038,1.21205325569848,0.401264875474061,-0.352690747111109
-0.154487,0.0642960047200978,0.237255025320207,-0.233404899503708,0.516128657032159
0.130792,0.0604229507292922,0.235234212363764,-0.18284222931167,-0.597527882412164
-1.28785,-0.710684487253813,-0.489290960553949,-0.84119571071112,-0.390674577401034
-1.09267,-0.788352796921993,-0.696217227780726,-0.810555478994767,-0.435358175299249
0.129504,0.269395465229691,0.411248636618895,-0.130108857490503,-0.223867220979593
0.767037,0.472617378041671,0.776086109483519,0.112552553541545,-0.0581391034873898
-0.336966,-0.0962817469305922,0.0995745830345379,-0.311863614564228,1.06817664578341
2.00111,1.17584165197984,1.66687378262169,0.415931482652341,-0.790879938136552
-1.48796,-0.901148105169728,-0.736056670336092,-0.68133257588781,0.413318816789838
-0.95643,-0.616606458038816,-0.55600244466246,-0.480345511476953,-0.617232196263966
-0.535388,-0.189808583164915,-0.0660830876656901,-0.275052638572083,0.299216508354541
1.93446,1.77524894292338,0.330324405994087,-0.0202009735210463,-0.569694770952763
-0.937062,-0.547887766577665,-0.40279164422328,-0.47358289846422,1.63446200272552
2.19082,3.34317960922628,1.34718874334965,-0.0137445550930983,-0.774715184830598
-1.12783,-0.762007837992043,-0.616777560454784,-0.699089763767775,0.798425490213632
-0.107399,-0.0193522038172089,-0.317216343367882,-0.186482948495656,-0.64529106513354
-0.850181,-0.57739150179212,-0.385925731662115,-0.579484287488773,0.316495498297214
1.02306,1.53873204717119,0.727858563085008,0.216620178479724,-0.514979069734514
-0.364008,-0.272124227062116,-0.12263226300698,-0.386568570514835,0.483633604709358
0.289297,0.362101281942103,-0.0578906253229439,-0.0474282709378039,-0.216727923597792
-0.489253,-0.391916181935567,-0.251112107020736,-0.477805650357535,0.703587466544647
1.55121,1.60578923455759,0.502908955082656,0.417227867747414,-0.618632549154983
-0.967387,-0.694110783473374,-0.506932113556212,-0.714420297419883,0.525654513569155
-0.178536,-0.184488471877862,-0.426532111246809,-0.341797293282599,-0.510591558959946
-0.706285,-0.557868413992222,-0.395990077539693,-0.590421223479101,0.584542356657865
1.74244,1.47066981379809,0.398491784389377,0.244479951346133,-0.536711025563035
-0.575168,-0.376678199101208,-0.229068234735367,-0.423876368758796,0.869464516100754
0.661017,0.615687154506599,0.0191948527119692,0.0744200534592369,-0.836103647379942
-1.48095,-0.949388563746901,-0.78596528648994,-0.812159065974139,-0.180510374796117
-0.994652,-0.755341561367373,-0.740534006528504,-0.661903036460362,-0.708289173235186
-0.426352,-0.274416085623525,-0.187326797266213,-0.355322610691453,-0.0884476884885321
1.15962,1.20202700200949,0.345926045773388,0.19666216049331,-0.724838087397262
-1.06784,-0.764578527939159,-0.598515937954327,-0.710162252845918,0.367582089851823
-0.105353,-0.0781687135073298,-0.329752312069068,-0.22795824860015,-0.665001516754241
-0.848766,-0.613526854063909,-0.480575006507322,-0.55654407291948,0.440568005849507
1.33397,1.47232351596596,0.536915201367365,0.355659917491146,-0.534952512344531
-0.399828,-0.337265167613226,-0.225095629300904,-0.401637835143759,0.58473206067867
0.419531,0.397075635124489,-0.077819865639276,0.00983437301607441,-0.787909311713358
-1.46828,-0.964488146835324,-0.74697092344742,-0.817475688796699,-0.304997475714718
-1.08225,-0.82502506259444,-0.820757746732748,-0.736389373537769,-0.662033354583176
-0.25974,-0.205388547659771,-0.101346254290976,-0.339700795534617,-0.231597360735518
0.802286,0.856962821842037,0.278137642317642,0.23599163102373,-0.344580077061008
-0.5603,-0.467312973968314,-0.301331536552589,-0.509463450833383,0.888617576136563
1.60148,1.56540897464613,0.506883772079273,0.493577091719165,-0.885736190475558
-1.45062,-0.968889831930651,-0.730741495148842,-0.838732046122253,0.133421947896356
-1.07732,-0.86461039768514,-0.820326280968998,-0.766124301157559,-0.923501918308796
-0.912361,-0.698186507568809,-0.514133634198076,-0.696497548463767,-0.648936585808704
-0.184275,-0.171723173775005,-0.385981531665429,-0.320000383520953,-0.700996521934322
-0.714435,-0.574148898644195,-0.398250608513681,-0.570022475115971,0.323804403456575
1.14526,1.19332092539425,0.464370458451832,0.394613720939334,-0.422357942540949
-0.277272,-0.293499418689498,-0.155875743954548,-0.402289895369007,0.581473181605666
0.352759,0.28966477527335,-0.119472753634238,-0.058982832492761,-0.0947381776077058
-0.21267,-0.219678111941915,-0.100456215087456,-0.352602789819805,0.460751640218148
0.790686,0.725962045501951,0.127277561721528,0.2266656230608,-0.185775909715175
-0.510746,-0.453084628035362,-0.294027670245437,-0.508297625792715,0.994645976485089
1.61813,1.51776626361791,0.498797359601041,0.529992530403157,-0.293895982257559
-0.310394,-0.311208186761426,-0.179093634488909,-0.429660903175308,0.704650666567492
0.341122,0.242976400773245,-0.138612731717391,-0.0978610698240234,-0.718424186921225
-1.45445,-0.967154606343804,-0.706714672049404,-0.842324679948177,-0.310741061528735
-1.0631,-0.85367470112452,-0.831903230087343,-0.778039556256262,-0.590729322634031
-0.100101,-0.142216765345819,-0.0997307172193056,-0.347329631829314,-0.214699740841883
0.808685,0.74907023573838,0.161705346302045,0.241685638081488,-0.237298435272897
-0.470403,-0.419388798804642,-0.294908708833806,-0.484756161216228,0.901759746314173
1.50141,1.41791033736284,0.461620607737837,0.510222348824067,-0.561658464074147
-0.924045,-0.702004217940037,-0.528368472352209,-0.678722071526235,0.49723051718193
-0.206352,-0.259730808324057,-0.456240731472729,-0.369019445769672,-0.504409363086478
-0.653697,-0.540958702736239,-0.394242507325733,-0.557947823064249,0.359613052754475
1.30052,1.13189369645222,0.291761934357342,0.443897373907443,-0.700420441600565
-0.899643,-0.687483972079537,-0.539191036152502,-0.679645868793352,0.373083835520479
-0.241911,-0.248119541430995,-0.469227730220672,-0.350870229777317,-0.521230921323869
-0.669798,-0.526056664376792,-0.406589591185981,-0.555493516155703,0.315467768973706
1.12466,1.11485901581567,0.28510241872417,0.46170413551805,-0.399176551686581
-0.211114,-0.23859156493127,-0.152559027914326,-0.353188719976643,0.415739279389654
0.201581,0.206873002651879,-0.223087344823496,-0.0530707576667128,-0.704596437259923
-1.4349,-0.915298926675056,-0.720426409460411,-0.80230215618687,-0.38264740422429
-1.10322,-0.847256864905171,-0.865504625665492,-0.761473491757296,-0.569032129339978
-0.027373,-0.0849736568562876,-0.108215246004866,-0.287826698039696,-0.290372060795554
0.662172,0.672291271970824,0.0376837795703735,0.250135736901547,-0.184290891502542
-0.447732,-0.344706761096537,-0.321958256497845,-0.386735909775631,0.943465303882139
1.62765,1.34395739930122,0.187689666304059,0.479404647407365,-0.253523817971958
-0.421395,-0.341064735186145,-0.30494252541525,-0.379660199318653,1.17503092181531
1.33129,1.36202971836341,0.221044847163033,0.543508099330471,-0.479562773505613
-0.893085,-0.634250500389138,-0.559163028736514,-0.583635242575121,0.412110041916152
-0.264077,-0.256622451457045,-0.536183461950561,-0.311009853886353,-0.494746937993104
-0.636605,-0.482211552522632,-0.438803327268076,-0.447151245368198,0.325298971076554
1.17241,1.05308862666958,0.210673783800107,0.479625420673807,-0.40287970237779
-0.263771,-0.212476833368716,-0.170550809276802,-0.286089183517468,0.476806015638531
0.293927,0.217405484636928,-0.330770593520386,-0.00226515531715814,-0.726242664923149
-1.44092,-0.857879542348846,-0.747024554955257,-0.689921305357189,-0.346715490593504
-1.10508,-0.805271030191907,-0.858310800494692,-0.690562046422036,-0.563939284723809
-0.0331275,-0.0806674948457625,-0.0913956927704056,-0.219049985136401,-0.259779300423438
0.713279,0.693706093386212,0.077533636884082,0.291992982189107,-0.125395960070874
-0.157944,-0.163914631494629,-0.131980069114066,-0.249236634046899,0.552818229387263
0.663427,0.661953182715875,-0.0479841723709672,0.290336059526149,-0.141656155774329
-0.461595,-0.361516398846272,-0.303214997543664,-0.333929737974512,0.801094477422817
1.47302,1.36657372692445,0.259778486326291,0.572151623363549,-0.844056615474628
-1.44353,-0.866019750790398,-0.716894061428483,-0.637240359223588,0.0956840541677072
-1.06678,-0.789694732603013,-0.884056047872466,-0.628555074709672,-0.881996971823017
-0.799712,-0.612688327474146,-0.534520519360965,-0.498475909137161,-0.658262073251656
-0.23072,-0.222681677376258,-0.503077777250501,-0.232285859775849,-0.608801394464486
-0.595375,-0.497481344240772,-0.422739612414297,-0.38594156050202,0.265155312133078
1.03378,0.99279193196221,0.152715533822296,0.485215860106663,-0.365446991201035
-0.194943,-0.213322182283464,-0.184192955807071,-0.248233842999048,0.362389451535695
0.154834,0.142877763585078,-0.314745319040462,-0.00486204923416996,-0.698359055668602
-1.4277,-0.851892894846197,-0.727236153856458,-0.619379621923061,-0.393278383097529
-1.08801,-0.837119552588428,-0.920407880509043,-0.632128077275064,-0.552326484640396
0.0215243,-0.0838779539213687,-0.123650102186516,-0.197846295690126,-0.312217655498058
0.595413,0.622879436353815,-0.0583426519639502,0.279707994151857,-0.162146591878696
-0.414502,-0.37454252399484,-0.314393104102101,-0.326311313876963,0.82709264769606
1.51401,1.23818384832083,0.11730245855965,0.529169884086487,-0.529460826002412
-0.867676,-0.644947557688051,-0.54949462244007,-0.493540050717424,0.484014212938514
-0.262111,-0.276579365417077,-0.549668766487727,-0.243481336697248,-0.456535108990761
-0.608417,-0.494294891805832,-0.404059961459314,-0.405622708130599,0.363433355520904
1.23171,0.9849094623097,0.0988673732767938,0.42854607203664,-0.330775710212994
-0.138282,-0.248520559666857,-0.227429514028829,-0.223327268469009,0.545059278799921
0.284315,0.135607456561878,-0.213754466289917,-0.0336952953475491,-0.367222552725254
-0.841527,-0.675343340911147,-0.526967387199513,-0.53786974146396,-0.0298512862911152
-0.311254,-0.346414194667054,-0.503119393877034,-0.305954885900097,-0.475775946220135
-0.514922,-0.521484995192072,-0.384863416453116,-0.430742373403786,0.365395493701553
1.30794,0.903594958540796,0.170530553260788,0.318556728597482,-0.295428904561659
-0.122737,-0.284693819671102,-0.184735569156509,-0.284695037521378,0.539893304495779
0.286077,0.105110176574571,-0.250069599423046,-0.0583199591368086,-0.64549624705001
-1.41955,-0.912075896130712,-0.748951614328026,-0.679141012899438,-0.326203979667518
-1.10079,-0.865865187760969,-0.894733666727967,-0.632123217030454,-0.476816504274231
0.121171,-0.143648647769333,-0.0747134345313714,-0.205222263346647,-0.181087410039262
0.894376,0.548071001672253,0.0408618807079292,0.175161648608025,-0.0698365812156986
-0.330825,-0.420423721579252,-0.309468027688814,-0.335119409296603,1.05982627710511
1.83164,1.20755215252769,0.328720610756414,0.414494396750133,-0.711355786097194
-1.29422,-0.761914561398382,-0.522357996198404,-0.679233584772997,0.253367752774664
-1.21277,-0.751320634552945,-0.520241548823942,-0.590411218679701,-0.415838188446029
-0.064869,-0.00836282112301501,0.19638912598509,-0.0755645501647585,-0.268177198628208
0.752709,0.462013574644934,0.712266621691758,0.305804133889332,-0.163891673572556
-0.43554,-0.313413760566239,-0.0847365446171057,-0.265847070449944,1.20938331179836
2.28564,1.23437998985467,1.61234897801266,0.757753007933016,-0.571909643562621
-0.953146,-0.629050151329209,-0.414756570857065,-0.519090519092748,0.770477554534297
-0.376162,-0.372006951371884,-0.259421072005902,-0.296458494077685,-0.397160080780041
-0.590038,-0.436526200218248,-0.237434672043949,-0.341324489167426,0.575454792714415
1.83314,0.965237538313327,1.16241210654794,0.813171885498948,-0.310460243192842
-0.131862,-0.160895847893698,0.0471775063841447,-0.124441448890266,0.912209551768931
0.406374,0.115428695316631,0.197381096039886,0.138396834226028,0.0705496354020008
-0.33356,-0.290676292256051,-0.0860188659883648,-0.215537633461693,1.2339173986909
2.61925,1.3948359957923,1.64999286993335,0.925744812883998,-0.516413424169195
-0.896088,-0.616495584455109,-0.401616563716761,-0.493864763277698,0.956716194191934
-0.290953,-0.340328590192953,-0.276670831712886,-0.262249799304743,-0.321530000191264
-0.549304,-0.425751163941476,-0.222792913002802,-0.330730787376474,0.699995500193921
2.014,1.05412561178628,1.20140139926111,0.903701065350745,-0.2560668734918
-0.0443351,-0.113914146875912,0.0673384394581352,-0.0879323059986321,0.948994689274842
0.527028,0.16545954360822,0.225719645272892,0.178849111352907,-0.513157737723208
-1.30383,-0.79796536987913,-0.569707926663901,-0.662951854111264,-0.178339986446783
-1.04921,-0.804983578171879,-0.614173168128155,-0.554323402403196,-0.331526216694737
0.259649,0.0434752872986421,0.210577835692172,0.00450132798652998,-0.0142849170762029
1.33703,0.64716446907138,0.712367786914406,0.558113256883945,-0.360948593561558
-0.891476,-0.611575879295177,-0.389450258894466,-0.454183494770224,0.481252294783791
-0.187585,-0.32587435958927,-0.296020341973418,-0.209314833169695,-0.373656895086096
-0.514501,-0.403554033015222,-0.200720784208926,-0.27236616226547,0.796065084050133
2.16474,1.12190300444623,1.15309164329949,0.97507825530246,-0.239705548626349
-0.0590424,-0.116242958026382,0.0763969906251721,-0.0709062477705559,1.03533827128748
0.570101,0.188032349503302,0.217308741038765,0.21861151617549,-0.502320124510549
-1.28597,-0.7945040644678,-0.548336256174066,-0.607374231437533,-0.16276233352017
-1.06788,-0.815104376685564,-0.731079386324856,-0.535329803585964,-0.290411580857078
0.293295,0.048830011326844,0.175684319769034,0.0396102193198413,0.0879411214848504
1.43143,0.678643139589772,0.738857444523165,0.625893186015685,0.108741351439531
-0.249055,-0.270492352129767,-0.0785738412488116,-0.156929210556577,1.74522721628564
2.88027,1.5249657366327,1.68598111038141,1.05919487939312,-0.641372556810876
-1.3005,-0.822929200703459,-0.58678666121478,-0.607770285404178,0.722571400534478
-1.05179,-0.819215429289185,-0.726828825656557,-0.530716546029476,-0.720007062036914
-0.799527,-0.584862785114035,-0.378403828536894,-0.380233090108501,-0.574271891916949
-0.141408,-0.299089012329494,-0.282849787583707,-0.157547810948795,-0.493240406500869
-0.524861,-0.412207730738219,-0.202702319801484,-0.233908996306229,0.845140193230299
2.25748,1.18907249567186,1.27079768006959,1.05179660135445,-0.188136401477518
0.0131217,-0.123063297212299,0.084539242042354,-0.0452880115555041,1.24277335438129
0.689415,0.223533625816919,0.215882304821637,0.278560047063429,0.320351172905521
0.200251,-0.0174569709634693,0.114750394443155,0.0775051550837587,0.922329733193958
1.40561,0.748181022703524,0.667807642373312,0.831641974813406,0.200267540574644
-0.304345,-0.24644873579053,-0.161750998116492,-0.0926898819694332,1.93245027762046
3.08254,1.61840069729797,1.53602039024122,1.36761852978035,-0.00358252516270766
0.0189659,-0.105777900208058,0.0135271561369895,0.0193940359011683,1.47289904525797
0.612025,0.261023849516278,0.176866160791819,0.385057029959941,-0.408881357917023
-1.30001,-0.780818262905245,-0.615044896382858,-0.433465268551451,-0.109125015779323
-1.02319,-0.773051421805386,-0.736475726236146,-0.410175327416995,-0.275312187168275
0.334705,0.0813142123445853,0.126107857653008,0.154958342729798,0.0981980062261916
1.40434,0.775591818601923,0.641396768420631,0.882987126852575,0.14894067414874
-0.251228,-0.24246183731018,-0.129105611533086,-0.0792237184471082,1.87552048704714
3.11662,1.65972303375793,1.49644119959419,1.45522604352666,-0.388332396661371
-0.861497,-0.577361263365039,-0.43850961912696,-0.305380922531315,1.27980665929944
-0.0774702,-0.24426033835237,-0.352607812878392,-0.0118421668566803,-0.231913216848811
-0.492412,-0.377094683869168,-0.263871965862132,-0.163318221575099,0.91011960023058
2.40496,1.24705036537729,1.10849134752992,1.33874062102851,-0.577784532200977
-0.822334,-0.552711111269869,-0.380716325495927,-0.288481958283523,0.921547153301173
-0.13471,-0.241273682910072,-0.313936661824748,-0.0251068339826813,-0.27269759409152
-0.521522,-0.357261909309015,-0.232194253588444,-0.169197979337873,0.913465806309604
2.33921,1.25978197008871,1.14100225521879,1.31098529387158,-0.190472617903953
0.0295012,-0.0756857499367253,0.018231368896833,0.0900050310897144,1.17111154183115
0.716515,0.288414890762484,0.182154327061302,0.469721088549136,-0.460220199706728
-1.31817,-0.746870213346021,-0.594899711910701,-0.362680050415123,-0.0464692682803725
-0.968375,-0.753947089666522,-0.792266675924424,-0.39486964410478,-0.263751363907322
0.346403,0.0858595452080698,0.158879569277054,0.170166488077723,0.179562238958458
1.54921,0.775058870914678,0.617454327236366,0.923748992281253,0.135944997816928
-0.321444,-0.227547868799107,-0.102007122861898,-0.0233146045738332,1.99383289756722
3.09526,1.60257713123927,1.50602286044609,1.39780804574728,0.0216495692244755
-0.28577,-0.224956526108176,-0.100145168770038,-0.0358961591614803,2.50620348081511
2.9435,1.57985625610218,1.55167282083112,1.624510381628,-0.292063596865387
-0.838109,-0.546407942429545,-0.408306967936613,-0.290308204098094,1.18957850499413
-0.148709,-0.227309815130412,-0.338432490382429,0.00972741472764284,-0.230883395540349
-0.504372,-0.365995564128158,-0.248793752872024,-0.144589919913435,0.914312631762662
2.34396,1.26448770224358,1.21691391821155,1.37929752385698,-0.185704143374013
0.0120818,-0.0729643714783845,0.0478121291832556,0.0867463034040731,1.20827775240276
0.796755,0.275754223642104,0.203493949065322,0.480714191808476,-0.467110602084783
-1.3168,-0.763329253201221,-0.639951791761051,-0.466258544173351,-0.0171267862220475
-0.988614,-0.765181000041471,-0.792017385758837,-0.415577576505736,-0.225635036929992
0.39099,0.114697943637996,0.174267329400259,0.21916472796445,0.262670004919749
1.69883,0.797785124053137,0.744642073342945,1.04376770626644,0.335542534164094
0.315499,0.0493275614150819,0.100292404764481,0.203134147440741,1.46718438241482
1.68479,0.792282009356396,0.732381947487729,1.01426398706817,0.346153052082392
-0.20872,-0.228977882162078,-0.0958359281315562,-0.020262238551783,2.02229676180262
3.20306,1.67152861012139,1.61292111321624,1.74907354644947,-0.588563801342571
-1.27368,-0.757344261283531,-0.592061153209618,-0.439718601934366,0.889306311118313
-1.00667,-0.756724497916428,-0.80330825415241,-0.29726192437574,-0.65565757258223
-0.761168,-0.509804319404513,-0.444911687647785,-0.227381947817487,-0.448074580378916
0.0738205,-0.164750876865601,-0.28010760969968,0.0951335346859969,-0.402773187502988
-0.438365,-0.346110130906054,-0.254428572733732,-0.118132999006008,1.16438900621344
2.77658,1.31596841203526,1.03919873436783,1.51761279175056,-0.109374994397543
0.102603,-0.0747334031350974,0.0511296809228862,0.0813856332594519,1.40281412448664
0.802963,0.318727241173684,0.239654666726593,0.568459321211608,-0.384045221293054
-1.28115,-0.752070474846451,-0.609054340196542,-0.455607847314983,0.00189032966698719
-0.988743,-0.756784660036082,-0.787822393828492,-0.391287104181509,-0.166170817600055
0.479139,0.117140051602615,0.175054838175274,0.253095869827149,0.29748195081739
1.81718,0.850131545209466,0.790751166858934,1.09251179237657,0.253612390277918
-0.217176,-0.221493002141149,-0.0771498115047288,-0.00853239730967502,2.23492909399854
3.51936,1.66019865595435,1.70011694707554,1.72167954058126,-0.32486897866338
-0.829434,-0.562113852488039,-0.422306834189492,-0.275182433574053,1.50825011028259
0.0225616,-0.195281936307288,-0.29497541999409,0.0584925020547159,-0.135620277979078
-0.426226,-0.345913165734462,-0.211447377024363,-0.165089708154323,1.1442455516547
2.67968,1.30838348333691,1.28208395763536,1.63981372346797,-0.0837481599874615
0.119184,-0.0563089023821097,0.0742136384528934,0.130964706967404,1.43384899564873
0.878738,0.345183552770208,0.230605065675734,0.636500812632232,-0.124051250747791
-0.819302,-0.557951233930691,-0.409533599564985,-0.311428805286526,0.452330875403382
0.108416,-0.179088175923762,-0.297263503965956,0.0711718060309275,-0.28665468546549
-0.453746,-0.357905040376116,-0.195585836450416,-0.120518773379677,1.29290322886129
3.0013,1.37410788706741,1.27145722451833,1.65478057518533,-0.0973337126356783
0.107076,-0.0565955879339674,0.0813774754693799,0.127452865582788,1.57818930610293
0.989789,0.357742990936803,0.220277622274203,0.596312784966612,-0.362691402842935
-1.27926,-0.741220198946237,-0.589711925471944,-0.55301671946212,0.113319051875189
-0.930481,-0.747805627889617,-0.803609247293815,-0.393862557348804,-0.120939423804995
0.529544,0.140284960752224,0.181108195603841,0.301531547533851,0.395544138948364
1.96751,0.882800564211814,0.817161588011193,1.18480852026362,0.328862797947625
-0.123487,-0.223048406257963,-0.0859806961901414,0.0292504816772425,2.36917965043486
3.76665,1.75984012316646,1.69611976898768,1.67428321966257,-0.532057357909054
-1.31055,-0.748340667495268,-0.614235141852297,-0.524426847184458,1.27034073158415
-0.934506,-0.737391478250588,-0.794407860821742,-0.397497510109401,0.0519282845564521
0.560289,0.126731345485973,0.19828709309395,0.299468531194812,0.414964244247719
1.9666,0.880168196841333,0.787085384520209,1.20644093654015,0.328498044333523
-0.175246,-0.208493396105014,-0.103873864710928,0.0295173369940377,2.40609469990065
3.76012,1.56595958981175,1.4496386687757,0.991614053162936,-0.303085643852174
-0.847249,-0.565636262644587,-0.429323911515672,-0.313185610279963,1.62257747444228
0.0307551,-0.163750455490545,-0.294147121375809,0.116377928626332,-0.098513497030087
-0.415742,-0.34990992375802,-0.213578448691121,-0.0959199246479812,1.31136377959951
3.05609,1.3557400118804,1.20339368798872,1.7528453088041,-0.0627332407170294
0.106687,-0.0652731472104427,0.0380679002676673,0.187236844779838,1.73509389876794
1.03518,0.368503273539991,0.257730775023034,0.698158651713179,0.3879131829578
-0.180618,-0.205526593796865,-0.0821885875852041,0.0459269553634366,2.00015179308658
3.70948,1.71862942410598,1.68129197553528,1.86230868439206,-0.351554294805043
-0.841196,-0.545514078915658,-0.442021345636515,-0.318525668040586,1.65232404880433
0.17286,-0.171879911273335,-0.3168922929145,0.108193412244155,-0.101469648559406
-0.422886,-0.348820901423048,-0.237549948383735,-0.141333376994785,1.38526972604013
3.08525,1.32103800485563,1.24940078502082,1.85744773801554,-0.0469664982786193
0.162297,-0.0736399126187856,0.0532527383930633,0.162491547527317,1.65628045374852
1.08053,0.372295874565645,0.260147768367673,0.685958674124905,-0.329096329384075
-1.27169,-0.736445702417346,-0.582026370516966,-0.520628428009025,0.163307581717768
-0.91305,-0.722297337399157,-0.799571942191679,-0.407293894818707,-0.11354677275915
0.539073,0.125174196196297,0.210108532167697,0.329845576562919,0.363191688254764
2.04831,0.899761461951318,0.866330782749092,1.25037805907794,-0.169530761355003
-0.80455,-0.551898205276402,-0.411064313019823,-0.314766142322984,0.97548884497479
0.174697,-0.166047787058866,-0.270306552547259,0.131725205665459,-0.164113323805526
-0.385445,-0.353883587099842,-0.184490844905544,-0.0959545300750836,1.42633703791288
3.21658,1.37680447578998,1.3796590058158,1.7490590314263,-0.0501250945059265
0.128317,-0.0646409226070944,0.0867689409133453,0.151866966069226,1.69506031710064
1.03667,0.361472734291151,0.287554921688507,0.674520130987559,-0.337975568122048
-1.27975,-0.733747676647017,-0.560483905788671,-0.474378732176054,0.146230249964138
-0.908224,-0.743314388685718,-0.797207627494089,-0.432017140909854,-0.117626722695661
0.526541,0.127293304617013,0.265893442974286,0.301450537869596,0.414043269879556
1.99364,0.861035623612183,0.894596942602411,1.25779462569358,0.311721084857694
-0.162245,-0.212504626676537,-0.0241307116043415,-0.00849344032875277,2.37407697258276
3.7539,1.69208821766295,1.79930885877301,1.91945543184868,-0.552383812180894
-1.2881,-0.756379050164519,-0.585768897967102,-0.505691133393527,1.16209977017974
-0.93476,-0.752139203580365,-0.79453791431734,-0.474349988696348,-0.60941900539791
-0.738771,-0.524980440680161,-0.36446258612831,-0.28680042565848,-0.367673123987228
0.173743,-0.159005753525429,-0.238079758110891,0.11822291769058,-0.368417053997694
-0.420735,-0.345456713067479,-0.164670341936342,-0.0892386905264907,1.29032371547277
2.95059,1.31783287995097,1.38140712764444,1.62223470549503,-0.0467329120794173
0.138429,-0.0596625858081998,0.132076849810734,0.141599980717184,1.70087273348882
1.01686,0.355602054454618,0.323730167121477,0.635211042862366,0.516380442905946
0.359684,0.0593827755719851,0.227172607302215,0.264322224087935,1.27210871235144
1.83564,0.812865654499688,0.855155517949115,1.18897942885138,0.377747096033386
-0.187269,-0.222153419193013,-0.0311048905108941,-0.0254724887933792,2.37462166021857
3.6439,1.67790796923589,1.81561026809073,1.76347976901457,0.12347944908379
0.0841274,-0.0889914315877933,0.108342471599567,0.107714129645975,1.85793124800102
0.923936,0.317151698425357,0.315364267206207,0.593180646384897,-0.330363098224959
-1.28562,-0.742940783411626,-0.573748323259968,-0.583398232333946,0.0809772236094803
-0.949714,-0.76265362626218,-0.804348903430003,-0.456200343505895,-0.137742333546735
0.513343,0.112305291177598,0.25929605254504,0.240865546208345,0.361499488101753
1.92342,0.847848212574896,0.888076826541482,1.15809256501676,0.279040494953804
-0.210946,-0.228178693534207,-0.0307766045239813,-0.0493641675918204,2.32023269538468
3.61007,1.66663140563171,1.8026608964977,1.84860100845821,-0.321805609517535
-0.859896,-0.569806222297884,-0.401109882472992,-0.362731243403215,1.58948746562286
0.117924,-0.200709184778251,-0.275698242028021,0.0336310667788743,-0.13795321467849
-0.432878,-0.370587452454002,-0.189200350648653,-0.185032456253315,1.23398316704831
2.95682,1.31913097853817,1.33116366809077,1.64355698679839,-0.53084965038917
-0.840238,-0.557828165641144,-0.407243329429986,-0.364495444149076,1.268938230928
0.088428,-0.187810941056935,-0.283827584516209,0.0265801300355674,-0.162805772618358
-0.452103,-0.366278732135674,-0.205492249115509,-0.220557461072554,1.35899971178827
3.14721,1.32048659684357,1.38462574013924,1.57991378813451,-0.126084335918946
0.0414782,-0.0960945292584433,0.0484604202339085,0.0639704097694247,1.62079423005403
0.945149,0.321644731482971,0.328462018729953,0.529993205842549,-0.386442240472636
-1.28962,-0.744539600717106,-0.566258524640149,-0.440300679662415,0.0864566881697579
-0.910699,-0.735028104800985,-0.759615950921522,-0.441675865588715,-0.218430684570266
0.349716,0.0715293005402156,0.186823916509737,0.146774452470179,0.314449204759299
1.78381,0.765449225376296,0.875210997827822,0.976353703027312,0.184709291240616
-0.25953,-0.24690967907941,-0.0977547997987468,-0.0849708670044558,2.2061380979115
3.34216,1.54556751941534,1.7118189065535,1.45476621724715,0.108365291226803
-0.240898,-0.25655608535494,-0.075175904999154,-0.123039717160736,2.79236369371909
3.36022,1.52452227628279,1.78838087632257,1.55792013561123,-0.270381816354976
-0.875101,-0.572607909888551,-0.408790629067145,-0.396366818225628,1.38313167170507
-0.119475,-0.274032724247071,-0.256944782863309,-0.106485837329025,-0.228258511590099
-0.52906,-0.383145374667877,-0.191081089611286,-0.247994832574679,0.938303571094617
2.37437,1.13310484461486,1.3107685682261,1.22115254256775,-0.21480326212803
-0.0307643,-0.127223058058041,0.0284160917859595,-0.0326554967118544,1.20313835108729
0.758112,0.237491353838534,0.299369827128275,0.346483131011973,-0.486169658074816
-1.30409,-0.745260062438629,-0.566222254852724,-0.607100693587495,-0.0893452665350838
-1.08613,-0.740958419414056,-0.696839689565218,-0.496497195160263,-0.302269056848067
0.249656,0.0459679815560321,0.17424201573565,0.0883170289586662,0.0939953604486215
1.43244,0.652051697968724,0.787440586459007,0.76328934176538,0.173377863075055
0.147976,0.00923016715857329,0.197207564746415,0.061496297063354,1.17914434372891
1.32241,0.618891180386932,0.816410112844013,0.743744252200582,0.184063162774079
-0.320318,-0.251539960721384,-0.0678631449248514,-0.153991472353801,1.68820582415618
2.81875,1.39055165003027,1.74716221995203,1.36804477463101,-0.682956458670924
-1.31204,-0.724780637493036,-0.569170509507318,-0.496366980507518,0.67799897099686
-1.07143,-0.735365021707347,-0.673945873016936,-0.50764521620863,-0.7618692048629
-0.857269,-0.53792147296775,-0.371792520688883,-0.44704165486126,-0.634949773880173
-0.247353,-0.280770929082138,-0.217383316566423,-0.17641849376458,-0.55857521142168
-0.573451,-0.35650543901095,-0.172036879124648,-0.291884505833484,0.671179872012156
1.9963,1.01818285789054,1.3235157631912,0.988461970113027,-0.309502458423874
-0.125633,-0.108767406067835,0.0894380854484013,-0.0923472546085546,0.897803405571111
0.429871,0.157074189005952,0.269896871009849,0.1932457941068,-0.552300987756414
-1.30292,-0.738404786695368,-0.544597965470303,-0.652413214938103,-0.249011853919063
-1.08897,-0.749231856321987,-0.677709534101727,-0.593255040282531,-0.38556409985602
0.158706,0.0578172842707035,0.216637934731244,-0.00105944072745649,-0.0628393889098453
1.12625,0.571180205351472,0.801553148918267,0.573558015442122,-0.0138177923903284
-0.355704,-0.240775518505332,-0.0398936623897327,-0.215704678569006,1.48509009776008
2.52058,1.34406701244128,1.7369840689215,1.15425370992154,-0.498793350906647
-0.926387,-0.562096612067958,-0.381809309441634,-0.496300041384085,0.890544493364184
-0.35114,-0.327599045851941,-0.212948967446904,-0.277786566417642,-0.36581895654045
-0.58507,-0.384264771298722,-0.190330855525745,-0.36470409536362,0.599788935724494
1.86323,0.982697266094938,1.26995997969119,0.811468577579854,-0.327660803414603
-0.154322,-0.106848401488494,0.0750225666382372,-0.133486788295478,0.84627853353239
0.373301,0.112182455663698,0.286718465679038,0.0703819817690151,-0.372297651545258
-0.919244,-0.564065140906704,-0.357058641605141,-0.51656043200013,-0.0241411412010349
-0.399548,-0.331241748939838,-0.189342582921884,-0.31671558012779,-0.499786428400657
-0.576615,-0.368082913982855,-0.167992714806856,-0.360523104376236,0.515949181865998
1.76902,0.961998462166958,1.31943881642652,0.702066051804454,-0.353929052531599
-0.183116,-0.101890296312458,0.100694599734256,-0.162458285948693,0.728548670990485
0.264584,0.123250948376564,0.264277012856781,0.0313660447998923,-0.59793886092147
-1.30517,-0.747401820552092,-0.5105994380565,-0.718048221504965,-0.361862316686236
-1.14963,-0.770481963040292,-0.592029008079712,-0.691632125207077,-0.470976153178976
0.0239969,0.051528624102759,0.208131044413155,-0.0622256135191515,-0.195876086993481
0.898218,0.519969203645155,0.812701317396383,0.36988044578407,-0.131584587594902
-0.423439,-0.236517536435689,-0.0375292583163255,-0.249570965801235,1.1947760680822
2.17753,1.3037804661161,1.64409446698682,0.823358874947783,-0.799396380725318
-1.42704,-0.829909731722533,-0.524821419157114,-0.741628616126628,0.450759966584494
-1.09712,-0.838989012077789,-0.715723077231844,-0.696145783114373,-0.402841344895362
0.0929446,0.102658494891626,0.355368465457042,-0.156796176311614,-0.349553619428757
0.477993,0.472206958684791,0.735731823269508,0.180364222799699,-0.146727103835385
-0.353963,-0.226228497014485,0.0722730618325946,-0.305916810329477,0.495608991414348
0.841865,0.978895458216443,0.800465142170389,0.216654339206068,-0.515842443210375
-0.822604,-0.569903127468908,-0.301801127988832,-0.559723678130737,0.0380178259413137
-0.641803,-0.479802657988636,-0.471826878641321,-0.458091802546556,-0.491494230517317
-0.511803,-0.367139161537012,-0.121089035383356,-0.400170872644736,-0.152907907887536
0.411156,0.472760644016555,0.223004360652715,0.189579633365956,-0.33254742374921
-0.107407,-0.0746375220175496,0.142293187479271,-0.199935245454628,-0.00988127073227745
-0.299871,-0.142165160281105,-0.291103467240602,-0.192577848330491,-0.141645675102672
-0.360957,-0.240526939092379,0.0088749833611481,-0.311981957317759,0.116917052959022
0.728226,0.746783449100642,0.329114035684605,0.297069088894254,-0.582192772963697
-0.856788,-0.588090601089964,-0.362720433118145,-0.592810531467023,-0.016092108481519
-0.636142,-0.458352068623552,-0.485678799261512,-0.462589725163489,-0.517179380773134
-0.551363,-0.397280289851779,-0.162072569783168,-0.440507222599459,-0.0601664055843928
0.647093,0.584194589215164,0.158633534443534,0.236034472778098,-0.392661520323184
-0.206497,-0.134041271392593,0.0974113902507623,-0.238814892889756,0.0810326597749454
-0.114817,-0.0412936084376181,-0.177797702959072,-0.151453745560265,-0.73903191114169
-1.43297,-0.879685362048748,-0.613478904955816,-0.869518647962987,-0.570769949936511
-1.20672,-0.822156150172426,-0.730107960547085,-0.784661829474579,-0.625465808711568
-0.0360365,-0.00919778419456837,0.171916939188578,-0.201888705084565,-0.556077893348776
0.263835,0.281365735246633,0.102039203387499,0.051204363762467,-0.524248838748067
-0.886406,-0.625595388181367,-0.390663543457882,-0.603295305292421,-0.179379650246253
-0.573772,-0.434510900912247,-0.456233243167935,-0.452513538829702,-0.574144457525993
-0.5861,-0.444969754270138,-0.238686775305892,-0.442738215218385,-0.0498955913527184
0.617999,0.578036483823083,0.248610694781779,0.264564614618696,-0.389743733917841
-0.160659,-0.175862129751795,0.0216896364982939,-0.265546847184709,0.034238252240717
-0.192381,-0.0999365961611327,-0.244182004675421,-0.207895901684841,-0.719551985352325
-1.42537,-0.896255312110618,-0.624800448284693,-0.831365396394443,-0.60834584357484
-1.23317,-0.842407815661107,-0.781039815888308,-0.797737688659814,-0.600133387002513
0.024133,-0.0342428962143609,0.123218331204255,-0.211093812048436,-0.560689756724808
0.177335,0.221322880443191,-0.0276328496816269,0.0158473430575869,-0.209908373882298
-0.393684,-0.333813397296243,-0.119693108957556,-0.38997276367762,0.327735441342889
0.866845,0.7892726679195,0.32140334208141,0.285061556841299,-0.84954912243586
-1.42093,-0.900287298850513,-0.6414675938649,-0.875453477501892,-0.240003224863325
-1.23886,-0.839313313078956,-0.749034488143915,-0.798943934518158,-0.940539291177924
-0.812402,-0.603218816732361,-0.409497456318108,-0.586752037070855,-0.89649708939757
-0.604929,-0.444369230505768,-0.501960774649774,-0.456340764275355,-0.63671005469581
-0.559678,-0.452481493574801,-0.259144598380736,-0.450452385736915,-0.070020138889922
0.612216,0.531158410236179,0.142704806058717,0.188641158789121,-0.337199295490408
-0.0933946,-0.158088806682562,0.0250879836574964,-0.268372425880526,0.142832337167479
-0.176378,-0.118325634607344,-0.257878380543491,-0.227750093882484,-0.00385425435790905
-0.0190818,-0.0739272789228383,0.104056230607301,-0.229388169238487,-0.000587754036478387
0.208963,0.213398663611606,-0.0413244772426696,-0.00272875337647857,-0.109161046317892
-0.350763,-0.333796441459213,-0.141780296069146,-0.39370834445374,0.48174850840767
0.965188,0.81524103649964,0.237915662998196,0.308354846676182,-0.232188203622603
-0.174357,-0.195895783234045,-0.0219851993464167,-0.299510365530862,0.244123243240659
-0.103076,-0.10693812810301,-0.321957575652129,-0.234781706246069,-0.694848535909383
-1.41692,-0.917327008267061,-0.67286912522362,-0.865851919864882,-0.559115764226627
-1.22521,-0.873566496741213,-0.820050134820439,-0.811618020459666,-0.557383983577815
0.0808545,-0.0258172610871542,0.0827218982226321,-0.234324892778001,-0.496126763615643
0.297932,0.230593296933314,-0.0568906747023639,-0.0465075317426039,-0.128521142191891
-0.318909,-0.33615319073074,-0.170475600974221,-0.396597396063366,0.548245814752339
1.14356,0.802570587101473,0.26287491474601,0.264510352166495,-0.490127987233093
-0.782223,-0.649303942926948,-0.46215327826383,-0.605629037244019,0.202863771659379
-0.567217,-0.48486339210648,-0.555217605706668,-0.490118087374049,-0.425389058135118
-0.486912,-0.46228271655977,-0.320599858393624,-0.467601979582507,0.0113078495863905
0.815193,0.579782757324702,0.144640028563294,0.174329250191814,-0.614106344944294
-0.77547,-0.623536140794011,-0.463417541409165,-0.578790788392975,0.072590550057645
-0.514169,-0.459431805165825,-0.551204379480066,-0.461132805719354,-0.403641149821221
-0.404897,-0.425520300856811,-0.276815166695542,-0.432147775911236,0.0835325323502691
0.816502,0.574827557766107,-0.0306093418975062,0.192096199630597,-0.22786579282333
-8.092e-05,-0.133681749007368,-0.0789060679582217,-0.253785889702747,0.204752228816126
-0.0234864,-0.0808651359995176,-0.345269497116345,-0.206099823028865,-0.623725917139958
-1.40651,-0.932855453513601,-0.70207642033457,-0.799752915224907,-0.490359490011742
-1.19328,-0.911617322622261,-0.87260792350612,-0.800183069059369,-0.466988070443787
0.25527,0.00561891100633777,0.0209242966183949,-0.210770889451309,-0.445050132702514
0.374127,0.24795485811763,-0.182733916807314,0.0340187927411293,-0.0289918194450141
-0.27555,-0.294092099662697,-0.202107326350785,-0.320919633511068,0.623017068747908
1.09881,0.849344038671373,0.156913168251475,0.27009452530584,-0.132065049665021
-0.248125,-0.300831054334654,-0.183975666791907,-0.318015663738369,0.894878557706101
1.17392,0.830247975296438,0.142047382577557,0.257992344164376,-0.418954299995218
-0.817285,-0.637305204000479,-0.476899334888798,-0.546025311561664,0.265763271307399
-0.483468,-0.455626898667021,-0.577513957594129,-0.42284799700196,-0.420857992014706
-0.460916,-0.433597461382811,-0.337903357384551,-0.395063704921437,0.0761306138528644
0.77094,0.592236666762445,-0.00092387998328683,0.214388254299967,-0.266570984265836
-0.0288648,-0.14808393858133,-0.0833532277154454,-0.224472397718256,0.150223754171957
-0.0975175,-0.0621651749254919,-0.347743274052069,-0.17319018526943,-0.642202443256597
-1.41135,-0.943609223956912,-0.706414303045114,-0.74713123937633,-0.52953209305816
-1.19877,-0.86576347275687,-0.876822872595216,-0.634970076381801,-0.494329295934035
0.205786,0.00230693970776541,-0.0177229475239012,-0.178212572844538,-0.4429759262569
0.351768,0.256291975444892,-0.107411480393476,0.0701980440250825,0.0491943552292252
0.0753326,-0.0537715773118078,-0.00498370545363194,-0.200058279330847,0.280736416054797
0.338249,0.249170624531345,-0.184788069871061,0.0794854975864174,-0.0267988079438533
-0.333244,-0.34148941410804,-0.216334436048646,-0.333299869145931,0.554867502953974
1.19078,0.881431333554243,0.288085072544477,0.386500546437662,-0.807066648485026
-1.42143,-0.941725744675962,-0.715316713233675,-0.776868095750149,-0.0722667254822789
-1.18995,-0.911491857981634,-0.875524875243974,-0.716768430088919,-0.896215637538319
-0.77751,-0.602723390868469,-0.444412548219054,-0.521756662482922,-0.817611690250822
-0.488683,-0.437387993355193,-0.532908393598738,-0.398401717316954,-0.581915438341099
-0.494015,-0.450046056279126,-0.306131733335752,-0.40137699804314,0.0382784057304977
0.743494,0.628079717011689,0.111582800030272,0.296219596144142,-0.299149543398452
-0.0647628,-0.150557969908503,-0.0329626439100515,-0.242800398709606,0.138224068557706
-0.0898864,-0.0923759496810105,-0.338086895791631,-0.167886618981825,-0.666049884911885
-1.42794,-0.930901138746147,-0.696920336721769,-0.75428258393103,-0.525206002632544
-1.18513,-0.898456707090702,-0.844033058085975,-0.733786908722564,-0.515479274278641
0.184694,-0.0130197613012792,0.0314235633069967,-0.179082423020765,-0.473459661671652
0.312126,0.281177374512416,-0.143965316109798,0.0771586845165671,-0.0814556796234214
-0.315606,-0.280563520287892,-0.213422737192205,-0.289853568458864,0.554831203597367
1.12622,0.872340393164134,0.0932805193720895,0.296326493079086,-0.480414156650958
-0.774593,-0.62350870182544,-0.509913848314641,-0.496947240178255,0.216858614065115
-0.520121,-0.420802712631122,-0.584286720944533,-0.389114680416411,-0.417638385501618
-0.491486,-0.414138446918471,-0.301191637345209,-0.392685896714994,0.0812680016018403
0.822943,0.633106550956833,0.0569147283967877,0.277446186790847,-0.304302367578538
-0.106798,-0.162375969756822,-0.0627071161107427,-0.231044018811118,0.239473304107937
-0.0402261,-0.075840016888145,-0.286530914003821,-0.172402876240006,-0.372081868619336
-0.802875,-0.634135032485016,-0.484560567547024,-0.573326472713901,-0.23216133075507
-0.448487,-0.431104678463717,-0.579838367976176,-0.39908718343851,-0.508639975959112
-0.49319,-0.420254092549071,-0.322230167012997,-0.380572234075302,0.0558463152437825
0.717745,0.654377639037805,0.145543687561214,0.2742198695112,-0.292928132745549
-0.0697298,-0.167508396891952,-0.114188941652407,-0.232643543782319,0.152797482514969
-0.0340511,-0.0609607027439293,-0.327391876267249,-0.174513119480602,-0.662150328951073
-1.40981,-0.956516301670492,-0.664633010666328,-0.947806391010563,-0.502788870149983
-1.18714,-0.916948108629397,-0.869594193608349,-0.840303957968424,-0.50381812111826
0.181785,0.00505244012494038,0.0744206906760813,-0.161877965218899,-0.461341213166969
0.336667,0.312219587752846,-0.0331167459368943,0.0563081532522127,-0.0766604508683941
-0.282376,-0.310579926492345,-0.143497792325732,-0.338723022687683,0.510220101340711
1.10683,0.875958921853946,0.260653653152394,0.383112099962852,-0.775684944020593
-1.41758,-0.95475046861446,-0.686533793164137,-0.884543445620169,-0.0397472711865306
-1.19826,-0.913474902555833,-0.853234949846615,-0.784939888441159,-0.441696993467785
0.166502,0.00185398271076463,0.0534397813589826,-0.166133593537904,-0.445108392666068
0.363208,0.271651277361487,-0.0570183349551418,0.0494827806781298,-0.0848219622969806
-0.295247,-0.307675560127682,-0.176714829197057,-0.337408464956066,0.540714502768023
1.05076,0.849609174404857,0.276084629005716,0.401304345292043,-0.486971884930746
-0.81758,-0.63517497250433,-0.451682524740491,-0.591081752435831,0.186494807357574
-0.517819,-0.45287130516369,-0.533622128988616,-0.43496599970647,-0.4471938787622
-0.493415,-0.431884654179745,-0.273483937967938,-0.420835138145937,0.0396924853974849
0.726041,0.642234220116507,0.21321938997433,0.315594831860004,-0.291861366295472
-0.0861391,-0.121225358180078,0.000616119926125163,-0.199733277003667,0.230165725662917
-0.0719387,-0.0440535102207327,-0.235416138091292,-0.148226365380254,-0.0660246344775556
-0.300793,-0.279872208569296,-0.121820899842581,-0.31426447885114,0.355442157551495
1.04126,0.918986404301729,0.361008520601823,0.472286840383634,-0.513568357186499
-0.810724,-0.633795551436437,-0.42982279463192,-0.594004816989341,0.178300228361341
-0.5129,-0.421778294630512,-0.50650877399988,-0.429321791023732,-0.457754449113276
-0.528652,-0.420851721446319,-0.265998792771817,-0.426698204986987,0.0604827256663709
0.780432,0.666831048612128,0.187223430385191,0.341739821720279,-0.337350349918447
-0.125081,-0.118553724802383,0.0162862484380219,-0.204515083577627,0.155775953536003
-0.0808862,-0.0330156172161627,-0.243730309874036,-0.13977426978608,-0.689582659897142
-1.42962,-0.955478925403882,-0.677282861057086,-0.92956092808849,-0.519699607211735
-1.16861,-0.914150623011791,-0.86050083073431,-0.797031858920194,-0.528044857824047
0.168889,0.0409850696592486,0.123083178429502,-0.139605873884045,-0.500773823396433
0.339461,0.330247211198892,0.00487005785051118,0.102815681445626,-0.392749564979466
-0.802113,-0.620056754253859,-0.430756306241507,-0.580097209820093,-0.0934738140252682
-0.496498,-0.428969208093422,-0.517385401094173,-0.402365412809984,-0.48163158923287
-0.490157,-0.414147540347182,-0.250139813878678,-0.397605802351581,0.0498291359093831
0.749741,0.672761219081073,0.179420969132581,0.363885858990386,-0.313141793208516
-0.109291,-0.125681276678264,-0.00244182148921652,-0.210770152834027,0.151298794061237
-0.0694491,-0.0426274580190642,-0.238786979540674,-0.13083643571597,-0.676105015763384
-1.40998,-0.942417514534532,-0.657694208269684,-0.87697335470751,-0.513856833185457
-1.16791,-0.910505957729654,-0.861776922616359,-0.785203476465264,-0.51963897433602
0.146972,0.039338742021395,0.0966994058745299,-0.158773895755238,-0.442650018672199
0.369793,0.31176524063259,-0.0334859921951702,0.113946238461291,-0.11157238143459
-0.321611,-0.281544256680515,-0.142362294297389,-0.317574265489305,0.491382805271197
1.03786,0.871367113799327,0.253995581781537,0.49481146520913,-0.800988240371691
-1.423,-0.960015528485015,-0.670715980300904,-0.89060194534299,-0.125563619351719
-1.16945,-0.921801964223043,-0.874754780006609,-0.811289961960589,-0.892019573198262
-0.746967,-0.593253273969347,-0.424241127680673,-0.537235598655406,-0.800693737545492
-0.466781,-0.412306921552171,-0.493989080655931,-0.39920502476915,-0.564645368556643
-0.483502,-0.410350365620388,-0.256776627469324,-0.386174766291727,0.0416517983832835
0.720194,0.645391691475532,0.246499586645407,0.326120933144295,-0.280667444514693
-0.0851739,-0.10539225142028,0.00944125652872482,-0.190435265955254,0.269225227179752
-0.0126881,-0.0554171565124295,-0.272556158349797,-0.121924884082152,0.0384109087176776
0.0350108,-0.016530216297212,0.0932630405859599,-0.132931726868728,0.123737857997532
0.320155,0.294738746143422,-0.0361197121689317,0.150060786295788,-0.0368428262962688
-0.280088,-0.292232231562536,-0.144811740555315,-0.318562275026082,0.591415811060402
1.08292,0.916901263464675,0.311671427428762,0.539489772291731,-0.145501223309036
-0.0751535,-0.143607197721685,-0.0136412828972809,-0.215779353736228,0.344133485678803
-0.000232453,-0.0408697587110545,-0.26256671162945,-0.124541889944926,-0.64047954289957
-1.41775,-0.960086958419435,-0.656218426955072,-0.849654620118553,-0.479806607432221
-1.17367,-0.915269834570778,-0.885809069806556,-0.798293276548342,-0.509282981699704
0.161987,0.0317283395143559,0.0980550972398611,-0.126606829137548,-0.43123183292725
0.39142,0.345499852507353,-0.0252741871221559,0.136333747586217,-0.0762187043611499
-0.281023,-0.294570890945507,-0.147953742294633,-0.315254037428913,0.582124470407943
1.11695,0.897691177535861,0.279227945625941,0.52578023029976,-0.46877013615909
-0.801637,-0.624000687171815,-0.457081069403834,-0.580938794885221,0.239652492952434
-0.46487,-0.427666570625522,-0.509175621880868,-0.407139410174909,-0.427089654470011
-0.467229,-0.422448655151125,-0.273958012852543,-0.410942176893152,0.0491763061905951
0.804338,0.658312135867331,0.127731874310846,0.342848405886713,-0.596780758740523
-0.780486,-0.605311773726797,-0.431337920556992,-0.566962443746606,0.102046028372764
-0.434078,-0.408226181287732,-0.553175492309021,-0.375223667609627,-0.420617830898253
-0.438135,-0.400237598184815,-0.271266177343567,-0.375051759374784,0.114826273263876
0.819755,0.68062724329173,0.158151132337095,0.328726258078423,-0.261997775774223
-0.0502348,-0.119812980319399,0.019663859439222,-0.200449858919998,0.179875770137232
-0.0802613,-0.0424907133795195,-0.259059887308462,-0.114874481041794,-0.650144503580897
-1.41872,-0.95654560001424,-0.682747532997201,-0.774864313930723,-0.517119091355375
-1.18763,-0.876785167694724,-0.859400515225008,-0.652430705720738,-0.488501890426679
0.226041,0.0479403705080014,0.0539100937890191,-0.199669478834978,-0.442720240082138
0.379264,0.357501274029318,0.0180975904754459,0.110275343007732,-0.0470045080325787
-0.291011,-0.287852432647103,-0.13683005123622,-0.303424598835184,0.628901564516446
1.11537,0.909334816643125,0.297446908281077,0.485668902681732,-0.148570018550002
-0.259841,-0.279443506332219,-0.121762102473461,-0.305195963094345,0.867564398024131
1.08964,0.908165060823158,0.310613049247313,0.529382785798,-0.406718955964797
-0.780332,-0.628161477234977,-0.441918432280363,-0.572494129815089,0.233358753691671
-0.475605,-0.440202237781512,-0.535444176805305,-0.398644837560944,-0.406052233844789
-0.455063,-0.426146497971694,-0.274748466100878,-0.406472279087833,0.094864312935326
0.802551,0.659375318900272,0.0717655381984478,0.308363371519554,-0.260550192781358
-0.0419783,-0.130148795317122,-0.0548614381963111,-0.203898456172006,0.220000662588128
0.0334592,-0.0483201720936034,-0.247168481270806,-0.116230530342803,-0.644422183592692
-1.41661,-0.92610487840573,-0.687221061606816,-0.696936517771565,-0.451041435328683
-1.15086,-0.91078556320913,-0.881661165806736,-0.831085138059203,-0.468401485952683
0.23665,0.0277477856069608,0.0824997208443794,-0.134100639428813,-0.376541780914457
0.451986,0.324424180012015,-0.0249885114267273,0.142024507825776,0.0826349491175267
0.101436,-0.0441318477037395,0.0593847428826773,-0.159118605603245,0.366039802851967
0.422427,0.294445952601765,-0.0360170588030425,0.113281145619383,0.0209440981027622
-0.268552,-0.296943530328926,-0.144405429100149,-0.305547037002687,0.609340482090203
1.22672,0.878864244815765,0.186998163284564,0.305748055878153,-0.768854330130538
-1.41501,-0.943184115864747,-0.711817324172403,-0.795552905651646,-0.037179070069227
-1.16553,-0.88817179215581,-0.867028332550563,-0.69424609996031,-0.860811470409253
-0.721652,-0.596296182330929,-0.429969707018294,-0.507320627616851,-0.767040666540131
-0.401421,-0.405176830350117,-0.52988216574612,-0.382434861135245,-0.541561464926868
-0.473653,-0.423443547005325,-0.284655910512216,-0.38708409567746,0.121014568751627
0.833299,0.649243586565525,0.199434926496823,0.343522657662985,-0.259923559924238
-0.0150358,-0.131855147109302,-0.0164690170078468,-0.210858042948273,0.200644918494748
-0.0419527,-0.0608924296715421,-0.275809429136644,-0.144703299577023,-0.62778896127159
-1.40733,-0.929079257504327,-0.685786282723822,-0.861104836839485,-0.485367454882824
-1.15271,-0.909462102140511,-0.89426413838297,-0.830131017631488,-0.492337446772677
0.195465,0.0192918342782069,0.0787977582898203,-0.14045105761583,-0.416875118706202
0.404678,0.32714488738838,-0.0111849482138434,0.125564935557547,-0.0638408437522912
-0.290967,-0.285740348399607,-0.135477247062262,-0.323827642228696,0.596686729255237
1.13245,0.934663704936275,0.252751066087891,0.499314673144434,-0.471655983952906
-0.802825,-0.62181090193567,-0.445591753142026,-0.566315232219597,0.250196880335377
-0.453063,-0.394512441635979,-0.519959642441914,-0.404402759416034,-0.430796236343447
-0.502846,-0.428327698406298,-0.255160692912184,-0.434096361448254,0.127429185534558
0.861503,0.690508686317666,0.198808100765619,0.3188056651288,-0.285414319021257
-0.0659852,-0.143384496726991,-0.00873760567524984,-0.228352366646661,0.271437722836453
-0.00734759,-0.0340932429076762,-0.270878586552718,-0.130152081930484,-0.340808304708826
-0.773728,-0.617959329459068,-0.452324120169996,-0.560983216878018,-0.221226013232583
-0.462593,-0.402045405485009,-0.544866963885384,-0.395387267719054,-0.493797165454439
-0.514254,-0.428984320775795,-0.300555301752037,-0.42229716279858,0.111214537673798
0.85587,0.673196753342048,0.122040337960286,0.307009362924792,-0.299676037673267
-0.0643802,-0.165751700551748,-0.047388269842498,-0.247564053048742,0.213386988800957
-0.0255583,-0.0348371759820918,-0.283945424672436,-0.145578653230655,-0.653284079249924
-1.41697,-0.927892892857497,-0.701840320757841,-0.906871831823079,-0.490582065027282
-1.16574,-0.899831307360564,-0.873339304396532,-0.857896758289482,-0.520251516552351
0.145446,0.00266030870838891,0.0891642777218146,-0.169131202081581,-0.444116725253824
0.360433,0.316581030261351,0.0146531359565082,0.108666284604064,-0.101682759432263
-0.309953,-0.299229125206064,-0.142553674888056,-0.347963018690216,0.523739928445019
1.11489,0.922130315969674,0.341929219156226,0.457286863012074,-0.772119384733903
-1.3905,-0.877564029269734,-0.565782951435095,-0.857628919487112,-0.02072397779472
-1.16297,-0.885920066990834,-0.831858783305115,-0.832795315856709,-0.415392950260598
0.219392,0.121035535555556,0.254522686828242,-0.16939553815678,-0.481419072127977
0.240006,0.303485480838629,0.199417639180317,0.0528895450630862,-0.0645880077116794
-0.290658,-0.190879515820464,0.0234980016643537,-0.255336902771452,0.447338529725695
0.940091,0.804832703203543,0.450612970735276,0.286602876598154,-0.477129976006131
-0.783228,-0.560990224258831,-0.319623685089197,-0.5433273065101,0.142536952805479
-0.507843,-0.450253944072197,-0.49900327310023,-0.418946004564245,-0.442154254735125
-0.484706,-0.34869023568623,-0.141903436699613,-0.374778900188889,0.00449685873521012
0.626997,0.598267068471949,0.318502205395273,0.247520392529502,-0.277028471998342
-0.0583717,-0.0193358190177376,0.141725784321914,-0.161078262965922,0.178909284792876
-0.098884,-0.0797602277759004,-0.234687459395697,-0.153382265244488,-0.0496515318800771
-0.291033,-0.208241853180483,-0.0188452672769432,-0.283365627215756,0.389053733961673
1.14675,0.96177744373255,0.466510126411105,0.346148598544842,-0.515077013407112
-0.830658,-0.592040454325553,-0.34560752658179,-0.595445152313434,0.252925819876847
-0.445545,-0.396525482770603,-0.474234503268879,-0.417889019275962,-0.454254036825062
-0.524896,-0.392353748521546,-0.174563712716546,-0.434018319790854,0.112795296098735
0.832243,0.710589473162706,0.346062193564247,0.319358927096667,-0.318730920003613
-0.107775,-0.0773659032704032,0.0913293807602574,-0.208208862485999,0.214769666453265
0.00293268,0.0103086990777358,-0.188121174452068,-0.122940960699541,-0.675676440561893
-1.42271,-0.907638995424743,-0.620771284995087,-0.872959888716909,-0.481224451944788
-1.15837,-0.885331498713618,-0.847484201121948,-0.857176199625191,-0.540346882343097
0.102765,0.0637133362377314,0.19945747440573,-0.173122094642459,-0.446576446958628
0.457129,0.411948680524948,0.160730995238185,0.13302894918083,-0.429654781652419
-0.8351,-0.602585312277489,-0.373462301936715,-0.57890989131387,-0.0183665467249138
-0.421434,-0.390878305740997,-0.469240566574716,-0.397261914614903,-0.506903063133232
-0.549527,-0.405319951995773,-0.218513611659944,-0.426686694186782,0.12798058301146
0.864263,0.757122592084837,0.386601940378117,0.379763650953414,-0.342820760716658
-0.132247,-0.103284771339493,0.0797050529899899,-0.238522289231547,0.201468787977962
-0.0571253,0.00136380558500743,-0.175459673867201,-0.127987012450895,-0.683394575820445
-1.41912,-0.910352834810403,-0.624380033727416,-0.870668161104687,-0.512259958410592
-1.16542,-0.883180463062041,-0.849739557459751,-0.790168902949652,-0.551218834925433
0.0799453,0.0433806860571683,0.163480436819442,-0.188741095870041,-0.441562198790252
0.373333,0.382417714684996,0.0756316756836261,0.123811768811942,-0.146663833990362
-0.343471,-0.286769977255242,-0.0887442941372387,-0.37847949876852,0.50599678160965
1.07821,0.980974924960338,0.474331566954202,0.419526144919153,-0.809244519091919
-1.41719,-0.92981008764674,-0.648425774360011,-0.883566324084177,-0.116662453522721
-1.18108,-0.889011119430748,-0.843207600498665,-0.865172984709702,-0.89953958168775
-0.780446,-0.589104956094065,-0.374444774962684,-0.582560109235258,-0.792333608866943
-0.429308,-0.366329321338323,-0.444284990260894,-0.388660210307051,-0.601850517806993
-0.543616,-0.417655853587079,-0.232305496616219,-0.443648145046732,0.0767529379931038
0.775949,0.750670107006776,0.367593633196866,0.354644038941329,-0.319490688098034
-0.122739,-0.112728915422136,0.0709266418037553,-0.237202541504474,0.293688939677294
0.00390911,0.0123172226950411,-0.189461783219915,-0.129451490234432,0.00702967287125241
-0.0188567,-0.0301097091825507,0.137236473771922,-0.203738861701284,0.158546419281297
0.405616,0.370456499308452,0.0648586345865907,0.134361736343511,-0.103170930011529
-0.398859,-0.306373250017961,-0.116414684547318,-0.392007092726384,0.666312724241716
1.19361,1.02497936693496,0.501998883133291,0.448578657169868,-0.225422046335956
-0.155319,-0.164511662574189,0.0157755978823295,-0.302406083357097,0.382260503450492
-0.00429611,0.00914902287877747,-0.169038754237961,-0.142880352909157,-0.670971999157108
-1.42554,-0.939437790191009,-0.651193408371995,-0.882623683247237,-0.480013938837856
-1.15107,-0.891169479612664,-0.83499008870179,-0.857408247769226,-0.539368384122919
0.0952288,0.00473876350177373,0.122203172926865,-0.205870843195537,-0.405633675676466
0.448628,0.423691936230105,0.0819869241364723,0.125128058579084,-0.154578717729159
-0.398234,-0.295554453530746,-0.106585466535081,-0.379615706468253,0.592314911176463
1.09696,1.00897908637789,0.457151985061752,0.471358552272956,-0.526069201364354
-0.825877,-0.629175656445627,-0.41445126009877,-0.629827751468377,0.222684073267595
-0.452873,-0.38591627100709,-0.46699821749669,-0.406101262616679,-0.483440703160646
-0.566621,-0.432830575807112,-0.247927053056499,-0.475965791523497,0.0425313337698769
0.790078,0.740569503014211,0.309028689929668,0.385328474593024,-0.663836724990835
-0.83316,-0.610304333548069,-0.398628851692405,-0.631129076460862,0.0703889673407856
-0.461533,-0.380571824976264,-0.462114301551503,-0.411900693775323,-0.495958762861211
-0.547452,-0.414340553080878,-0.229507565384625,-0.476648299619533,0.0685792909319363
0.758799,0.723922172316582,0.310651228537949,0.359950598674102,-0.344356099126293
-0.138135,-0.120435569478933,0.0450547775596567,-0.258821602325093,0.171713636762104
-0.0210523,0.00112549196106118,-0.181075407354462,-0.131755660993522,-0.693225388925784
-1.41851,-0.929716406607549,-0.637969127255325,-0.928060091364926,-0.503812911000898
-1.17523,-0.905291475740799,-0.860974299006758,-0.835908386998253,-0.55747205297496
0.0710977,0.0271845177214286,0.132493785588797,-0.228721281921951,-0.477189629666722
0.292654,0.355269130107685,0.038869587127004,0.107750009047777,-0.134465794478299
-0.346318,-0.28667966116096,-0.103312010678293,-0.380360052600329,0.589297397898481
1.14213,0.93755411145986,0.32870094563025,0.343319153251122,-0.208539883607568
-0.327094,-0.272739170094912,-0.119641901147205,-0.377217000339509,0.868398110728877
1.08265,0.972466461033595,0.438737623202822,0.416664982582894,-0.454278346112549
-0.824988,-0.607173247151648,-0.409687906203523,-0.63791013976946,0.219480510182445
-0.478464,-0.395803817801806,-0.492519743871432,-0.410132409524163,-0.463176005052571
-0.526515,-0.404285342329656,-0.252422308044693,-0.469400711038855,0.0458984399190314
0.717291,0.697909051861887,0.300637688533771,0.377044549713375,-0.348308006424894
-0.163501,-0.116159852298602,0.0197595475078208,-0.255671453569732,0.145077200001594
-0.0466679,-0.00547888649041463,-0.209658408325767,-0.118942630413916,-0.70210616103676
-1.41187,-0.879233938581575,-0.651081698744274,-0.87852593488575,-0.506548091589142
-1.15421,-0.856576726515205,-0.854575616292159,-0.789965765139177,-0.548553825758019
0.0714674,0.0318355993959865,0.13396606121451,-0.194722303778466,-0.415661169633038
0.389237,0.374198966260036,0.0880393484422395,0.136162888854924,-0.057004675479888
-0.045105,-0.0308749938994125,0.112012996740541,-0.207292609062973,0.28321152235962
0.33609,0.326424236027595,0.0562989783252181,0.0936174363539795,-0.106194064530525
-0.384421,-0.276590621696047,-0.119935995017253,-0.348567861241615,0.495660414775716
1.06933,0.958325968997913,0.419497504426211,0.508351319821207,-0.824532425161379
-1.4124,-0.854455959805803,-0.664816614410926,-0.848325865046487,-0.115921197722358
-1.1638,-0.849491100883961,-0.858381251269734,-0.785182059663953,-0.89865983492809
-0.78901,-0.545882943075126,-0.394719223042215,-0.529920447701459,-0.761371221157044
-0.373967,-0.338339821023037,-0.437355565066362,-0.342575455354152,-0.60504929092131
-0.536492,-0.395747523675467,-0.266222599075081,-0.387294660036984,0.0748051554289904
0.72627,0.7128230465,0.276650966760917,0.403058397451988,-0.339408412820036
-0.137675,-0.105157450475957,-0.000219929084635377,-0.225724655114515,0.139559373133179
-0.0670208,-0.0038222237714162,-0.234062681092635,-0.0780123972920526,-0.694659679360964
-1.41684,-0.842295123624254,-0.653484243703378,-0.716208668086122,-0.526987969320639
-1.18653,-0.832125914728862,-0.869614423561516,-0.752122830968098,-0.550422534889837
0.0924452,0.0369921855422354,0.0942945486935412,-0.165457702784884,-0.481080277692181
0.300093,0.36905880659849,0.0351871276153881,0.161517890285543,-0.138836859728723
-0.346528,-0.259720624784723,-0.115178443803475,-0.321813249368459,0.510074425675669
1.05498,0.923902506528284,0.430722780839749,0.502507539001308,-0.518477684304621
-0.839667,-0.565263938824248,-0.426573239710443,-0.553313647871019,0.213612209236748
-0.441805,-0.359413284459025,-0.500484762375653,-0.352145359910859,-0.477077100681646
-0.546103,-0.385876205399798,-0.247876181619072,-0.429908383537441,0.0850648355842333
0.771655,0.710941840993338,0.294249321708983,0.413075973044666,-0.342023828719962
-0.154615,-0.126966139043982,0.0171873896101674,-0.217102842808923,0.225211684562296
-0.0106285,0.0131891920266619,-0.206149667850377,-0.05266316430252,-0.410794153274608
-0.834346,-0.562447232298623,-0.422668778434409,-0.571744438044998,-0.231968419045431
-0.463656,-0.354663962656342,-0.473675595921119,-0.332960550866723,-0.536265203099016
-0.538883,-0.38160542764979,-0.252250463400669,-0.40348570759438,0.0731189017564459
0.79378,0.694758657652653,0.241166375132639,0.405486631470202,-0.358906023713613
-0.17892,-0.118456303694923,0.00654500588297947,-0.21255794480632,0.189271653313127
-0.0179133,0.0341790023163943,-0.155635788877516,-0.0528689729977668,-0.701560491130108
-1.40496,-0.836497048166403,-0.653213430860995,-0.797734645214653,-0.498538312000255
-1.16066,-0.825838986738897,-0.86585186520492,-0.79729520263154,-0.552038494649906
0.0662102,0.0225912974642295,0.132825494320533,-0.118351609221735,-0.458042477034975
0.327797,0.411992791298077,0.0668673513211509,0.208924214704225,-0.153742094059643
-0.349956,-0.261803770921189,-0.116405741160501,-0.284761546921195,0.492892050904787
1.05995,0.984847833421776,0.439192406502226,0.472829578187856,-0.715965787332444
-1.24848,-0.508597637231786,-0.0405855000677494,-0.537050678884009,0.0571339641113371
-1.17524,-0.849050009852988,-0.877884536468823,-0.777111028370124,0.37047534973037
1.88353,1.04923856544751,1.16218965630715,0.578301099432593,-0.330555051577667
0.401084,0.275748837926635,0.132308001795893,0.11284855986729,1.17107993921773
0.909965,0.554972134654527,0.75694498620148,0.345538639883184,0.739094383331297
1.12537,0.736031427499927,0.37175145598941,0.366314275796909,0.315486927787016
-0.202963,-0.0542399046592324,0.300131421746909,-0.139079298557595,0.364999830820419
-0.501383,-0.447223920913162,-0.544066697406672,-0.34742794529861,0.231931754703248
0.410735,0.305667817166106,0.586736382435126,0.165045421587788,0.200982717295095
0.769,0.506923659494053,0.241165588145096,0.275490623344218,0.729246984890102
1.36455,0.858550214060537,0.974002359544719,0.621570003727492,0.393350544779807
-0.0558623,-0.108228836306571,-0.262474094453582,-0.102671259973077,1.09159460966098
0.903876,0.578539306604592,0.76564380200647,0.433078653589134,0.572916840227711
1.2264,0.785438057734667,0.359423106444436,0.402691628124802,0.265599076285324
-0.240359,-0.042627096570925,0.327173909027654,-0.134111194975635,0.399840361781363
-0.504352,-0.445868065843907,-0.542721707992262,-0.362975074246154,0.209480131483735
0.376313,0.314373801808444,0.595464297594892,0.183195986930518,0.21406218533984
0.817512,0.551011918405107,0.234031947241806,0.347151325834637,0.682978052146147
1.33306,0.8389130543697,0.986577824746122,0.682157545234433,0.292935721824345
0.0438537,-0.0371387738509908,-0.192728969249477,-0.0654760593177362,0.00640233838944658
-1.31385,-0.511157237535137,-0.0295162405929326,-0.605068907805261,-0.266247921738276
-1.17814,-0.831785685397321,-0.877297668191725,-0.756786048273182,0.275919192621971
1.84915,1.05747607935926,1.11288354843192,0.726509320716537,-0.371127598562328
0.550255,0.369436487809511,0.124678490376384,0.220271806106731,0.545569530865313
-0.313633,-0.0501246376111558,0.346571183259696,-0.0958387246155998,0.206969959494158
-0.383803,-0.382997875105429,-0.481064780451409,-0.312880303059996,0.127020870460788
0.325216,0.297832591710091,0.575383834498512,0.234408838363693,0.299644723755585
0.92971,0.624682433158124,0.32024593767139,0.422966083738432,0.645356955414114
1.29108,0.810185072531686,0.962492772243949,0.688175400177618,0.309691893741931
-0.0225538,-0.0551691298820727,-0.230187635713858,-0.0448124353062854,-0.00671278362403782
-1.31458,-0.474395276166417,0.00694224356742942,-0.63011489267056,-0.307710192361639
-1.20928,-0.824950456585009,-0.872898182503687,-0.743750918026862,0.281768598392315
1.88056,1.0823010120208,1.1057450776946,0.782171125810351,-0.403579240945484
0.310709,0.269599445403086,0.0137691135228448,0.201113555370007,1.111960047763
0.82454,0.579451142708404,0.811139313903821,0.508539674697333,0.582579708168058
1.03357,0.775007803155791,0.387535510353411,0.49066518955691,-0.248500427375266
-1.30538,-0.465764800114759,0.0218937508185465,-0.670549755596814,-0.0352648502026871
-1.22345,-0.825546582085431,-0.886930816457856,-0.673660201123689,-0.563507591129576
-0.128088,0.0353880304542639,0.402420287141999,-0.0218417289257471,-0.784590367740581
-0.52832,-0.414052064101456,-0.516198609003868,-0.300561157827826,0.0708219404848556
0.371258,0.341544238864101,0.613612687741156,0.296388079847213,0.129248930600199
0.69322,0.552850467771212,0.229299629411709,0.395328838589976,0.658873886840469
1.25476,0.864694749533538,1.03252234245029,0.77390661319504,0.344408719646054
-0.186082,-0.0732786224418651,-0.249272058872168,-0.0267477423956297,1.31845725243729
1.68486,1.07468242251089,1.18081600850939,0.863648636988075,0.154998476272573
0.200923,0.236034510202672,-0.0572318107952169,0.195680812280918,1.12801987822294
0.79127,0.582007099224187,0.819016675358938,0.546870899823084,0.688558328719962
0.995131,0.777956131422578,0.314449853585514,0.522627956060028,0.849660787372291
1.20061,0.841032875766035,0.985478168716798,0.7842831265237,0.305226579263207
-0.190395,-0.0738671600224041,-0.245442069057534,-0.0461826436115256,-0.0282645212569267
-1.2944,-0.439319029249228,0.0540994602287636,-0.703481289542374,-0.393934621389218
-1.19844,-0.824031736499502,-0.874510259998729,-0.75698054913154,0.178230398199457
1.66524,1.12661049221448,1.21799598625157,0.880165616286517,-0.460782611480653
0.179553,0.274281841717207,0.00982722686050815,0.18911353513406,0.983610264401953
0.746869,0.623530864567373,0.864408755527426,0.562710943739472,0.483812749608173
0.789272,0.788950815981971,0.406026246580644,0.519282536641221,0.204243360095313
-0.239251,0.0494712603310859,0.453085434016556,-0.0750107053505965,0.140893134602409
-0.629142,-0.416173236429484,-0.507265979335689,-0.353529702097312,0.0989042828058506
0.262362,0.398672129516406,0.719324537146683,0.304103217544714,-0.067195681255014
0.539763,0.560069967125939,0.260173654708351,0.385447898187665,-0.0800822135707493
-0.269139,0.0614260878783631,0.485635137292493,-0.0726081894221977,-0.000737105296433451
-0.624804,-0.400948477142386,-0.513637957123088,-0.3424358885822,0.0871027909452187
0.282088,0.403615023937023,0.718876954479184,0.276363041385591,0.0266287025836649
0.548864,0.570500753649623,0.221963695221758,0.370732314094212,0.549764955137843
1.17793,0.92731154662482,1.05703853764397,0.765672119832918,0.0502963178497618
-0.241164,-0.0579546457178974,-0.238433617062046,-0.0844056796726392,-0.0772928888620292
-1.3018,-0.42840537263439,0.114389950566586,-0.736842720975672,-0.430928757752854
-1.22372,-0.80587698751053,-0.866027022051219,-0.823674353966486,0.184081281708736
1.7091,1.19511708026804,1.25938187243189,0.876535765684642,-0.508606244202294
0.100261,0.250544163079302,0.0126348559148957,0.136925690752019,0.985093205885635
0.69421,0.656532868082983,0.887287839806509,0.551996417059673,0.498940537673798
0.735738,0.744857030877409,0.356263546456898,0.467145385957192,0.637647514297023
0.658761,0.66406148812624,0.904475071122286,0.560872319309644,0.639486185324698
0.717416,0.742978225349478,0.326405129724074,0.472641198479618,0.163906244892972
-0.3114,0.0540990335685119,0.484122030955327,-0.085737056369477,0.102989585752918
-0.653993,-0.40888022835546,-0.523753879333711,-0.376003696970236,0.0938096004962252
0.313437,0.414047681583174,0.731747750348071,0.282081677082678,-0.025450251305646
0.466236,0.518258868376477,0.173682958834489,0.319531993203683,0.531695983792988
1.10716,0.947493093051588,1.12427647594716,0.777482207727736,0.0209513804756111
-0.232021,-0.0633133540410559,-0.233259167239589,-0.114110338907905,-0.110942768766503
-1.29936,-0.407297664796617,0.11859188100543,-0.770381227101997,-0.429704610151099
-1.21922,-0.811032925525936,-0.875377928353906,-0.817239385181103,0.189503300370309
1.70205,1.20525527721981,1.25641221256997,0.915696449181355,-0.455978194462892
0.114033,0.269838732738128,-0.00467940513448129,0.140884689363545,1.28044760523534
1.49564,1.13018429607869,1.25530999308243,0.826589212108575,0.220332000332056
0.0711185,0.256150121587529,-0.0178825643236257,0.13281783250622,0.968484143466988
0.650291,0.664605069113323,0.939717416782884,0.550214744436998,0.361229036605905
0.769344,0.777059054048638,0.346081993542936,0.481337887857826,-0.334964601197528
-1.29497,-0.417936993448586,0.108531758760117,-0.799988881551499,-0.164079084289213
-1.22123,-0.807917233476357,-0.874408631251458,-0.744648014573901,-0.60327229435079
-0.176505,0.0958367045113228,0.492588904068267,-0.0524004567291842,-0.816977609877484
-0.585522,-0.366693335168241,-0.486866605281502,-0.388234976027005,0.0037389663772905
0.301526,0.411925605082517,0.734785476627414,0.292414787067673,-0.00974865112288216
0.454119,0.573320541510988,0.261920411200782,0.357108510307908,0.55898869754172
1.18428,0.946189543503303,1.13152211851228,0.75906087683162,-0.00371217249005161
-0.279076,-0.0427969224123167,-0.20568160221618,-0.129862616033292,-0.0736448035846159
-1.28551,-0.417942751431818,0.102822916302717,-0.831632117727068,-0.448806984462414
-1.23059,-0.805425444314407,-0.919238379939127,-0.789934933365111,0.199125847131829
1.73265,1.22731803333516,1.33653850332737,0.882763618749117,-0.507148887013139
0.0978135,0.299301788558987,0.0351262855837911,0.117662227162832,1.02659653203681
0.786824,0.673995196230732,0.939039240347072,0.525330482061242,0.449384697892371
0.780277,0.78477357873487,0.388721222604046,0.449361191603276,0.217943552260375
-0.2437,0.0593860101779559,0.473816082812187,-0.116864553606524,0.160478528617954
-0.598244,-0.36238580406331,-0.489008630374739,-0.439275358986115,0.152738849575765
0.354393,0.427023543685149,0.764252192770361,0.243521465625184,0.058047331930284
0.58278,0.625687046488611,0.264049886801147,0.351590566971299,0.588489615730976
1.16281,0.95471606391271,1.15369324323271,0.755209561049713,0.149925545741442
-0.21774,-0.00115127323158249,-0.165944641100821,-0.131669380011036,0.387988288262202
-0.261688,0.0706212431748831,0.504355412791299,-0.100374525722757,-0.243512171072835
-0.612047,-0.354178994877491,-0.494678738563294,-0.432033572937205,0.0805560319332062
0.347701,0.431491211891212,0.742145517254406,0.263215709179957,0.0282740776533968
0.551073,0.608861915134044,0.266279505919257,0.344775435292923,0.580988090329984
1.18085,0.977941406860064,1.18608134812085,0.782414662143956,0.0694195810961582
-0.209839,0.010376577916639,-0.173399440528709,-0.129898428829988,-0.0704715772841501
-1.2922,-0.447556505380736,0.0731115708713168,-0.839686897825928,-0.412555898475728
-1.21664,-0.800682981529431,-0.882547920363975,-0.878782554774008,0.201420261556893
1.72589,1.25580322093282,1.36165884459527,0.977757624957916,-0.477900213012894
0.163247,0.359132089218339,0.111871512689053,0.125991431131954,0.99331014690178
0.737872,0.683140532846284,0.955452193013201,0.513502291316448,0.406607698790252
0.781813,0.855924735079617,0.41004395931938,0.444533244395319,-0.271822888293548
-1.28972,-0.455591854198684,0.0552275303984126,-0.795392799461637,-0.0311028256703557
-1.2335,-0.800636025899898,-0.892977301307407,-0.904673826949781,0.243014489350285
1.68213,1.24194082097868,1.32919836408268,0.961081495635404,-0.47325558280957
0.166347,0.348604894015034,0.101305341949085,0.115958003873572,0.985165666583431
0.730305,0.688299354413272,0.962189215207297,0.505782969429911,0.494575404157878
0.828719,0.858736739925128,0.441566126939448,0.410278806049858,0.187791469867868
-0.26513,0.0593232451091088,0.497631579659515,-0.129184141685815,0.172025577751686
-0.608111,-0.352405135274324,-0.471776710551697,-0.449351755304287,0.134296908665877
0.330508,0.429718701952872,0.749611974113727,0.238460606862751,0.0410805831628777
0.553599,0.630963922800334,0.281962097609465,0.34724783614782,0.581423371722603
1.14876,0.968385766599759,1.1721652412933,0.791128671075096,0.201201736057613
-0.24336,0.0152692176537931,-0.164256892362666,-0.122779460772515,0.887759342283805
0.735622,0.709216324343585,0.973800207018085,0.517447915790774,0.304293129419671
0.8258,0.841939536482116,0.433394244703098,0.433056671613178,0.16164889849698
-0.268707,0.0700016007770643,0.536845865200412,-0.125543475553144,0.176342408429453
-0.581614,-0.346666073010108,-0.474821440374016,-0.44884671307993,0.119869892174625
0.304318,0.428311980064077,0.792397845953564,0.221341128676856,0.0453173941802455
0.547496,0.643244768301219,0.289386105638133,0.349624409112208,0.545060600496225
1.1354,0.980173814013687,1.18842111140304,0.749502579379257,0.0559682378294664
-0.232205,0.000873163069211413,-0.176875722469362,-0.144956965673933,-0.0916981797355236
-1.29291,-0.434933980347334,0.0996565071983044,-0.835279517388728,-0.432055168092296
-1.21822,-0.792702242768356,-0.870637045067061,-0.910516827924833,0.157353144497692
1.66199,1.26814278137268,1.36504239930144,0.906161982192381,-0.576727762133343
0.105965,0.375889504115394,0.0995099800879874,0.129205255179648,0.475998107836001
-0.248929,0.067666922141964,0.489358250803073,-0.109696729061229,-0.0924592101518959
-0.596673,-0.346580920598255,-0.480830268210275,-0.418963244148184,0.0725567958144947
0.270403,0.440733510045028,0.783640191326388,0.27546810092061,0.0187723785603094
0.504491,0.646504686852072,0.323795678027483,0.357704364115682,0.546630808039485
1.17747,0.991521530744004,1.1948655195013,0.750595560897895,0.0333123983800958
-0.235943,0.00670405978818331,-0.164202358786383,-0.146298899977179,-0.0790750633855947
-1.30174,-0.412144123449186,0.116805485499494,-0.786892230882802,-0.420614782744752
-1.19865,-0.785919386378982,-0.889711134577252,-0.908268156780283,0.169976531585211
1.67575,1.27425409351237,1.36680535553173,0.908011407320558,-0.499779996065795
0.107286,0.346494601754717,0.107945710639783,0.129453416073429,0.940168764513524
0.668178,0.701620814321648,0.976028936158365,0.522254775709916,0.358117401833483
0.736167,0.841261040713309,0.429429723379645,0.435037767796739,-0.320762215479287
-1.28046,-0.414500627559473,0.122968759203048,-0.860589785487675,-0.183767712953773
-1.24085,-0.795626190748041,-0.901189706744668,-0.965841290353361,-0.595269544195518
-0.146479,0.11725004349555,0.531875132341774,-0.0792586366450118,-0.908729492230509
-0.563696,-0.328023898994438,-0.443992057980583,-0.446317820447761,-0.304828065954383
