1000
1.35542,1.18986937990244,0.67990017296717,0.890851278658113,1.1837328019509
1.23576,1.03123855020403,0.669574794639148,0.868305191703008,1.10299192410998
1.03062,0.709245192025279,0.582434667562012,0.750925953823815,0.660045450202971
0.124609,-0.140065909285526,0.297042005940252,0.512316377393566,0.450593373954622
-0.165999,-0.429248418339451,0.185604740842572,0.45991490996537,0.0698026243340835
-0.148904,-0.354704980920165,-0.0622937503354091,0.428085304814767,-0.0464029727410863
0.0733255,-0.169031332723259,-0.331334949221894,0.468361671394381,-0.250081404736985
-0.31985,-0.458517331823778,-0.537667759642241,0.436560038091171,-0.267400958245892
-0.644647,-0.610964666179548,-0.611411954427744,0.452781209230504,-0.225524377774531
-0.217283,-0.188885484621756,-0.283710547330636,0.503676882372485,-0.295723922355635
-0.0463366,0.299972014552349,0.226266270737232,0.60040841995854,-0.0171001304928781
0.210082,0.80795393484549,0.777845693147605,0.737750421901181,0.160145697786379
0.483596,0.812034158808177,0.865603381296061,0.715845230500142,0.0483697361612147
-0.0634312,0.237590565388621,0.344401871688411,0.592190622505635,0.165451716872719
-0.0976204,0.115551504826503,0.0336774977755168,0.522487704853977,-0.0678789485950027
-0.183093,0.0653949740299309,-0.0488755008327794,0.527201899694563,-0.0123518422083614
-0.0121474,0.0117091206482681,-0.177160035325322,0.527304160403374,0.139392422662721
0.261366,0.548068191263868,0.0932008534582698,0.658011656509358,0.730758674983132
1.45799,1.11583300147037,0.273485286624805,0.853210107352935,0.967495930599667
1.66312,1.37350448097026,0.301744104642827,1.03057709543311,1.65087616511069
2.0392,1.54396543825856,0.496810735110081,1.10025416543637,1.7904029334001
2.00501,1.41817239150843,0.450522944043263,1.00744272677459,1.89343561764256
1.91954,1.17190867012358,0.219310811575631,0.984154665250482,1.60353359740943
1.25285,0.659715599955478,-0.0691774328844824,0.820842090172451,1.437697108617
0.979339,0.170269957243738,-0.317430143129636,0.690374474858872,1.04769625045824
0.774204,-0.0460461297916619,-0.4287532620716,0.650193369994652,0.793186769443898
0.671636,-0.242536721597401,-0.501791959086293,0.628184823409137,0.339523587888705
-0.13181,-0.745339839475105,-0.231732537095827,0.520938787046581,0.272188144155009
-0.200188,-0.736511974006065,-0.644936530350959,0.516680638318237,0.0683292171968059
0.107515,-0.625822005610491,-0.588098949350038,0.490741359941678,0.092705493231361
0.398123,-0.271829622181355,-0.41527981787954,0.562396377955163,0.0944183479845501
0.210082,-0.154481833043136,-0.108232406478254,0.621700383799072,-0.0103770207229799
-0.422418,0.23569802726097,0.1443800709532,0.705615551653204,0.0823891656021379
-0.13181,0.458864909766721,0.235558991421085,0.709491962554716,-0.00855506670350281
0.329744,0.650099010785387,0.415300181544585,0.716867980748194,0.00997011727703071
0.192988,0.934089421431867,0.525783965287314,0.801053669056658,0.183623691785189
0.124609,0.832619940530262,0.43383932184738,0.834750301373707,0.118741875938392
-0.0976204,0.458207747076089,0.29351233533011,0.730345983899499,0.462217615335165
0.774204,0.669393284349098,0.345753139589625,0.701136726250924,0.402851467981787
0.808393,0.586802333804683,0.216541738624595,0.69442961650466,0.928359531970396
1.04772,0.721752008583652,0.222490956614942,0.72445506835296,1.45054109299175
1.91954,1.31827952962302,0.25811867811948,0.915729622580313,2.12083500218626
3.27001,2.16235145715511,0.695899681382863,1.16989530774269,2.40404702883207
3.11616,2.31539530123362,0.902722776574069,1.24461262273571,2.77777702050781
2.53495,2.06724402689817,0.914466807512251,1.35443015139254,2.73157213584829
2.41528,1.83292790544192,0.616737945242786,1.29475545368094,2.32402212527826
2.10758,1.52757896761915,0.32735228344221,1.21584719500695,2.00897625807428
1.66312,0.838641944726305,0.0581104372426482,0.988752219236218,1.60591402820355
1.06481,0.225886850146841,-0.271835928710395,0.802086419758462,1.36305821307134
1.01353,-0.0443997214402695,0.241003951620323,0.740581978388115,1.00712878265443
0.962244,-0.3387132452338,-0.398097717081594,0.649174528676035,0.620811423751866
0.210082,-0.766517048267997,-0.234882805130785,0.554792367109462,0.576006958357463
0.107515,-0.788168793746344,-0.679911374314597,0.556669665879633,0.45344919297156
0.517785,-0.58476262942578,-0.31849395676681,0.596070414009525,0.54434351679515
0.94515,-0.171482288586095,0.335502650445733,0.70451774881356,0.714965169603817
1.1161,0.323921862169439,0.946493385696032,0.812959986338461,0.50341763088072
0.158798,0.826996690584154,1.03012928151349,0.857724305709508,0.537669492179406
-0.0121474,0.938265085355443,0.960742679131943,0.846100541359918,0.168830191089198
-0.0463366,1.00451367602443,0.962095424978547,0.855243922768612,0.284337011637915
0.50069,1.21274242303796,1.00037022539025,0.877274010623233,0.345859032398085
0.72292,0.811686548821125,0.623031874172637,0.855221735887324,0.582220938657217
0.808393,0.495428608035161,0.0791292237090031,0.802162621333429,0.528835767374523
0.346839,0.603844284970505,0.0621679632533531,0.785963330287488,0.679415503654215
0.50069,0.692457258438307,0.0230381972218723,0.790257405433859,0.688448434381392
0.774204,0.768397828355213,0.112000351672296,0.794527640890304,1.26294742087759
1.90245,1.15457832340112,0.140159905554434,0.967015677081496,1.76977482597585
2.80846,2.17865002463494,0.721147744464754,1.30942535305239,2.26696188011168
2.89393,2.4188309645993,1.09942863774998,1.43905144538406,2.48026131661451
2.364,2.13811857856737,0.958250534552378,1.55325003096368,2.44410802349366
1.98792,1.91559862038348,0.705626292420772,1.45827186163394,2.35720190509295
2.3811,1.55352706490835,0.408741845475464,1.36346311687135,1.86866118824414
1.78278,0.776974251527154,0.0142290019058217,1.0811523719864,1.72059569494902
1.13319,0.251174615843106,-0.28777923403255,0.954718616257239,1.4180874587639
1.01353,-0.114090389203781,-0.461641286923277,0.874980181093765,0.986561013356639
0.808393,-0.256137534659425,0.170586635784374,0.875206445427958,0.667688633518577
0.295555,-0.798350038889053,-0.362086860671782,0.697388198591044,0.543138326759501
0.158798,-0.774839494863369,-0.660647848318872,0.681650183911869,0.545766539868027
0.654542,-0.581487811650538,-0.584435873402641,0.738663249422673,0.620617919214646
1.08191,-0.202240487457091,-0.386141330508416,0.84868841580285,0.726065328454317
0.979339,0.283692176850221,0.41162398480567,0.954028384219505,0.619074002645826
0.210082,0.796246855744254,0.411038931988014,0.910455568777151,0.665820010556739
0.278461,0.783738872103587,0.233164874025191,0.871984576972415,0.534458748232131
0.740015,0.775898218400007,0.176208285487701,0.879753291139565,0.522152691445163
0.774204,0.886377261010018,0.22104682570348,0.893962434560951,0.67127854144596
0.688731,0.481606962255707,0.0759028880153414,0.904702147367297,0.663910163501947
0.534879,0.483631329626766,0.0961160153595787,0.860568553517245,0.73126028767247
0.774204,0.753521119709282,0.00667952750316881,0.852931290982968,0.630953508617529
0.688731,0.672751831497235,-0.0748843503424679,0.862039138676604,0.761109869103341
0.569069,0.759035625951728,-0.0187763732837681,0.883131573384932,1.33703876319327
1.81697,1.33211501973793,0.338445007458156,1.078743587202,1.73744226013835
2.91103,2.16085552276332,0.713409352488197,1.46322468166193,2.19050813110386
2.84265,2.49893810862022,0.914002551030851,1.53767338433885,2.46620353720892
2.14177,2.15030080407639,0.907063754763895,1.5626622274013,2.72015988423449
2.58623,1.90513875633901,1.09359536846762,1.44768513752589,2.5141807926666
2.94522,1.60737033499764,1.06417788483121,1.30716478509004,2.20252395653248
1.95373,0.859325618538584,0.729812892099823,1.10828954823435,2.13921926953687
1.44089,0.249783565574535,0.497759080130777,0.972099015832328,1.61276833049713
1.18447,-0.0445282633016018,0.355353553653441,0.933478287106696,1.18782788573007
0.962244,-0.185268095534177,0.319235653884866,0.919189169161199,0.68247288918346
0.107515,-0.70274200251676,0.213911555587392,0.823904002496757,0.621800030679361
0.175893,-0.632076810472959,0.236265536561953,0.814878520071879,0.422969598681869
0.534879,-0.455205083649766,0.297772338476205,0.809224284895928,0.591202728181234
1.01353,-0.0329465388580351,0.530314063777776,0.889858461737361,0.691806939690576
1.04772,0.305376516078122,1.27758237236911,0.93753223141018,0.502036207083694
0.124609,0.846276819757898,1.3004846816614,0.9141806950571,0.396263440665494
-0.217283,0.858582241767645,0.994766177652733,0.895378003513595,-0.0478071893061879
-0.388228,0.7320761870917,0.420074966613341,0.815550222322006,-0.159814884909229
-0.165999,0.689795329444548,0.326514970189274,0.860517942094359,-0.285490381718831
-0.234377,0.463767465831346,0.278426592212576,0.892838996006737,-0.1627866186026
-0.148904,0.300851505169706,0.385894492732254,0.796792047949177,-0.130274849195892
-0.0805258,0.298540234026571,0.19572278003562,0.76238656929529,0.0413017541533623
0.192988,0.224008295342141,0.183467227352962,0.784958134358041,0.218937674574038
0.295555,0.352133290981549,0.715653605853804,0.833910555329205,1.00634341755436
1.61184,0.905506066066054,0.689440478963919,0.925702835958462,1.77866649274789
3.28711,1.73523242917698,0.638283299032661,1.3422529910132,2.33706816780274
3.37258,2.28319111221101,0.982125453396704,1.51281918349292,2.82318970635636
2.62042,2.10223518823014,0.908011394822716,1.46282220639158,3.03542045858326
2.70589,1.74352298710982,0.528366492453523,1.44717827995926,2.87225847717311
3.20164,1.56694346647286,0.390406408525102,1.37310183906063,2.34691220928005
2.10758,0.850120341050247,0.0135483175147667,1.14997812713957,2.20828265386142
1.37251,0.238410082045824,-0.314110145620849,0.938883206346172,1.53705331209854
0.842582,-0.0467741604435129,-0.422799690851093,0.868852394304023,1.07735395457468
0.757109,-0.258012280301376,-0.463461291793677,0.795870810037442,0.489608704881496
0.0220418,-0.724846358962359,-0.53374437093687,0.740113959471223,0.454302406795735
0.0562309,-0.810989734870769,-0.620748000378429,0.633028231354632,0.321970944466877
0.449407,-0.546773900081456,-0.447288171391103,0.707653948093888,0.453086562474432
0.825488,-0.143235586244655,-0.232333462256744,0.772187850802164,0.650662222791293
0.996433,0.284101283001089,0.533639780184502,0.869626785501802,0.587395055829318
0.346839,0.682352953511192,0.361756805552911,0.865769783310465,0.878727162303356
0.859677,0.960316592347682,0.342883560143893,0.844648388398726,0.438242508534914
0.466501,0.957616235786668,0.257960885015884,0.881304476728886,0.534809522887988
0.31265,0.893698919885018,0.253305166898266,0.828553327915089,0.282108139612477
0.0733255,0.512083927565816,0.201707823833601,0.793228712214214,0.124655626540078
-0.13181,0.292053039004938,0.104259763438221,0.748611015229293,0.118217354543329
0.107515,0.429029844568262,0.0469602458478925,0.747249639955157,0.057444596902046
0.192988,0.358793663318448,-0.0411650130348459,0.716308297586415,0.192016085003799
0.141704,0.541380550795662,0.0928250278075463,0.755522678884166,0.709898206257538
0.996433,1.13481967237711,0.259178097167894,0.999407265096467,1.39779957365411
2.62042,1.80384104134011,0.430033126977584,1.27578953173096,1.83920959858358
2.79137,2.06344031345817,0.715975095107141,1.38094070353391,2.6343870797759
3.03069,1.98107014865574,0.813369220106849,1.38673301623901,2.47878529079911
2.24434,1.65790852315888,0.426850345056011,1.30803578972317,2.57010856058835
2.24434,1.43214107592448,0.288113080592171,1.20816802361697,2.00149956741012
1.68022,0.84080201789662,-0.00532467356475864,1.03979853421575,1.86078536013782
1.57765,0.329274184711097,-0.270534586354226,0.816274642306347,1.28146827160625
0.876771,-0.00607928851333267,-0.399403713702679,0.692726724327739,0.970837245408323
0.466501,-0.242641346408779,-0.486656321520124,0.613860235148936,0.290019346482061
-0.422418,-0.825942752827438,-0.663040656885542,0.418209405842541,0.115784332441651
-0.354039,-0.788916890382966,-0.2571826826414,0.479114575206264,-0.178024156191392
-0.13181,-0.570598574689116,0.157827381258482,0.513675725112527,-0.0593018260874185
0.261366,-0.284201625033087,-0.0194488751107173,0.549833251345266,-0.0752770128412876
0.0391364,-0.334519332695995,-0.403989774051359,0.512512176820745,0.0313368026867353
-0.217283,-0.105543768679006,-0.0332786120341189,0.561178041464719,0.197453572818655
0.295555,0.452345484050642,0.487026631537332,0.708278334542339,0.181798620796829
0.551974,0.509352192701285,0.668159100658479,0.726404569702613,0.344760782173615
0.466501,0.67110811589128,0.934561817112847,0.790683686750923,0.478302241973531
0.483596,0.68542545455372,0.952552277736104,0.783643725004719,0.378272701633718
0.227177,0.259805572033555,0.638327614116386,0.711069290559369,0.546402269637819
0.569069,0.2645099839864,0.459804028851361,0.698610037325336,0.557113081816057
0.808393,0.273022571987325,0.339355984354256,0.676605427316047,0.801002064817422
0.876771,0.346894610717745,0.894709195385563,0.728302297118823,1.49378587519724
2.10758,1.01747570715039,1.22691181247798,0.914956828911173,1.8648660727974
2.97941,2.08436140859916,1.61329588223129,1.1580740589994,2.08371394144915
2.26143,2.29064755403586,1.61611152463791,1.21027681184785,2.49233020794438
2.19305,1.78716236429575,0.643651407363597,1.26480923572211,2.17178042540684
2.00501,1.43339150694892,0.256630660771004,1.16510194442632,2.08726399019238
1.98792,1.23496507040422,0.251830645210973,1.12491387138514,1.91385943421563
1.88535,0.871260880333704,0.0292676242271938,0.986951656238378,1.62526235022128
1.33833,0.494930395446739,-0.171582520100825,0.812886730224915,1.34292120214269
0.825488,0.0946484059550919,-0.376946247401401,0.665025772284201,0.985967947434133
0.705825,-0.14139273609442,-0.484018625325043,0.573783815584825,0.287948603474108
-0.336945,-0.760442822938454,-0.663105031032815,0.361206824471183,0.192864295923409
-0.388228,-0.826667463408201,-0.658543643603915,0.360416358389021,-0.159266257319853
-0.183093,-0.687986149544541,-0.615216208160697,0.348453640085633,-0.134580364683006
0.158798,-0.387820675828083,-0.532405338953715,0.478593270636065,-0.263272643897333
-0.285661,-0.471349811786898,-0.480983670474162,0.471570818585144,-0.196468127812518
-0.559174,-0.276540559275668,-0.193503421000714,0.540639774415463,-0.184117807805718
-0.200188,0.0734929560965928,0.35436104990733,0.627548676636001,-0.157047410987616
0.192988,0.309290178434551,0.77444938999672,0.662685237567455,-0.0190053711381833
0.158798,0.545065417676442,0.907057002143605,0.724131838016832,0.308746193633548
0.517785,0.604674694665506,0.942632642426954,0.72738876561253,0.244640789654183
0.346839,0.121073342000186,0.525867320742723,0.65109160005093,0.366622327466117
0.278461,-0.244814173530255,0.147382690072424,0.573476586354219,0.293426943279443
0.244271,-0.342116752933916,0.0531366966551311,0.518479702260619,0.195492533054229
0.0220418,-0.303880953631282,0.111293960417762,0.563284042579941,0.39567866321505
0.381028,0.187161559828199,0.12595670173671,0.658663914988095,0.748971047505326
1.38961,1.15910282256528,0.305110893047738,1.02379882682069,1.03388477628426
1.76569,1.58354386125432,0.689562487188901,1.14618099213643,1.39724668109563
1.49218,1.6180528441498,0.781255840016878,1.18410062970509,1.82604638970678
2.0392,1.36903799881742,0.381701872271847,1.06704453186333,1.53753795940357
1.68022,1.21116121024569,0.284601082823475,1.06914333789383,1.39907734420442
0.928055,0.542461894588676,-0.125740870333787,0.83485016699593,1.01982784114419
0.329744,0.0438234275524321,-0.390355399616788,0.663725451281797,0.64635577490025
0.244271,-0.241661338844748,-0.520142200501973,0.57323251644962,0.34493443886442
0.381028,-0.329365730348819,-0.259472346295921,0.554616984193873,-0.100972506803173
-0.473701,-0.798398977230282,0.0563331462915558,0.496124285250112,-0.0589924222123727
-0.559174,-0.808278926113834,-0.134627958762764,0.480810096723138,-0.19861331728075
-0.114715,-0.701363771718311,-0.621110281439184,0.443363785820309,-0.102489319236429
0.295555,-0.277063707649815,-0.357602945986857,0.582593054801512,0.149728391704433
0.551974,0.238214643164149,0.501064646721989,0.736612575685724,0.135559707168701
0.00494713,0.656098083088066,0.425751085590367,0.790428882979082,0.392158536874206
0.244271,0.822137314386647,0.29543718511084,0.773072353371213,0.285876754889199
0.483596,0.758523943563471,0.296729952354887,0.745403079481801,0.380014525738361
0.534879,0.748326018308188,0.197319238214291,0.75798264338471,0.507905582642213
0.603258,0.345720996642103,0.203927966180925,0.725843102730492,0.457402356761998
0.346839,0.204769554817248,0.130092632807756,0.690234806436794,0.624955183819898
0.603258,0.261619027369327,0.0890725323947664,0.67054752441161,0.679360847410757
0.996433,0.285359170989379,0.592485424614812,0.688514945079741,0.712983621131542
0.791298,0.388368379392478,0.63507471089844,0.704562181740005,1.07676659628575
1.04772,0.948016645163757,0.918003102476888,0.820381328269625,1.50792914652988
2.19305,2.17901585711038,1.59688819327999,1.11040233605935,1.63699795346694
2.27853,2.52387896799616,1.80234947641905,1.11364094246926,2.09033349401767
2.14177,2.05146352357635,1.01396336429339,1.18200619785886,2.26628858124492
2.31272,1.82103747283357,1.02869061477386,1.13418778874317,2.16958788288236
2.29562,1.44880483443822,1.1188877732761,0.968127852010841,1.91565547799927
1.66312,0.717983979809396,0.670460262278903,0.789779341190217,1.57463118040203
0.859677,0.214164595158035,0.395942565390231,0.681822678624698,1.29145369811817
0.825488,0.00202778037575162,0.298073323778152,0.62597518372422,0.908543463813815
0.94515,-0.286577102697884,-0.424557248899989,0.512716795763503,0.490002624183805
0.124609,-0.801145167203581,-0.669154962746269,0.404731501219651,0.543309558459205
0.0562309,-0.778957108441202,-0.658916285876044,0.414480764334845,0.482444111941627
0.688731,-0.568675818123609,-0.572580947837273,0.437867270914173,0.488961228172202
0.928055,-0.189802458470383,-0.313886607849367,0.529226206175467,0.647437543013266
0.808393,0.232084035202311,0.545946132281063,0.61247253363823,0.471334265406092
0.0733255,0.71965110934701,0.71787984789396,0.621926816464885,0.415384746824212
0.00494713,0.850132415640183,1.00446885159397,0.638138088280183,0.118178782032557
0.0391364,0.835216593072022,0.932929451517509,0.632223146668601,0.0758412395747552
0.107515,0.786286135209796,0.374894660606229,0.612713301760512,0.113517184817316
0.192988,0.299866726062851,-0.760544665773964,0.582264144492794,0.1320458097954
0.124609,0.116232131780047,-0.901111515325534,0.558970248174327,0.293660862990049
0.398123,0.240610461846484,-0.899598967494778,0.541353335467624,0.301471417226372
0.415217,0.168017206725236,-0.770863274515476,0.531268298814168,0.570769853253356
0.620352,0.21298242260217,-0.180047704364694,0.545092241123455,1.05682338799868
1.49218,0.755343919327511,0.171135656391294,0.617993029475665,1.7563133223126
2.89393,1.90678141070287,0.588314940669967,0.915418939286768,2.22629979566308
3.09907,2.36832021147003,1.14429861227162,1.0211853346756,2.87046767537363
3.15035,2.09745660222637,1.09827493246441,1.02107926639513,2.84859927135389
2.72299,1.78644555066597,1.28561093257458,1.00014979009298,2.72869319914356
2.39819,1.35586637117719,1.04472829776136,0.873058944202739,2.34479727654991
1.95373,0.715633877020746,0.156035480352024,0.701612050006191,2.04207265411936
1.69731,0.225240265073933,-0.157249435987479,0.619837232416003,1.6317103327312
1.25285,-0.114800390289081,-0.37273863982898,0.570108765312513,1.43835785045239
1.23576,-0.163800486627926,0.129226481476772,0.556570972941824,0.92786192398829
0.534879,-0.722081355661372,-0.538479308713127,0.515250964944116,0.87196739381578
0.432312,-0.685621641661568,-0.516836338110735,0.536576743560683,0.744679518755957
0.774204,-0.607776252796864,-0.55645518364565,0.511656591315874,0.862814017787428
1.32123,-0.186954630075825,-0.219386098452818,0.571009826999311,0.826531168054268
1.099,0.336293825287719,0.690701849704349,0.632822795590992,0.586972439505085
-0.0634312,0.710949822661375,0.777734874169885,0.584505661048738,0.545036391988173
0.00494713,0.80151698565972,-0.287719706330519,0.574251131690657,-0.0534529795833168
-0.713026,-0.653005197556012,-0.6285828095488,-0.409551606004647,-0.814857654179892
-0.986539,-0.814731842651488,-0.661675531377676,-0.479916930315142,-0.866629160963401
-1.00363,-0.870351699069637,-0.680340477702222,-0.508961850551807,-1.06724247241217
-1.15748,-0.966897375993704,-0.662197335270035,-0.508185490189766,-1.18653874286384
-1.431,-1.05207624706202,-0.419722729865531,-0.476579583757505,-1.10642418213556
-1.1062,-0.51282573476544,0.460559784898912,-0.317532163463854,-1.15795254740172
-0.986539,-0.0725410310470735,0.595363971675994,-0.293130558122181,-0.877235201215592
-0.661742,0.1929507612807,0.633081566248694,-0.299583741606704,-0.651141059639998
-0.302755,0.197243225919665,0.525357002747679,-0.323912467938472,-0.470832560468811
-0.200188,0.257982986378223,0.431113785738331,-0.335238706233346,-0.373597851222233
-0.405323,0.11101133582261,0.305483682079554,-0.348326984647966,-0.239861708128742
-0.234377,0.0538097995835619,0.192351900543053,-0.362640211069579,-0.374846353106189
-0.405323,0.166863058356641,0.203967948681086,-0.358117384162448,-0.217674035264397
-0.200188,0.113489986508473,-0.089098059250694,-0.363881842036507,-0.222354455577752
-0.0805258,0.109763400726676,-0.0261623020885112,-0.367548988523421,-0.091586966462297
-0.0121474,0.200051976068678,0.18350984313396,-0.360413051079982,0.13140474635402
0.346839,0.23341930253576,0.55752528687491,-0.34402599822254,0.222556634097683
0.534879,0.440679430619641,0.926431523544976,-0.278795191097396,0.199322520345764
0.0391364,0.373404165551208,1.01280696785237,-0.255513423807572,0.497171946634541
0.398123,0.564824144914872,0.870297937349253,-0.261460625673626,0.579205731113239
1.06481,0.606817790007546,0.512498222401113,-0.296917243234433,0.661359711870089
1.06481,0.246721613613242,0.166876350366525,-0.284765136750376,0.688835500217829
0.449407,-0.24797718612477,-0.185874587846327,-0.383632910426671,0.648637406639004
0.295555,-0.519734563066249,-0.557038244862728,-0.455913870640338,0.259962017871013
0.00494713,-0.615172466766526,-0.650960174405752,-0.491999508634383,0.0872759007018346
-0.114715,-0.745785770127505,-0.666234559572091,-0.574403482414202,-0.173400999500587
-0.371134,-0.813730211619795,-0.691316314273201,-0.591458409394876,-0.329339046333831
-0.524985,-0.930398742627701,-0.648418558381527,-0.649600857786792,-0.574416084302495
-0.866877,-0.959664291287566,-0.467484700538146,-0.613128391052516,-0.524346134237412
-0.507891,-0.52607410965872,0.443213081064257,-0.483151130869292,-0.810093417008384
-0.781404,-0.0761597776470865,0.57660140017781,-0.433262691520462,-0.759164363530106
-1.00363,0.0987780311164547,0.404035845423374,-0.405288686896171,-0.746212933641836
-0.849782,0.0577431691033822,0.254765863258762,-0.428216849261411,-0.558682407624548
-0.0805258,0.138062854593019,0.144800916370418,-0.450901297184946,-0.712597639596538
-0.507891,0.034805232131383,0.102693713122666,-0.435734554803175,-0.520373845215996
-0.918161,-0.0451973365852569,-0.0112551443157733,-0.448739296548323,-0.436622956782187
-0.439512,-0.0274514606811577,-0.0501957809507015,-0.460938940821266,-0.551987841383268
-0.268566,-0.0248770086670522,-0.134970495652536,-0.455582862685794,-0.337308816989071
-0.200188,-0.0301803941534639,-0.128531896824827,-0.453355536653127,-0.163222915091302
-0.0805258,0.140903675538907,0.186726845844448,-0.444997232984893,0.0435687272621015
0.346839,0.231243942131233,0.644045416468662,-0.456101998471505,-0.0236718032711546
0.141704,0.332235623205573,0.702856184827994,-0.370493161514595,-0.0835952744088067
-0.507891,0.0345080269905874,0.287683161437953,-0.395572351625546,0.0303517870030443
-0.183093,0.104919640319501,0.127949493087105,-0.370265838809507,-0.0241883623798619
0.346839,0.245427686018398,0.125718328117018,-0.362315405166851,0.105260279639891
0.551974,0.0578327924797997,0.173106785828654,-0.395688055829003,-0.00889732041855051
-0.234377,-0.346884075818922,-0.29598266085464,-0.460649212044155,-0.0155756149818564
-0.507891,-0.522058747547927,-0.559369785928219,-0.497094991562848,-0.421603619657212
-0.695931,-0.666017811728804,-0.675475549681967,-0.57630032270024,-0.6541607992546
-0.849782,-0.830047808715405,-0.707527150569113,-0.686988561929658,-0.782483245336599
-0.883972,-0.866513573686701,-0.707092708161528,-0.710234000946764,-0.925671314454816
-0.986539,-0.962179281972255,-0.667084986935218,-0.741444939827056,-1.07568529595263
-1.31134,-0.99040920063818,-0.538862706867775,-0.743346082573989,-1.02499188608072
-1.05492,-0.616947515160784,0.393545848340588,-0.59502597976829,-1.24166214040144
-1.24296,-0.19257603059054,0.489585068870188,-0.505005005308703,-1.09823574009542
-1.19167,0.0534170643326362,0.360193928817694,-0.46353316354729,-0.935617423929849
-0.661742,0.0851076307073316,0.226583039444115,-0.464717599200018,-0.895765576226882
-0.576269,0.191017189891909,0.263024400545223,-0.466211940785116,-0.72373623317005
-0.713026,-0.0678262383746716,-0.808988213818659,-0.497840591572467,-0.632332188634637
-0.695931,-0.207396066664581,-0.965601390361731,-0.509025185233404,-0.588280980326319
-0.456607,-0.0794405352251196,-0.947339072451993,-0.515719554124433,-0.655426875207867
-0.644647,-0.0248117621703011,-0.125320557597133,-0.504010626649682,-0.469443793306804
-0.456607,-0.0167909365028715,-0.198234211320292,-0.513862375873655,-0.505243521697898
-0.371134,0.0242494175031476,-0.00308964314361954,-0.521553371865396,-0.48450256422769
-0.490796,0.0185232685544673,0.317137512967453,-0.538790598047446,-0.428554333032977
-0.456607,0.141139726616256,0.600810633154403,-0.477327494372635,-0.508746021801499
-0.610458,0.137559014471603,0.635793226767986,-0.476364223593266,-0.307394232298734
-0.268566,0.200101079308811,0.652993659414607,-0.481599445355296,-0.0510513873770726
0.586163,0.334914192800155,0.342308581769883,-0.447484955747036,-0.200391382189023
-0.0463366,-0.0177862470656555,-0.0432204135124741,-0.491299699159526,0.0753444342661021
-0.200188,-0.368989812649299,-0.339308769339446,-0.568536074623146,-0.419365645058203
-0.832688,-0.595403799191294,-0.615101867240414,-0.613507707342737,-0.613827551091536
-1.05492,-0.789270157923395,-0.733764312349655,-0.726703533942826,-0.91660880283284
-1.1062,-0.895340170919773,-0.730799358208443,-0.783780774150716,-1.03749093569793
-1.03782,-0.937342198361589,-0.728040747570651,-0.834829517614103,-1.16631890973005
-1.19167,-1.02486933265338,-0.710626253226941,-0.876063429700402,-1.28399042277429
-1.58485,-1.06030419891067,-0.502357778362657,-0.891738762344002,-1.16789250089788
-1.20877,-0.636846907692025,0.408032911925615,-0.760657019543367,-1.22277634150281
-0.935255,-0.0691337447104725,0.684936868608376,-0.676215602239299,-1.05438584292932
-0.883972,0.159857865626169,0.641886710952628,-0.660756989475151,-0.830049314855941
-0.661742,0.134816397349621,0.559434127148209,-0.669845711650976,-0.830442425802647
-0.747215,0.265183692277441,0.478643000548608,-0.650239710574521,-0.771575443032393
-0.832688,-0.0407947143773322,0.324414547856074,-0.67439129124648,-0.830115400313993
-0.969444,-0.0213922703454105,0.23519518320783,-0.677716433197505,-0.731070494660532
-0.593363,0.0232289031665558,0.151234372951342,-0.688209557562464,-0.936923234902057
-0.969444,-0.0302759143121699,0.0493864373179257,-0.682070251524727,-0.666377712755219
-0.678836,-0.109301087852526,0.0308975092710328,-0.716977026852299,-0.825062891829286
-0.747215,-0.0863393355771712,0.305443504476955,-0.722552643453397,-0.67070865505204
-0.678836,-0.062709867304198,0.518493564252373,-0.726163252873571,-0.535205898737388
-0.285661,0.050434767572175,0.681950524373793,-0.69310259190086,-0.628158730099192
-0.593363,0.0842862366681888,0.669149361330331,-0.666796885652305,-0.385052958004155
-0.507891,0.198794059800373,0.63111367329052,-0.644049986268737,-0.252743466366665
0.0562309,0.281416549660433,0.241907079160002,-0.612001456939814,-0.247934976663072
0.0733255,0.0152472463506526,0.0410961106654962,-0.667124819905685,-0.158515566690221
-0.217283,-0.292387256139178,-0.236796829999655,-0.75368066829849,-0.314306200187546
-0.627553,-0.528552188918571,-0.473585915343911,-0.830190674872754,-0.598701583173503
-1.02073,-0.742729268196247,-0.639395081634445,-0.908536837057152,-0.792620166466547
-1.00363,-0.893592801233074,-0.675612323843154,-0.980933691791951,-1.05037340758231
-1.1233,-0.948359923649821,-0.707629838664505,-0.996730338899422,-1.14573202526418
-1.26005,-1.01204122144784,-0.660770650314322,-1.02761750191132,-1.30054921526557
-1.51647,-1.10263066792542,-0.54202523205373,-1.04882115325431,-1.31107836071161
-1.36262,-0.845551686733751,-0.168162554521662,-0.979559385915538,-1.49442216904331
-1.53357,-0.507814975437,0.329731774201894,-0.876172812035599,-1.39205308103506
-1.431,-0.309084652232458,0.454506737950984,-0.831687978189214,-1.38277859568273
-1.27715,-0.307883618573703,0.474649639948326,-0.823508385021872,-1.28630645113723
-1.19167,-0.0405621981023454,0.56634927448346,-0.77804725999262,-1.04008420990485
-0.764309,-0.0378360526173052,0.402688940521426,-0.776435623112091,-1.03238308407404
-0.918161,-0.291296792157971,0.381827774553248,-0.822542205087587,-0.669182746919844
-0.490796,-0.338643608317898,0.173709206077585,-0.827493501801813,-0.753679582405789
-0.576269,-0.311981502635686,0.00553407470651146,-0.80794992059479,-0.651514886189639
-0.747215,-0.320028669846855,0.0169417548965581,-0.818360793579059,-0.669674676422928
-0.747215,-0.431667609256281,0.0697821464753318,-0.863711374700151,-0.798678839238448
-0.901066,-0.345230088877561,0.314974762863979,-0.850611784186913,-0.739644039097656
-0.73012,-0.220083705110878,0.579789651617385,-0.830511967249766,-0.82332312045946
-0.866877,-0.14617500232948,0.507833501577432,-0.794668004805718,-0.484095099508025
-0.251472,0.0467066751506098,0.468831565269172,-0.747037461291873,-0.432384065925163
0.0391364,0.127606986160015,0.0708921211498846,-0.723863353044753,-0.331960110309158
-0.285661,-0.108237853071814,0.0319652638792093,-0.752780941679622,-0.275554356703025
-0.490796,-0.316147845759062,-0.0770693150621976,-0.806072812862212,-0.509822185409705
-0.73012,-0.553851233545223,-0.5200810927938,-0.887678878417727,-0.739159156807689
-1.00363,-0.746045101355546,-0.654255153571097,-0.949109831233201,-0.91531675059106
-1.14039,-0.911451197686176,-0.687580525884563,-1.01438424601182,-1.05368409489802
-1.1062,-0.921723658083365,-0.713019438259899,-1.02175553044521,-1.25871600716976
-1.36262,-1.08217115254648,-0.682786116378429,-1.05533943842561,-1.37464082522938
-1.65323,-1.22560683828983,-0.603509333576682,-1.05976628320317,-1.45124631874764
-1.58485,-1.05641119130828,-0.277319955974505,-1.04172655497861,-1.57186225721359
-1.56776,-0.759035098546826,-0.0746755641738047,-0.94483712240733,-1.48436256913416
-1.46519,-0.578157488510523,0.336313645797994,-0.900686917092794,-1.23719582400476
-0.935255,-0.417049685282882,0.474724231300714,-0.871445715208646,-1.102727205705
-0.661742,-0.144290153959723,0.60527978808849,-0.800677902270853,-1.04841772379278
-1.05492,-0.172364286817072,0.58830230816923,-0.808022452482047,-0.967704318938907
-1.22586,-0.546369843328893,0.430976820478204,-0.907659355308795,-1.09669151528522
-1.17458,-0.685731179836074,0.219651088809597,-0.939054404153572,-1.23316313080103
-1.27715,-0.713999896095971,-0.0375416717078566,-0.962894202672661,-1.21590256314651
-1.27715,-0.805151450686897,-0.12841089789018,-0.983995639392168,-1.19416078073913
-1.17458,-0.819438819668919,0.143866399111934,-0.982259129284162,-1.06305780167728
-0.866877,-0.706493664472864,0.363669909468292,-0.96760005943811,-0.975793381394743
-0.747215,-0.463335420546877,0.518055855241802,-0.915185984470882,-0.880250970893258
-0.918161,-0.279983695279392,0.459846984223239,-0.845808315942202,-0.602204235659145
-0.473701,-0.0957659163389147,0.416055406195053,-0.777821560770289,-0.546177840756345
-0.165999,0.12063845143487,0.191880740818072,-0.710240838310495,-0.451994548084433
-0.354039,-0.252915032549699,-0.0493594714933823,-0.797574305073344,-0.331041236410921
-0.336945,-0.566542655462753,-0.327028806693118,-0.907022072936655,-0.680912009539318
-1.00363,-0.778246569724268,-0.575706408497983,-0.97703224771922,-0.750385132665856
-1.17458,-0.844748183411813,-0.678103013382946,-0.997039167998051,-1.00474101529851
-1.08911,-1.00713107198858,-0.737776631667243,-1.054165527605,-1.16765477988375
-1.17458,-0.982695397341392,-0.740998484528306,-1.05256257912492,-1.22446086273317
-1.31134,-1.11458381668563,-0.713223238595354,-1.08485185103842,-1.37599087385308
-1.63613,-1.18487987067708,-0.470002300638556,-1.08919730237877,-1.30585845776507
-1.29424,-0.807655889951193,0.382562017211729,-0.989537667891535,-1.53358582794162
-1.51647,-0.284357570710949,0.504870674017033,-0.908910434289724,-1.31559035349137
-1.32843,-0.157079675053923,0.362160798170732,-0.897614540351659,-1.29232162340015
-1.14039,-0.195751218847016,0.454321438517004,-0.884141461414045,-1.09499496765239
-0.832688,-0.0361849955065097,0.50361455051996,-0.876712616273534,-1.01808861962799
-0.849782,-0.150929058807259,0.285852880476116,-0.860210563574239,-0.913986086993481
-0.986539,-0.267866738651393,0.111973132239597,-0.876412849524638,-0.780148028551543
-0.678836,-0.31097964383278,0.0412962372547654,-0.907178078308046,-0.911493480342257
-0.815593,-0.319614551292631,-0.00923754325851946,-0.902655777552896,-0.904217682325564
-1.1062,-0.247869115363417,0.129436052204024,-0.891865072347337,-0.88780813535809
-1.05492,-0.200917543320034,0.191917450509117,-0.88757641394492,-0.787926426004006
-0.559174,-0.0542736270510471,0.544810103203138,-0.860990561205705,-0.661213216293878
-0.234377,0.183730303098947,0.752705255091121,-0.818925039891034,-0.541668893266426
-0.54208,0.0678344227126863,0.68120326094919,-0.783566058291934,-0.110300320607159
0.00494713,0.207635792167249,0.66529260322848,-0.744047792310724,-0.0212253492171437
0.551974,0.258586873572596,0.0530438432212052,-0.734975012238244,-0.0585604275824696
0.0562309,-0.0309915767227956,-0.0693032495137938,-0.766851896373112,-0.0824758196959957
-0.576269,-0.427618846087475,-0.420458079544369,-0.877349375616208,-0.387464924926018
-0.866877,-0.689516299211878,-0.612043827823162,-0.962929012096787,-0.752008863224082
-1.02073,-0.815636074086829,-0.731222535730699,-0.999654882430933,-0.950684371224438
-1.1062,-0.937214466257492,-0.718786995718422,-1.04787592874637,-1.00572876289043
-0.969444,-0.998448866413476,-0.736661305688653,-1.07345545745427,-1.20641725720589
-1.29424,-1.07501599023637,-0.700927434113273,-1.07012907728022,-1.24046651675158
-1.55066,-1.15743542703782,-0.406077745297558,-1.08450777253759,-1.20897712127499
-1.14039,-0.758688254937668,0.451428490121993,-1.00858051395972,-1.42055818904373
-1.31134,-0.295895655004681,0.47837467010585,-0.939071207609627,-1.33464432595194
-1.49938,-0.171856352456061,0.269063690946148,-0.913154277411389,-1.31239354690231
-1.34553,-0.211068367309375,0.264484655108612,-0.914970748629239,-1.35802078166889
-1.26005,-0.104005746422058,0.188563391035087,-0.886304272111992,-1.26990475771566
-1.19167,-0.199214354268811,0.245148619342963,-0.878024576812617,-1.18074199794656
-1.14039,-0.250148491909355,0.115797406415136,-0.88642745659284,-0.990429612665431
-0.798499,-0.176531654246417,-0.074073969404795,-0.880195971057444,-0.901014775197773
-0.627553,-0.167047862425228,-0.188007051583771,-0.872024334964002,-0.8209915356363
-0.781404,-0.242208455769917,-0.228271735218309,-0.870281470487285,-0.752455444923786
-0.918161,-0.207178753523517,0.0725076520359605,-0.851762136595133,-0.592831846467716
-0.507891,-0.0232866208141506,0.486189098173687,-0.828967120640785,-0.416147256774218
0.107515,0.224691160395682,0.775423793677899,-0.7856323643505,-0.378979091326154
-0.200188,0.245659212665874,0.613276229682048,-0.733012201481042,-0.0698845500581763
-0.200188,0.224451028203491,0.462032254614484,-0.655956300449356,-0.00533540907762685
0.210082,0.291796232163273,-0.0376075411923061,-0.671522096338522,-0.165001461290185
-0.0463366,-0.0780013338626895,-0.162586476294552,-0.721059396410188,-0.242628539565192
-0.559174,-0.434980311982405,-0.408668648772738,-0.817460816640078,-0.53956991843365
-1.05492,-0.630059332140925,-0.623901075354384,-0.899803678645928,-0.79071327749826
-1.1062,-0.78054081904293,-0.716990530622456,-0.942173257958005,-1.02853031220746
-1.08911,-0.889907246782754,-0.727201082108826,-0.982874937714035,-1.08586746195164
-1.03782,-0.932683312754679,-0.743922881338603,-0.998381705054069,-1.22433962502749
-1.32843,-1.01757759768681,-0.668511434762426,-1.00408432047849,-1.29217778548621
-1.55066,-1.05367582150004,-0.323518246855348,-1.01625215598688,-1.37884503423901
-1.48228,-0.68766540610453,0.407437498470719,-0.936485123062844,-1.46113801841984
-1.46519,-0.242676138301371,0.488596285790017,-0.876488598623989,-1.29616087933865
-1.1233,-0.152498140082938,0.1494187346675,-0.829086004056548,-1.23720335629393
-1.00363,-0.209013440576202,0.0120545446089858,-0.831924939403339,-1.09716062972782
-0.986539,-0.0362661464686216,0.187176235023147,-0.807617190964924,-1.11692827750889
-1.19167,-0.173899274619858,0.072485991581298,-0.815724920411482,-1.13509481991117
-1.32843,-0.322841567991084,-0.0615955569955135,-0.824251927606422,-1.07448387158978
-1.00363,-0.33957465386849,-0.133160529859505,-0.840463806099481,-1.09833635586624
-0.901066,-0.2444919912495,-0.204161429737579,-0.822085922012202,-0.948610957680068
-0.849782,-0.206621033574073,-0.240521222777957,-0.801734475869243,-0.882510322801388
-0.866877,-0.236280434717374,-0.0227092140175993,-0.785096719704696,-0.780138464717008
-0.798499,-0.089599427990557,0.440433697647872,-0.753303295184617,-0.502085860706297
-0.114715,0.172540269865791,0.655187032204171,-0.714307683059167,-0.540140537726927
-0.285661,0.126855317130874,0.668988364643095,-0.683616552680356,-0.205790745395041
-0.234377,0.155866373527919,0.543693017177497,-0.644596075476831,-0.116734949559295
0.107515,0.2668402029959,0.113069030011231,-0.649592866204955,-0.284773543326728
-0.268566,-0.151150119584103,-0.139254146937229,-0.726114818670404,-0.308308899216878
-0.627553,-0.4762406721334,-0.398278938566977,-0.83222770638773,-0.572012506588
-0.883972,-0.707682044646663,-0.635188463263783,-0.929150359449245,-0.859073183547532
-1.15748,-0.792589648315312,-0.73663746947286,-0.948556338106713,-0.977729819300184
-1.1233,-0.943490544163045,-0.728225470746809,-1.00866749593505,-1.1023271729111
-1.05492,-0.968939659298213,-0.72608276241152,-1.02258073834915,-1.22264816323896
-1.27715,-1.04462437105482,-0.674244922873309,-1.04128671458125,-1.32711702306597
-1.61904,-1.08345919834753,-0.354920534437932,-1.04260177573909,-1.33294434400784
-1.431,-0.742989427555775,0.353880714599391,-0.966826594562592,-1.46196779769526
-1.4139,-0.251076786175675,0.347489083506347,-0.859902758807095,-1.25556367599524
-1.1062,-0.046169159794961,0.332398484926862,-0.827073799424775,-1.10972193182482
-0.781404,-0.113557572798108,0.0718124843172523,-0.823276561586023,-1.02924751590683
-0.935255,-0.0112027527502905,0.0685323812871972,-0.804435034294927,-0.786350706897743
-0.73012,-0.196734886589356,-0.00619293188429022,-0.817990357821918,-0.843348622048018
-0.798499,-0.278659918989505,-0.0251392394610689,-0.828840322250838,-0.670792205378252
-0.54208,-0.182078588333578,0.556219574922254,-0.817312399861884,-0.803462352160492
-0.815593,-0.227790873618772,-0.0564194915616248,-0.811996417593081,-0.693626620074274
-0.901066,-0.089725073302744,0.578764834648654,-0.797350805722042,-0.529093237956976
-0.285661,-0.0506287644244273,0.072205524657556,-0.807291920342126,-0.558637934584876
-0.234377,-0.0194918641246815,0.43438480690541,-0.792080537442321,-0.304677595982914
-0.251472,0.151273370643518,0.649268533554176,-0.740497601291778,-0.195761783052901
-0.13181,0.1768347697798,0.56624823478524,-0.728285570780158,-0.20623561196944
-0.200188,0.207034262793481,0.512917360523028,-0.722794702277386,-0.0426219165661642
0.124609,0.277778023138372,0.080784158667607,-0.725356900678946,-0.234417730835029
-0.200188,-0.116213178243611,-0.0533362840357589,-0.797684685618482,-0.315302641620754
-0.678836,-0.466033079741271,-0.370016112462361,-0.883939371004834,-0.514935593987919
-0.832688,-0.69598947098332,-0.558331120095437,-0.972096830251238,-0.845533389419884
-1.08911,-0.8238601559571,-0.697128504338023,-0.999537746412465,-0.947360740241525
-1.08911,-0.95277499549604,-0.722859549717031,-1.04708931411551,-1.09286288788445
-1.1062,-0.985965843820856,-0.732199729312874,-1.0560246537013,-1.20784009355492
-1.29424,-1.06260899026944,-0.663426290824151,-1.07943634787126,-1.32771956660256
-1.58485,-1.12327826728693,-0.38668758838182,-1.07648735424355,-1.31787446836697
-1.39681,-0.751361422877023,0.399370103838821,-0.992187368456092,-1.37807727690321
-1.26005,-0.190269309150361,0.482777313549395,-0.867229839330148,-1.20253493322212
-1.00363,-0.0337068603532541,0.268187022584745,-0.842807544646479,-1.08885526687777
-0.935255,-0.0416190509120107,0.260372617735028,-0.834823241053101,-0.852809571477146
-0.627553,0.115877174866657,0.381471758453536,-0.81906696009952,-0.897736803706813
-0.849782,-0.0961506155887898,0.0614830099287606,-0.847263127344032,-0.742580581186478
-0.849782,-0.235761576690097,-0.0295154001950134,-0.85295620118325,-0.700860017939019
-0.559174,-0.162986959649403,-0.0390005797208619,-0.842527408260413,-0.765389155256321
-0.713026,-0.232072628572908,-0.159151727959383,-0.836333772004996,-0.563998098379033
-0.507891,-0.174404115071629,-0.145436212162911,-0.84355269285433,-0.662004116326021
-0.627553,-0.271615519261569,-0.106273325951498,-0.861715936994607,-0.581963428293336
-0.593363,-0.176963901317633,0.257970754331138,-0.850769428077505,-0.718228210709751
-0.815593,0.173678140355019,0.68483722950739,-0.786343494111061,-0.729400631393415
-0.935255,0.130714865180752,0.617304769863573,-0.783759192337422,-0.616093651508068
-0.524985,0.182657343965907,0.440519306541802,-0.765389588522405,-0.467047582339378
0.0391364,0.245551484307071,0.0334667695612278,-0.773866402431604,-0.475021096006822
-0.31985,-0.045401623523878,0.146286977649468,-0.840315187374493,-0.344148566931958
-0.576269,-0.332445512035464,-0.0959981915838631,-0.916238284129752,-0.621186605036101
-0.935255,-0.569201662766057,-0.228276856514587,-0.980050871000701,-0.824131647305561
-1.1233,-0.787383624523312,-0.702805710417208,-1.02293159232863,-0.976296320227286
-1.07201,-0.926419475655562,-0.707138819290253,-1.07295175044978,-1.09861283151614
-1.07201,-0.960451167676808,-0.708539604736003,-1.08557389060466,-1.20369572693801
-1.29424,-1.03964963795516,-0.640092220633185,-1.11691725556689,-1.31318221064334
-1.55066,-1.15420097754887,-0.552501513122626,-1.11604915992392,-1.41680581857232
-1.58485,-0.927986894055217,-0.255152769717915,-1.06781562760485,-1.50514468621992
-1.53357,-0.589204261792386,0.00456893992878926,-0.980199618063139,-1.45151576614724
-1.34553,-0.239414553309287,0.264142673025752,-0.891592254992148,-1.38992749750825
-1.26005,-0.219385987280818,0.217241270569517,-0.895297328193123,-1.25146275621477
-1.1233,-0.149999379902363,0.277169973267011,-0.888814834114484,-1.21685532684982
-1.19167,-0.0431242542451573,0.341734473621613,-0.857607668034941,-1.05168872291083
-1.00363,-0.261255722572033,0.343306189523938,-0.916401908175174,-0.938868498679744
-0.644647,-0.240389850622151,0.228894229968193,-0.900916921341087,-0.998565317809915
-0.935255,-0.264243300964086,0.00331585105371201,-0.892628735427101,-0.922497284405035
-1.14039,-0.297997330023925,-0.0149606500248905,-0.894929962062128,-1.02723070054085
-1.17458,-0.345735369107579,0.11242301655136,-0.911860821938361,-1.07115466483549
-1.07201,-0.34702188214204,0.158913515611401,-0.92158462145134,-1.00431294144649
-0.866877,-0.175546395528701,0.559350160594062,-0.896151943176702,-0.901966838115832
-0.713026,-0.176203602426644,0.513891322615742,-0.892662435744181,-0.82337788126989
-0.815593,-0.027098738603958,0.332480254635898,-0.84418096596832,-0.549800956933605
-0.31985,0.116438136075769,-0.0783878333251945,-0.810709828100506,-0.691404860456591
-0.559174,-0.128619044180502,-0.144314787433635,-0.847809662587402,-0.540112594476706
-0.644647,-0.333923506029527,-0.307647382224373,-0.901270750665224,-0.733230057982372
-0.901066,-0.565190172270128,-0.53580697574408,-0.969244481838829,-0.868916328029285
-1.1062,-0.730570436428682,-0.686944838864937,-1.01001848682356,-0.995221551614857
-1.1233,-0.89536984673936,-0.714821704276696,-1.06053023890722,-1.11980611260168
-1.1233,-0.918912305056818,-0.736294013536307,-1.07008250983205,-1.27598382761222
-1.39681,-1.03819351283144,-0.69186025702042,-1.09481471347357,-1.3923894751303
-1.65323,-1.1603851616483,-0.617675014068995,-1.09622934072731,-1.53564320417488
-1.7387,-0.92604756232641,-0.361134738011519,-1.06294029499142,-1.59658717872076
-1.65323,-0.655091787670127,-0.15281238925329,-1.00050584912505,-1.45714526232461
-1.24296,-0.539901361953242,0.269242196613895,-0.974345103271336,-1.29333849658115
-0.95235,-0.388862305762158,0.474997837367746,-0.941300856225206,-1.03308951073472
-0.73012,-0.0934861549257898,0.602535048246053,-0.888906429568942,-0.968075079454471
-0.883972,-0.121613111370605,0.60490272653514,-0.886221814153682,-0.9837616989337
-1.22586,-0.478282633757862,0.347494740781486,-0.956047237112646,-0.947493925996568
-1.00363,-0.633298355593688,-0.0343070240492552,-0.998498027546273,-1.1689266610102
-1.14039,-0.69269549066188,-0.216377033067498,-1.01376568127936,-1.16943382102953
-1.32843,-0.719624080489446,-0.285526190684952,-1.01916876545879,-1.16444549871959
-1.20877,-0.715652896109034,0.0885219476870865,-1.02802814522208,-1.24113873840831
-1.22586,-0.579225780743955,0.34814334299478,-0.995168348892227,-1.08604122168355
-0.969444,-0.424629379755325,0.472998971372997,-0.969373721762165,-1.03231668930672
-0.901066,-0.296661920517396,0.529082509465031,-0.928940148069813,-0.74865074824807
-0.576269,0.0258628867441867,0.468021346205654,-0.839238223234143,-0.457472444440312
0.0904201,0.169266578270881,0.0364081288398861,-0.825782508320188,-0.563065850914616
-0.456607,-0.160842165945077,-0.0936565431930407,-0.858494427765118,-0.377640097066746
-0.713026,-0.484237560877038,-0.383726290792789,-0.955268943361768,-0.635623918462871
-0.849782,-0.672127063784444,-0.578064367663911,-1.00863435386712,-0.860141488664921
-1.03782,-0.866851515360788,-0.724432282439879,-1.04571663512454,-0.989366771600937
-1.15748,-1.02626488363866,-0.748264886056496,-1.08847911492353,-1.0790119619009
-1.1062,-1.03070719692806,-0.757656938063325,-1.09707779111245,-1.27503589611946
-1.37971,-1.10068673766661,-0.66725141355548,-1.10578201207692,-1.36374188126192
-1.65323,-1.15743323559516,-0.473707657096892,-1.09663726973522,-1.3752114290143
-1.4139,-0.763755189341557,0.330589390822415,-1.01633508749191,-1.5004292342831
-1.39681,-0.209059553896569,0.458400665216684,-0.913760481590984,-1.41251760116831
-1.431,0.00300950747511417,0.192148379773375,-0.86802489355268,-1.2546166947025
-1.15748,0.179840239765162,0.248586453944836,-0.820909399311573,-1.11881512639929
-0.798499,0.310581760556593,0.271024961962002,-0.814602650564621,-1.03877361230681
-0.883972,0.0982825884679487,0.222343595231895,-0.805939709531956,-0.856743652297034
-0.986539,0.0255703672778023,-0.0122237839037462,-0.796397967176765,-0.495192429370262
-0.0634312,0.0487496856926243,-0.032430223755177,-0.830971699054868,-0.673155619762141
-0.371134,0.0504077774713554,-0.141899192541366,-0.808928666701997,-0.30068052583665
-0.371134,-0.0452906304152519,-0.0509134941706639,-0.813450491915445,-0.460904610811227
-0.610458,0.0244795941278671,0.140119243277884,-0.787635093907537,-0.375458263873585
-0.456607,0.129008995636252,0.514044110548435,-0.775529675638547,-0.272145505931857
0.0733255,0.302835783896554,0.702495525292632,-0.751080222471699,-0.346133499137184
-0.234377,0.278234446090659,0.728984572215636,-0.717561657654122,-0.0674357307393968
-0.148904,0.276271647030091,0.594009280668422,-0.699441347142911,-0.0988306336009266
0.0562309,0.327709457356505,0.145058592024,-0.686519337075854,-0.228324558040814
-0.217283,-0.120136386696099,-0.037089846987934,-0.767220459235356,-0.372450437456501
-0.747215,-0.447444437486119,-0.379286598842731,-0.856630619104473,-0.537663369827224
-0.866877,-0.640751974571172,-0.553516289183751,-0.914533824281906,-0.856161462156189
-1.03782,-0.820153178482816,-0.672439115961082,-0.947704076120273,-0.977636739173631
-1.1062,-0.940292637674863,-0.701420854773129,-0.982747660304593,-1.09974447449302
-1.17458,-1.0197052285787,-0.736680726604649,-0.990820272683826,-1.19057307830423
-1.26005,-1.08141995402621,-0.655782010993555,-0.996072534516024,-1.30965084816253
-1.48228,-1.09326887734659,-0.336113464420711,-0.95836066861883,-1.27984188833871
-1.32843,-0.625906385002547,0.43004070777378,-0.871879254266259,-1.34035142139294
-1.27715,-0.0190562520302808,0.575530946551046,-0.746099358174731,-1.16749992059866
-1.05492,0.0945760054794427,0.4627878313604,-0.713289846923068,-0.950825398547452
-0.576269,0.0695115658629743,0.091222368926453,-0.702362031267109,-0.9593371496273
-0.815593,0.255126593614376,0.0574827551571468,-0.672864724432594,-0.778658446177632
-0.883972,0.0807377132995109,-0.0133346841808409,-0.657859455039729,-0.904530432295015
-1.00363,-0.010749031690083,-0.0727111467725363,-0.661907555197908,-0.984098251611138
-1.1233,0.0667347308892749,-0.0642124901802937,-0.639199002912828,-0.969397820835614
-1.00363,-0.0050040828320487,-0.11305165685487,-0.626790288859999,-0.891438283723389
-0.678836,-0.0346384373572295,-0.141934775202159,-0.625869056529041,-0.854110364643159
-0.781404,-0.080019452010548,-0.12655416786223,-0.601838337254876,-0.449770266261469
-0.217283,0.176100385899551,0.264722020871897,-0.551526178354631,-0.33709520951966
0.124609,0.405484866315285,0.759206389050611,-0.494769683859957,-0.172035260932627
-0.0976204,0.347878225393683,0.705371437561561,-0.457204865431122,0.162234191349531
0.210082,0.449977878451996,0.668777497179474,-0.420727829646848,0.24618093359402
0.72292,0.453389684766722,0.118927739100237,-0.414802663407547,-0.0777433666381541
-0.251472,0.0248740395356191,-0.0582145135023699,-0.454478013088117,-0.0446217524426074
-0.678836,-0.381640563638147,-0.322343476477659,-0.587929554834213,-0.565506012737686
-1.00363,-0.630040325528219,-0.539619788770478,-0.658624671476304,-0.83125425412786
-1.05492,-0.748234807231527,-0.636714541233007,-0.680761701240393,-1.04153260241418
-1.15748,-0.90516801714494,-0.645998600432753,-0.739344820890053,-1.04195094827357
-1.00363,-0.956607276464857,-0.668856167561087,-0.755560537543111,-1.21218436625563
-1.24296,-1.01237754082826,-0.580326564134655,-0.726803595665112,-1.27243134376345
-1.56776,-1.03628180465205,-0.378207652800856,-0.682077622956458,-1.23208938406979
-1.24296,-0.576397684513755,0.457493434335074,-0.568238681000637,-1.41529551446172
-1.37971,0.00122121994785543,0.549795135107081,-0.475713535696473,-1.12062763987281
-1.02073,0.120575505613209,0.246987314142422,-0.464920876118217,-0.982457851273237
-0.627553,0.152841402550956,0.198616746052391,-0.448865816031696,-0.756813309957443
-0.388228,0.184056811551454,0.127182204518012,-0.428127470034959,-0.717849214240175
-0.747215,0.0553593920305206,0.128562636531871,-0.404702772189216,-0.571380267387805
-0.764309,-0.0179483275491857,-0.00671061800965268,-0.408734363308287,-0.54669623980321
-0.354039,-0.00832447606816627,-0.688080244408436,-0.425240658927818,-0.684696245009855
-0.644647,-0.114864077273457,-1.05126830673752,-0.425792686489096,-0.429432653880279
-0.456607,-0.0366984576153386,-0.228948503251437,-0.39991650593839,-0.49373329640157
-0.490796,0.0157811294190422,0.0829454084778563,-0.374869044927789,-0.107013311787739
0.261366,0.22847002607266,0.512531580643339,-0.331858131195564,-0.0997630521992764
0.261366,0.458688956590501,0.842969743778162,-0.255750139238487,0.299026554784004
0.466501,0.498756980360117,0.848988155019276,-0.240061417274181,0.297600124940894
0.329744,0.610098259964175,0.735006869704417,-0.218870858192262,0.451032746021964
0.534879,0.730044117815635,0.402064286476469,-0.24061624950391,0.219535041926778
0.175893,0.0857449189264927,0.180911510698058,-0.296369735427811,0.0671931544036
-0.336945,-0.282384039739716,-0.0789867959926913,-0.398849392382138,-0.173108195105753
-0.54208,-0.518031663043904,-0.35717896724136,-0.473009778481337,-0.496197416013622
-0.747215,-0.681627758941752,-0.519897007872473,-0.516410688498917,-0.598060228701898
-0.695931,-0.852076385130832,-0.50598013555324,-0.570092597971362,-0.707749705659836
-0.678836,-0.910689700959683,-0.510011588672818,-0.58341306470702,-0.777231726515638
-0.832688,-0.951811718751117,-0.438217319526178,-0.584859590477776,-0.835877016565633
-1.1233,-0.910091395986327,-0.0326896607494385,-0.550554190919836,-0.521993664269662
-0.234377,-0.484413621952411,0.58144875301501,-0.449586406723175,-0.653785776273636
-0.234377,-0.0271344973260929,0.633770775948777,-0.334828409406431,-0.286969700920726
-0.268566,0.135223739938669,0.641925377517322,-0.295725236830218,-0.0766140261501108
0.107515,0.258389548161312,0.605914346519519,-0.279756133503211,-0.104294223559008
0.107515,0.43356837065519,0.613041330296485,-0.274940301863577,-0.0866250949575234
-0.234377,0.150170899563119,0.194814500488384,-0.298923115731075,-0.0354478860727549
-0.217283,0.0619290949983863,0.0359181600300704,-0.30922467267932,-0.0433686578383921
0.141704,0.0939091214071143,0.00932605223162133,-0.307880829791385,-0.18223723692096
-0.234377,0.0773393099652616,-0.145928427570626,-0.290242950372391,0.201385023363493
0.329744,0.091652431265994,0.00136425114083255,-0.304471587136865,0.0199823041690353
0.192988,0.145951051719134,0.054873334234925,-0.265460748975323,0.332609913168563
0.398123,0.27140452141047,0.494037294249721,-0.24233059979338,0.34897452191307
0.517785,0.34721837965723,0.802238941743652,-0.197624848967503,0.370613248486885
0.31265,0.374970188259382,0.787631539729495,-0.183731745455755,0.603384035654895
0.688731,0.446949095567164,0.875710729498041,-0.193143576244136,0.589427474514002
0.94515,0.471199015420636,0.534593012483687,-0.214975124801414,0.435790768633681
0.278461,0.0561135373048622,0.130362371360871,-0.279129506105722,0.444053828255083
0.0562309,-0.325051497129243,-0.147934269209173,-0.390079426190056,-0.00970744717114455
-0.354039,-0.612273124267109,-0.399293530429916,-0.462865475848335,-0.248411505464321
-0.593363,-0.761551299583069,-0.569017579943917,-0.478839787327234,-0.462669249852567
-0.661742,-0.934675159302744,-0.577289813344963,-0.523962796839683,-0.531678146564411
-0.456607,-0.981090883640815,-0.600077529491631,-0.544005932340057,-0.748878196779318
-0.815593,-1.02652703377367,-0.56895774014607,-0.534392866824881,-0.774949245177477
-1.08911,-1.01916317958355,-0.340064257844932,-0.516059380395953,-0.847024038401666
-0.969444,-0.533569888330122,0.519453212010236,-0.382101099575618,-0.866741111420803
-0.798499,0.144630102720325,0.669618953227052,-0.264592973061071,-0.536801393433251
-0.165999,0.42895280201939,0.76011129014582,-0.228957568678999,-0.254014195403807
0.329744,0.48073458966269,0.667102731057452,-0.242272850744405,-0.00760537524240122
0.295555,0.535479025427267,0.621367303807972,-0.221781820276858,0.115301077983062
0.00494713,0.325392229809402,0.506944507202699,-0.245901575833979,0.0963940729063176
-0.114715,0.220422645409613,0.244072131798973,-0.248980209154785,0.0334266988407245
-0.0634312,0.265106791936896,0.13055341985356,-0.230737630015279,0.199422985171686
0.551974,0.368072243398865,0.0503188546474839,-0.246589105758836,0.0328855747360815
0.0904201,0.241140946234829,0.0281480343970619,-0.234883753898281,0.417384087618278
0.398123,0.226015430755212,0.237787672100633,-0.243181461548558,0.197067076463652
0.329744,0.270402398746979,0.576098910530661,-0.240922222487864,0.073881554432821
-0.234377,0.303783525572769,0.670081382062896,-0.25445381156669,0.12281829619118
-0.0634312,0.167382176044188,0.600457147990561,-0.287943322092113,-0.190707469145313
-0.268566,0.220036626878516,0.390299054465058,-0.269910415027367,-0.051835314608625
-0.0121474,0.267629210097465,0.0114735797375432,-0.280210121853952,-0.176847108736538
-0.0634312,-0.022205784056273,-0.0893468309590877,-0.313553504627098,-0.223430622754634
-0.31985,-0.378405373922306,-0.272574321219975,-0.410012482408215,-0.459527662920184
-0.832688,-0.611171386489449,-0.500032641533562,-0.472652401898634,-0.641880150321165
-1.00363,-0.801076707280465,-0.643663888797507,-0.524542519505038,-0.873815976370862
-1.00363,-0.982369064056931,-0.625792517162825,-0.593532763264729,-0.964646284461882
-0.935255,-1.02243331274174,-0.664818441175834,-0.612821996899575,-1.06125101783064
-1.1062,-1.10280144119158,-0.612407616033034,-0.601053698275826,-1.08636603256279
-1.31134,-1.21110281363378,-0.485658624120346,-0.571030371179442,-0.91871529261347
-0.747215,-0.925028499149046,-0.221815578216067,-0.539876040618731,-1.03931308527741
-0.832688,-0.588476300478465,0.0719997951420805,-0.475266406956532,-0.726217857951557
-0.644647,-0.222295553600969,0.37823824289251,-0.39093609796695,-0.675275918082998
-0.54208,-0.16964913723991,0.542133976619956,-0.380267369473723,-0.52965879377434
-0.371134,0.0992753933188832,0.59655147723922,-0.329128857013796,-0.517848344302708
-0.422418,0.107410033911999,0.584053515108924,-0.310598053569239,-0.583123585859176
-0.815593,-0.0722353379604196,0.45134428474879,-0.329053178914527,-0.453795889434415
-0.54208,-0.134240572758968,0.290860890368285,-0.345837654480369,-0.470827836744572
-0.268566,-0.109322402794436,0.123641437759713,-0.346007777634996,-0.144676836131463
0.363934,-0.154691584267707,-0.0132072519622475,-0.360940982642429,-0.239097690791676
-0.183093,-0.0989814176586399,0.130838549156911,-0.329018152751297,0.103861677945075
0.00494713,0.0058637320283019,0.465682435108386,-0.310364449242168,-0.253939165451783
-0.405323,0.0173975182659896,0.654798667419722,-0.286994753006289,-0.163435351972415
-0.302755,0.0757624365548308,0.633569560123881,-0.268207655918331,-0.3610492010748
-0.405323,0.31817481696613,0.529258017604885,-0.19489893059129,-0.258349134344733
-0.183093,0.407975827849322,0.0919306719655235,-0.192448953627767,-0.368122596633213
-0.388228,0.126243878458782,0.0796305874341428,-0.239818436927244,-0.158164699184655
-0.0634312,-0.225435894003345,-0.0248192480786749,-0.337823651763218,-0.341746332005993
-0.234377,-0.456554074573449,-0.391453695131883,-0.413082119383883,-0.461413454835008
-0.815593,-0.617782132649386,-0.534123901995804,-0.42795716831181,-0.512283041512371
-0.798499,-0.895082242071023,-0.552310482248563,-0.543150670743684,-0.797475766580244
-0.832688,-0.930240159326792,-0.586271214492854,-0.538884869801937,-0.932379415320288
-1.02073,-0.9982742103182,-0.521884612451006,-0.540601717876711,-1.11132327537097
-1.46519,-1.15509739259152,-0.415495655105064,-0.517603027806984,-0.999873874474686
-1.02073,-0.90102854595834,-0.214903362393464,-0.472619763971529,-1.16555358785417
-0.95235,-0.568230835765838,0.0691087099793929,-0.357757907997627,-0.962925755324857
-0.901066,-0.338864326957552,0.540869605382587,-0.276567351256314,-0.762825074747239
-0.54208,-0.240722838671582,0.636648756025392,-0.257112346398827,-0.76875008968181
-0.610458,-0.00301202021825341,0.776859995174236,-0.179483257890284,-0.655647371759793
-0.713026,-0.0401718719019747,0.703394560338977,-0.171649476826654,-0.663500282115173
-0.644647,-0.288138305910708,0.548891314086326,-0.240923684859545,-0.917360503947487
-1.15748,-0.536015316420347,0.232553503436528,-0.317221709466752,-0.837870237245047
-1.02073,-0.686133210900541,-0.0276162078293969,-0.367005454952801,-1.05924776215991
-1.02073,-0.639037323311245,-0.000335392834219753,-0.349886272576722,-1.07842621232753
-1.19167,-0.669770659412168,0.213294375838824,-0.349996242496752,-0.890720323133444
-0.866877,-0.564573345225093,0.499262767656934,-0.29781441403849,-0.657803097267308
-0.217283,-0.324534159386777,0.68571428625167,-0.214539714901422,-0.33808002685407
0.227177,0.0215398955428685,0.792928796981568,-0.0933122535852232,-0.0190990192406799
0.227177,0.416932224595099,0.814480007885476,0.0887068370789627,0.372584507036941
0.705825,0.379747721682259,0.293825099033537,0.079853481912544,0.107936380183401
0.0733255,-0.0262115925237393,0.0675622050356085,-0.0372007785056385,0.111366868691591
-0.354039,-0.403199014471791,-0.0847958998223621,-0.175510240574851,-0.283682818662636
-0.695931,-0.658857423385592,-0.407474946216742,-0.259047579787067,-0.582350419196051
-0.883972,-0.803182985876984,-0.560323984335632,-0.276744914215362,-0.76988341299058
-0.918161,-0.916286936887417,-0.576048208713877,-0.304954113388261,-0.843526002048124
-0.798499,-0.979193601961063,-0.619893545102661,-0.304327126763974,-0.993288438172414
-1.03782,-1.03461125336303,-0.518778741202047,-0.295293762494304,-1.06351306581359
-1.36262,-1.07131391942215,-0.176301729964315,-0.208803779834807,-1.01460104627273
-1.14039,-0.570534129285072,0.541844875043479,-0.0541908962917966,-0.839061713310417
-0.422418,-0.0151011495836862,0.686364809812676,0.172764882441064,-0.616594748837802
-0.200188,0.253767785360727,0.615505402157161,0.305821165710017,0.0753412368147018
0.603258,0.39486559188931,0.563657046128885,0.366663104041023,0.447435361458073
1.37251,0.521949227534476,0.460981153583869,0.421984909896757,0.165724428127042
-0.13181,0.435256429231415,0.511308166126741,0.420231269264904,0.513118094766259
-0.285661,0.419701006402634,0.308346629283112,0.402628269749141,0.140250022000733
0.192988,0.565302136835343,0.320245021658287,0.430012012301816,0.0268388232768926
0.158798,0.500750753304831,0.355905012599838,0.412220056069086,0.56641210324034
0.996433,0.534555218442008,0.36650370030784,0.405192770924479,0.59913834205535
1.04772,0.508685448320893,0.423173440434354,0.436516920161122,0.946470654416882
0.91096,0.857333858757933,0.83690166058049,0.522869065545796,1.33917795434356
1.68022,0.985973542792016,1.15263509623545,0.549508510828741,1.22699829349276
1.50927,1.03706067291833,1.1631529812633,0.601360305748944,1.59541679344494
1.57765,0.991601452744494,1.06565060001062,0.683138740880686,1.7001962049054
1.93664,0.913291284788314,0.648049254642248,0.68450890706153,1.57131185220831
1.69731,0.506125459302684,0.362276849040112,0.575414110918392,1.37769019794816
0.876771,0.0434403142795225,0.0206589567248026,0.414378119724082,1.29108458625499
0.91096,-0.222043766983384,-0.380848836789827,0.341650331058933,0.778020208074551
0.551974,-0.436939590694897,-0.531478536002085,0.273906108164811,0.738821236145276
0.569069,-0.618113945863977,-0.550751829944601,0.234340655177789,0.534250867650262
0.483596,-0.661817537505996,-0.563596601265954,0.251701028458735,0.452884849007284
0.346839,-0.674414239288693,-0.454243164760974,0.274725987435379,0.369400206116746
0.158798,-0.776215224699038,-0.159152171058214,0.265193682735097,0.5404101483097
0.637447,-0.159026078235994,0.566925705468296,0.442819755735553,0.660800854352065
1.1161,0.459093919308416,0.771101671088339,0.671259152793024,0.893770214250801
1.15028,0.703110605117214,0.555764747666073,0.721042135001408,1.31524332089937
1.59474,0.889664521611367,0.519836962342253,0.712073456226497,1.36872271831783
1.62893,0.941181064116587,0.385870633208624,0.738750000088243,1.49574147804177
1.54346,0.733464611894038,0.399394295255862,0.722228007356074,1.31989921284554
0.962244,0.655816025233659,0.336147249660262,0.763943001841842,1.47183075318376
1.37251,0.687367427955626,0.243516058462264,0.769997546376916,1.26906877540232
1.57765,0.638307172150636,0.12171114978676,0.763063327108022,1.14919454229337
0.979339,0.69258301227513,0.191005271584849,0.811421657877989,1.24214638071735
0.740015,0.782253474367206,0.42100680308098,0.800980792721787,1.58414872835656
2.07339,0.82501364677499,0.764559574034742,0.803275997233684,1.53611851917161
2.44947,0.904619806304016,1.12892809416839,0.870403903768145,1.61256890142439
1.26995,1.03086403176892,1.19492203856312,0.954267587069727,2.06526565213233
1.66312,1.15189348038125,1.17638007956652,0.968294210632524,1.89238771207517
2.43238,1.16415550341809,0.772413453632382,0.953588712213984,1.75801166866343
1.97083,0.714142538806145,0.585585882889652,0.975945640226064,1.86246641779876
1.47508,0.27918322011938,0.187464191332319,0.855690272051948,1.54141674835698
1.08191,-0.103507573491012,-0.361129279050894,0.800611949915928,1.24910321408876
0.94515,-0.274187518489385,-0.489651557039787,0.780249468548371,1.03589005002099
0.91096,-0.459851642063351,-0.526050128407372,0.756476023376483,0.969172255725982
0.979339,-0.514758956758001,-0.536721332305624,0.758822911950377,0.892206129478113
0.928055,-0.531922789911152,-0.365108496318882,0.758498750690011,0.734780562647101
0.381028,-0.525904384484181,0.00688955220318019,0.767153355982529,1.05121087157118
1.20157,-0.0488787121921617,0.655962259184214,0.822227467912642,0.720692457653503
1.08191,0.416234167924634,0.72536465024163,0.873858949264789,0.737724693309992
0.398123,0.585444978902612,0.59266703542183,0.858789440376355,0.695210497778675
0.329744,0.72157725983158,0.636843722434083,0.889301359192347,0.339905814429314
0.261366,0.654070640642886,-0.120686237852014,0.880707330704641,0.0337919192199595
-0.268566,0.517151851774073,-0.409100686478854,0.898043800054073,-0.0603569234490307
-0.473701,0.623638251476619,0.468512869490924,0.891101582434711,-0.0715260639886092
0.0220418,0.71942217445337,0.389478359363159,0.909764109378678,-0.130711120456803
0.0391364,0.605813831197338,0.100200597787852,0.920771572037017,0.431186766152555
0.876771,0.546536116125003,0.148573824061099,0.931060178018674,0.556738312903449
0.996433,0.65867956419763,0.459699919696172,0.955246509311417,1.17542996786756
1.50927,0.803264807786181,0.724797369967792,0.98791994842691,1.54232523164525
2.15887,1.010246199558,1.01002735442052,1.06236019792426,1.68064157931846
1.98792,0.950026126237257,0.976396852126392,1.08002514710404,1.83987675243039
1.49218,0.955607112219776,0.816528213797722,1.09193598719744,2.2057586661398
2.44947,0.97605347086896,0.44683076693805,1.04539911357286,1.89105808472753
2.29562,0.478951631861539,0.23047503174792,0.989649213145253,2.03456982360098
1.85116,0.095622678580855,0.00241534800627877,0.918380555515122,1.74362583041212
1.25285,-0.176269972181081,-0.387794241851639,0.857496371080485,1.37031446163552
0.825488,-0.358963172509076,-0.516690947794002,0.800018425953513,1.07848760918017
0.791298,-0.555854792624569,-0.528525323149921,0.742725609943007,0.891446006611908
0.893866,-0.635830947248702,-0.5482118893667,0.744414336885199,0.799243013802923
0.842582,-0.677988521104157,-0.45408471747442,0.730145917082383,0.687560718145159
0.449407,-0.655106825534025,-0.172578989217291,0.753396388873765,0.798198241378486
0.740015,-0.111946256611789,0.569740223618414,0.842528228291192,0.651483261295498
0.876771,0.422290037905283,0.7154731237035,0.90381213653785,0.514143505512137
0.210082,0.640785525941847,0.818429571590288,0.944826764383074,0.906565185505337
1.03062,0.623352944982814,0.507545543774938,0.895752839168863,0.439610664947057
0.688731,0.874397262528955,0.570509895493884,0.93298860920177,0.419627385894773
-0.0121474,0.683840825180984,0.411565824231428,0.883252451977823,0.120660679687708
-0.54208,0.45520372858668,0.146982205007429,0.840498082298621,-0.0228022267733144
-0.148904,0.473576493004061,0.128902320889801,0.786480902058244,-0.280211317621307
-0.200188,0.379541014239666,-0.0214985145757384,0.781258377801534,0.0896320488123004
0.363934,0.349126027698088,0.0349828274867014,0.759626550075975,0.111937862231101
0.381028,0.55423635961686,0.296319408489522,0.843464847862581,0.471039796358005
0.603258,0.713474360202691,0.67525122710288,0.877155845686323,0.682777456845942
1.06481,0.930811789697857,0.950306897650992,0.868482140543492,0.599427799437895
0.534879,0.823135113011153,0.929219704609403,0.88545625587645,1.08348710460044
0.979339,0.970821604419084,0.854636749828088,0.892754373255699,1.44884750864409
2.3811,0.963445618376722,0.589082363372193,0.847557038876179,1.36278182472997
1.90245,0.417778757613589,0.447537787102707,0.784191599800384,1.69931263656021
1.35542,0.034705473215295,-0.000965782824103978,0.734296104904811,1.25054556310932
0.603258,-0.229776504781202,-0.343297521389512,0.703777600059873,0.877454581752302
0.295555,-0.452038099275665,-0.499947898422679,0.661459853266744,0.56576891109653
0.415217,-0.607683453387906,-0.526231674793134,0.606943037086295,0.344760056253022
0.363934,-0.626348896171563,-0.54500955037403,0.596895909880074,0.268953969801457
0.158798,-0.654965082420486,-0.434805322276758,0.583512668405777,0.172200490752892
-0.114715,-0.649682422737745,-0.165248687159986,0.579874717229709,0.334360278178312
0.432312,-0.119408992263566,0.638001712937143,0.644818011104716,0.334940088938004
0.671636,0.301047753766297,0.706715578633547,0.667970814595915,0.738424571394797
1.06481,0.597830007869091,0.628046372722833,0.666308294839679,1.02755849579749
1.4238,0.648243826143395,0.564517426455924,0.67848649199647,1.23399173903018
1.61184,0.687930462615554,0.577008531243712,0.659430575936894,1.01030386236127
0.705825,0.43796076262996,0.337382851381783,0.594798663064589,0.988862864531588
0.381028,0.329481161756151,0.210293587163444,0.578240026656073,0.683721953304892
0.466501,0.492976627296096,0.208778978342939,0.606181202444457,0.674060144758024
0.893866,0.598146252067986,0.0813800369351885,0.617880493537817,0.695302993471504
0.94515,0.499079194270454,0.18754249934628,0.611185518466788,0.825847118198819
0.791298,0.532790207493857,0.473240664352818,0.616200615604948,0.963157862977563
1.08191,0.726528557255879,0.740397942695951,0.618293709477922,0.669080606861083
0.586163,0.737864130851548,0.958050424450978,0.622885874310414,0.614625149882319
0.0391364,0.793065487130189,0.940392935016848,0.641611700628508,0.842493888997508
0.996433,0.860994870449426,0.837446153483088,0.626564385479311,0.677378240307936
1.25285,0.764872673489287,0.284345492234807,0.616326319708637,0.961291147337438
1.099,0.393133929632664,0.199355422380892,0.55440359788061,1.00314324845793
0.876771,0.0568404302706405,0.0402717428182684,0.469616635718551,0.776777545549912
0.483596,-0.244518387275271,-0.290980838869161,0.399455287053348,0.553012436501241
0.192988,-0.447203677015577,-0.467548825945953,0.355902191227647,0.372999421841877
0.192988,-0.657293809219093,-0.464006931166652,0.318508612690632,0.236573925297921
0.261366,-0.724906713871873,-0.514007592148336,0.299493130675418,0.116587804625945
0.0562309,-0.756017538453425,-0.399109760449649,0.270914099581205,0.0745503431843418
-0.183093,-0.905832780140599,-0.249761712848626,0.238925968143302,0.21803305504168
0.329744,-0.569091615250028,0.187255791151343,0.216401500568052,0.162809611515187
0.415217,-0.0779358339719004,0.551825040773116,0.308498756595919,0.514366977861131
0.757109,0.184022196520337,0.712622227486856,0.386399704998361,0.61685981996961
0.791298,0.418299822136157,0.752102690824303,0.463434497917034,0.91546772068818
1.13319,0.504851273462064,0.842619131614981,0.469183160038109,0.940069956636082
1.32123,0.476437576009308,0.701346158361684,0.444494952079292,0.470060087442421
-0.200188,0.0936305290010565,0.420291932013721,0.355497265159809,0.743494867559943
0.227177,0.0506581822048806,0.466342441042989,0.352997317407698,0.0405767228098884
0.0391364,0.278647576558069,0.204349145178647,0.44170015934876,0.18266467779897
0.175893,0.187520934852472,0.143894353386576,0.413277364642467,0.0960825613055929
0.175893,0.233562851278294,0.355283838783551,0.420897646794086,0.0129154636039549
-0.217283,0.272720229745108,0.687519690525367,0.423342748853056,0.259134349838753
0.346839,0.566124654627958,0.904908239070093,0.49376392638522,0.0879880652769882
0.210082,0.569983830481154,0.812301781143043,0.522425603341258,0.655840645501565
0.996433,0.67399334754762,0.631779010562803,0.550545067841286,0.755065889323721
1.35542,0.633661336158691,0.172365451955372,0.539795494168871,0.902338231701032
1.01353,0.35735121790468,0.228484110997421,0.495774632999128,0.852833662787362
0.483596,0.151473120557367,0.0949082371742203,0.449685362926994,0.561790576268854
0.0733255,-0.0540389302655134,-0.244816492165454,0.413280007854366,0.307940859965147
0.0220418,-0.268882156558429,-0.394479742069083,0.339098295329287,0.166812887860547
0.175893,-0.539499963845279,-0.473647309453631,0.252913102109327,0.141631525648041
0.31265,-0.662081626437735,-0.508293670400911,0.201016344837932,-0.000182832757768787
-0.0634312,-0.720042287200299,-0.453767338179894,0.19214951422786,-0.195525806543903
-0.644647,-0.841959292820137,-0.356380507657375,0.152269720023125,-0.445721255984986
-0.918161,-0.65597673548476,-0.167928605939415,0.177489087428791,-0.609349210890921
-0.661742,-0.260782443011231,-0.00672120660453521,0.264997945966367,-0.786893210826635
-0.798499,-0.0729863561032868,0.495380482717444,0.289361107846794,-0.45298151050361
-0.183093,0.0980944887664291,0.723360876015964,0.308127652631149,-0.585928700488256
-0.405323,0.306389647256616,0.78919970557075,0.363777743199632,-0.285688966773102
-0.251472,0.158643064657093,0.725834095182531,0.298636762427192,-0.474797795732145
-0.593363,-0.0869962959575791,0.488175449866554,0.215854478706953,-0.334959309856498
-0.354039,-0.279558919626369,0.15283807355362,0.147122888319872,-0.597283481840496
-0.661742,-0.320693631057478,-0.109806376112518,0.144736330056308,-0.480953534284166
-0.593363,-0.353278560321529,-0.0591038961481337,0.123018765803982,-0.559152755279698
-0.54208,-0.436749645801041,0.163609810561645,0.112083143521127,-0.423664247273152
-0.354039,-0.289824761606163,0.417266318108483,0.145018231538519,-0.10494636903693
0.192988,-0.100324284806199,0.733688433785262,0.192147448654214,0.396671678322291
1.15028,0.196842105633834,0.762915902493129,0.271312537272426,0.716701981521722
1.30414,0.569571175332032,0.704476390692503,0.400617194572093,1.22448031372961
1.47508,0.692123533233723,0.415588027402374,0.435428316728465,1.29962015124508
1.38961,0.304497050612917,0.249862138503798,0.359727683386113,1.25547986656112
1.20157,-0.0670148319908368,0.0555994759196093,0.239355462169572,0.855148114697616
0.31265,-0.387667906648246,-0.331504814530324,0.155169830961027,0.771459250508711
0.329744,-0.535068882233713,-0.445952832732193,0.117154294326767,0.330242985981904
0.295555,-0.718738275204083,-0.48884520317042,0.0516959976123176,0.0368955025794146
-0.183093,-0.774607224192653,-0.50855497190006,0.0413813973000066,-0.242680828913883
-0.747215,-0.799335972605583,-0.392767179707593,0.0373765381752292,-0.566635198944326
-1.1062,-0.879415330677296,-0.115289285907677,0.0429523286830771,-0.601634531463014
-0.695931,-0.45678641297312,0.512448102882312,0.0820204225255999,-0.385332045393447
0.210082,0.15266745999656,0.642642205791243,0.219942366449872,-0.0772267432698795
0.620352,0.529618720074531,0.627695091821951,0.260291343845536,0.251920784521918
0.569069,0.651591883619122,0.679015489204617,0.265130891485456,0.114179319132828
-0.405323,0.683921565520594,0.591729788212336,0.289897826563736,0.400928335988014
0.141704,0.562775014127341,0.491594343816119,0.272761665899519,0.260211032977192
0.740015,0.396748504152154,0.439908257187065,0.214442312659173,0.544937799746043
1.1161,0.385291309674171,0.235385537028172,0.169041706512453,0.51954566656218
0.381028,0.428505277254004,0.124933145265214,0.196938934546815,0.769053523857593
0.483596,0.418625006210568,0.183135331831855,0.204355833365827,0.514238020882367
0.449407,0.406735774078734,0.403466948667504,0.217601926381377,0.794851349939699
1.08191,0.683124813528347,0.70089662684448,0.233111465809039,0.850247534029147
1.28704,1.01602615772941,1.00991346395619,0.30105718097565,1.00064408522428
0.979339,0.83463009131745,0.892975253544849,0.340061407367846,1.22438124244107
1.099,0.804026688774162,0.787047403245057,0.392536048490617,1.41734316080565
1.88535,0.938402143149112,0.425725640371757,0.371735131542511,1.2542379258757
1.45799,0.483642296212821,0.339034517434164,0.312013983505542,1.4898140630376
1.37251,0.0606164987372635,0.0302690104569333,0.180449112861251,0.909297735895569
0.346839,-0.2244848148667,-0.314764975260199,0.120816545212579,0.761188181735832
0.141704,-0.418108698795796,-0.437778341052095,0.0791034810891096,0.283844836383825
0.0733255,-0.570052454891704,-0.455139346786806,0.0227009119864438,0.103668482236307
0.158798,-0.647707500556338,-0.476246708522341,-0.0122555712826026,-0.366092288804118
-0.781404,-0.655600145017767,-0.370225438623753,0.00432179663854846,-0.457539656988328
-1.14039,-0.707558446178642,-0.0497278697536306,-0.0332256320210939,-0.635518957310821
-0.661742,-0.256215887482903,0.623709908467961,0.0505367156030087,-0.754595929234782
-0.54208,0.242541843134933,0.683024816860137,0.189237013432637,-0.303495121371951
0.192988,0.488736131291781,0.650918876706663,0.191214657797699,-0.446792950441237
-0.268566,0.448277813277223,0.675644947760014,0.182278148099136,-0.281027831687219
-0.644647,0.657600532453413,0.687468166590933,0.224933514508233,-0.417300880935177
-0.644647,0.421633811814892,0.261155025960916,0.201820518946213,-0.523977412894948
-0.524985,0.244717862522819,0.0547703138151176,0.170773087374147,-0.388342911949251
-0.200188,0.293459330481373,0.1395790485934,0.150769788114624,-0.175532385073929
0.192988,0.319571630067945,-0.046901431710553,0.127285212055356,-0.0375341757189686
0.124609,0.324663620549423,-0.0699698018531806,0.138202711601738,0.29826576926326
0.415217,0.52142320218799,0.162327456879178,0.1832072076321,0.453550565752493
0.72292,0.51494781268133,0.690935587290703,0.213952812495622,0.745029606884992
1.08191,0.862509139039695,1.09245293467379,0.274130390260513,0.997528977962077
1.25285,0.973322690481996,1.10231118680365,0.352872635656439,1.37597529750134
1.7315,1.07817875648037,0.956797857024849,0.344751473980195,1.47492794743679
1.78278,0.978505428059959,0.48330580897495,0.331824292097207,1.54832244403919
1.49218,0.370417321034912,0.301536644662785,0.259216902363592,1.4603852054181
1.32123,-0.0162092415478724,0.0124183322848774,0.164318054133575,0.879646041623942
0.363934,-0.275193408575505,-0.309177054673713,0.0849920140362624,0.399499268200679
-0.54208,-0.408939028225046,-0.420241382850475,0.0739687675738875,-0.0547109015997152
-0.610458,-0.637822529476516,-0.47238753312035,-0.0711882896915203,-0.534589909999416
-0.661742,-0.691529744596263,-0.486587781070581,-0.0853276454086386,-0.696840159615558
-0.764309,-0.725653579424234,-0.360863066221872,-0.0727435716030753,-0.882215357741697
-1.19167,-0.760730831256109,0.0641659727045313,-0.0177873549817573,-0.714547154751595
-0.73012,-0.315788301806369,0.693042614548393,0.0816048696491705,-0.766901847782659
-0.54208,0.259798653391526,0.769539334614919,0.161988966734926,-0.221251226914106
0.363934,0.449189302984334,0.710136017070521,0.159644540544907,-0.164599937706207
0.244271,0.50780994003098,0.788963025625722,0.169032476001275,0.252268565667487
0.415217,0.679434480614991,0.520187799277955,0.178743635548016,-0.116104077161953
-0.405323,0.488802909208613,0.332927758385853,0.193394079630871,-0.234483690690731
-0.969444,0.316678377918905,0.119416805050598,0.186342774329548,-0.256551200660394
-0.200188,0.298999785649658,0.0858143914092538,0.10504172072976,-0.622677270434755
-0.371134,0.289081183853907,-0.0541942481920968,0.113654833288323,-0.359506404808709
-0.524985,0.339819535092608,0.0240616670491976,0.110708072476919,-0.0884568818755612
0.124609,0.406772084430828,0.225580884429478,0.147041802691834,0.0089788021554449
0.466501,0.672056849963176,0.676233364846735,0.255164332763083,0.421508891353781
0.757109,0.957962026545992,1.07354924385448,0.284307733218357,0.762633680173838
1.20157,0.804220803139912,1.06936776422605,0.296350164400574,0.694034324926549
0.671636,0.891485244452468,0.875851124791392,0.321952386324955,0.941425295779961
0.774204,0.905634513607797,0.432052916847973,0.270108887235469,0.695810337502192
0.586163,0.510274956285137,0.274993493036278,0.180357701971437,0.895535481189665
1.099,0.0400213750471113,-0.0137960299157717,0.0739552329895584,0.599089564843987
0.603258,-0.274472999677752,-0.334086589498229,-0.00799057743025628,0.752032966433076
0.534879,-0.470738802885373,-0.512640930029314,-0.0710516105280683,0.410444705909543
0.278461,-0.624814044915297,-0.496149937583523,-0.147439528988938,0.00220667954160268
-0.507891,-0.692971850712747,-0.532457033112252,-0.101858711535505,-0.23520994546039
-0.73012,-0.717249827484108,-0.406771752599439,-0.124102092057915,-0.757422653000993
-1.22586,-0.76616840869984,-0.0491363177343093,-0.107760815060808,-0.635894790379394
-0.559174,-0.521920382141246,0.576959207780646,-0.0448202854984134,-0.965989354862103
-0.781404,0.132711948816609,0.740133618079392,0.0161642314705648,-0.736651684001785
-0.883972,0.182678239415783,-0.507705223531336,0.00598418161844506,-0.630574246736549
-0.473701,0.268862728213106,-0.657059905078356,-0.0194899242558443,-0.756820722403451
-0.610458,0.50565380305291,-0.61202358876398,-0.000909041397417706,-0.696802618113813
-0.849782,0.4898583938537,-0.53243430293144,0.0509795974905191,-0.76202950935071
-0.95235,0.351623583151822,-0.566829146128258,0.0336148378077394,-0.791937324352756
-0.798499,0.335377819464181,-0.568130507126877,0.0314608240871144,-0.77538241261602
-0.593363,0.322712427606087,-0.619442379125743,0.00303561454762719,-0.792661365024625
-0.832688,0.318707161699962,-0.596046277631932,0.0416813319614448,-0.510240711883902
-0.524985,0.610932427882757,2.89532355046906,0.143414243750799,-0.224239562089246
0.31265,0.388685433422741,-0.528535642231513,0.0354653207882578,0.00899968105578012
0.654542,0.515020138232448,-0.432352461018805,0.0767471998055656,0.184162407430627
0.0391364,0.717097522601518,1.55157870611077,0.216445802645436,0.805814806782984
0.979339,0.881807515412604,1.12426837081091,0.273504133828709,0.71225023561372
1.38961,0.765330968138766,0.702975223287799,0.202010050957954,0.833346258398106
0.893866,0.37807311472064,1.18097684110646,0.0841265656909129,0.841719238642341
0.415217,-0.0438385048141849,0.0199447392439475,0.0318147848902313,0.550048596349504
0.158798,-0.34326960845591,-0.331249508442203,-0.0747969201515,0.277960814269927
0.0562309,-0.469284625245223,-0.458219531702113,-0.112597697124991,0.144009080729568
0.0562309,-0.622146166068695,-0.476717855462665,-0.112587015156424,0.14220955229155
0.227177,-0.672344976299074,-0.486956937618436,-0.112879627008635,0.0702090067505541
0.124609,-0.702961587530935,-0.345595949820016,-0.103875667623229,0.0167777001754334
-0.217283,-0.801199428221368,-0.0806429836042417,-0.131237645362045,0.130873171244698
0.124609,-0.356877600333879,0.554136535459693,-0.0543828784011017,-0.164285108521897
