1000
-1.23193,-0.616734933957809,0.0799692359091144,-0.49840361228866,-1.21093566059579
-1.44942,-0.875976763203779,-0.11441237867138,-0.531814279700058,-0.489957423251326
0.307425,0.34630542364216,0.0594583029468378,0.0838557610440421,-1.10911280089517
-0.909183,-0.481162636630813,-0.0961757337604273,-0.353002434128698,-0.0780881151345987
-0.138942,-0.0271250765279067,0.117023237064393,-0.0668450902826989,-0.684910718645131
-0.573253,-0.244554847315263,-0.0910590515484515,-0.198926937700794,-0.507410613643005
-0.771902,-0.434905302661416,0.116725868533545,-0.366222497626842,-0.680370377441943
-0.952222,-0.711474272136602,-0.0317091194874842,-0.553630745775485,-0.464360041140468
-0.398598,-0.201343091966777,0.096832856866208,-0.159405727087574,0.0224444348850553
1.11014,0.242745202625737,-0.0887196366710891,0.144564722144615,-0.169101942896914
0.114989,0.0886262210720934,-0.0863460047338577,0.0506095909275371,0.571906144077972
0.281835,0.0131726856954854,-0.068768234311768,0.0116680357324617,0.221031259232498
-0.121152,-0.0409156103750666,-0.141013554171376,-0.0243278765366301,1.19217150944369
2.60814,1.25922339630275,-0.120313598393662,0.735997432886374,-0.386432871488835
-0.776986,-0.454691038709829,-0.0777889498946494,-0.426565630341064,0.935531218198288
-0.382458,-0.309973676272476,-0.0122868927427947,-0.331480088157358,-0.203840473408918
-0.39305,-0.211078758642308,-0.0485033471129073,-0.190567678974129,0.665219925871715
1.97926,1.02765298112066,0.11461089832891,0.703162473202429,-0.12016563853927
0.154309,0.108200710021303,-0.240247429045473,0.0713373892931642,0.874894821605985
0.366501,0.142163799018987,-0.00976648866222894,0.0927708670569061,-0.431926794356103
-1.29304,-0.642372148025871,-0.0419851385024411,-0.651419144708754,-0.280487653399461
-1.17562,-0.702156391235792,-0.138895615702412,-0.619391462836479,-0.286770052015981
0.425689,0.328839845090556,-0.264625657205013,0.15071734411435,-0.215719420548186
0.976275,0.496315507207296,0.00193677356299864,0.433225663265243,-0.257159255542687
-0.753235,-0.445509581635409,-0.00987152965150769,-0.39757522308976,0.221238530899846
-0.471583,-0.379597522468342,-0.059797465096526,-0.340463100714059,-0.305363035367998
-0.357171,-0.206976118797878,0.0503080280118344,-0.178234538543833,0.442619576402208
1.57371,0.843093322173485,0.097846082875176,0.630265878985888,-0.104099273505613
0.188076,0.137754087167231,-0.104004135534208,0.0657441971949135,0.66459752430919
0.273988,0.0763871023338911,0.00173644845088616,0.0753864880546289,-0.441214380938365
-1.28504,-0.66076481074358,-0.0167606488132027,-0.60721496367727,-0.330258816739365
-1.20466,-0.735310586281382,-0.137202978914747,-0.604021405809264,-0.265813264356793
0.454054,0.342900242176999,-0.0835930933169092,0.159926508160571,-0.151406328810282
0.997031,0.459728688027573,-0.136062064392652,0.432962857552597,0.207781820033365
-0.0752182,-0.0392125312203249,-0.0498364155278323,-0.0424178842363771,1.3421396072383
2.3473,1.21634179095477,0.159394068406499,0.796024258811994,-0.599161216495502
-1.29229,-0.679070335921809,0.00832262153299429,-0.580113291723422,0.444321516036999
-1.19378,-0.760647062196745,-0.068203462319704,-0.600691497449261,-0.739382357940931
-0.733859,-0.422367359441635,0.0386595996569308,-0.35586285434408,-0.758248246914531
-0.43434,-0.352197572986743,0.0107202199714254,-0.303701871679696,-0.439663800615234
-0.36682,-0.201221847387371,0.019318386579387,-0.160150336093316,0.511250317074078
1.73724,0.904933761422003,0.0944129564951917,0.716509838785425,-0.0791081079903411
0.200978,0.129555043760898,-0.0951664039220389,0.0829432124255909,0.897261841308887
0.349872,0.0963912790970625,0.07584043434491,0.0890146370560493,0.452074440043885
0.444723,0.288137056596502,-0.307533738946834,0.173448475715739,0.652005650169216
1.07234,0.552377143967966,0.0235423228800966,0.505288419190687,0.340129734089182
-0.0804901,-0.0257947196018084,-0.263815836713562,0.0149534214482858,1.54573766930895
2.45796,1.29378062335612,0.0270550257318583,0.923182206460049,0.124947843325134
0.181858,0.112949711709013,-0.268225635382802,0.11663975785712,1.10877479747743
0.358301,0.112391722962472,-0.121467900469697,0.176836377635305,-0.392241234877617
-1.31116,-0.636589620261875,-0.0731085150839311,-0.599863862109634,-0.277445493026814
-1.18525,-0.724746800088439,-0.16650287233839,-0.585694940640022,-0.270560431987132
0.436619,0.331721164302096,-0.206921136799181,0.203248009098619,-0.0961848889921953
1.1044,0.566240750837639,-0.120624527158392,0.562348273593748,0.214989669842897
-0.0780388,-0.0437248675589655,-0.259902056521565,0.0522472365742838,1.48538505961343
2.47538,1.43258589059376,0.0410297724449861,0.719125216111753,-0.299623805053634
-0.73836,-0.45121640190583,-0.116886530890683,-0.320129987856596,0.889775601773978
-0.383902,-0.341744112982572,-0.113109235820148,-0.0923990162020518,-0.189332498743498
-0.338823,-0.218338404954978,-0.0467050476755868,-0.1030809919172,0.545657795697611
1.84225,1.00259127743308,-0.37751939455284,0.893488678560357,-0.511375246781177
-0.737902,-0.416210144539278,-0.0901429150931293,-0.235917258092855,0.585771614001626
-0.396687,-0.309595216902061,-0.127146875959734,-0.172881556253907,-0.219337324289001
-0.329491,-0.233107932948751,-0.220688188563962,-0.0470573646762596,0.606727012947546
1.85722,1.02077220740389,-0.16643264787755,0.860464874125572,-0.0634014427773734
0.222174,0.126788921600856,-0.385659721849215,0.167216714265207,0.844095644481753
0.404738,0.15570253242487,-0.191739408067356,0.268548037317574,-0.403371599033583
-1.28011,-0.652687226316525,-0.107457513136926,-0.534002996648334,-0.251000305659305
-1.16191,-0.74154335377083,-0.149060798840203,-0.57048956970962,-0.25055314165821
0.437461,0.321902437164182,-0.327189672840775,0.209837133959596,-0.0564712345965648
1.16249,0.601784563074753,0.0388148702057482,0.632654926965219,0.235458460052279
-0.0758894,-0.0785689219569457,-0.214134419371531,0.0578223999201711,1.62550840122516
2.584,1.39667799067109,-0.269832525167325,0.769088243356543,0.164687495274172
-0.0808931,-0.0442480643255792,-0.21165483341845,0.0629357222308496,2.1384813722167
2.5538,1.37904703961032,-0.201544300193996,0.874203957983968,-0.214601274876342
-0.755035,-0.425113286886981,-0.0270144001259171,-0.275288165769273,0.938016736519836
-0.382784,-0.349292937703376,0.0247256332839857,-0.212530584099367,-0.184993211627289
-0.362714,-0.233373061187048,0.0731841868503924,-0.139503779548213,0.64279771961152
1.91605,1.05006397589014,0.131939701960099,0.882083910870152,-0.0861481499436833
0.191422,0.129772912390429,0.00439904253311563,0.117080049889223,0.884890405162017
0.446635,0.124483545091722,0.0260166331264506,0.201546674179626,-0.413957421956105
-1.28487,-0.713244202594839,0.0378641510186851,-0.680521016275408,-0.227876041578782
-1.14996,-0.821954432336821,-0.0369880724700994,-0.624957140141765,-0.238918048671774
0.45248,0.317738753705022,-0.0386798472077603,0.210480030333701,-0.0191788347580769
1.1942,0.59445075121842,0.227467997015356,0.627054307421358,0.366963058590699
0.424639,0.26799572450254,-0.194438315799706,0.185470454577486,1.05063486503897
1.19636,0.592328484169385,0.170579182433463,0.605462168469543,0.381972365572917
-0.0687561,-0.063372599295483,0.0288096100969201,-0.00734010247073073,1.56180300170279
2.60745,1.35791091133115,0.260224225149923,0.97067921633761,-0.572713605482385
-1.28382,-0.730096834678778,0.030927577688817,-0.614778506256782,0.583454196821821
-1.13497,-0.814635457313204,-0.0537911785870367,-0.604699780454844,-0.713707861434165
-0.736569,-0.472212394400883,0.0596334972978123,-0.33880021346128,-0.688154928057974
-0.341773,-0.360508061624506,0.0655913707044062,-0.231385606110181,-0.419161843561824
-0.353735,-0.233902396616386,0.0810156895607092,-0.156414789475305,0.629826340418976
1.9276,0.984879485993892,0.231767921539479,0.890611117435117,-0.0817015398467759
0.197667,0.113686158156159,0.00613760591903775,0.0743561612501326,0.894903165640391
0.457846,0.120338761259646,0.135926953643123,0.152551734426188,-0.409583867828244
-1.28571,-0.717358526117399,0.0186565005618706,-0.684071650921515,-0.214328875664777
-1.13081,-0.822211586397497,-0.0274220525600914,-0.641572350674338,-0.237883890676386
0.456197,0.320481487448981,-0.0835189050448896,0.166292857328016,-0.0181520219688557
1.22333,0.574157137809414,0.163569042344394,0.526236570175473,0.23957986360183
-0.072744,-0.0636666719120938,0.0174247558880241,-0.0494275621367897,1.60550548431365
2.63886,1.36951743200117,0.313904215917782,0.921982770904116,-0.30091757151168
-0.772719,-0.507681955532354,0.0302688457093927,-0.402525601771384,0.982336190847461
-0.336254,-0.368141864892542,-0.0285653358983529,-0.291646402681197,-0.184647456264179
-0.359053,-0.25140819099091,0.0583278831275284,-0.233186606857766,0.679773646657387
1.95482,1.01051229645279,0.266779878939723,0.844191338398373,-0.0730750817363631
0.193855,0.120294395707912,-0.0662835075063035,0.0503340121519336,0.952619848847897
0.469085,0.123093185241191,0.0838458894792915,0.122347827465936,-0.136818863344154
-0.749548,-0.490728381971105,0.0546387799314875,-0.415939356449819,0.0887584824275718
-0.322555,-0.369875120457507,0.0732427778045102,-0.317894823793126,-0.310956625836118
-0.364755,-0.24071957886564,0.0927074759193233,-0.213421375731449,0.674536626864165
1.97464,1.03287295944627,0.329432918668211,0.815794326476691,-0.0822845351581386
0.194124,0.113437029806842,-0.0246075620266147,0.032840240303367,0.927287154794098
0.487196,0.13011294690117,0.0843030957283031,0.0838627309528552,-0.407447908445922
-1.28869,-0.746419517272908,0.0126249639397489,-0.759128103178643,-0.188363934292667
-1.10183,-0.840293942977496,-0.065265592650575,-0.734527404261759,-0.231012489586709
0.467381,0.323367471447472,0.0454417299647811,0.126543591395963,0.00403506926697867
1.24582,0.596898214517422,0.279183403380616,0.44753932404025,0.247698959480345
-0.0578872,-0.0672594686146645,0.0352622330605357,-0.0984404743836661,1.58425704906466
2.69039,1.40008852955724,0.452402393287166,0.799154852864461,-0.651212344847281
-1.55273,-0.953819173329135,-0.061621072009179,-0.589527499408209,0.828348598615457
-0.829455,-0.645583718092854,-0.0914858506729773,-0.359354617956492,-0.295770525921656
-0.0240553,-0.14762666052776,-0.253190923380119,-0.124795245543167,0.918074167351411
3.18165,1.9863165192002,-3.03914774827294,0.16568916772137,-0.13162912817964
-0.646629,-0.547596368830419,-0.103967916467387,-0.362689399525069,2.79022915631093
3.57251,3.61866111232968,-3.15419411022249,0.167004952188776,-0.536427296433448
-1.07726,-0.792267853738799,-0.0782668677421145,-0.632637600132876,1.47539681663311
0.0088861,-0.0293074415285532,-0.37714727226275,-0.0533595482164268,-0.470503303906843
-0.734821,-0.589573748481938,0.0362550697904902,-0.50351164586632,0.459650464905616
1.19525,1.60336973772027,-0.615680790895167,0.313262915933835,-0.433201175376286
-0.298694,-0.265882136448695,0.0765124028382086,-0.291187636424097,0.532583869225538
0.214604,0.353019587191516,-0.268241095235167,0.0590933009611696,-0.185543445606494
-0.48581,-0.397970840290598,0.0439703922461009,-0.40612466955227,0.609169981096955
1.39572,1.61402009455117,-0.841769983816145,0.445352925195933,-0.638220054834476
-0.986352,-0.722262276651395,0.0270980171782536,-0.682707896226034,0.39838848723575
-0.323011,-0.230584420909552,-0.180403556183068,-0.281292222276755,-0.524686809532411
-0.689845,-0.567064232870153,0.0363836432376763,-0.547370749245182,0.500094990022367
1.66629,1.4698508007894,-0.895008990011178,0.289296297328728,-0.459083422495365
-0.396501,-0.362145061245646,0.00315834602426993,-0.370529020280342,0.865496394823107
0.738402,0.628419711676829,-0.588827347480247,0.12367488246937,-0.792394107012501
-1.54298,-0.990251413895611,-0.165260164694731,-0.802336148513901,-0.143345484821035
-1.03809,-0.802294052929529,-0.146102244825026,-0.6391610002703,-0.647561234623129
-0.252841,-0.252172379454288,-0.124673058373213,-0.306255605860182,-0.0644941553811741
1.26356,1.24502282112874,-0.895958832287032,0.225818015562303,-0.646206027988375
-1.04438,-0.782726985260179,-0.0690477482392098,-0.700432197224214,0.409815222576121
-0.145526,-0.103734549145191,-0.209717866206487,-0.185807397777322,-0.616461997332922
-0.779479,-0.619168259744693,-0.0728936840432543,-0.533676920522549,0.432262203048544
1.34367,1.49374693902559,-0.829958579893983,0.349323564536489,-0.49486528380202
-0.349327,-0.325700724522403,-0.0322139068806686,-0.378877057026591,0.535079133595614
0.294435,0.373797665872861,-0.344561535884098,0.00833128742712267,-0.796513729820264
-1.52972,-0.99031613141563,-0.101802185831003,-0.834823664234283,-0.389375046796054
-1.16713,-0.873727501626382,-0.157894436330443,-0.758362658250705,-0.685852225572598
-0.219324,-0.195574998990439,0.0568719517466463,-0.327450997504756,-0.322197863070539
0.689489,0.842554319784993,-0.271409821145277,0.177660983169688,-0.343864847169019
-0.544641,-0.464613676700119,0.0715000912498594,-0.513217706816653,0.729283403581428
1.34744,1.54406568771532,-0.75876573600654,0.400656659326835,-0.919796445651654
-1.5123,-0.988594310405459,-0.0817920361251725,-0.872435420170899,-0.0250382096843603
-1.18386,-0.911524019531032,-0.0731699368943497,-0.806856620089958,-1.00033202046265
-0.967331,-0.715701010134929,0.0472646326821719,-0.7202995564113,-0.774296083330234
-0.353564,-0.218711609919302,-0.0669944634238153,-0.358093850592912,-0.743836289938423
-0.709994,-0.576382687564043,0.0540630087629424,-0.589524731088611,0.15634238498361
0.93992,1.1706281675126,-0.30286486932581,0.268657463218752,-0.45573435593531
-0.302223,-0.2823727837138,0.099368783379385,-0.423891548334527,0.404865624080204
0.15175,0.254239892292256,-0.214900873821191,-0.136099412404166,-0.135046372538133
-0.220056,-0.203803330379463,0.0890748152679406,-0.380256679638122,0.283277969841304
0.593848,0.70026033989397,-0.365460095635002,0.103596699959637,-0.234218331360475
-0.538277,-0.449744538566436,0.095920570919449,-0.538499797845546,0.773457048469618
1.31264,1.48668616103334,-0.65719991741161,0.380771734457868,-0.353264949572577
-0.3542,-0.305362961615617,0.150824346253164,-0.46755833586733,0.463496340039103
0.100407,0.203025739358693,-0.158599149211821,-0.202507787081767,-0.79246665069785
-1.51656,-0.990406829678763,-0.0312676801035678,-0.90776502775266,-0.47892966808167
-1.18486,-0.902492456190609,-0.0872093106371415,-0.853555986090323,-0.688874949014722
-0.189964,-0.13865660291937,0.132106874333531,-0.403572018758275,-0.388509340458822
0.553327,0.708485651986989,-0.288285250713936,0.0847059318439446,-0.331761148987095
-0.528806,-0.404100610138015,0.0918998190216321,-0.538010207677355,0.634542457486147
1.15822,1.3070467969662,-0.587791916136645,0.317858248061306,-0.64235870099245
-0.97632,-0.701447585776598,0.0325998501296329,-0.746288257345401,0.236125733300216
-0.445301,-0.306855092575178,-0.0696129676232713,-0.476555610790219,-0.59850025232838
-0.703327,-0.531489019276498,0.0777539512633875,-0.622444879266308,0.0648723250062427
0.875474,1.02143801240261,-0.503785112589192,0.235067186159276,-0.776225197831273
-0.956799,-0.688076406449322,0.000565117619761198,-0.751916490295796,0.0922595112848727
-0.452625,-0.29971126901866,-0.128290698894952,-0.473971338227013,-0.606849803172866
-0.698543,-0.516869028427668,0.0091040793036619,-0.627289444319561,0.0768446265533601
0.810503,0.998474993047806,-0.490556328892635,0.22916288419825,-0.477386006864271
-0.298176,-0.220912472598057,0.0950024192427943,-0.43419695165986,0.1822209353154
-0.0113609,0.134154320154505,-0.312263716835114,-0.219888083195069,-0.798655160261076
-1.49866,-0.938294492310005,-0.0828759685960809,-0.900069870513269,-0.544140954582645
-1.22469,-0.890274231569704,-0.152378319305758,-0.868088339730262,-0.68245560258154
-0.151149,-0.0737141254865153,-0.00729493226059016,-0.397506586158658,-0.474022353661387
0.388418,0.573089770672298,-0.455961621179629,0.0288566957051148,-0.308081602639982
-0.51894,-0.337783942700878,-0.0395074429129103,-0.491875794564047,0.602948796832181
1.14102,1.19848595100851,-1.06834522144273,0.23188786550201,-0.356882311383958
-0.500064,-0.333177648120776,-0.00699592155095198,-0.493726647911008,0.821866891258149
1.02004,1.2012141836663,-1.10730533889183,0.264785192649354,-0.589655720663475
-0.958799,-0.641862386484545,-0.12290726726904,-0.697493145743724,0.159257499525372
-0.50653,-0.324867977467628,-0.287882104220835,-0.47567622925479,-0.595204358062597
-0.688642,-0.482751399885917,-0.116123243214972,-0.562835001071694,0.0208401945532114
0.731389,0.905890212013078,-0.546049488795237,0.202791507610058,-0.485419048403207
-0.321189,-0.198537803081707,-0.00731575198124941,-0.406136138132571,0.153705283355736
0.00112393,0.126435888893723,-0.574354998950217,-0.186764306362298,-0.815665522284974
-1.50454,-0.860285620916131,-0.161336544399125,-0.799513957720294,-0.539237476965907
-1.21889,-0.842157146962048,-0.185298517114321,-0.807298392832003,-0.688808838033482
-0.166755,-0.0710666855389394,-0.0103152704139525,-0.351060429666405,-0.456423281150881
0.396437,0.580496575215194,-0.33257560350369,0.0631656104196922,-0.234299052514863
-0.216721,-0.145460811245962,-0.0029572484015292,-0.367797246760689,0.282835323020093
0.386966,0.529555930319046,-0.529091473640041,0.0632406809178609,-0.241973345766413
-0.524625,-0.343190781401428,-0.0296408744587425,-0.444216639576367,0.497271486130666
1.0645,1.19553497235021,-0.94685315582797,0.313715882684186,-0.927471856950074
-1.50734,-0.863235582717637,-0.108407250175497,-0.742577623872118,-0.157074006792547
-1.21157,-0.82048732721224,-0.24823919115296,-0.738247472682453,-1.0079908642261
-0.925927,-0.602735628491767,-0.0842663820674413,-0.600553171446109,-0.849118039100313
-0.493408,-0.284892231511143,-0.22829751527889,-0.374049820956994,-0.736500851220108
-0.679759,-0.483315443058679,-0.0733108765332333,-0.491657034538258,-0.0411190473964117
0.621898,0.858425274147682,-0.617753775186142,0.230125595427765,-0.485856455071432
-0.30907,-0.195567253397473,-0.0272241333860716,-0.363074647805105,0.0600941010115768
-0.111341,0.0603439696177942,-0.385917468376919,-0.1681055588605,-0.814324578585811
-1.49507,-0.842062436418677,-0.195580142728499,-0.721683363929369,-0.593592625498749
-1.23274,-0.866669218116538,-0.287821726463203,-0.738885025674611,-0.694809881575382
-0.15492,-0.0703318913710202,-0.0596715814504705,-0.316244269623488,-0.51544668431259
0.304283,0.515752526907721,-0.595093924497509,0.0701997017031548,-0.319984184060227
-0.511025,-0.357690842120192,-0.0471826357391166,-0.429595271085706,0.480177827208441
1.04028,1.08072320146929,-1.0961938787788,0.286006922870062,-0.65124577963936
-0.963001,-0.631076897308703,-0.073033598466016,-0.592648182404754,0.141538147969674
-0.543414,-0.330619272902271,-0.258439335753965,-0.376146210811538,-0.61093137995229
-0.710966,-0.479144409051319,-0.0384805936221592,-0.504433622990357,-0.0250847470925135
0.661211,0.858128514982309,-0.688425221606511,0.199449686967052,-0.498387440187333
-0.321529,-0.231851647694162,-0.0753414822862238,-0.329035484289654,0.115677451857125
-0.105142,0.064981465500089,-0.0659613346622287,-0.173074002925668,-0.562283965463471
-0.976392,-0.66358612519962,0.0554873668574508,-0.62544120184593,-0.359997367854809
-0.613468,-0.395554506460752,0.00187142351616845,-0.411517408705609,-0.685984570281743
-0.699894,-0.507990973862534,0.130690602868168,-0.520556067336532,-0.0880982283565596
0.615792,0.790368463416424,-0.295836815976357,0.130257621854324,-0.51626724932659
-0.342686,-0.268525797433388,0.177898304019169,-0.38172299884375,0.0467609292347825
-0.130856,0.0378752841298161,-0.0907416695288494,-0.190020365827051,-0.830566659998087
-1.49226,-0.905654306713805,-0.07741156246748,-0.769292787578043,-0.620052603394414
-1.26371,-0.895329007815919,-0.124598720534971,-0.726379370755608,-0.713576138061109
-0.194182,-0.13446268794429,0.227772358610916,-0.297145926328141,-0.540108157081303
0.286185,0.463104560061748,-0.068707453428362,0.0274147431405228,-0.363457338838387
-0.546771,-0.409606204731685,0.152555573320037,-0.424556255040391,0.405733736309976
0.954601,1.08089839609767,-0.308400449576827,0.222553832583293,-0.851580780104239
-1.31457,-0.752969916180139,0.0524263319199554,-0.762520592570903,-0.124397604305577
-1.22338,-0.736097595281371,0.0117636141885586,-0.681912223348038,-0.35283378133152
0.174339,0.0246813520649822,0.105511755672335,-0.164805685694065,-0.0901224796728314
1.17664,0.51357698676406,0.225747159742083,0.185470709504243,0.0189793420101902
-0.298844,-0.291865815126883,0.161529328357084,-0.344053225994293,1.573029430911
2.67839,1.31636254410677,0.496917969963704,0.640279394502152,-0.473835354808975
-0.92847,-0.621979526678104,0.0660632266749624,-0.600120331752343,0.951800334518996
-0.381098,-0.370206803413967,0.0779800956806425,-0.395977224076823,-0.337123755696761
-0.558984,-0.426921916564909,0.121844144832043,-0.417847416717079,0.641278382247464
1.96551,1.01405967865518,0.375820117766776,0.709182228966629,-0.256457057900022
-0.047465,-0.141915313457343,0.162034522285165,-0.192951186270789,0.999966189508609
0.464387,0.126065249979393,0.172304706140814,0.0467653365368502,0.147057585333199
-0.272401,-0.278768459155162,0.135794944174958,-0.284542471905024,1.30464440134735
2.71363,1.45614965333055,0.566967633180577,0.830288966970312,-0.490609954701388
-0.896946,-0.613144943997541,0.0718241700819937,-0.57013610272767,0.971239870569703
-0.362319,-0.352624166967707,0.131295675649755,-0.358899110571998,-0.314278439401023
-0.545052,-0.420652248150951,0.110998528834086,-0.39734776893628,0.664628449394595
1.99571,1.08853616895404,0.46066248915918,0.815604080130782,-0.246729959956647
-0.0126477,-0.100289648608421,0.145241374248089,-0.147871061484053,0.930630767050435
0.512305,0.163896369921477,0.23456034029288,0.100145390479483,-0.52718583236727
-1.35158,-0.798907814454053,0.0364859141818648,-0.736087953816595,-0.222607463819127
-1.13926,-0.822355620334427,0.221057577508576,-0.638864152307099,-0.362961010817071
0.239095,0.0536291520471116,0.224523292717832,-0.0634338570955008,-0.0673421198165984
1.31352,0.668184824390237,0.228075867073872,0.475029527343669,-0.386863037509019
-0.898862,-0.615310157068609,0.0756231012047966,-0.523279300181978,0.416828945150116
-0.307416,-0.343304996193949,0.0702079657856995,-0.295011860208174,-0.387012034900463
-0.519302,-0.402481288997663,0.134342900285903,-0.329470380978981,0.702101915779854
2.05686,1.16379425562748,0.238053584059106,0.894578871137094,-0.225730395675828
0.00369133,-0.106742553390874,0.184117469572597,-0.116885341231918,0.968664557142933
0.533987,0.187028665956975,0.174893417663201,0.147297298213858,-0.509446141203691
-1.33543,-0.799885444456734,0.0375814435820108,-0.674767355250734,-0.213002260018808
-1.14838,-0.843312059343664,-0.0554065613242796,-0.616032764032959,-0.337372693519852
0.253216,0.0540011044564198,0.144508628656668,-0.0129861140051972,0.00330018815169422
1.32334,0.701136840549401,0.307707901340793,0.559134857564599,0.0790335517947785
-0.248625,-0.269304232117261,0.138524358281028,-0.201704644978717,1.64776645911721
2.77739,1.57518419468616,0.591051934763952,0.986877988353635,-0.677845991103543
-1.35222,-0.833179935957592,0.023044375894278,-0.67296067105412,0.62923494248782
-1.15195,-0.850384865361756,-0.024390333099595,-0.605847920782989,-0.78842149905603
-0.868033,-0.596305518956354,0.105602286157448,-0.432867082710773,-0.691817396701218
-0.301204,-0.326965369106027,0.126259585587077,-0.226553753927234,-0.547725597629914
-0.537953,-0.421690613854265,0.153369064933791,-0.274096702247039,0.686611397426429
2.06098,1.21414929093987,0.555142688279135,0.977892561911093,-0.21582311868495
0.00848835,-0.122617143740796,0.197036750628589,-0.0705161183532771,1.09568389839603
0.543442,0.220029977145901,0.155167782372113,0.219957768758813,0.311852271257989
0.227702,-0.0142342945833986,0.0252629365204328,0.0326124833686323,0.822706038861232
1.3232,0.762667289557562,0.0705039380101251,0.736231094325764,0.200115679592075
-0.271704,-0.254746937216832,-0.126331665877148,-0.120069665204211,1.79065390203272
2.83361,1.66835976096717,0.161091901637439,1.24066939993418,-0.00340599842910727
0.0134979,-0.10930794295056,-0.0244199984637089,-0.00851233633597378,1.32724110208744
0.526439,0.256871813310602,0.0113562204049166,0.305979576293645,-0.458734834715574
-1.35511,-0.802374044861635,-0.15969906119643,-0.493831753973552,-0.204521176515904
-1.1407,-0.81103091125091,-0.15401140951801,-0.484240590942172,-0.347087917487953
0.246663,0.0791456432652621,-0.0176048420020895,0.0971039623205305,0.00997324975427807
1.33105,0.797993249722168,-0.0472055318698929,0.763200114958554,0.0851311328993577
-0.253752,-0.255955767894253,-0.0706555513274968,-0.115118951693256,1.72298463324762
2.85591,1.73371909693117,0.0280316654658449,1.29627038071037,-0.420046246093688
-0.890171,-0.604305154985329,-0.0978771837786328,-0.371639813135511,1.0828924480398
-0.265892,-0.270782843559672,-0.166178102376404,-0.115005517479755,-0.294240917304658
-0.526459,-0.397663401117495,-0.0696490718398281,-0.219536529336639,0.699653878871114
2.11741,1.30106814542455,0.0729866744231693,1.15810176226646,-0.630392582344691
-0.858702,-0.580077949808926,-0.0162439903268302,-0.361221292848482,0.728444851942663
-0.286115,-0.272309109815043,-0.0831717916643695,-0.1445524044293,-0.323516975446417
-0.529995,-0.37902682971826,-0.0501349210747202,-0.234416045641475,0.758423171983998
2.1398,1.31593381980786,0.0612202922026681,1.11120240346227,-0.209688275184491
0.038909,-0.0802311579067012,-0.0950849925670246,0.0151147786964589,1.02293395994602
0.582925,0.292908461879541,-0.0515519472206466,0.333585931207734,-0.499490295012246
-1.36804,-0.784689183262617,-0.108399942646285,-0.457938720428808,-0.165006291155078
-1.09718,-0.811325426983605,-0.242575955189231,-0.500199960555374,-0.331376925239479
0.281932,0.0862292740315939,-0.0374534414850222,0.0800313088953331,0.0515625667167852
1.38214,0.820442226634638,-0.185084781469259,0.749508086197246,0.114613886619984
-0.250833,-0.241611481998003,-0.0407606734720775,-0.0937093902337475,1.81693131337895
2.85378,1.69904402561799,0.00242818940894818,1.19213842150004,0.0547790409252953
-0.236416,-0.238898331787852,-0.0659229201258588,-0.108128011582643,2.36365732035745
2.85012,1.68331916969667,0.156597456918714,1.37355774258133,-0.306083173937818
-0.860662,-0.582071164757475,-0.0576082766320838,-0.385146935032158,1.08116533187583
-0.304054,-0.26938762731957,-0.122295603727279,-0.138997186424456,-0.270290238371383
-0.522996,-0.393873446917472,-0.0646696881858907,-0.227997471609757,0.738660431487454
2.09513,1.315737299131,0.257120455569781,1.12680238092475,-0.214239517011917
0.0211845,-0.0851832823917822,0.0224294189587379,-0.00375252849764962,1.00474864393452
0.584552,0.275263723670546,0.0509825405014341,0.304309185096261,-0.511854379030501
-1.36872,-0.813351167490576,-0.148245108784562,-0.57666206251519,-0.177739251289707
-1.12459,-0.842712047567932,-0.15086087476059,-0.543206365877174,-0.333283059873765
0.274993,0.0971271628065556,0.0373616779532264,0.0990969507367591,0.0495843699162155
1.36016,0.832864792820513,0.206602908763041,0.793359685409033,0.236987418897201
0.264951,0.0410940948827439,-0.0907431848295784,0.0823488222267272,1.19239324308127
1.41024,0.823387469217439,0.179548394002427,0.769067802534097,0.266159074542692
-0.236229,-0.256484381166499,0.0393576593302704,-0.110336709031111,1.73947826768267
2.84028,1.76342102534902,0.256405575460271,1.41928057116741,-0.653939835281398
-1.33248,-0.812156907593297,-0.0680703728688103,-0.559206875055992,0.662491728818782
-1.1435,-0.841401085444412,-0.175668394840953,-0.438242369050848,-0.770719743020173
-0.864661,-0.565341466095738,-0.0913041434904171,-0.340377794096304,-0.662166864470489
-0.250487,-0.232719412140487,0.019814552683305,-0.079361659125033,-0.528434194268971
-0.509646,-0.385235149386297,-0.0625590227383639,-0.216547462342447,0.741354486348495
2.13732,1.37448888156761,-0.184738335761852,1.2119375469122,-0.19770503543441
0.052507,-0.0960565884299686,0.0570269001060585,-0.0276736515745992,1.02408805359126
0.582045,0.298965839635906,0.150923801794141,0.328569383429919,-0.482589973472673
-1.33831,-0.816004374747377,-0.0544202556914412,-0.587126683468635,-0.175174015165683
-1.12613,-0.852442704239397,-0.0844322215394821,-0.543144384776783,-0.307932913003863
0.303651,0.0905319196414664,0.074138942519612,0.0983492272274965,0.0505069161119108
1.40357,0.870737008116192,0.294451017459461,0.791032636761207,0.123926189378443
-0.225433,-0.256167320208011,0.0634629225738696,-0.131023997650671,1.76668574884046
2.87629,1.7606346254188,0.542624083516091,1.34086809728168,-0.399908589731751
-0.885631,-0.61946670776185,-0.00158189874645327,-0.4090923315317,1.10085285549965
-0.257845,-0.271717201160059,0.102065836507645,-0.162559030430953,-0.268739676887807
-0.504085,-0.397927458432031,0.0922186222241174,-0.290021053250466,0.785608755587846
2.15672,1.35072255105158,0.416013637580691,1.19007855977376,-0.185169622807763
0.0481182,-0.0809906600418937,0.0947115492298922,-0.00284072037331997,1.0783034818644
0.601232,0.315892375361996,0.135721297758717,0.360646410732837,-0.238485395970428
-0.881938,-0.621377843795456,0.0333611698327833,-0.447097551344151,0.17055585049224
-0.226539,-0.261555085972025,0.0926613772828945,-0.159055030050008,-0.410798928931947
-0.513336,-0.410960617968641,0.112266040641497,-0.254201967842961,0.789934258419624
2.18761,1.40462416098985,0.423451433048682,1.22357553752108,-0.197719652567461
0.0405331,-0.0862423707779594,0.109630951318645,-0.010054155522828,1.06235847233306
0.621582,0.322195883927538,0.114787843958099,0.325808152029213,-0.486165817464576
-1.34488,-0.816494139696829,-0.0128251318593798,-0.693347781995951,-0.151280424684281
-1.10844,-0.861776165915028,-0.102718641277102,-0.566769743350483,-0.30933311090686
0.296174,0.102640641459806,0.101871951827004,0.125946648936911,0.0717456989230743
1.43641,0.890226256717842,0.313696548448296,0.831004023470661,0.120766155894135
-0.22122,-0.263813194034459,0.0604092049698857,-0.104149526751973,1.76089950101742
2.92027,1.82254012365669,0.486907361995202,1.26817536677891,-0.650324554993864
-1.37068,-0.822132055777527,-0.0432921551183977,-0.669385704971938,0.800011517205838
-1.11469,-0.851536431291333,-0.0640630169830086,-0.574828744523449,-0.178168801873861
0.295116,0.0933322370451459,0.14015173108002,0.121629195298013,0.0853005052278972
1.42798,0.883108065731314,0.293449586003383,0.835875352170447,0.122693181005308
-0.234771,-0.249729758144015,0.0313015984770634,-0.110536626969591,1.79474150636751
2.91918,1.68212717292019,-0.13772867550405,0.656678320142791,-0.406202098536561
-0.894089,-0.631993020943329,-0.00518805526321004,-0.463733982465901,1.11729195598791
-0.259081,-0.248041012102101,0.0755915971799865,-0.140276650544537,-0.275474754666057
-0.519116,-0.407215441441284,0.0903664747137338,-0.241717969551533,0.789422423826247
2.16491,1.39204516377484,0.299570786689266,1.26642691810166,-0.185107127801892
0.0345667,-0.0957405691392909,0.0391805328917389,0.0309251586273221,1.16236570645412
0.628688,0.335177880418215,0.188593267774752,0.397755761581302,0.221906984693525
-0.239472,-0.249435635816558,0.0818074740029602,-0.099662800772324,1.46648163145717
2.91051,1.80817376444662,0.436238140685165,1.38645299292133,-0.457690618270278
-0.900913,-0.617076510651185,-0.0275577737121387,-0.46807192120451,1.11914988144787
-0.229551,-0.258465789764662,0.0801966270612921,-0.145408976614754,-0.276390570226755
-0.515259,-0.412190474855208,0.0442866992285965,-0.288146124109231,0.814717195259828
2.19957,1.37725075155806,0.381855995186031,1.32506903084472,-0.190013464361044
0.0501451,-0.106107830845418,0.0873758974242381,0.00907888498131927,1.07816941781204
0.64559,0.341184667705364,0.181556413143642,0.37919678153951,-0.480120166939396
-1.34262,-0.822950234957922,-0.0154292946551708,-0.672787271940883,-0.139268901458923
-1.10363,-0.84723448536873,-0.0574814960053685,-0.592660137266941,-0.312952697740954
0.304201,0.0901422741219854,0.171850914214455,0.132265799808086,0.01069065679175
1.45275,0.913918906598164,0.438375893977175,0.856497456147578,-0.345075426225554
-0.88539,-0.628576122523019,0.0767898792478476,-0.46585301357813,0.519411434449397
-0.221952,-0.262091573851416,0.194272552797958,-0.124161558171238,-0.354754652456421
-0.505624,-0.418813997996135,0.203119665059075,-0.243440626090396,0.815165689269529
2.22406,1.4194362443534,0.677073571265214,1.26167059635096,-0.191567121819563
0.0411117,-0.0991341419427925,0.179589018218999,-0.00297419003904592,1.08585116623544
0.638579,0.331929569549372,0.244064977955247,0.371651230698561,-0.483103326185707
-1.34564,-0.814433471723397,0.0586552700302207,-0.626747055699527,-0.138750688876374
-1.09891,-0.868198582277163,-0.0153916700857549,-0.614354432713133,-0.302792059504519
0.308687,0.0937026550322695,0.296058377911924,0.120134695367182,0.0786047002406745
1.44359,0.878908006808748,0.537266974871603,0.877360508994974,0.124022185671896
-0.227766,-0.259049726662093,0.21376651892457,-0.143569316215231,1.76512676966704
2.92189,1.78198240201395,0.736295038398984,1.43667985865642,-0.65526738679531
-1.34724,-0.836590066604264,0.0272948829609349,-0.653495033770742,0.715454010524861
-1.10461,-0.87266693244719,-0.00258306104414256,-0.652318514049582,-0.762623943191514
-0.852169,-0.598824245250978,0.159560720361152,-0.425335792137491,-0.620973610216182
-0.196452,-0.248393944873351,0.220227458419157,-0.112374975353031,-0.508058848677884
-0.4901,-0.398598119698298,0.187330055565122,-0.226423597512333,0.794714887632092
2.19576,1.36902011941818,0.64880385477628,1.18310915875756,-0.156626078282976
0.0655621,-0.0820915434225143,0.230923900389115,0.00755864372371992,1.20841885852269
0.650019,0.325744938192494,0.32644100005158,0.3642528115769,0.385754672062628
0.301352,0.0447547741552079,0.195211519414173,0.100956517399484,0.933956766179119
1.45656,0.843335519369587,0.402642145510106,0.844858282910429,0.267305697584223
-0.224241,-0.258470095333631,0.203043584292814,-0.141021743016847,1.90762871983998
2.95395,1.7759813798094,0.741795949281187,1.35298190171153,0.048277617928127
0.0485016,-0.108306628164985,0.194745318049307,-0.0119371480076706,1.43125440535062
0.637362,0.297576909149407,0.31737575030697,0.343206469889472,-0.426926175320501
-1.34249,-0.812619868293023,0.0343141291090731,-0.703269602548489,-0.132322120406331
-1.10374,-0.873217662423403,-0.0371540742650693,-0.609871204508339,-0.29503810130113
0.317218,0.0923721058036686,0.25893023782071,0.108698935849793,0.0883568423847498
1.46992,0.871892022849822,0.488100960615952,0.854932861484308,0.129154334180564
-0.237842,-0.255642555529196,0.210287104968905,-0.142272458215954,1.81777870033631
2.92861,1.75453762987513,0.736529637308356,1.44911518902475,-0.40386611214211
-0.898449,-0.624258165942446,0.0985776474286814,-0.470435544058228,1.13860495416558
-0.214853,-0.281537737264284,0.16184429276368,-0.149660254599759,-0.288308357085554
-0.526262,-0.413660043957139,0.194449668598651,-0.276444725936673,0.750693927856084
2.19047,1.37182698814028,0.544126837572629,1.28840253545771,-0.639880769380675
-0.898137,-0.60762748416448,0.0435270384003368,-0.457501103669036,0.786059691121076
-0.224724,-0.263818039024601,0.093010036979477,-0.138745707997125,-0.335780453400524
-0.544576,-0.408837577706286,0.14633712177873,-0.29933368636926,0.822473709833122
2.24099,1.36381569408065,0.668862739718409,1.24714249909276,-0.23390457732931
-0.0214492,-0.107776730598258,0.089087969892949,-0.00516487822699215,1.09220020151843
0.642823,0.302611773998338,0.277599876938835,0.366253668552713,-0.510878170499041
-1.35055,-0.792860514796291,-0.0297746084189739,-0.53101281327557,-0.139474837223264
-1.08415,-0.820300931593773,-0.074489531265857,-0.542439840546562,-0.337747820917963
0.230083,0.0621516699691447,0.132828878278852,0.0746139682411797,0.0910790264954497
1.45975,0.801929432983415,0.371232933800218,0.805417744514956,0.0894278873818543
-0.275042,-0.265230086887549,0.0262153633741583,-0.130261178825203,1.88724857625876
2.95129,1.65725736609484,0.356926853095686,1.23954486608424,0.0424805770371
-0.269746,-0.270038245588808,0.112335444712398,-0.152623844877739,2.45546411649072
2.97651,1.62956439160349,0.569347559863715,1.3722383929473,-0.330745380880986
-0.903013,-0.607897492221118,-0.000658473630131677,-0.453259321187782,1.14313925656808
-0.277779,-0.315827985625723,0.108377598944766,-0.191042711563943,-0.291768773123084
-0.559289,-0.405675438285388,0.131648869893245,-0.277699569991929,0.775459107618172
2.16833,1.1952519594814,0.408211757484463,1.09497809746731,-0.254651565805622
-0.0430246,-0.133248890813243,0.0749993421401571,-0.0323165393923903,1.03951148317669
0.597435,0.233873206273999,0.256982739392634,0.299555626682149,-0.532997859832325
-1.35703,-0.782030499744117,-0.00639885622403874,-0.654184240151891,-0.196839512325936
-1.16886,-0.79861362691551,-0.0404271934604714,-0.550937924147334,-0.343482129602967
0.231611,0.0457975393009598,0.113849126893462,0.0852932922487949,0.0513500813830551
1.41232,0.700204402545365,0.229350190851512,0.727506088953306,0.199971507290366
0.232202,0.019072480819536,0.114259261114156,0.0682931772676322,1.19838056729855
1.38338,0.668821798980349,0.313156943236027,0.718737191447646,0.24444304679871
-0.269623,-0.259086748388919,0.0706647592084611,-0.137501746266693,1.75003902484314
2.89951,1.50760744643901,0.454607645561429,1.28893141671959,-0.680345150416266
-1.35556,-0.759075751726344,-0.0376202370032309,-0.518678068752716,0.682300081473374
-1.14652,-0.782861835746349,-0.0560088909752188,-0.536464880006116,-0.788205033664628
-0.882587,-0.566318067981543,0.0533912452654447,-0.444877385305894,-0.687535780407606
-0.29991,-0.304606687475151,0.0940297543061065,-0.200934653547303,-0.550525028453254
-0.542284,-0.370691026762322,0.116680075668083,-0.268400449677941,0.717391234214036
2.14323,1.10474547814329,0.411442238621823,0.969667415316101,-0.243433174991101
-0.00829438,-0.100600490862866,0.124743155424133,-0.0464728553163241,1.00612944541257
0.541597,0.177450484230651,0.147183095244289,0.205255602874193,-0.513108579605889
-1.34451,-0.765340183121641,0.00457056156184265,-0.663650838932622,-0.209779334930746
-1.1476,-0.785445012038382,-0.096896482606737,-0.611621855383685,-0.343134662277323
0.2439,0.068288663302868,0.131763653271478,0.0492916797708234,0.0137526771157311
1.34459,0.630484453480394,0.232334941379666,0.609945881662304,0.0857427314784747
-0.253017,-0.240409770702796,0.112480804377113,-0.166676750423459,1.7404824598132
2.88637,1.46009455250535,0.402271807291285,1.14450759705224,-0.425255247527906
-0.895365,-0.57911193240274,0.00294681965922298,-0.477688557005049,1.06856759264375
-0.333006,-0.336705540449625,0.0884711426732832,-0.273211932657926,-0.287336054228806
-0.531012,-0.390229942262069,0.0690252312432472,-0.32645169906384,0.731088090048401
2.11546,1.05987001287755,0.330689829954793,0.850308333995133,-0.231233585795421
-0.0119479,-0.0987604009533549,0.0808969922039789,-0.0629705946436611,1.03022158247486
0.539496,0.137465992244917,0.171662652049513,0.118701539410604,-0.27940489861041
-0.891946,-0.574954114259773,0.0438141167832069,-0.486505711882863,0.0857639020141217
-0.353296,-0.335664869316541,0.124452043275425,-0.298949457017637,-0.422275055604847
-0.509327,-0.371090346226586,0.11853334856562,-0.306827776845183,0.70571412927888
2.12506,1.03317428078371,0.421082075822626,0.762138252792313,-0.220539307438862
0.0170983,-0.0880388628706831,0.0865812439603716,-0.082112640146363,0.992869706717104
0.522806,0.146096467917786,0.0793428885866517,0.0889207884412286,-0.499834214598796
-1.33239,-0.750397276931554,-0.00193826859623795,-0.702971576155907,-0.227947061050574
-1.17474,-0.771893964544332,-0.0506911460806741,-0.681461148946871,-0.339925326841851
0.243249,0.0660359846200133,0.0739380571383534,0.0174222637613829,-0.00193135677740531
1.33374,0.573045215753364,0.223385475495467,0.45395543970204,0.0829569972619952
-0.233466,-0.224885225488388,0.0468597253021132,-0.169776909191786,1.67411700152746
2.84324,1.38438959572275,0.230267561734019,0.892488077411723,-0.705258704507467
-1.47428,-0.824367534910708,0.0571145915870687,-0.722117126567891,0.7747276062501
-1.10515,-0.845006685352498,-0.0314767216337373,-0.676526836438706,-0.192325891085479
0.448281,0.13691117299218,0.186579117364874,-0.0582589793480852,-0.118337795700267
0.970023,0.524828826074912,0.0623590113827596,0.287544244771836,0.149557706183157
-0.0843762,-0.196107557951598,0.195108543965761,-0.218923864509246,0.931720479128259
1.30698,1.03262278958132,-0.628319867963217,0.335819508397129,-0.322197663123403
-0.734261,-0.552763652565867,0.123751882501389,-0.508382526921824,0.303261807391311
-0.561729,-0.477416400708966,-0.0226331067750977,-0.40764072484053,-0.346759759936458
-0.385723,-0.345499115143939,0.158771543820399,-0.323945608503708,0.028993690940437
0.699064,0.489863081646222,-0.372095957337433,0.308974966349437,-0.172770478156529
0.0945385,-0.0476693477619273,0.169620358898609,-0.0986606683118724,0.212732396196492
-0.118722,-0.135654393973981,-0.213918888082661,-0.11451838329886,0.0586995952098862
-0.187051,-0.209369222475598,0.205804500839727,-0.22450055561403,0.349134207078381
1.04263,0.761819536416374,-0.478888780548124,0.404031458176804,-0.455874953286562
-0.777186,-0.569645453096923,0.0572868820224226,-0.556881200816323,0.161741599991499
-0.588431,-0.455711326362058,-0.0364070077457556,-0.423055221306851,-0.389666968089374
-0.427519,-0.373337604510386,0.149323230806603,-0.382398683460746,0.0953442160492187
0.90631,0.597599452115467,-0.540441988813462,0.334367480697494,-0.224446231775413
0.0269659,-0.0983052346995924,0.161599813508515,-0.15332066685137,0.280164918356613
0.081704,-0.027831303871583,-0.190249011760284,-0.0783346263664255,-0.642694198134108
-1.48314,-0.865756270556609,-0.000165425390965409,-0.867050742120776,-0.46544667294032
-1.233,-0.822448553637797,-0.0293146202908458,-0.780130160287665,-0.528851655333358
0.173829,0.0236224418293448,0.143553258121549,-0.114139623817297,-0.477621973754257
0.468266,0.299632234705158,-0.233241068864465,0.135672822180788,-0.412415005873946
-0.833928,-0.609798752575708,0.107216784512606,-0.577664318621102,-0.0650216944761743
-0.555844,-0.435415904831326,-0.019431138580856,-0.418062677658597,-0.49186427032584
-0.506838,-0.425365545475295,0.116346631827659,-0.399795750399789,0.0386060104876714
0.77438,0.58599173981172,-0.329459835240261,0.346109179684908,-0.295261008096865
-0.0343511,-0.147930812597781,0.150979265903304,-0.191918226458393,0.140247529574277
-0.102982,-0.0978333786423102,-0.113834452266935,-0.148299400898305,-0.680413390625913
-1.47987,-0.887748446727016,0.00964865004806863,-0.833774041254281,-0.574966990011742
-1.28426,-0.848763770269064,-0.0706908183446239,-0.802618388833306,-0.566624246970317
0.119321,-0.00878804806847432,0.197088784889197,-0.134835457991824,-0.524378069939061
0.305002,0.228162956452709,-0.229459878531416,0.0780905640294084,-0.131952787117537
-0.316266,-0.313197968835757,0.177779996407045,-0.345574510077786,0.442284093241455
1.00547,0.794036930725254,-0.420043353115171,0.341261300537879,-0.835373112939045
-1.47714,-0.894369096822182,-0.00188278052259231,-0.886638147446358,-0.200140309288018
-1.29459,-0.846728946977674,-0.0111251902899244,-0.808271249192192,-0.965652581241997
-0.835849,-0.596254668591866,0.12076610943374,-0.570313974107964,-0.929218551237641
-0.62797,-0.449698011475317,-0.0697525656584403,-0.44303859719621,-0.631342324573506
-0.524431,-0.439731803326721,0.147680706610829,-0.425779817909392,-0.053692604223227
0.669271,0.531582621722832,-0.296465232478172,0.229778242229007,-0.297669252046796
-0.0396569,-0.137579148816484,0.235833865773946,-0.219394463537512,0.192364381179571
-0.137781,-0.119682437819923,-0.0728201006168336,-0.199315983943494,0.0689073206230973
0.0768269,-0.0513620235153203,0.223778919173695,-0.177846262273775,0.0546311684137264
0.285085,0.213370368015238,-0.165006012508047,0.0319265564266489,-0.0490629274655857
-0.319259,-0.320514609592568,0.185802474332977,-0.370036466030518,0.539858275497952
1.00169,0.813024531968019,-0.565328820813805,0.324324506702725,-0.188511668925625
-0.110561,-0.183140106097038,0.208154392523658,-0.267526224241385,0.244733766529771
-0.13445,-0.113909127320516,-0.189367321565099,-0.216162123466211,-0.694658029465628
-1.47613,-0.919933549838847,-0.0209064136858951,-0.893517725180804,-0.598130749539106
-1.29268,-0.89071069612335,-0.085394119940623,-0.842366996011735,-0.5937714216453
0.0666992,-0.0201307968399893,0.248384031583475,-0.203377416633941,-0.554632479460315
0.246947,0.224152938804637,-0.147619794765145,-0.0398581629536734,-0.167339962841553
-0.351147,-0.328819197271006,0.197631457522164,-0.389080994098501,0.430215626970423
0.935577,0.780557215687937,-0.304573120540817,0.255915126592086,-0.549481696120518
-0.859468,-0.647502766018196,0.116113251848182,-0.624381436819699,0.0496928143405889
-0.696423,-0.50387051128221,-0.0262053293409156,-0.515529451388417,-0.52039850640683
-0.566551,-0.457667544992759,0.118926513024497,-0.477586295226726,-0.1485192360523
0.599398,0.546682795540864,-0.134221953258309,0.147843544538058,-0.698718312883791
-0.848881,-0.617551564126434,0.0587162444244511,-0.605459865897498,-0.0941550823792244
-0.656572,-0.479505322487467,-0.0440053644781576,-0.502866057732243,-0.503121022462956
-0.497764,-0.416243372792411,0.12190472999642,-0.454520140965752,-0.0777982372131695
0.610975,0.540006705803747,-0.611131696423775,0.140755237074197,-0.321232059865796
-0.0812236,-0.122424017738727,0.0500428830119529,-0.267851857778651,0.0479385457626939
-0.157074,-0.101316704064123,-0.217290163951721,-0.244788325184927,-0.707403450802514
-1.47089,-0.913448642414974,-0.0902337748306488,-0.851834848122251,-0.605236880406543
-1.28681,-0.914882813987052,-0.13242343134958,-0.854729935755003,-0.577590335278742
0.105551,0.0123543748256093,0.0907780149016396,-0.249948729425576,-0.557037446562817
0.230126,0.220245799515686,-0.479744272027606,-0.0233658030929274,-0.136000440866322
-0.335146,-0.283742054423669,0.0550886348142042,-0.360857841524317,0.47618286062926
0.938158,0.805602305640972,-0.603423873402494,0.184816778848455,-0.213411651630264
-0.315449,-0.28976162518812,0.0989789034454312,-0.362480747516598,0.71020520990219
0.92377,0.787701595126571,-0.611917565985608,0.17462334835168,-0.489685851117038
-0.864769,-0.624448476647888,0.0137664258453043,-0.602466586273874,0.0809223610197588
-0.638725,-0.469406009361421,-0.124399329073494,-0.493771078068801,-0.501787738578586
-0.534533,-0.419732680862913,0.0205731054381467,-0.448431561574197,-0.079579409343272
0.585036,0.553925567176544,-0.576184305492453,0.121661266153945,-0.342978553517142
-0.0953812,-0.136460851864335,0.0513064297972207,-0.279755545606078,0.0240787631773288
-0.181611,-0.0874012765902427,-0.259381707743684,-0.244207773171174,-0.717187310902078
-1.47412,-0.910369465721697,-0.0797906098269107,-0.813791864704645,-0.619751743548807
-1.29115,-0.861771616600387,-0.199673089200454,-0.703948218972495,-0.587661937169604
0.0832139,0.00963253350712701,0.00748212677336466,-0.242234511416781,-0.542410049218737
0.230792,0.223089578494298,-0.267025273610914,-0.0136055121912953,-0.0349371923887345
0.0318664,-0.0450655302184463,0.0450489669542727,-0.264526187192052,0.174258283743578
0.239324,0.210378500754705,-0.441235783075769,-0.0106004312562501,-0.0823670357770918
-0.360579,-0.331857940634966,0.113476922319268,-0.384360233900794,0.399038204012836
0.944524,0.829914984058319,-0.286770920899674,0.285978168632291,-0.858900625044761
-1.48372,-0.899358296808026,-0.0676102344558811,-0.844921496181684,-0.225199717449169
-1.28226,-0.906870749103927,-0.112475797928624,-0.78949836968273,-0.980506624542957
-0.853242,-0.57912140812233,0.102482038568944,-0.582542894348158,-0.926686044253829
-0.626801,-0.454468825918494,-0.0434349005923647,-0.477252225684054,-0.65261217236387
-0.542079,-0.432891887464167,0.118906829238714,-0.45681593672074,-0.101229138741161
0.574936,0.584847428265525,-0.314990103124731,0.188112024667369,-0.351320902465453
-0.0990066,-0.140359427031478,0.216325989537957,-0.295679092569317,0.0119666910227871
-0.196011,-0.121483823883413,-0.194153716376196,-0.250615456464392,-0.725331013335388
-1.48975,-0.880004302445065,-0.0607726856241596,-0.825578773252744,-0.621144111990692
-1.27889,-0.887459975644668,-0.110491676840801,-0.808868050128046,-0.596356570340185
0.0890661,-0.00646306176009169,0.124942596935817,-0.249526210960109,-0.562481336232408
0.218108,0.244664044274391,-0.414726923380264,-0.0223169444949582,-0.156633801907332
-0.35126,-0.263930323239833,0.0158901907462653,-0.356689996983276,0.423383971562684
0.940935,0.812352137309023,-0.797350283133674,0.180964959099569,-0.540156391970078
-0.842793,-0.595085274549067,-0.0996832253773262,-0.562680069465131,0.0777886025656011
-0.641526,-0.434358130339754,-0.183660660289744,-0.477480052977519,-0.494861508898848
-0.545103,-0.391272663622725,0.126513412880543,-0.455277923972654,-0.0641471656669554
0.620614,0.585652151201481,-0.451689600735123,0.168926087289835,-0.346612159190526
-0.113196,-0.153434355054879,0.156928657586798,-0.281847096851321,0.0944957689657372
-0.155677,-0.10486900448575,-0.104566299482572,-0.249879126332495,-0.423035158645953
-0.856267,-0.610191566242535,0.0367020319278662,-0.629545533617803,-0.363296952316691
-0.624226,-0.441714652078778,-0.155116724287102,-0.479196904718759,-0.571900846406618
-0.55083,-0.400192340685354,0.0253590541027493,-0.43697623837758,-0.0790616644157665
0.594866,0.604318117363332,-0.234475264182795,0.169353587551522,-0.352161562875822
-0.106318,-0.159784210449766,0.0515698533406611,-0.29054531156147,0.0464212755643632
-0.137338,-0.0895474693078042,-0.237751015172339,-0.253534009207536,-0.718300632963378
-1.47012,-0.901820678613036,-0.00804170881637277,-1.01234329663154,-0.592457222937398
-1.27057,-0.903833252808743,-0.112725395960062,-0.914146990373335,-0.581117529792106
0.0882519,0.0112522606934893,0.249295104142574,-0.210241024866552,-0.533648454991738
0.269647,0.268608589405324,-0.1521905624934,-0.0263365907796974,-0.145481287351571
-0.314067,-0.293462073227523,0.233942313786039,-0.37664745584456,0.411208237646171
0.968449,0.816530399433168,-0.409769141856779,0.282945074213507,-0.826728066732724
-1.47842,-0.896299425928551,-0.023289382882248,-0.947385185944347,-0.144167399461271
-1.28332,-0.897072388514086,-0.0818667116936645,-0.854881447507269,-0.521051215316304
0.0810408,0.00709526208672254,0.243071100254557,-0.209524826053069,-0.539411434072181
0.246382,0.236333288609389,-0.171379948979156,-0.0259122922542963,-0.148911514281084
-0.326017,-0.293555054655804,0.189286648722736,-0.36970013924642,0.428147756212112
0.925056,0.794212866601192,-0.311225421299055,0.302497580945673,-0.52913996159488
-0.84962,-0.604955908623427,0.107116251870575,-0.641122791662328,0.0826954419034007
-0.624932,-0.461088451500541,-0.0392546428945644,-0.508030629185699,-0.480132265682894
-0.507852,-0.41086428180782,0.154663661523158,-0.45819635590652,-0.0404201927202597
0.647755,0.597640671154691,-0.133584084724266,0.21948172858596,-0.291973460506532
-0.0482467,-0.112149757719517,0.227535918130632,-0.229410683402112,0.176463706610846
-0.118513,-0.0707506783050185,-0.0634807694958861,-0.221964319602928,-0.0459653084352968
-0.273563,-0.263774922135678,0.214782357918256,-0.347187012459587,0.321711640558174
1.00647,0.856096061012876,-0.269346542793818,0.363127078297752,-0.50984464624059
-0.811843,-0.60402625225448,0.114353512140965,-0.645136217715275,0.133822596267154
-0.588712,-0.433176630720588,-0.035968628065597,-0.511768221893832,-0.452234496556441
-0.494218,-0.400874565050285,0.11425149678672,-0.468798044873396,-0.0162903235372248
0.666527,0.622517375031775,-0.236501228942162,0.24416312541186,-0.299357284046414
-0.0528601,-0.109983793501112,0.244506312915387,-0.234947156556123,0.0924804782303782
-0.108779,-0.0636747880769988,-0.0798722757621448,-0.215398097775995,-0.695849848242226
-1.48713,-0.888755083902428,-0.0130931709098873,-0.99027760509671,-0.564547269935342
-1.2494,-0.895070979812652,-0.0735742975506154,-0.866572431004358,-0.568412557876114
0.139122,0.0462649756527338,0.271760618015259,-0.184585248591182,-0.552507841120279
0.310576,0.291820729296705,-0.151581752339997,0.020409282301284,-0.419542117120831
-0.807929,-0.588102577801637,0.114296616843087,-0.629153873794906,-0.148140888208542
-0.588577,-0.441390936556636,-0.0551851868578546,-0.47870719206084,-0.489667416335053
-0.486774,-0.391605904991209,0.158490349430176,-0.43505204948285,-0.0216810762614161
0.6666,0.620910326748369,-0.252831461459907,0.263052595226549,-0.293210499524495
-0.0443571,-0.114894659522183,0.198061303748863,-0.242367478191303,0.094388433636523
-0.108026,-0.0674764673081302,-0.105759788296363,-0.207378080923856,-0.683880941130373
-1.46681,-0.869037346110588,-0.0124991855869295,-0.937851733764388,-0.565734788054999
-1.25319,-0.887362268239093,-0.0781322990987954,-0.85439349868147,-0.562860412531014
0.117336,0.0497690369529251,0.236423410089748,-0.202132128579266,-0.512923441842302
0.297179,0.27505590011246,-0.193921380916271,0.0313953312106486,-0.125179520191955
-0.294312,-0.263115549499644,0.195842202915043,-0.351272363083448,0.413751152190776
0.945532,0.814536031379695,-0.463454506173709,0.386267130244111,-0.825976332813554
-1.48204,-0.891061430410115,0.00218205357263532,-0.95285476641957,-0.206842213182907
-1.25926,-0.901797707655016,-0.0886229938160267,-0.884048129655431,-0.955170629118961
-0.803575,-0.55593597533835,0.0960567586403105,-0.582592177081148,-0.898585138138146
-0.592281,-0.422336160575508,-0.0144682374915708,-0.477517335232114,-0.606810119661727
-0.494967,-0.38685919125835,0.180986052210752,-0.425675087398638,-0.0617090420622567
0.610715,0.598519035882522,-0.0605927040287971,0.224548900797283,-0.286991466111645
-0.0534388,-0.0953124835057795,0.230253854183973,-0.22223852749064,0.178930102268078
-0.113998,-0.0845508467170633,-0.132697382493516,-0.203041762185378,0.0534725729087084
0.0681423,-0.00996963716414574,0.251680325238468,-0.179604195355956,0.0467375092178875
0.242734,0.25513415136342,-0.163495728406836,0.055572628778304,-0.042200656773155
-0.290006,-0.275165705916758,0.204417891231783,-0.352970331020906,0.500260277686868
0.947918,0.847772178512274,-0.359445319263205,0.420802221691309,-0.168048129373981
-0.0872261,-0.13319365657712,0.246350106311554,-0.248950916302874,0.229101314940947
-0.12152,-0.0753508519260644,-0.101088911768256,-0.2070234117228,-0.686112472959181
-1.47737,-0.887643736225032,0.0570256112893354,-0.915092472530801,-0.575855697345142
-1.26291,-0.895656690160033,-0.106816353389501,-0.874236549580101,-0.572517146062342
0.107465,0.0380191661807873,0.262075912143821,-0.175805853265069,-0.518706766466016
0.293095,0.304360724995805,-0.210358953873262,0.0361763288699443,-0.124145817422339
-0.297372,-0.273724127840009,0.184709719337702,-0.351272178568072,0.460065347633899
0.946566,0.829539488677143,-0.398136666327037,0.408395535078798,-0.505378673955085
-0.833052,-0.588053257957634,0.0798723518709384,-0.63274925313095,0.1026098385143
-0.602486,-0.443111043163871,0.014596367081857,-0.502072097339824,-0.478641327521903
-0.503408,-0.396990768260427,0.151917537744399,-0.451000611786686,-0.0907020311575223
0.631314,0.602723325611784,-0.368219690915766,0.220774757676261,-0.649278821165279
-0.819891,-0.564688051409716,0.0950580030468453,-0.619735938753864,-0.0488861344058314
-0.59622,-0.420717702347773,-0.140677097450259,-0.461124167273678,-0.480770123370931
-0.48258,-0.371926977704992,0.105489859067651,-0.425642495825168,-0.0445714544498223
0.620812,0.627454547439195,-0.295370285484352,0.204243820113433,-0.303055798292964
-0.0624171,-0.104613922693195,0.266963252009263,-0.245468452340016,0.0506818042035692
-0.16314,-0.0775318990849293,-0.0934966606429593,-0.208909933424212,-0.70156060220698
-1.47957,-0.884401054716272,-0.0276237641540224,-0.846365904011887,-0.60199825768113
-1.28037,-0.850984012256895,-0.129990726701478,-0.729576850774326,-0.569785644410029
0.130507,0.0569437879245756,0.0793217881557972,-0.267246976682816,-0.547712072638016
0.243144,0.317049006825762,-0.099282411461284,0.00193593713999364,-0.114146785675084
-0.308805,-0.269711914542464,0.218508378374714,-0.350628471508646,0.481540695921284
0.931042,0.829544640695735,-0.323546413903291,0.350835632545974,-0.193066520189033
-0.293533,-0.259387011279118,0.238712816306089,-0.351885147232146,0.700745685268913
0.898914,0.830093120412418,-0.291879121329233,0.393801994230536,-0.465289565171261
-0.829428,-0.58909272161432,0.0907256380160205,-0.635209998556629,0.0733227427996875
-0.638006,-0.457227394200927,-0.0463181975625499,-0.496750108952765,-0.479550096097141
-0.515743,-0.402978941624358,0.177227790535178,-0.457035169836533,-0.0731556995712488
0.592344,0.598367570075492,-0.482067903398281,0.183312690807457,-0.328188961428321
-0.0864232,-0.111829585236483,0.0747987423693209,-0.260267376216115,0.046059895229544
-0.140211,-0.0822958724240754,-0.0482953412966512,-0.210420496398129,-0.712531489502765
-1.47929,-0.855737585549626,-0.0452625906629337,-0.765187334214516,-0.585542359460422
-1.25864,-0.897376355738574,-0.0788982398062808,-0.907653744822442,-0.572929567904219
0.112395,0.0352617567993642,0.25172086290264,-0.18239677389005,-0.516600205827192
0.255586,0.282772125576624,-0.169692181178152,0.0493791707060755,-0.0112945276541937
0.0516086,-0.0341837956798066,0.236809916541778,-0.196816405301331,0.192065531712721
0.245222,0.248794441321635,-0.132980344640463,0.0264902121015432,-0.0548013631024169
-0.317658,-0.281349507057995,0.226571902400724,-0.337107990107429,0.396605384659523
0.927942,0.809517426331875,-0.582136212985319,0.219617310071609,-0.836291052735879
-1.47704,-0.888071261731092,-0.0476183328947491,-0.85570638941954,-0.223283896305407
-1.27342,-0.874171589685057,-0.0704804713167834,-0.757822456102289,-0.962429069030554
-0.820319,-0.570232996238409,0.131157736299137,-0.547522925974362,-0.910068018818304
-0.599148,-0.424827896907078,-0.033725634567311,-0.455531385912523,-0.632820348813363
-0.529229,-0.404460104185348,0.161339777967663,-0.418285254059572,-0.0891225231722284
0.565897,0.603634826444792,-0.140797274881967,0.250438034877474,-0.330394596099798
-0.0707526,-0.118735133624907,0.2069586535202,-0.23691040268225,0.0183561912326467
-0.178158,-0.091798368985176,-0.0947594201693646,-0.207476075126581,-0.703650219768251
-1.46945,-0.880452351568249,-0.0234593704078072,-0.916510821516925,-0.602146601170964
-1.25877,-0.901478486040657,-0.120107802428149,-0.894192710866165,-0.57887255558094
0.101095,0.0271579496016938,0.206291767314953,-0.170396801672472,-0.536786316898752
0.24852,0.289733270225609,-0.129412720181367,0.0531838818335012,-0.131916220011582
-0.309391,-0.273623670520003,0.201999702205943,-0.346322879095344,0.439308267871279
0.94415,0.865103751603764,-0.453727165612947,0.414533177335079,-0.516004822580105
-0.837919,-0.600205431181124,0.105853306496596,-0.598196085136062,0.0967854840187865
-0.610579,-0.41637290052405,-0.0192982311415455,-0.468565762461195,-0.48216467499907
-0.523313,-0.410506713434795,0.203766516857286,-0.460288647563044,-0.0458393501522147
0.627632,0.646974019176175,-0.169176232641503,0.241117618921282,-0.323561440864728
-0.0869957,-0.128705795665542,0.242703285291917,-0.238038284200276,0.103307974923096
-0.149917,-0.0596478010132491,-0.121750010769044,-0.17455245277905,-0.399942734649694
-0.828701,-0.597649327460536,0.10464029128847,-0.585479524647456,-0.362149208372073
-0.63189,-0.41572737961412,-0.0784689819986051,-0.445780105904737,-0.558342871100993
-0.549971,-0.413861757598813,0.138992458628131,-0.437174753196464,-0.0748395778260662
0.608266,0.627829063590414,-0.290405930946079,0.248060101009407,-0.352463372148698
-0.106618,-0.155647786313594,0.185592408225415,-0.250932793851171,0.049948555272791
-0.141539,-0.0598281295228516,-0.167864856215931,-0.188691304062829,-0.720269310254966
-1.47723,-0.890745012742939,-0.0528670726241572,-0.950537788731728,-0.591977450972527
-1.26147,-0.895025872319889,-0.098309613218993,-0.910072725109064,-0.595790482440854
0.0625493,0.0112665416300283,0.276833790119539,-0.168725481613866,-0.533424260082562
0.261719,0.289267016264974,-0.0683261368051797,0.0644144644506747,-0.15438533925545
-0.31245,-0.285680394511288,0.208862530060304,-0.346300656810512,0.411836395609417
0.973551,0.883870480746141,-0.278932548634639,0.410502566602885,-0.804125159581024
-1.44392,-0.841927346772236,0.0357032710023117,-0.893875451241538,-0.088684692935432
-1.21034,-0.882721813969998,-0.0674057901601215,-0.881997268870566,-0.357352021187062
0.392998,0.134572555161573,0.192472180441395,-0.163298172276817,-0.398652726680338
0.465175,0.294943651439812,-0.202898874637187,0.0269191818628169,0.085341189705187
-0.132033,-0.171926653795798,0.220314928210604,-0.237139437631028,0.636611113196721
1.12749,0.783486771171453,-0.456223474325265,0.269324653434157,-0.371006581385712
-0.732273,-0.540205741135325,0.127267524450914,-0.548510498134159,0.242105527465774
-0.508076,-0.459690753643435,-0.0382928943787532,-0.450494526852411,-0.356565901022893
-0.391915,-0.331134604943519,0.172474259916056,-0.356957450357177,0.0808666983827522
0.767303,0.586320866681295,-0.254193883707218,0.229422815226509,-0.160016860974599
0.10399,-0.00173500897911743,0.192690639922953,-0.135600863425623,0.296491006035458
-0.000689009,-0.0890022371572562,-0.159767616715088,-0.165376201665678,0.0971147791346343
-0.160906,-0.192041246517221,0.171122963695491,-0.251782464783128,0.526676892767013
1.33479,0.94412351141677,-0.538076814957287,0.349356137369462,-0.424110551263143
-0.76789,-0.575488361941774,0.118603354094223,-0.592758451080586,0.348671377593892
-0.447856,-0.402830446143796,-0.0618074748988108,-0.438139850195731,-0.3654689002844
-0.42932,-0.378690341537333,0.170729639850385,-0.408177941744055,0.171643876879495
0.930323,0.706230856276866,-0.340700142688245,0.331375630967217,-0.196421485107932
0.0695204,-0.0630022837880179,0.149240531187543,-0.163270535860423,0.29988486388607
0.0988296,0.0038949195717519,-0.193146806517312,-0.111812486523702,-0.616687277620457
-1.47391,-0.885595421763524,-0.00134262333552346,-0.892848507677725,-0.439974995704517
-1.21061,-0.881836997548853,-0.100274175718129,-0.88924735549022,-0.485345296956769
0.243569,0.074776101707358,0.201202396820984,-0.123871004075524,-0.411192338833074
0.590801,0.411587813436422,-0.203788053872925,0.165387916270873,-0.354457090895012
-0.790812,-0.592289573547729,0.0956597426985813,-0.563446005239057,0.0480412275529829
-0.435157,-0.392890084915862,-0.0802808366734094,-0.395022565093312,-0.431634043820828
-0.455477,-0.396098132625219,0.140006070259985,-0.386935698270237,0.171015325760675
0.944946,0.755014942731765,-0.281825762574176,0.409141135294032,-0.234505252846388
0.0157409,-0.0916214351029048,0.216693148419741,-0.176432800122287,0.279551311354737
0.0405469,0.000454804946382858,-0.145489920103561,-0.102076942885091,-0.638983079645735
-1.47118,-0.900047266714243,-0.00142267512139849,-0.882602230780087,-0.476341318628102
-1.22303,-0.884887511484438,-0.0995031365518294,-0.804560285305657,-0.50856298661414
0.193059,0.0550846385453466,0.20105997095902,-0.12308876937689,-0.408697785948433
0.495848,0.386005827151637,-0.310020930220362,0.170227941081223,-0.0530318541982563
-0.244556,-0.27729307138994,0.202769246966201,-0.322183629143945,0.614749224329113
1.20527,0.988161739511863,-0.441368403225339,0.469071053693636,-0.784598536162277
-1.47005,-0.927671555008397,-0.0524807088557713,-0.893093716952757,-0.0798653843912209
-1.23929,-0.892905600652509,-0.077130825776636,-0.885570270631038,-0.913359242134512
-0.780037,-0.586299958642164,0.107063837833997,-0.545751055566921,-0.824204877707854
-0.456094,-0.366706818282089,-0.0262170031085499,-0.363076359592558,-0.564048623211544
-0.46001,-0.413491481647722,0.137131610358517,-0.385801305416099,0.105513540476355
0.850019,0.759531327617216,-0.178890515190031,0.418713324934197,-0.224112417084172
0.0117014,-0.103574703423536,0.217498777833153,-0.15085745277756,0.360244960312611
0.0504299,0.0173007952611627,-0.152730942940461,-0.0718235345120312,0.13793896548366
0.126151,-0.017960891581005,0.214734681670074,-0.121126129731512,0.232063648328029
0.490834,0.379551470755847,-0.248598094109515,0.203061539140415,0.0170278003145239
-0.281262,-0.299190401836033,0.152192729664977,-0.324948765160896,0.740466040014132
1.2413,1.03783332034973,-0.34378615967051,0.516195793483151,-0.116747731559178
-0.0380864,-0.155750379778453,0.200251025580698,-0.222406835098635,0.424061529682926
0.0358219,0.0165761947642417,-0.119817750874567,-0.0829887360963234,-0.643805970452287
-1.48007,-0.947122527885158,-0.0150044856270231,-0.88465958934771,-0.480180436045925
-1.22114,-0.898894685530646,-0.0655520852545616,-0.868444152402368,-0.529122609286424
0.155517,0.013631359273181,0.201135276433869,-0.118568316548999,-0.411499418606319
0.493215,0.433828750183918,-0.260263292956763,0.196363259903801,-0.0813117067845777
-0.28822,-0.291961514484312,0.198765868230683,-0.309790542533926,0.65297760032329
1.18502,1.02388746335017,-0.444794645125531,0.53605715015011,-0.468131410498828
-0.803783,-0.630564910373643,0.0911552665177415,-0.596969857488292,0.257491649085384
-0.489763,-0.386281119710255,-0.0374344470919849,-0.386957191388557,-0.430308740655931
-0.490093,-0.430213476514223,0.147410752047809,-0.419123121738154,0.0590926969812082
0.854507,0.751027725333843,-0.28713361214056,0.446745564381122,-0.617017112875875
-0.794461,-0.612335105091949,0.104481163466128,-0.599844133346703,0.101257692717072
-0.478935,-0.381873533481309,-0.0547103121243246,-0.396517237846117,-0.432705011505092
-0.462067,-0.41055717750035,0.149263438852343,-0.421535120461672,0.102505521267552
0.828242,0.735780778746804,-0.269529422896383,0.417077503685993,-0.251198007586826
-0.00641562,-0.109632642227284,0.215032817119388,-0.178538265536625,0.21667834332779
0.0119086,0.0066477632131162,-0.143541442733161,-0.0834027203935002,-0.658042068539111
-1.47231,-0.936530747268989,0.0103635405890121,-0.938220001962266,-0.501701155782298
-1.23982,-0.910569234917507,-0.0958285492000955,-0.847754056816687,-0.534344618831055
0.154501,0.0393132081239243,0.198091053755666,-0.155462211489748,-0.460437075546299
0.390892,0.359156805748916,-0.293925782546148,0.165520907187119,-0.0678229436917772
-0.266284,-0.278919553154278,0.187692310918626,-0.317196363191215,0.647230109094097
1.15567,0.953819913142385,-0.599930483521263,0.397902974248212,-0.128929985965966
-0.243183,-0.267371097327863,0.157534031900462,-0.312059761667143,0.900123522712662
1.1271,0.98566981509228,-0.404967331299079,0.471929209796191,-0.410598026364752
-0.806108,-0.609999611879598,0.0992272501208016,-0.611044511563105,0.232018101951429
-0.515829,-0.395638713956814,-0.0700393314629216,-0.397870544802367,-0.425416113510182
-0.477247,-0.408916455442297,0.130241733728165,-0.416489208411106,0.0659003253887718
0.777637,0.712400896890175,-0.243200540118308,0.42088045244114,-0.27292309698174
-0.0342578,-0.114178533016178,0.200818795545261,-0.185906633063779,0.184435148761297
-0.0118092,-0.000300068129065386,-0.168466334428562,-0.087223710937934,-0.669057953482608
-1.46555,-0.907994574760867,-0.020261060313852,-0.892766515537813,-0.50508867413838
-1.21964,-0.873973466773977,-0.0916687960359445,-0.80811447149275,-0.530634128999952
0.148229,0.0379225432423745,0.24380186228145,-0.137986901650389,-0.415987695674234
0.43783,0.383764506535649,-0.179271086374547,0.173211343974344,0.0358052336088959
0.0948751,-0.0269349104907178,0.24236942918591,-0.147322489666635,0.343346850736103
0.401905,0.334488216632873,-0.178998545370393,0.121654202393107,0.00575639457605684
-0.279382,-0.278412981540426,0.192145990089108,-0.295906746691869,0.560318706488649
1.14308,0.970059640069028,-0.454840271264401,0.538873834785016,-0.801898202554444
-1.4664,-0.87644140586248,-0.00707801231073444,-0.866387359618156,-0.108232220025927
-1.23367,-0.863520748065765,-0.0848002376567055,-0.812115294048115,-0.92574131838424
-0.800923,-0.553764727982083,0.0971071887855764,-0.509593918891957,-0.826285909319098
-0.459732,-0.337146960768489,-0.0253461042467795,-0.34617081876331,-0.589581388389181
-0.482595,-0.400567371371897,0.0852281947210869,-0.352656717461816,0.0532890343532337
0.748745,0.720762021022901,-0.331881315587183,0.418901828970212,-0.276354416228795
-0.0309143,-0.104572776129266,0.123590233458298,-0.186848704328539,0.15479994005451
-0.0504269,-5.54912118457662e-05,-0.22878576567697,-0.0705466002463769,-0.67376730163478
-1.47146,-0.863791704662072,-0.0258016412923153,-0.733610832319675,-0.533456444769712
-1.24877,-0.845388440115885,-0.140866505682127,-0.781610979177783,-0.532492981112628
0.169966,0.0393504459127726,0.107634317673967,-0.136712149585462,-0.470224192940745
0.381164,0.37260819158654,-0.31118400725959,0.170753286498182,-0.0701988196250684
-0.259959,-0.262931063315075,0.172778265372002,-0.279799656711918,0.571063633027399
1.10367,0.936825348278668,-0.33263774280319,0.518075551285148,-0.465418860227339
-0.807941,-0.576191899813863,0.0755777283796037,-0.546648701693795,0.220507065397325
-0.499522,-0.359547139842835,-0.117972577969803,-0.373764721229947,-0.430592291322435
-0.483753,-0.392151814719302,0.129533357391071,-0.404469397470544,0.079380824360725
0.790703,0.7213370711475,-0.276012225132139,0.417461977345897,-0.264654994708348
-0.0300857,-0.129201428083333,0.173472001227352,-0.178214477300919,0.244963684867788
0.0052163,0.0176215488719186,-0.1899802662052,-0.0555419201888943,-0.346486339965785
-0.804778,-0.573624099161571,0.0661391821258154,-0.568525628977162,-0.236517816044331
-0.5179,-0.353881572275001,-0.0766280592756576,-0.358674013429704,-0.497647478829142
-0.483919,-0.388389010562652,0.11792404806634,-0.382135263911877,0.0552499908591496
0.780269,0.708199561934111,-0.359431711940272,0.405501444160838,-0.280583662752031
-0.0448364,-0.122303652717043,0.166564274505013,-0.181993003306816,0.193896505765297
0.00821544,0.0381655883113589,-0.0990845771038717,-0.0613335805142277,-0.670083165481004
-1.45743,-0.856777111623637,-0.0279002317257901,-0.833285764789062,-0.497616570334872
-1.22247,-0.83627905702132,-0.107001110417518,-0.844621914377364,-0.520744421342465
0.166926,0.0217957494073527,0.226217200681002,-0.0964674912217741,-0.434923444017936
0.432143,0.413635462718169,-0.281489238299826,0.20247867013822,-0.0624009050020986
-0.238622,-0.268386302991563,0.148992691794574,-0.263916770501722,0.580243898522588
1.16347,0.993202138239295,-0.418930611322535,0.464746858757092,-0.70621566165837
-1.3334,-0.529758483796011,0.269337027996634,-0.562746626091482,0.0493744207713272
-1.27043,-0.856344025233387,-0.080309164361524,-0.823091919211881,0.212014468675121
1.59573,1.06774977806944,0.525762217273541,0.533424945071561,-0.427811674863591
0.303237,0.286081526562807,-0.019468127741233,0.0993411679008984,0.968900128147231
0.766024,0.558691306286524,0.441940555718523,0.313235574680181,0.598323351512318
0.956454,0.756555435634155,-0.270748526210903,0.339548616076491,0.191602600427157
-0.304049,-0.0612102717533106,0.376099455133891,-0.150609844596545,0.212002476426647
-0.642792,-0.442783368930194,0.0149417312344523,-0.377773963120036,0.106241346040027
0.277342,0.303678372111746,0.459460960998563,0.141293504364862,0.0413472041828489
0.57734,0.527457625030737,-0.021068262750708,0.258732073924895,0.597063790573315
1.23211,0.863827382816279,0.399811207583609,0.590303335412663,0.242224293585732
-0.176219,-0.0996305187563245,-0.0183326544495057,-0.11887024080949,0.965094238419199
0.798056,0.579776069129318,0.402804476764479,0.410029132097892,0.434485252296502
1.05764,0.811444016075946,-0.306073576652581,0.388916567333776,0.177697306682039
-0.299413,-0.0509543115271139,0.392236172858058,-0.14733767624097,0.262759879457924
-0.624328,-0.443764493660562,-0.0344950635486482,-0.396536290123917,0.130864355906089
0.299428,0.310342713873485,0.431990236435019,0.165356906639073,0.0983933730322333
0.693537,0.567331755616238,-0.154518467550671,0.331624169463416,0.598942601558806
1.24324,0.843603090788692,0.429597965227781,0.659894181644552,0.202716894297129
-0.0182691,-0.03169504716311,-0.00930179251452226,-0.079279793142978,-0.0736050496968987
-1.37347,-0.526604868369364,0.255159066615938,-0.636500345704497,-0.350837296303282
-1.26701,-0.839015044671041,-0.0809486884192,-0.802696809091066,0.156460905119514
1.64688,1.07203370102782,0.292217086476997,0.695873483546068,-0.43436159344069
0.503863,0.378738149145518,-0.124520047119594,0.21609449106017,0.445290237423029
-0.312165,-0.0608524253171038,0.364739156330585,-0.109344117728097,0.116145770025927
-0.509987,-0.381027289565226,0.0289959546696042,-0.338075975775068,0.0984044867150849
0.288417,0.292681019356975,0.352034686029084,0.225326548882433,0.188221246194633
0.805725,0.646908752429998,-0.20049418409767,0.426671540641116,0.591969301937616
1.23133,0.813882338438815,0.325820935703856,0.681441839210909,0.225367841465617
-0.0775388,-0.0504848748990971,-0.0724560273976766,-0.0516819311720286,-0.0718544743094555
-1.37159,-0.487992362003326,0.23742812232983,-0.66075786058163,-0.383344961845384
-1.28955,-0.836250875237374,-0.0806554595275412,-0.789513812678752,0.166114902765898
1.67406,1.09832949386546,0.279070316454375,0.776123819108299,-0.437923853860621
0.325654,0.276047813827669,-0.152239099924419,0.209035779931113,1.00303252287736
0.793407,0.579736468078075,0.451012188447792,0.517839998571649,0.560411227366234
1.01066,0.794965483969908,-0.242697071164562,0.509358648092808,-0.294598897200631
-1.36545,-0.478098382922159,0.300158678802532,-0.701627286804175,-0.0883972839135908
-1.29944,-0.836603990663451,-0.0996240953189266,-0.714691250820832,-0.650427283512467
-0.254521,0.0343700398479743,0.440377539147326,-0.015506448487412,-0.860095067519033
-0.614965,-0.417466840391035,-0.0270600017003543,-0.327873037749832,-0.00363506397532688
0.34003,0.339678344297084,0.385069341427203,0.306643960398011,0.070306517025199
0.659879,0.571558903552901,-0.163608424942936,0.416202822255289,0.644979208916646
1.26386,0.868154844305082,0.418126162091316,0.785709491287682,0.342993670924073
-0.151481,-0.0730298618082863,-0.092960129757163,-0.0269852945335064,1.326874600467
1.69302,1.08346427375561,0.307430491680194,0.8699160615695,0.194287965386434
0.253262,0.243261603857653,-0.231618920581138,0.227874574923125,1.1479767623432
0.821093,0.581634649106389,0.361215648351946,0.576087655733397,0.722142620932308
1.00963,0.80220541142695,-0.379650728974637,0.568840406740607,0.894605215491364
1.26665,0.843471216590122,0.266961369613227,0.805100304943259,0.31872267285797
-0.169249,-0.0733547699128742,-0.0650198287005532,-0.0385959852866581,-0.0260491652073894
-1.34946,-0.44957986592185,0.288890799864608,-0.729895741784658,-0.405417614713555
-1.26649,-0.835247785434598,-0.104056096511549,-0.795353781330265,0.183841077605581
1.70741,1.13593983713586,0.376155767675472,0.910226219295857,-0.432367740775471
0.297617,0.275827144305536,-0.163588724622848,0.233820597822012,1.06585844181574
0.876791,0.622235773294144,0.343269052525269,0.624987149704153,0.628811833743313
1.0015,0.803297372379498,-0.253704504751145,0.589553654412334,0.284974530708582
-0.200437,0.0452064101841814,0.392280541259547,-0.0465174210027875,0.248503685699258
-0.633083,-0.423308262918613,-0.0188543365107168,-0.36456786462827,0.194536670172297
0.392264,0.393626893707682,0.422385502137648,0.35243335127072,-0.00432232576333142
0.668767,0.571061315017396,-0.128950316527362,0.44158775899151,0.00896173875656809
-0.195351,0.0567765107104221,0.413612156117883,-0.0385370297126722,0.0759065154924265
-0.613878,-0.40874125904224,-0.0632227706719244,-0.34729998200394,0.186747328547293
0.399283,0.401625330790558,0.383225253236251,0.33851193590116,0.0973914906067867
0.663468,0.584828440512724,-0.2555364336395,0.439387606478758,0.676436465256268
1.34087,0.931206645903369,0.198650442964933,0.843813147773688,0.146682633441539
-0.139615,-0.0610142845684734,-0.123535022883392,-0.03749670506934,-0.0208397595167385
-1.34583,-0.433706422517092,0.316236010460915,-0.745771879728505,-0.393041269714856
-1.27593,-0.819129277800734,-0.102505391631883,-0.854106514075419,0.208720902826996
1.76289,1.21095273446201,0.300950367886445,0.949079111369861,-0.45053166960116
0.257031,0.254216865249402,-0.161039107446248,0.212416656745365,1.10581240880667
0.894139,0.655822104185795,0.342461079100992,0.653950903039897,0.678126334776672
0.953064,0.758879898447284,-0.312767747949523,0.568550550265881,0.848364868420633
0.894179,0.662846514718043,0.350038597312896,0.670702220352597,0.847903223107411
0.941944,0.761083144448187,-0.366068359047094,0.580065350213863,0.322044588568757
-0.216614,0.0495529713990474,0.415691358830333,-0.033782917213719,0.227761368338283
-0.644989,-0.416955751711024,-0.0420548964771719,-0.355346726819065,0.205043573456203
0.414848,0.414431987682727,0.407091067193422,0.371061971585394,0.059760899963341
0.599083,0.533121700347538,-0.277969589318378,0.416880242082287,0.685639635797812
1.35136,0.952349210008042,0.34992840340533,0.89278097786143,0.118814946945346
-0.143471,-0.0637254415480688,-0.104414142202924,-0.0386592602945709,-0.0174353320139624
-1.341,-0.411801116043536,0.291421462788254,-0.769074896895328,-0.388773782577396
-1.26974,-0.826484666655885,-0.104482287709948,-0.831502035160295,0.23192254952423
1.79392,1.22775405814677,0.203736068271982,1.02286818519526,-0.392986661870886
0.267234,0.276150022266713,-0.224455543104182,0.248165564999783,1.4545669423975
1.78698,1.14517336584083,0.167435173048381,0.935961627924063,0.388651861107422
0.256488,0.261695969356671,-0.240355546444363,0.239110126061262,1.23010302982398
0.91656,0.670273495600048,0.366159612045743,0.690859364377989,0.553861477406878
0.996189,0.801373793352207,-0.373677095495926,0.619632849352695,-0.225135906864803
-1.33095,-0.418580681138587,0.313721503942705,-0.794495451331216,-0.0677347628585548
-1.27035,-0.826590702768045,-0.095824932677263,-0.744589609348252,-0.590473758640109
-0.154687,0.0998324585705901,0.389066152860811,0.0398474259593739,-0.827664958665611
-0.585642,-0.377467808115157,-0.0302711645427403,-0.348364023756464,0.0762031120066305
0.430308,0.419885772631885,0.38403444779655,0.413382190434483,0.0680886855319013
0.599646,0.594224207457912,-0.193689775200402,0.481880656618163,0.714641370038412
1.40601,0.962811996538583,0.292771215657111,0.922893752995602,0.110078304317797
-0.169058,-0.0460054356831151,-0.0880201906287725,-0.0376978765579884,0.0107834572523789
-1.32741,-0.418908305892987,0.304996961491157,-0.82327589818085,-0.403091265143103
-1.28715,-0.825686408436215,-0.179509443150717,-0.789716019748218,0.239249269943311
1.81917,1.26046937866789,0.272167957281008,1.0178836367166,-0.453877730824403
0.254244,0.309155982183344,-0.181617184999116,0.248244427190994,1.14021139614336
0.948222,0.689650438762593,0.359185328809013,0.69862577724108,0.601118169263791
0.956849,0.817724334235526,-0.292664445325004,0.609945577859827,0.332358194462892
-0.162812,0.0627458565518731,0.367611512974924,-0.0241678243786033,0.252280083943874
-0.606353,-0.373400494582276,-0.0244588988745078,-0.398853397789128,0.255526968106641
0.464157,0.440239825551542,0.394117970292115,0.375112585108625,0.119788424833042
0.680432,0.650741021872076,-0.206048936801679,0.490637924126601,0.746189688987945
1.40457,0.975729919469118,0.288479069163101,0.93140038992739,0.250170754979519
-0.11149,-0.00227023991857099,-0.046636268942533,-0.0236145105730039,0.541446512578299
-0.164842,0.0741010284901091,0.382307049730094,-0.00194375390071786,-0.166768091278072
-0.596903,-0.365737851348921,-0.0418159339178224,-0.390905894117313,0.18859206879413
0.46208,0.441728581196252,0.382906610004179,0.399011793752118,0.102317276478183
0.655697,0.633728106858142,-0.196893525249576,0.485143997303941,0.735583269295137
1.4089,1.00145392508246,0.341825333205441,0.967055831311419,0.167894726823787
-0.0942519,0.0102921259301286,-0.0722702898430105,-0.0220529328972442,0.0161773609745992
-1.32961,-0.45055386637695,0.308226259641814,-0.828055380312711,-0.362238075514953
-1.26956,-0.823207582704258,-0.10133873007148,-0.885199160956157,0.248403909393745
1.81949,1.29283199316716,0.327912805953874,1.12820167475998,-0.412158673615059
0.332325,0.371836503004521,-0.139210678564441,0.27148441283416,1.14494430319677
0.971882,0.699361574770344,0.36926602940667,0.694927342598222,0.589980007584435
1.03764,0.890593635920546,-0.408882240924338,0.606325087545024,-0.178442394788573
-1.3276,-0.457931518806958,0.284225456327134,-0.778154195470285,0.083853849942355
-1.28363,-0.822402733456409,-0.110390672985279,-0.914253107051842,0.318211785757169
1.82191,1.27945220364499,0.245584578245471,1.10971811703784,-0.406983701186371
0.330499,0.361829582347338,-0.136032338472567,0.253428473123014,1.15750265926225
0.972091,0.705495826774795,0.337325128933151,0.684245828992125,0.661473735900882
1.0212,0.891736620209554,-0.284560108627531,0.57117813634722,0.348236600751245
-0.163456,0.0628078978992878,0.386875054941451,-0.0379476046028381,0.289316280577088
-0.591047,-0.363123963970676,-0.0160439664359972,-0.410996031399371,0.266098748638568
0.477716,0.441708020709458,0.338922838843262,0.372122759883705,0.131548860963973
0.68501,0.657041376020232,-0.21166271313315,0.487074560107186,0.770781715132743
1.41446,0.993591887520405,0.299093300692498,0.977600313189428,0.343264248712949
-0.105517,0.0157489306854454,-0.093654649710982,-0.0132562817235588,1.12979079951759
0.980945,0.727730733392085,0.342265124254753,0.70015749183515,0.481310468186334
1.04286,0.879481475008033,-0.344231279442308,0.599040436278495,0.329269674414651
-0.151923,0.0732609372759577,0.434149278953476,-0.0336952669631133,0.30042242110604
-0.575346,-0.356947367519846,-0.0177097675534629,-0.409055865074147,0.264540363163515
0.460068,0.440382195387898,0.437687632065265,0.352546803637168,0.14050764509008
0.696152,0.668454316204206,-0.241697406446192,0.484269010347654,0.742776892735136
1.4235,1.00501265470579,0.335198982307256,0.929104725562778,0.177306685486742
-0.113644,0.00105424174828813,-0.0797148083030017,-0.0349924096987152,0.0255002966725287
-1.32853,-0.436362711248802,0.29822944289493,-0.822108416455849,-0.369078110519018
-1.26869,-0.815193456921423,-0.0856512846321059,-0.92010113989103,0.2462968487257
1.84471,1.3082212133107,0.257594863948676,1.05297573661071,-0.493095941534154
0.338818,0.388995773005599,-0.166072854692982,0.265350986786262,0.595754236695161
-0.149077,0.0721489661756969,0.371203696842346,-0.0114591344001052,0.0375472105981798
-0.584274,-0.357570061962341,-0.0395239851360303,-0.373753527651457,0.229004802386556
0.4679,0.453525455292577,0.399732219462375,0.410637893509239,0.123223540226649
0.676865,0.676051722847787,-0.166489628375265,0.495281610670513,0.746544578022643
1.42713,1.02169659793085,0.327359379300282,0.93910983956866,0.171115730181542
-0.108664,0.00685042599340401,-0.0642055947263077,-0.0355545934708359,0.0236029376929248
-1.33689,-0.410013067250206,0.303613773692566,-0.766639188700195,-0.358036758068972
-1.25098,-0.809265900310916,-0.118473070244575,-0.915998062992316,0.251626288485344
1.84041,1.31621599164667,0.285625415233848,1.06167956749209,-0.417248498825848
0.307383,0.359196187436284,-0.118549754803131,0.275008774746315,1.14242077672789
0.952808,0.72106424256158,0.348392436294641,0.707727831445726,0.551310242002752
0.973553,0.879662422635382,-0.340671892028285,0.601467768184527,-0.203683872478817
-1.31673,-0.415339742981561,0.318867995482404,-0.846599845563389,-0.0807965355315428
-1.28906,-0.819315483885637,-0.140107208705447,-0.982429616631804,-0.578246641565092
-0.114377,0.124903683581558,0.42916550769322,0.034750791253736,-0.927378517829195
-0.557036,-0.338223873198755,0.00917684290278524,-0.401099615000608,-0.283576709995165
