1000
0.959565,0.335605524970077,0.097289310396921,0.424956144093307,0.578229732272169
0.842394,0.202441904924067,-0.281344988822544,0.425570199461097,-0.0556832870389781
-1.16594,-0.00179236564181999,0.8415741716444,0.0520932341922422,0.668289398650264
0.505575,0.0487651627618937,-0.362759596823085,0.342858768391135,-0.255067485693987
0.359998,0.118647803677368,0.703586742611285,0.114490250869278,0.316764546289334
0.247278,-0.000641284797991294,-0.338623774856231,0.243474499313983,0.586226601083301
0.822064,0.221947486574289,0.309742964504349,0.353047879295822,0.54013836502861
0.897295,0.162517332389516,-0.267829045788603,0.403204423632431,0.551509050007704
0.499639,0.150252034552005,0.525936044426196,0.208256181132676,0.236881486058941
-0.450434,-0.197860605321934,-0.368367962814558,0.0310677677705168,0.221682969402989
-0.1134,-0.0666106613920726,0.62642146086947,0.0192748154309081,-0.202897386274645
-0.0999939,-0.0470519343487258,-0.32274246876729,0.121582842441066,-0.141390188791368
0.026029,-0.0281915738745445,0.556408831350977,0.0866769749856526,-0.598411946052779
-1.39734,-0.4393894484449,-0.328802146660658,-0.30853170674034,0.327204784721152
0.69201,0.122402425155904,0.182171182079696,0.398904431914605,-0.393412215865924
0.442798,0.0824217175108548,-0.277813064928394,0.32132188455644,0.284333732203102
0.253787,0.0683011835994416,0.423714305731074,0.239199526358434,0.0281143812701559
-0.403051,-0.222922915632412,-0.279435763299189,-0.326087223916442,0.0103201730173573
-0.307369,-0.120915458431733,0.59765585022831,-0.015668922738474,-0.148635671893678
-0.136831,-0.0465331353206922,-0.31064512339157,0.0498543535480137,0.245182978950277
0.826144,0.201375419322497,-0.0597296318329825,0.436515666507989,0.233469547189208
0.7836,0.163279937545286,-0.27041606596438,0.400155791732615,0.216155654679871
-0.261538,-0.118122329640121,0.740101187073758,-0.0979232211832024,0.306224136459269
-0.299219,-0.130836370316083,-0.327775872231516,-0.145870758724775,0.276549444612982
0.670532,0.139278520210552,0.217745942332023,0.361421231234941,0.165603021490695
0.637585,0.0715966625535547,-0.298606050760633,0.297519008294865,0.463612001245876
0.539692,0.106139994467538,0.457592605472329,0.194661584303119,0.107475257017017
-0.507152,-0.193860123425688,-0.302289170870315,-0.276105126863576,0.35831047734578
0.160298,-0.035013381605619,0.643499770021946,-0.0436851614146396,-0.0796085740406225
0.109487,-0.0523031265446669,-0.3238649777314,0.0355598040334244,0.362122829925991
0.683609,0.195434765177933,-0.0532765632926513,0.428762065799836,0.249572147541985
0.501802,0.125740037156183,-0.272784693210684,0.401081717891401,0.188475428599891
-0.100409,-0.0463276385972518,0.766283150796472,-0.10102577729189,-0.190533057695475
-1.06491,-0.231686071902986,-0.352272343528296,-0.113785469960042,0.023267933636523
0.204271,0.0315221165178441,0.564316001144841,0.0903115996361988,-0.850416715860611
-1.08764,-0.271552884549176,-0.339400186499006,-0.359445559338712,0.45283075434994
0.904241,0.227421725235593,-0.0650323535249693,0.426157685355179,-0.128501146588319
0.630787,0.170371025042344,-0.277022283601011,0.435376683074,0.734536807472599
0.891696,0.162330945644545,0.246249705063608,0.327992054536605,0.583064157498366
0.575421,0.091543459868498,-0.282310081311149,0.293261050749962,0.580088952919706
0.44248,0.112060819825919,0.461374606232595,0.232206933443377,0.0796479297899809
-0.532846,-0.198325965278078,-0.303227825811535,-0.254534004473787,0.218424718233167
-0.0437204,-0.0179654062744061,0.647789849725551,0.0141135317490181,-0.174110581600353
0.105723,-0.0151293027670242,-0.334928167390825,0.0530838233900158,-0.232090795105222
-0.408436,-0.20063571294481,0.7032101339997,-0.0780772994928379,-0.0368401810053076
-0.143954,-0.151626071346648,-0.338616760314156,-0.172223300256878,-0.257574740068855
-0.00769827,-0.0389498883185717,0.554055964635463,0.0702607181461559,-0.661972726146392
-1.25488,-0.390559258226473,-0.354202509435944,-0.425761701915333,-0.297830463307495
-0.630035,-0.123822239581291,0.617482191285524,-0.000134604353683389,-0.628082534711855
-0.329619,-0.124531636499557,-0.35612941471017,0.0240658709068604,-0.0293894851716864
0.675439,0.207005533043922,-0.062384259184682,0.456613617307733,0.0186124794263127
0.623026,0.150826655283484,-0.277992669517823,0.42944296343838,-0.10086810873885
-0.790296,-0.144908545192435,0.764287439738903,-0.0343649587960186,0.148869360440652
-0.351735,-0.186568698747345,-0.342397167018348,-0.163969601307741,-0.324739379322711
0.122891,-0.0605774114688608,0.561341875725994,0.0646975719945777,-0.770970852452702
-1.44922,-0.352903980534845,-0.339662125719986,-0.270019956448416,0.276887495723113
0.55777,0.115522990853617,0.202565527895038,0.351229550047296,-0.502264953939784
0.230723,-0.0358396797940937,-0.326456322493366,0.199092885250887,0.226298956503259
0.404924,0.0738707319268299,0.44560239162205,0.219088623296088,-0.486959284418317
-1.51332,-0.351123262275869,-0.347992251814929,-0.325843896201445,0.432610050852455
0.543186,0.115100720176237,0.218734514195405,0.29397209827758,-0.537165117771131
0.191463,0.0379193829670724,-0.296430659690871,0.265953268560751,0.113239630150196
0.13624,0.00109287738415962,0.449118405019767,0.181369981373832,-0.453602304766737
-1.26995,-0.349847690309254,-0.350376104034003,-0.317399632723226,-0.0335466960169163
-0.216168,-0.142390915010812,0.643208868128794,-0.0132928461594674,-0.62816928701367
-0.348004,-0.141233350023902,-0.354028395582507,0.00838699013037357,0.152452769854586
0.704983,0.189570527423056,-0.0733540979258613,0.433934978824723,-0.0142949065539977
0.459966,0.142467105435309,-0.276842601534744,0.441191398427048,0.0323290589384287
-0.497746,-0.151070476175869,0.765179273986913,-0.0307606642732356,0.0380956605160954
-0.408862,-0.164585159406231,-0.356796929078439,-0.160785524132451,-0.340324298803003
-0.0782644,-0.0390533835503973,0.547307943705424,0.105250832182938,-1.07358240691262
-2.02814,-0.529262326887622,-0.371672085013556,-0.27942220439261,-0.139010942317807
0.0835729,-0.0328517251378709,0.553905427487845,0.0952828243219648,-1.61328507149309
-1.83326,-0.504220720447139,-0.376139500239566,-0.323654459479269,0.154474889358786
0.519398,0.142241730290512,0.215598796471491,0.339053707910251,-0.600569432579255
0.368481,0.0617044892576736,-0.307923746007448,0.297731729228776,0.343804373403074
0.612329,0.111066938663404,0.45872322619348,0.256568736330864,0.0506582848911651
-0.311429,-0.157309169453036,-0.325984768884282,-0.313186627401381,0.360366904000882
0.172226,-0.0547313652876082,0.660829803303421,0.0328802987321724,-0.0825128900733712
-0.144901,0.0306609790074499,-0.353344359159915,0.0495707233184027,0.516659043658784
0.957129,0.313007256559963,-0.0588647212238215,0.54415712858455,0.280658504832086
0.818395,0.254441224578409,-0.278693657097854,0.493901803952509,0.3019359330096
-0.144709,-0.146152072056792,0.766169713158864,-0.0407672894249205,0.171064368986457
-0.519765,-0.0603009596946708,-0.353164341958175,-0.158933942521635,-0.104668236373731
-0.192965,-0.191117375925872,0.72862885687935,-0.0381646319063322,-0.369480752591369
-0.392645,-0.0589167040652868,-0.367427865023991,-0.162766480540314,0.00752536888551226
0.387805,0.0236671194366826,0.56580999280203,0.124610064790047,-0.465046461919765
-0.826521,-0.292090960474975,-0.36356997407183,-0.39642806912751,0.606917411492341
0.952777,0.311637744552127,-0.0764124107587805,0.493244151481715,0.101033580926145
0.899554,0.282927266189723,-0.279464942910902,0.485148165669341,0.684800558987042
0.679805,0.205036606435372,0.240796710402402,0.346027697162845,0.705622093565543
0.562587,0.196222316818188,-0.305861403322844,0.280237550505076,0.56019315362526
0.570886,0.120036406057568,0.4645944469473,0.232215497668373,0.0474262033699747
-0.597584,-0.187010700437985,-0.334769444375431,-0.346760736299449,0.347614098928653
0.0994352,-0.0677557951536568,0.666530048297047,0.0153968649987504,-0.0854568932265794
0.133243,0.0691831044019442,-0.34720722333519,0.0165165980448486,0.470348798239835
0.955372,0.342338975158563,-0.0672836640822862,0.514123754507561,0.416090280000638
0.85739,0.319682545373033,-0.283059561472305,0.488459900358589,0.371450449482257
-0.0904601,-0.172163808264705,0.777323217770303,-0.0658130800125274,0.394182287117272
-0.10152,-0.0819425411811742,-0.360881982240642,-0.203715756465855,0.0971462455124561
0.258922,0.00850898328437614,0.566867180974347,0.125811168000124,-0.295915179095319
-0.737243,-0.301500777462532,-0.376339446141674,-0.417653688641115,0.482525389234464
0.824358,0.20261808740333,0.201690723426064,0.354942685824184,-0.111107893256332
0.351463,0.195813877725356,-0.313023252149456,0.320478992636403,0.554326856158186
0.687302,0.124330959837964,0.454772689467731,0.254319202599666,-0.0945340592388734
-0.692332,-0.178060704753161,-0.333947203476626,-0.330394557460122,0.35143068756143
0.0523862,-0.101549379528364,0.678592499597221,0.017478448039789,-0.194534858966321
-0.0157412,0.0565493893180454,-0.355412372165364,0.0301330563500631,0.373464650296991
0.815422,0.225682686586547,0.21449459005238,0.356017030590205,0.267745318497936
0.609992,0.217319805761441,-0.310894559106636,0.29502404752396,0.461376612444945
0.374945,0.112124836652895,0.466580642028648,0.237130609950077,0.0230853021873223
-0.665436,-0.187327166645074,-0.335514024654734,-0.32347417045356,0.171964189990224
-0.0825789,-0.094624388847815,0.673451191042633,0.039093623708339,-0.24524457726343
-0.154911,0.0445957511300163,-0.35664146171541,0.0731169805503127,0.41067832228338
1.00742,0.372985723844209,-0.064706665101728,0.557122700000782,0.292237419950484
0.87919,0.340009443367832,-0.279708098654999,0.542243106351192,0.385857205046196
0.0158861,-0.166722923251341,0.795544390760653,-0.0831308072455498,0.186051854803662
-0.620811,-0.043732715101824,-0.357761020992425,-0.122593565956602,0.163793437377073
0.304915,-8.64130098840931e-05,0.568308763862404,0.135892942938343,-0.508291783331828
-0.736031,-0.280679765063319,-0.358888691136979,-0.379746202006028,0.475590084424692
0.829897,0.344658216649442,-0.252474956841219,0.435869563095123,-0.0932000869350391
0.725828,0.169215219041337,0.350032876255248,0.306151840334165,-0.375883324676577
-0.261856,-0.19416092568279,0.248254187691151,0.101770060596549,-3.46159271507164
-8.82187,-4.24081307602269,1.69089955523348,-0.484565677139894,-0.502531806806892
0.428301,0.046427076638646,0.062690814124238,0.315404722935987,-7.93547385674553
-9.91095,-4.33982131937033,2.15815174422844,-0.487562621821284,-0.146273251653641
0.630618,0.235351644959352,-0.0657756197654584,0.480082233521818,-4.4873894603498
-0.551696,-0.40125869964533,0.558224437085252,-0.0440715906344757,-0.259977067582788
0.623087,0.214895219620396,0.115249709550701,0.420572455435022,-1.30667728446879
-2.42723,-1.02189424207134,0.862651601239948,-0.769933984765103,0.32389278821173
0.324104,0.130021167258406,0.374775993470344,0.276197736310741,-1.23465447274746
-0.585941,-0.404350897139261,0.40609513944095,-0.234434828723106,0.073925274910876
0.617321,0.207216180947433,0.298968875473363,0.369792656523931,-1.42999548019615
-2.89673,-1.21672126010853,0.434135944000209,-1.0195342100161,0.571709379877909
0.845079,0.301559029839177,0.0350531924552067,0.520804111651721,-1.27965497420585
-0.22206,-0.0795969703030623,0.109517738993206,0.195657130537791,0.261361326905606
0.70332,0.222312389530026,0.166610086178183,0.460443022056413,-1.51536794175995
-3.42616,-1.60479386722953,0.624733954100793,-0.838801902696087,0.344289306615627
0.433093,0.103100992974799,0.289136947169084,0.315294463917672,-2.2712800551745
-2.14295,-0.965174950723503,0.695199220752122,-0.473232358720417,0.322168963391439
0.725419,0.341157467625976,-0.242398158614639,0.522220762446502,-0.637712329846298
0.693369,0.222628714916226,-0.0800882913014763,0.441554599920594,0.0551922379250987
0.3103,-0.00794719146671955,0.328941561917841,0.216233145658122,-1.33230072316585
-3.99166,-1.5443099073476,0.921324899780563,-0.754763877762557,0.473050658645953
0.752078,0.268744153757113,-0.0157960988922336,0.490214420141625,-1.84754215013203
-0.419172,-0.251168060538517,0.350666925395071,0.00155476972716569,0.0708836028578107
0.557669,0.169871672893811,0.118183918217742,0.406326512718499,-1.73717847210194
-3.71815,-1.45504030081913,0.722660451189842,-1.05057066673254,0.284845083160221
0.317589,0.0999037257831013,0.326010988841151,0.290542902883542,-1.96208724794258
-1.12385,-0.519146277032489,0.354710211086754,-0.381744494171934,0.330639395003746
0.898588,0.391222763171543,-0.221770314939559,0.490644495994952,-0.187045311261761
0.733916,0.316423108250092,-0.185921064550744,0.47324471805053,0.263565513176001
0.130255,0.0636048032816169,0.414124048388951,0.198545207859873,-0.307643519073323
-1.58555,-0.725820178517849,0.46563483253232,-0.803098958219363,0.163576264455082
0.555016,0.22007717148835,0.269907289991853,0.393153496541382,-1.86765714478193
-3.01363,-1.18552849478132,0.408904864539016,-1.26404764226427,0.609277219058978
0.943962,0.406722626186736,-0.215026409060462,0.484770304446771,-0.789000520223567
0.985963,0.337050279584163,-0.203779879909043,0.461294666520831,0.560649758977479
0.769215,0.322161173118253,0.0598395116725186,0.464766259800629,0.594521464892334
0.269814,0.0053625341681169,0.124413692427841,0.0623670062918614,0.58778544075847
0.719149,0.228408153169471,0.171481008259151,0.386638992948749,-0.576488641171814
-1.84239,-0.781521444585227,0.376817340257283,-1.12286827238199,0.550202508096865
0.603994,0.159620290592554,0.386116318820421,0.239037600395981,-0.989532155038492
-0.640723,-0.336165927002735,0.185357235777871,-0.347479921522437,0.254303163812752
0.480094,0.118278621663745,0.43045784188365,0.185353450911239,-0.893375919036664
-1.56967,-0.609075151462117,0.274764974555571,-0.844954323424265,0.327569080264689
0.734531,0.207297305679092,0.284560526311094,0.343798011330767,-1.64952526000818
-2.43975,-1.04709150750245,0.369730889299677,-1.41705260189885,0.413719340344595
0.518057,0.197129633352202,0.37286791388884,0.257919503825262,-1.15431945105222
-0.496048,-0.299809815839029,0.124307455131339,-0.354457386079187,0.477140144314396
0.830044,0.411781349269315,-0.214744762849542,0.452290250019982,0.164489274948066
0.842182,0.344139372835721,-0.221329027933014,0.43619369407068,0.369376711254323
0.373824,0.15854265943086,0.463214511779781,0.147274193072225,-0.342246621277647
-1.81115,-0.572594784362597,0.30507274395246,-0.890174639126827,0.361425850160184
0.712832,0.240818237284628,0.290559578598205,0.317289706871193,-1.81376831790289
-2.68031,-1.01780236599436,0.230130251821585,-1.37426330721739,0.607784739999788
0.949567,0.345021452513285,0.0507755362583424,0.413013973258443,-1.03218996135394
0.121543,0.0541025299532487,-0.0302187011908147,0.0925575385454982,0.414008388003995
0.736449,0.277663221097595,0.199471855950353,0.366585545981713,-0.820007210247528
-2.24066,-0.791694849936448,0.279529429800896,-1.24446432900708,0.627206937437905
0.659171,0.315750508319385,0.0486773554513646,0.43435445634359,-0.764362939767613
0.256846,0.0273969654255319,-0.0330893769800839,0.0651968898996626,0.344404831004511
0.749373,0.242864873456747,0.207314175652554,0.381252575717866,-0.661262452074954
-1.90819,-0.841633505838203,0.23782441250412,-1.29284980899597,0.46438867677358
0.374871,0.134320519756614,0.387848693235011,0.196403151491094,-0.981215669903996
-0.666222,-0.375526299831841,0.035953354321925,-0.360079338091831,0.46077068238135
0.867446,0.355038670090144,-0.195837852211797,0.431475201726275,0.0343105260996382
0.739493,0.298776583910848,-0.237369231091406,0.435994105728345,0.303220599029864
0.204233,0.0906061891553442,0.494459340959022,0.0883339243874218,-0.376082291003661
-1.72951,-0.625935924716789,0.142220228195071,-0.862583811766765,0.11248234831395
0.497646,0.162762933002658,0.320746552062032,0.250178268717331,-2.31662149834052
-3.75812,-1.3812280113943,0.113636345049529,-1.31353159755955,0.0686034505182738
0.394367,0.150878791534355,0.316829899294335,0.251982735539322,-2.9386132305561
-3.28212,-1.19761517503029,0.115379699957044,-1.34874282934818,0.184184532896754
0.601253,0.245259679210944,0.0629591514290705,0.3773582114125,-1.41708737751154
-0.0605723,-0.0594937104315828,-0.103695182248971,0.0644647076962492,0.139096783464651
0.563336,0.159054186978325,0.220771157292709,0.297631157110518,-0.986433390323078
-2.25565,-0.819457787210382,0.129384761645164,-1.18257837558712,0.17884943226845
0.00145012,0.104582940647848,0.416810579461497,0.181121085137325,-1.31326377994485
-1.05136,-0.485660560462205,0.00791826069826159,-0.335528014681044,0.24112422063877
0.814563,0.337373925682643,-0.20219581449963,0.402650890795216,-0.25015244146057
0.59072,0.256910993074379,-0.235468404758998,0.416185583188217,0.0516288439068967
-0.351745,0.0366219674231232,0.485840193441695,0.0896495693048529,-0.207884293982074
-1.14857,-0.563753383417413,0.142992572816518,-0.826197446108751,-0.186561617322934
0.0989187,0.122020347132093,0.456908222889935,0.186783687668323,-1.32420086825593
-1.92503,-0.684264523142384,0.0525037783796493,-0.760494978753361,-0.0466549640582082
0.41129,0.157656199124343,0.31305162410194,0.248614554250302,-2.07622241409035
-3.07541,-1.25360557577565,0.0865568269130012,-1.31733668859976,0.412624301390387
0.756632,0.302426764680428,-0.204703511131569,0.391545582206063,-1.03520407707429
0.539452,0.212385793297035,-0.248819808262012,0.38944815368627,0.359741889302735
0.560177,0.225081137306211,0.0963902787996769,0.366515011536997,0.2142609341625
-0.095205,-0.0652182335505354,-0.0502923910380682,0.0797297950973654,0.318439626146923
0.529069,0.158906357382021,0.214718038986598,0.294335037131624,-1.21123760020667
-2.83277,-0.767289626693519,0.0676707309410781,-1.00155711142647,0.171417070141217
0.0393022,0.0971121090542069,0.438563789375818,0.165394328549399,-1.63992030133194
-1.20338,-0.38078198021713,-0.0664575607696496,-0.173753462217354,0.120133593190983
0.570256,0.292090780582527,-0.190358364089574,0.421215089077083,-0.292064705094012
0.623753,0.172219652261601,-0.255162651843497,0.410208975456762,0.0165028603397071
-0.0462219,0.0724705619066601,0.51318778052568,0.100327714219555,-0.550220577868569
-1.95904,-0.614255106371903,0.0637719790904635,-0.64249991026474,-0.0225902085468678
0.445611,0.129397097175899,0.3248709447124,0.265958232366433,-2.40197400956854
-3.79171,-1.24322651477388,-0.0295038752515672,-1.10412540448375,0.323079175724016
0.662603,0.220334836738183,0.0615410489186512,0.379244824732023,-1.75938127970312
-0.349052,-0.0749250034865586,-0.0956077379385679,0.147781861772375,-0.0195774838166304
0.267236,0.163029744185913,0.234269102304171,0.344487192083874,-1.30533157746213
-2.72521,-0.873051071663104,0.128604097081133,-0.886805363310793,0.060032880674845
-0.0804401,0.0580095684885321,0.425714532769605,0.171506723234265,-1.13211784888509
-0.126447,-0.110320927239155,-0.0129216569674854,-0.0373110196423308,0.235017203494828
0.954871,0.328833693485929,0.0837176586943308,0.432848265767542,0.148055185907258
0.446517,0.122279710632279,-0.118809024682335,0.250234903823316,0.679361241187221
0.875716,0.309864490239576,0.257483273195349,0.391454322624769,-0.324475958817029
-1.43942,-0.472529322276774,0.0726117990622603,-0.572816553543585,0.666879381771694
0.586555,0.254376313178845,0.435036835199478,0.295561147091483,-0.497375391669899
-0.0461387,-0.121146276575872,0.00367590567376669,0.00733620708074106,0.650871887658657
0.985937,0.352904083721996,-0.20398733649555,0.511638078376458,0.438648317979928
0.950115,0.300293923296432,-0.248237656546678,0.492889012380899,0.616370798436413
0.540681,0.27245677654622,0.546211411980919,0.235226623021572,0.245054812725466
-0.598744,-0.259572521130153,0.118239592754395,-0.267464338192045,0.518322594333257
0.814123,0.287008378222008,0.345253799510813,0.355262465311418,-1.06009961913044
-2.16682,-0.680422140730858,0.105121362490877,-0.684355225407777,0.783997834827145
0.989589,0.352466087814154,-0.121897612841645,0.536445232854115,-0.548769625772363
0.743832,0.301459641236011,-0.279446724467647,0.483233610010889,0.348955102719675
0.179199,0.0837395505016086,0.49713479708348,0.155715180340515,0.248246022733914
-0.31983,-0.153796646244701,-0.539061289058829,-0.0949249021751175,0.294437885060647
0.517261,0.207490814686363,0.360165771323122,0.334295001112934,-0.486809438319847
-1.02426,-0.392184399859383,-0.60732490971784,-0.373975608513301,0.635762425996568
0.920017,0.285163275263967,0.0508314458371459,0.467162862137756,-0.123174108486832
0.561234,0.155783637778393,-0.39256594620691,0.337737505638844,0.618990863338841
0.764805,0.259203136038323,0.279560473248781,0.391358133436239,0.0456150239877591
-0.64692,-0.254003718381779,-0.565392905012053,-0.333794471649876,0.585151559618746
0.476538,0.166771566428875,0.507854813038355,0.22334987769081,-0.124144327760983
0.155801,0.00260487653268519,-0.484248933629927,0.0845821596755991,0.365574895787399
0.584478,0.219095185572233,0.428356977745176,0.308795212305824,-0.258242008088896
-0.97197,-0.374301237814989,-0.598354540225874,-0.474973584885855,0.683856430605511
0.886265,0.275132257549952,0.0977437680801629,0.467220570293356,-0.0736870087875423
0.609029,0.165444897090331,-0.396101847093513,0.333544044991524,0.596034473246875
0.718883,0.239356473212921,0.316355447923408,0.407211108483075,0.106122091852131
-0.538443,-0.22209076918858,-0.552555504188308,-0.367190263025539,0.538584734349515
0.396465,0.175494947546551,0.558165340527626,0.202125898405977,-0.0529443826539015
0.117298,-0.00342399350235657,-0.49091234264485,0.0686411400602456,0.631171718939438
1.00214,0.322545967869721,-0.107200804885665,0.535502802893372,0.491987892081649
0.9501,0.278655818931069,-0.304754193559761,0.459537052233823,0.550232852617402
0.30365,0.149913246420882,0.67594159504257,0.117270521051506,0.36631631070125
-0.352225,-0.161191098422924,-0.547358051272191,-0.209131012597251,0.511127795259296
0.634516,0.26854149570227,0.111301670382206,0.47191194360417,0.160001767988163
0.551902,0.136852330738974,-0.398154869809091,0.314033453837054,0.553418029016422
0.809562,0.254305478805453,0.330135151553186,0.364937380228427,-0.0101301457515368
-0.736544,-0.293846161102707,-0.556489509892196,-0.438618994443302,0.589110758228359
0.438438,0.182584089991789,0.547465992417072,0.213478981197094,-0.136365221364779
0.120527,-0.0293792246429589,-0.50034385009529,0.0485387746805038,0.599764177137514
0.949839,0.297821949841866,-0.10346564264203,0.523651410203513,0.393137251427843
0.724473,0.219808378756336,-0.308965197295764,0.503058455719496,0.493540053936596
0.227759,0.150957343439465,0.673465636360933,0.120674845556497,0.250500839991287
-0.352456,-0.19342124945853,-0.557304446301929,-0.228245624226423,0.353889614240706
0.597014,0.213151895905795,0.455426108046299,0.288731937451482,-0.474869715135399
-0.9779,-0.388728553851828,-0.618864539645298,-0.511551778191266,0.686444499806079
0.894062,0.29064297291984,-0.110707027402894,0.531484118670217,0.0976867573411044
0.969112,0.224690952205563,-0.313365019082798,0.472097665804659,0.76464590153596
0.932346,0.277945696211491,0.158811525918837,0.406488105046859,0.763375970762136
0.608668,0.106230788778238,-0.396180006716206,0.276792918512505,0.760893716876969
0.758337,0.252174447503427,0.346155717923975,0.357501654533125,0.149839727246163
-0.477766,-0.278049434357657,-0.562067328247478,-0.463774226229916,0.534460134565218
0.391707,0.181886048770338,0.56027578598281,0.196751558331581,-0.172237144893503
-0.00693356,-0.0960355225489828,-0.49656477426316,-0.00144789130438574,-0.00191483292485959
-0.179603,0.0068304370335784,0.631845541450742,0.0756058109307668,-0.447629163900415
-1.06254,-0.394939963534358,-0.568483494213213,-0.442747740763282,-0.171406980095207
0.157194,0.0698871814863638,0.462177175429141,0.139726190787789,-1.56030153385648
-2.56657,-0.68931008483542,-0.646367112310358,-0.857824820166256,-0.0476568610792632
-0.0528899,0.0483591293146676,0.556082110120204,0.0927452513731895,-1.24224095212107
-0.430939,-0.242313849816229,-0.503223796084525,-0.145053967931723,0.0284818253786771
0.423122,0.134460494904531,-0.105719049470795,0.337764760061032,0.0204934649109291
0.610274,0.063388754267241,-0.308315534027929,0.300785442539743,-0.0371107007108665
-0.239563,0.0157612477921075,0.68206613037624,-0.00582477949510481,-0.275083630097067
-1.26844,-0.392327464220607,-0.548663879552734,-0.449077344390595,-0.17654397286408
0.0682562,0.0758073040272826,0.459595778757487,0.146425784078508,-1.52213811402288
-2.34285,-0.704343663393548,-0.634182403894517,-0.948164874774568,0.0915693230829716
0.353889,0.118744492678237,0.113014811838412,0.267583236705358,-1.04152734636921
-0.105625,-0.0762282003640826,-0.40465962607559,0.0998142325415171,0.0475096361224305
0.359689,0.112374144714783,0.336044115986522,0.18185185817618,-0.746568161639775
-1.7122,-0.530209694853179,-0.580659685901636,-0.770501441446739,0.320062871622455
0.409638,0.138125488955479,0.132105651821123,0.246940218043314,-0.70751908227031
-0.00359032,-0.0421947340122553,-0.406879404518055,0.103224520866815,0.0672426652286408
0.237337,0.136803005793481,0.363526993374665,0.188874309129948,-0.670896491448882
-1.57224,-0.520071648172076,-0.599626743295525,-0.768202139169779,0.0263516679302522
-0.0720809,0.010843249428933,0.57467885666737,0.0378562962243566,-0.954572784604269
-0.792132,-0.247405494020277,-0.491101891056511,-0.176828526707011,0.105146293942227
0.546395,0.150826258526969,-0.102129789583014,0.275892174489372,-0.346920866125246
0.157151,0.0631547018168961,-0.305804417190989,0.307444690324766,-0.206116802236998
-0.67769,-0.000470771902622133,0.687757028953296,-0.00288130981039396,-0.553081728510634
-1.49035,-0.432904107966242,-0.561308649077559,-0.495683197474785,-0.362178088884609
0.150359,0.0797320691887418,0.471824814839826,0.100583244838181,-1.68879434421
-2.31931,-0.691527015569447,-0.636590140097614,-0.891525808516536,-0.227044729469613
-0.0474287,0.0809939663285732,0.454612379625273,0.114246774127556,-2.12260002313504
-2.72062,-0.696589889381703,-0.632827343610946,-1.02704083758828,-0.00129368749767567
0.397257,0.124571905495864,0.125846239479816,0.235390056745791,-1.19020325393819
-0.0196631,-0.0456985111134393,-0.397568834713392,0.0569930184176303,-0.00945388409369835
0.201448,0.127468963595172,0.357699549469614,0.162849313338172,-0.587637320593876
-1.3493,-0.472692301232428,-0.573560083017551,-0.824021875542466,0.0540602273824387
-0.029299,0.104714262680659,0.584729601712137,0.0541497320040053,-0.67927571401172
-0.386649,-0.177942487272873,-0.495830184620303,-0.228752424631543,0.209572965838031
0.638265,0.14300707646329,-0.10187644996475,0.321899213810191,0.0528016963008909
0.576749,0.0497166622393907,-0.315143190833622,0.288934888243003,0.154465365641985
-0.100699,0.107449053506298,0.718520286838391,-0.0614515668276569,-0.0332170437411342
-0.672354,-0.29049131936203,-0.557205688848683,-0.569081783424091,-0.195320429991871
-0.277217,0.0565336562199679,0.656036341160155,-0.028020917878723,-0.799154011308515
-1.21987,-0.313880569862116,-0.554982112337602,-0.548582822950744,-0.126104081460092
0.336485,0.119226038571961,0.472737728391218,0.114157930003855,-1.26550268119126
-1.79952,-0.577695983863362,-0.631720046624252,-1.11116050709134,0.341366835222956
0.598212,0.135062790337709,-0.110240076927901,0.282971134091506,-0.586041705107294
0.338744,0.00747634328611441,-0.333040393424497,0.211120136520826,0.311636086807529
0.421122,0.143948746995294,0.171956062500855,0.195963721958933,0.109736086451565
-0.106042,-0.0641547021881312,-0.3915266442786,0.008408393189387,0.135194556436317
0.132724,0.109669170258389,0.379087679990554,0.138903987685506,-0.847786036146339
-2.01666,-0.577045790571036,-0.561104059078578,-0.922897119750495,0.213442487261251
0.419607,0.135575735695373,0.592279471335658,0.083946114356851,-0.977187640459885
-0.453634,-0.16675051685247,-0.486465171388615,-0.232149663722741,0.482025068998677
0.899169,0.188322977659764,-0.0972541931349719,0.325389051399191,0.140230229804326
0.781881,0.0937566277966015,-0.308137741373802,0.293337170333812,0.308447041847084
0.0165496,0.104964738406676,0.715131383062557,-0.0157657263152514,0.0322894125788302
-0.860038,-0.274781141609167,-0.531994326305504,-0.530507353367376,0.147390311803678
0.434622,0.154202453111918,0.487704831024203,0.154753908676551,-1.03789943469113
-1.73327,-0.523635445801383,-0.609714323352085,-0.959196842112903,0.495529669763204
0.797043,0.155077694167255,0.135907498420862,0.287308575739619,-0.547810708040017
0.35111,0.017653028563255,-0.39179182315407,0.143594891144577,0.36453501232753
0.553029,0.195403300039844,0.37849341861207,0.275594224859174,-0.49408482425978
-1.63076,-0.388161317008323,-0.583832881981396,-0.765485631216539,0.363643293981543
0.260876,0.139328717169091,0.593859089128539,0.136056213210547,-0.720092269406708
-0.287061,-0.144672127086202,-0.49300255665689,-0.175210246812707,0.383990186546666
0.812213,0.19239431075671,0.154804620665696,0.362945716689924,0.0524630268567269
0.360844,0.0150786959141723,-0.395828622063176,0.181466859088786,0.455361744271362
0.508851,0.179879870563786,0.380369605902831,0.279137749605866,-0.384785577316028
-1.42277,-0.387614661631444,-0.557365245520972,-0.763065442040101,0.363435437081941
0.310441,0.126867609386266,0.598016779162522,0.155023962831675,-0.669249313131904
-0.388234,-0.134699133816005,-0.486390754652563,-0.122103843321763,0.470144787696378
0.885308,0.221319414641801,-0.0972648775475226,0.488556185610161,0.155247770291307
0.731184,0.100881432624731,-0.303854953784576,0.425864566346468,0.369349842068632
0.13543,0.131910794893893,0.726438456053011,0.0549467197192606,0.0919239289106953
-0.648173,-0.342067972732653,-0.544380623632965,-0.435180248731926,0.137301891868867
0.375617,0.137034494413702,0.496584763383334,0.237224643935582,-1.15552530682017
-2.25394,-0.613835866737696,-0.625076812863019,-0.757732206792785,0.528621928557387
0.850357,0.213209354969379,-0.0987534969951969,0.515001464610696,-0.632169261150456
0.744537,0.13719884658568,-0.30167414412904,0.471490779006029,0.162430490705075
-0.0138341,0.106953802302296,0.712936474524866,0.131767072560376,0.00215725861885758
-0.750742,-0.247162758383167,-0.548071111905052,-0.326499533913962,-0.14173041537873
0.346002,0.156687520612777,0.480345434551312,0.283189854859501,-2.54811019907449
-5.38859,-1.29094990576319,-0.835772724994607,-0.248563816285109,0.462570913559061
0.807612,0.188741436447579,0.136619073327386,0.468354767588628,-2.14874315010546
0.233742,0.0343180457222599,-0.390775596908454,0.296332625387694,0.183430248322185
0.603957,0.202126213112318,0.380146991979514,0.376735974627462,-0.40209696490296
-1.20758,-0.377758728174589,-0.541994456575423,-0.647836648042945,0.348617430892408
0.217305,0.101649082343153,0.582538131125176,0.24888426267664,-0.575192131993773
-0.255895,-0.1247053656631,-0.486789114780562,-0.0351161871200016,0.0623906341454992
0.304801,0.168205362139366,0.492795840601323,0.316963778570799,-0.697965149818565
-1.48878,-0.542962793730138,-0.619064957560107,-0.728804081585706,0.382814403212181
0.556318,0.204706827070599,0.143593836769783,0.524164297405204,-0.398101807184108
0.461998,0.0140120632750614,-0.40305068564894,0.313236338076653,0.286148978310072
0.543567,0.203592668910611,0.361636012370645,0.446548362585882,-0.375292584299839
-1.44259,-0.3853384214264,-0.550473459468735,-0.616377436521318,0.396268081903985
0.307897,0.128312680991593,0.592150821606339,0.287197635976491,-0.562583827949591
-0.1136,-0.144490447058841,-0.495774967553528,0.00637759832700306,0.44039071628033
0.814648,0.248570611974381,-0.0980717781092531,0.608267204796594,0.286983869645257
0.771136,0.177877984670672,-0.30138217815367,0.568640632748601,0.345490716338772
0.0434391,0.109137230118336,0.709753879924115,0.201772703992166,0.292137103261591
-0.364215,-0.176201072891686,-0.532693299188749,-0.227896948381704,0.530085302439685
0.96508,0.254337095339482,0.148675387402775,0.546250295641897,0.153656241261868
0.584719,0.0729096808779313,-0.403545380906939,0.348987647076395,0.71320768793599
0.831413,0.258666009918794,0.37284644583104,0.450452633198293,0.114761415540774
-0.525464,-0.265810008376294,-0.536394307037789,-0.541093028760817,0.608084231727862
0.458404,0.192019008165952,0.592965982926854,0.306123721495389,-0.0710095806737824
0.0358851,-0.0670468525222947,-0.487315919020611,0.0790233061841568,0.684959689312032
1.06582,0.298035271385161,-0.0955128902555648,0.610762168101031,0.451289148657695
0.952179,0.199996640503412,-0.304440933767747,0.606333233889424,0.498059320925933
0.135393,0.19875040355497,0.708519198448831,0.240486599222193,0.349795499054303
-0.364733,-0.156877759742523,-0.527350236294166,-0.180254217111304,0.33727884270618
0.655924,0.234744172815367,0.478152239316506,0.414470045898563,-0.602966586961338
-1.27172,-0.35798113910785,-0.5953937983801,-0.597040146170869,0.747270909335303
0.990995,0.283259947952865,-0.105031619522695,0.630267757901969,-0.050994420675695
0.906099,0.208767179100175,-0.304518259224039,0.63795181625927,0.783822813615378
0.911728,0.272631624727556,0.177828638819089,0.535211943876599,0.773061923948444
0.699218,0.127174626864862,-0.392001734297463,0.372302902447999,0.712258490327859
0.698892,0.267423224343285,0.371025061707078,0.459228483290399,0.112645047547829
-0.648347,-0.230792606194179,-0.530675365401158,-0.413786568670257,0.505891641984688
0.33277,0.196067937869969,0.590241128155871,0.32024332428534,-0.139144915288411
0.158748,-0.0268108055652463,-0.48072246135187,0.117474633186373,0.216108295753396
0.260292,0.152141167663669,0.664567562227198,0.250953584869844,0.0669579661461792
-0.112591,-0.165024195592788,-0.536027327345325,-0.160325993876225,0.331192243564746
0.663217,0.234805957313515,0.480216632086491,0.420367930313939,-0.521557234636411
-1.23812,-0.390351624328554,-0.610577691799189,-0.546165699171439,0.50480573622497
0.474022,0.180862600877837,0.564957590007693,0.328113081573733,-0.312459055097465
0.225354,-0.0489154674253727,-0.49091326098656,0.135517036945032,0.638139002733489
1.05572,0.295627064109196,-0.0958420390344388,0.659970190129021,0.519128409606261
0.915306,0.213072198547706,-0.308602887977,0.624389352848632,0.566185691214051
0.258546,0.18219287221357,0.704491315229249,0.254192520217017,0.394462249276117
-0.215367,-0.137181785630008,-0.533176942163075,-0.122703976974191,0.359523233478198
0.602535,0.269834834810648,0.479373765486689,0.441494831364022,-0.567235083083184
-1.32504,-0.510946102757151,-0.587785336474368,-0.498186983931123,0.651135670546857
0.846995,0.364007345293983,0.122867313889874,0.574735518102366,-0.227777704012836
0.612422,0.188341091492334,-0.388138087368915,0.440263149103853,0.535763168233088
0.737435,0.317895084440589,0.336755575699741,0.504124759355012,-0.0891048307229267
-1.05372,-0.428802000029833,-0.534401909481011,-0.393177552691021,0.734283159652749
0.794972,0.32434924473996,0.129537610643997,0.567548929624973,-0.14348372961317
0.49604,0.14666935378645,-0.386938500192286,0.433669282891792,0.543971773067458
0.76133,0.312223621942977,0.341694030113004,0.520387471900219,-0.136801424035044
-0.95026,-0.399674698605203,-0.562745553073895,-0.368734094856019,0.457890917341582
0.206171,0.150190578359303,0.523122174710456,0.351186993662001,-0.291154815777729
-0.000330161,-0.0662373254464688,-0.489535593701585,0.170151829328968,0.426530568164551
0.801289,0.364448359640133,-0.112013682199449,0.593541144873928,0.343154825816461
0.790491,0.311982231210498,-0.30536818790013,0.600395617327396,0.355121327250944
0.0993629,0.0919351494600559,0.623898918704878,0.30237412950861,0.197223355949655
-0.499167,-0.272813417195776,-0.544627020168919,-0.0592555605478173,0.248681830513226
0.539229,0.203498872240545,0.409639188832422,0.423115235428133,-0.735975930148711
-1.2988,-0.681055277852058,-0.630622705099183,-0.362473178227403,0.287593923446374
0.439447,0.209208442563978,0.389070157920711,0.436478971204472,-1.1810528690024
-1.67792,-0.606180501498499,-0.631938117776796,-0.412247651330568,0.470045164163138
0.764238,0.323311107567991,0.0764335935787712,0.563757886168556,-0.451683291585955
0.498986,0.174231737568046,-0.402676513328201,0.458529388619023,0.441441830018967
0.668821,0.299098824641399,0.283115884186465,0.495819729151589,-0.175604882104016
-1.03839,-0.428686485143588,-0.573051920305663,-0.259422103369887,0.458633638568226
0.295433,0.148934088968171,0.466709222065909,0.353711297228819,-0.31337399674319
0.0252518,-0.0438057250638434,-0.4828588682254,0.187400117411271,0.527321755029991
0.959455,0.377902849169054,-0.115960383796365,0.63024661290056,0.373129923629669
0.825731,0.307804163717873,-0.316327641026329,0.594878623417157,0.420749181419714
0.0729509,0.0809595974637578,0.575873316932191,0.275243705649117,0.271283900999357
-0.355528,-0.223904561396606,-0.538788758819402,-0.0875274571220135,0.158565741591002
0.222749,0.071914943930602,0.527305738559165,0.263364102492729,-0.330565780181808
-0.499355,-0.260490985890494,-0.56434422052742,-0.075525612245861,0.199983594859235
0.495071,0.193503547311466,0.370560777366508,0.400242097484952,-0.764586759317504
-1.46559,-0.571785615449443,-0.634990118295646,-0.426621486202984,0.576995607020205
0.782171,0.356639937213003,-0.114703375576667,0.561492941117502,-0.167244166918144
0.875061,0.294780551799729,-0.309124144620407,0.568464434732663,0.621248643344791
0.781161,0.320248238776261,0.106627792975881,0.544507913249839,0.716127938705033
0.643552,0.159070560014933,-0.38292484342893,0.411666924295042,0.621570754931703
0.669115,0.281140635801506,0.272529803055919,0.474809090947641,-0.0414138520090744
-0.920675,-0.383967594843356,-0.577311112234612,-0.268516978135776,0.450304879657424
0.217009,0.148327405960329,0.448620320545463,0.33680405811361,-0.182911025161911
0.224297,-0.0419229636435684,-0.47524055923918,0.168666882544673,0.460777070911322
0.852637,0.36401890015458,-0.113116268153787,0.620485155226011,0.483593563962045
0.887832,0.288293774262316,-0.30515486455666,0.590301928125663,0.409534650062958
0.104477,0.10427402078236,0.557544671251948,0.245476916376408,0.350946156239208
-0.235395,-0.24256635681173,-0.548524422781073,-0.105226744210122,0.223159970425723
0.396347,0.218231693371784,0.365273456763558,0.39782140729005,-0.449323732654699
-0.950627,-0.556948307156873,-0.629874725662548,-0.43982355833922,0.411661442440004
0.523184,0.299752689385907,0.0696088679003533,0.562649184850143,-0.158120732696405
0.432042,0.149976592441219,-0.391871109276654,0.431441376129035,0.42499640566143
0.704558,0.268836334516388,0.249575390620573,0.488967236689319,-0.0561363334032865
-0.682325,-0.365898368828152,-0.575220025055386,-0.266885291036229,0.50058444471127
0.365498,0.142877498679916,0.437101616402332,0.307600796185892,-0.14388398200254
0.0825463,-0.0755936581709495,-0.490657115956585,0.170105599443428,0.529026828786373
0.864921,0.304084357867065,0.070170329575631,0.535079535692357,0.333571744896425
0.591496,0.168501785431994,-0.399903232405901,0.419058188644234,0.5704219488819
0.575049,0.266377642628488,0.248666246930404,0.471286529116175,-0.0223840038837324
-0.835306,-0.392603098882843,-0.57280943246549,-0.238395096112063,0.45682407636794
0.365098,0.147884078886843,0.436464793998103,0.310956372318447,-0.237897144565962
0.0170463,-0.0428287237730742,-0.47429326924031,0.190699710519822,0.550603995563726
0.911701,0.369972747706058,-0.124811997171206,0.613619051393146,0.387523784928356
0.863115,0.290117342861965,-0.301318701046194,0.611944903030233,0.372458293492756
0.0386681,0.0800617422089061,0.515833093398736,0.2444185298583,0.192454574896
-0.569739,-0.234383849077307,-0.544639681178765,-0.0531793779177423,0.141193563104011
0.296597,0.171929819299019,0.343567648402606,0.382572905421565,-0.6646144717319
-1.19017,-0.582209033297683,-0.647921674501047,-0.322430079868636,0.567492876204037
0.98259,0.396126642386526,-0.184284651506035,0.624433865600253,-0.103782458734679
0.886749,0.317251728083383,-0.278068650915383,0.602395028678541,0.420490489018494
0.259522,0.153141770817293,0.462019493487578,0.280316484935236,0.204595693673926
-0.579098,-0.315697749945237,-0.678612856979806,-0.0535605790594851,0.323209362154064
0.608543,0.254450146423788,0.296002504930548,0.42634776107865,-0.953836900027096
-1.86624,-1.0407593874464,-0.990297525925242,-0.136994701997674,0.621232481572725
0.846731,0.323929537734475,0.0655661745726251,0.565429186919844,-0.521721884791814
0.480097,0.118255998898675,-0.369010178991875,0.459520985681845,0.470162226818474
0.750891,0.300606116386391,0.236681270854711,0.49711181774056,-0.392281592537496
-1.48869,-0.549832182903951,-0.674436605543907,-0.20027544422875,0.352305190063808
-0.0227978,0.194031449349059,0.448122831834259,0.356851860352021,-0.534801983506091
0.0347322,-0.126027034203156,-0.492662706402927,0.220810606279736,0.102945723500566
0.640278,0.277018753826075,0.299952323666514,0.436122243968301,-0.484294685404391
-1.29398,-0.75865779937278,-0.78495445964118,-0.366742428164706,0.708483183797238
0.933975,0.32243645345335,0.0303492949097962,0.602323885466216,-0.246851536715085
0.528725,0.100270725442346,-0.366604104943428,0.458981424368676,0.571567333140829
0.758955,0.295300543266679,0.192486138788097,0.529633531318849,-0.204667068674059
-1.18266,-0.662976838836392,-0.703692189452137,-0.369770724848695,0.531453053405306
0.381664,0.221633887191025,0.372980449165032,0.388810306304753,-0.410167039028589
-0.0832341,-0.205196919332106,-0.495790066012844,0.144264235608428,0.584373414722587
1.00687,0.366894339691535,-0.193547303587518,0.688642645911038,0.38819174800102
0.921986,0.300808083423185,-0.256467355146666,0.638218600226291,0.541396061730625
0.400012,0.211664852738724,0.448107545014448,0.318444705462837,0.099414534802174
-0.974626,-0.432279309340752,-0.584559463971252,-0.135728652566271,0.625831022776417
0.81835,0.326364259743921,0.00907102731643842,0.599393685567176,-0.114382811381833
0.528496,0.0943543352432625,-0.326726295928324,0.431076875315692,0.55453671446863
0.783475,0.291716200546121,0.160451890937942,0.518356843898663,-0.195003970646208
-1.17773,-0.617868272240333,-0.614591660168283,-0.456333881392662,0.622043597366925
0.547626,0.236883735657294,0.366155799466037,0.39527592472216,-0.337603542941542
0.0816079,-0.12992749560451,-0.443687862046971,0.154644135816864,0.648322385581311
0.993332,0.377164169887879,-0.191303001982421,0.654110559871053,0.459417533739593
0.914936,0.297816626612637,-0.26580772557864,0.633795483971028,0.504431603503328
0.277268,0.236135810520036,0.449633870801806,0.324181330264568,0.156825359999681
-0.753446,-0.335016945400698,-0.518393544272367,-0.155929620699323,0.343082464257442
0.568683,0.283851673767084,0.241722232567178,0.484132601379264,-0.855837930879392
-1.49586,-0.737874529964276,-0.683182041124032,-0.537296827287987,0.680141872091849
0.974331,0.374983119819735,-0.202625642180062,0.670202929504131,-0.151876504948969
0.910359,0.308632954802892,-0.263614535606332,0.619023361565704,0.772186503049606
0.951338,0.344464321889522,0.0458968273877545,0.560056257494886,0.733178165979885
0.610464,0.103360191020468,-0.312442875320153,0.390562297139973,0.725193297368519
0.724162,0.306796967192908,0.173997559693508,0.507368211702202,-0.0187564912416786
-0.903532,-0.524381805734547,-0.544183485791432,-0.485847917184484,0.593286859710128
0.542753,0.256021621771192,0.390946089723607,0.365191623074678,-0.295613757367669
0.0272598,-0.109628171473766,-0.407856148466384,0.128269412050307,0.336283861540423
0.430193,0.241027079277086,0.408327047535611,0.330951714289839,-0.145590801650719
-0.502976,-0.32595130740799,-0.486057599322526,-0.220209529404894,0.385340813596782
0.665452,0.289851239042033,0.243119884282989,0.485053197132159,-0.759536196999803
-1.43413,-0.7512383857206,-0.633357421081785,-0.614840579551496,0.491964854981644
0.510028,0.261680296776074,0.338049074022316,0.412469578781221,-0.437104226558673
0.133981,-0.111810840463928,-0.41393147835181,0.113179697054566,0.646310122983089
1.07457,0.37633712941479,-0.204016990275812,0.639859331037258,0.466382407685646
0.860441,0.301606518546257,-0.276594096610041,0.609656885175377,0.628911517968239
0.430194,0.259846548989074,0.450364991558752,0.325082847379658,0.288295339276701
-0.429238,-0.26485489953017,-0.44460695178656,-0.183743421993694,0.480491665701489
0.683403,0.304481457192325,0.252867569180928,0.473328704844831,-0.533843975377349
-1.06713,-0.674091913529974,-0.580874383963114,-0.638741006599614,0.70177589659496
0.902035,0.343474120923303,0.0130257332803077,0.557043973416504,-0.0818657212292996
0.686778,0.141337799707797,-0.311843542358837,0.401220881487047,0.585016307274427
0.764932,0.320059640620993,0.180530823483804,0.504411614891708,-0.0700758785098368
-1.11212,-0.480697112602273,-0.465390424491499,-0.447625588879588,0.793021652937238
0.904876,0.330926598854263,0.0277962402177141,0.550914788628116,-0.201142797393702
0.454808,0.106080169523835,-0.307048897704102,0.381661446821786,0.467928191691681
0.562109,0.276951295941161,0.198788743245959,0.488520556845136,-0.379409339364364
-1.53206,-0.681762874441852,-0.495960602699834,-0.471587285097178,0.476178214985841
0.451872,0.231105557425591,0.405607105885755,0.350331966392093,-0.550195334888243
0.00841992,-0.154088825145896,-0.388145568511132,0.100503027209265,0.475118863495572
0.760225,0.320372245663924,-0.21215662629598,0.594668248939686,0.360816958995011
0.825481,0.29129507626878,-0.291092738041093,0.597122714321276,0.268116759755819
-0.0307223,0.149061524163499,0.494434735873048,0.274715745407321,0.101062155928403
-0.756014,-0.46678999815367,-0.441148245814647,-0.284628731668541,0.198239500828282
0.659696,0.211771215600962,0.281727720611076,0.387371122313244,-1.1749381788708
-2.03247,-0.882201767430963,-0.562607270429191,-0.613575029163232,0.254903336628219
0.369207,0.20074271290473,0.268072732490667,0.4023640979072,-1.73101833204318
-2.24061,-0.924247116170695,-0.579314118102725,-0.570683558423383,0.367335672384989
0.746222,0.289130173404203,0.0127099009248522,0.511339944103896,-0.830102313131904
0.222596,0.0580548877824146,-0.327397561175188,0.356825860181079,0.326812577390408
0.586162,0.245354816405,0.186421555516965,0.443548621084764,-0.528335136007672
-1.52755,-0.693878842084868,-0.466905763672484,-0.463584277520075,0.267836162989252
-0.00696975,0.166834001338358,0.374928222294386,0.326883642207697,-0.586239591371313
-0.088321,-0.121810050064463,-0.366601250037803,0.090200810164001,0.308886655950983
0.840962,0.3142801789898,-0.21300126428526,0.57057298147917,0.252871222424703
0.720261,0.224580033653599,-0.287940607846818,0.508178697828464,0.339407535195329
0.106681,0.122706349600312,0.478794510790011,0.257661624794101,-0.0125499550926835
-0.866465,-0.414719822056949,-0.406510885821832,-0.245721000524983,0.080416730676306
0.0876175,0.139424294607884,0.419325030889479,0.29688139244361,-0.726564327378454
-0.932574,-0.458175619507853,-0.426533018405688,-0.25865975926577,0.139157353847339
0.615942,0.225684084298838,0.25221250060408,0.460874427754306,-1.11111907885943
-1.82086,-0.673442893955543,-0.493021507680284,-0.645293155805503,0.612614989390132
0.822899,0.333926900834181,-0.210674741533668,0.606355075281952,-0.337822963271898
0.799814,0.257031687659635,-0.291652637830406,0.559511801003874,0.677439616733786
0.932175,0.344750103826881,0.0671082658844671,0.546258339010761,0.662290038732926
0.565135,0.0996093581600119,-0.298467853149289,0.375176955307659,0.762170043887239
0.845875,0.280193386651539,0.187523607358141,0.495353148260068,-0.0247322066267844
-0.855825,-0.453821042803734,-0.423784570679884,-0.47552444340209,0.61215375738653
0.473845,0.239198415279132,0.397323432226484,0.386854987667194,-0.270068748843115
-0.0680213,-0.154471029485571,-0.383075214117209,0.107100568287784,0.567732855932654
0.875381,0.335825008585094,-0.198714876891103,0.586552296087844,0.258768814704523
0.637573,0.241891830071718,-0.2879053359558,0.584357207439302,0.326892573676688
0.0544511,0.160426109433775,0.478960830188337,0.296831113345646,-0.123057850444424
-1.07738,-0.435088817635935,-0.410104344459819,-0.219677625216869,0.127111579759963
0.497678,0.174669557214008,0.274990083852963,0.376977282206863,-1.49125724051859
-2.56401,-0.890226601954408,-0.526620543109692,-0.536932420315829,0.448851526471541
0.658045,0.236992295295098,0.0201703785772468,0.512922941898004,-0.903477221285085
0.308328,0.0402891175352892,-0.300106536069041,0.358460864356701,0.343764433735077
0.685045,0.282523417739673,0.19431857105198,0.462807590756101,-0.296624516485939
-1.13245,-0.50875980521832,-0.415152806391658,-0.44694821243175,0.551938009374618
0.521927,0.258526721616435,0.394396079321584,0.400543730071933,-0.32407638147975
0.117238,-0.0938166322162483,-0.371709113246645,0.116624418907221,0.559554638015949
0.882705,0.322942233346056,0.0338865382691743,0.587593251670696,0.257286134926496
0.351925,0.0327982643114626,-0.306878471505649,0.34942367552646,0.6156184318567
0.630347,0.251528194136865,0.197554608210172,0.465673399905657,-0.0487593619202958
-0.654307,-0.444139727647335,-0.406159710529577,-0.458271039413858,0.444890883312702
0.363739,0.160402364087283,0.364947379180812,0.362071342586095,-0.291900633098857
-0.325204,-0.192328012477578,-0.37011339514724,0.127126948707864,0.650280100294335
1.10144,0.386336652207724,-0.207456259916882,0.712812785617531,0.296165498337061
0.92815,0.315285104803158,-0.284448694551193,0.671265855508996,0.596846368330314
0.380769,0.284213356285621,0.48471404863876,0.362399358712075,0.36162966293081
-0.306523,-0.264074535745336,-0.377274817823734,-0.145357907224114,0.430740256044756
0.68933,0.316403665087518,0.265838810961062,0.502978377406716,-0.718402431606994
-1.63658,-0.675225993180296,-0.473262123946437,-0.599927237864228,0.76424689152645
1.00026,0.384403378186677,-0.204216657516206,0.693445788351144,-0.25112176385738
0.89698,0.301468421891707,-0.288897164972945,0.637605355360821,0.470374595379899
0.381007,0.266646046720464,0.499567840345686,0.383913964512465,0.306407348096121
-0.366815,-0.236456737625303,-0.389596363479498,-0.117358243316518,0.440186739054091
0.6732,0.310138249014128,0.279696412384544,0.534827979194398,-0.605055995396369
-1.29844,-0.624626012716328,-0.493338032610201,-0.595107124133656,0.726541289579802
0.965965,0.358184800700152,0.0248835908659699,0.625348634007783,-0.191112592864239
0.644395,0.13408277300229,-0.318720159642205,0.450234274236575,0.645428983771737
0.842353,0.320086666018841,0.188486111010527,0.579683488683329,0.0144888504869276
-0.819939,-0.405649969729274,-0.399435950942532,-0.377030088047447,0.667116170395439
0.563172,0.270749662105472,0.373090274306788,0.461684168564154,-0.146615293583075
0.258317,-0.0573589855339709,-0.367043341582462,0.140124534268932,0.403918003482608
0.661502,0.304032020326409,0.283736875289951,0.555697251409635,-0.351045346475685
-1.29161,-0.645966677497768,-0.477494321223349,-0.632808105893692,0.693639554518359
0.823136,0.343237925096488,0.0182200052719374,0.672113217219705,-0.225322779976729
0.541713,0.146062278706572,-0.311145296548794,0.481711930363941,0.595426920885555
0.821422,0.316109011658181,0.186404776065301,0.609350502388604,0.084678407114509
-0.515373,-0.4086702718175,-0.402651364752294,-0.430686643659384,0.605583153686358
0.500749,0.28543257607629,0.389137016738653,0.492706371588892,-0.141207433732155
-0.127341,-0.076651065390477,-0.369813012054042,0.159727215986725,0.679067036388076
1.00698,0.388570171654887,-0.203153043984483,0.757681429089341,0.389500878201688
0.928254,0.30723703082915,-0.295280444319639,0.689326228968138,0.562916492418487
0.356278,0.27562854240022,0.484492625421155,0.413214948102485,0.373819263634239
-0.345199,-0.264045108949932,-0.378766348437084,-0.139233548100066,0.636385486149261
0.877256,0.349703871734358,0.0251277998706989,0.655508842060707,0.175362779708428
0.575999,0.140254562487933,-0.319772544719907,0.455488546882008,0.651069878361075
0.802457,0.333071373566312,0.18178762218846,0.592851733637966,-0.00703939190897932
-0.819106,-0.400809492525189,-0.394977116044571,-0.42080977879401,0.672198608229156
0.632848,0.28167058155355,0.379715843080613,0.495000931261225,-0.174026637373088
0.10062,-0.0889908478926011,-0.36555556219078,0.145131128893902,0.715597574579882
1.00341,0.395006344223477,-0.202179293400866,0.742493061724364,0.500680933129141
0.935377,0.324740827563974,-0.291350932199805,0.700193426125716,0.615219122993715
0.471361,0.285034661559162,0.489882124858451,0.417874641944636,0.309632560017214
-0.434927,-0.26353438197323,-0.385056019252034,-0.123193747243153,0.478441691997705
0.694034,0.319733306551625,0.279478994425882,0.573479228202942,-0.720286015117867
-1.52403,-0.634911616703634,-0.474514537170122,-0.604466902967028,0.752666831286095
0.961041,0.39820519572436,-0.202473862119456,0.745698401789594,-0.134484449673522
0.962564,0.305827719761039,-0.297066386361225,0.700634177572471,0.738824593031596
0.896491,0.353427659428713,0.0691978290806692,0.642300079953161,0.725814259211778
0.529377,0.151833988907791,-0.283783293983507,0.473608103109214,0.743619278988529
0.785293,0.333196278154873,0.197702712874501,0.599849610605048,0.0275486281870779
-0.716221,-0.379368151639406,-0.394835033115279,-0.405912704385951,0.641518887156587
0.605209,0.285848664365375,0.398116667523761,0.487757014708176,-0.204066140563487
0.0362572,-0.0904181830130548,-0.360809126574164,0.158257482485883,0.408948498945389
0.500459,0.265828168038614,0.450014142035249,0.448114884010986,-0.110244376690699
-0.454558,-0.258880508070813,-0.383105730355933,-0.183538316564244,0.450644204565378
0.715118,0.319786221311032,0.27303681296711,0.5958448241019,-0.648390315137524
-1.24063,-0.654485345438569,-0.454663693935287,-0.704311678872795,0.54104281820307
0.582569,0.289407694437083,0.374768537505815,0.503540576817772,-0.395476952895267
0.0346288,-0.0880947391443619,-0.355173516761976,0.16164184503678,0.675909146112814
1.01831,0.400291701290034,-0.202916618781215,0.704632213369328,0.495928429697005
1.01463,0.327381378433126,-0.289098956296898,0.690432454444349,0.597531106550279
0.438913,0.272088503055623,0.482164121534442,0.42918946043822,0.310618094224343
-0.526815,-0.26353941717701,-0.355977530144256,-0.154481307797928,0.51104996745581
0.726462,0.300956464440758,0.283695487498978,0.582055284816214,-0.577520614722056
-1.08047,-0.665692220690663,-0.469968741680996,-0.690657228284126,0.724412068568332
0.932734,0.351859478527604,0.0279062833879993,0.669392560923398,-0.104257271268881
0.642276,0.131513278582772,-0.311396249603636,0.474964238367799,0.599739260342895
0.794528,0.316370387732385,0.194510621651437,0.621002082834839,-0.15584895022872
-1.2783,-0.532449821995882,-0.382720874035532,-0.420536827380334,0.81578347145377
0.940926,0.359218548104582,0.042094421178994,0.661989072133508,-0.28755125723219
0.389879,0.0651119798374998,-0.306643056332154,0.447136690780926,0.541692672935007
0.634609,0.262911466393972,0.203390257117026,0.573582700754331,-0.15298614900569
-0.966287,-0.435272209066983,-0.363943943239927,-0.387670323093523,0.588370346526158
0.676199,0.286507353454786,0.401220848640162,0.479402665676124,-0.371938321093289
-0.162525,-0.0637181572316975,-0.352923513535405,0.154080941119168,0.649991849636863
0.878111,0.358577309059549,-0.213519033043306,0.674657157754247,0.259735891582236
0.68628,0.272179774480249,-0.289398297834444,0.610981146164785,0.383282658372339
0.102899,0.138849267912773,0.488252535225221,0.393163867900739,0.156323164373263
-0.529149,-0.24272841073782,-0.34605869068184,-0.125414985088878,0.32496933270464
0.725455,0.324656542206803,0.288806488453106,0.576744620196992,-0.738258384314184
-1.30986,-0.623549815763382,-0.461465853221635,-0.622678693599926,0.470473159049734
0.667014,0.326615579643947,0.295065996440885,0.573395653061099,-1.11422602937504
-1.56073,-0.604942300378308,-0.459703043208227,-0.670655663402017,0.635441617967708
0.922483,0.375685825596097,0.0319792296487636,0.660904478251306,-0.384650652432513
0.505297,0.131395272769264,-0.316897666857616,0.464992697637837,0.517505222679722
0.764928,0.350563182851196,0.202573322705349,0.608292076240456,-0.439491130203325
-1.67821,-0.611808519153763,-0.387087553325026,-0.410325055371872,0.460633852497862
0.187232,0.155310947461935,0.397588765190062,0.430237422162029,-0.545510336078333
0.136706,-0.077819245237908,-0.346399982421055,0.127109536030001,0.348205449769154
0.727861,0.352046822155154,-0.206068932212265,0.63709684196214,0.441791497675605
0.856204,0.331448821435603,-0.29087112211457,0.717556953530242,0.46898740701622
0.412768,0.294016568812105,0.502011984250395,0.427666511190401,0.250472218827867
-0.436024,-0.276168181907631,-0.348943823830202,-0.226582816716785,0.399179103877888
0.501059,0.265905015037852,0.434312210113207,0.456966965775511,-0.489621206677257
-0.864749,-0.265356086995576,-0.367902089129773,-0.158640778635688,0.37514867742441
0.777044,0.313074112576405,0.282686200362303,0.572670013582284,-1.30968138228997
-2.44983,-0.902896261414043,-0.465824736339584,-0.39994347871859,0.750032717988428
0.94819,0.356825327430349,-0.214099791796901,0.677496273559871,-0.548691245535833
0.92739,0.314494670133554,-0.293442528591578,0.624615433172223,0.629860222841766
0.792446,0.370492553945266,0.0659441432401601,0.615482639491493,0.698287480357665
0.524684,0.14855465127895,-0.291035027779089,0.452765297807064,0.689586683579409
0.803257,0.320104713966923,0.200230430361216,0.586486486240651,-0.0731569803794477
-0.895908,-0.432212496698357,-0.391374437293346,-0.478763321074518,0.546735200323024
0.353968,0.290429464747491,0.405728665022438,0.492214271094512,-0.241207189771598
0.0262058,-0.083605326820617,-0.350240700544684,0.163327607186527,0.574603821980544
0.980124,0.394663081081036,-0.201913581069275,0.7077232351964,0.400036503456044
0.824022,0.321167366077929,-0.299285166256463,0.716959252451961,0.576703343003703
0.40641,0.270016916818191,0.514945792538104,0.412011055414692,0.303007937692925
-0.335202,-0.288881875642727,-0.359254643543017,-0.24502892824619,0.449530136876332
0.669708,0.329597148445872,0.291077155730021,0.567662303419133,-0.573298408528273
-1.24547,-0.660240689905706,-0.438962269359551,-0.690432747405149,0.690929333063261
0.88735,0.36511978503246,0.0337143559971604,0.645055452229855,-0.187645001266331
0.609309,0.151337112898497,-0.29336557640368,0.458260336332679,0.587236625937063
0.779506,0.361639821235395,0.194457232288376,0.605658959946288,-0.014275466427763
-0.847333,-0.408117668760032,-0.344844793069808,-0.471441268266494,0.652795963930698
0.628053,0.304815565194044,0.390492807662967,0.459237222659476,-0.244885710946175
-0.0131527,-0.0942589740817945,-0.348393491044918,0.125916861697771,0.650364178085867
0.914749,0.356349817714234,0.0339253537087176,0.619295936745119,0.295098353817852
0.529249,0.119608326683136,-0.309161845753424,0.424438527144348,0.67682569214381
0.834366,0.334976731005927,0.201374847546549,0.58083618415512,-0.187435217175554
-1.20157,-0.478361309274068,-0.383664811796798,-0.462182430006973,0.660091081720424
0.593757,0.265546462148888,0.371641590741947,0.473441689343704,-0.381391467324847
-0.0112931,-0.0963998568300138,-0.348835729082063,0.138691689476895,0.681852481269359
1.01931,0.402788864222588,-0.197059731180087,0.715448746672279,0.448657003785444
0.935689,0.324578619859735,-0.292708085929957,0.716823852373585,0.624096560335988
0.53989,0.305451949562031,0.474935646500279,0.403735235656076,0.183194224095611
-0.742114,-0.269219344131863,-0.370640699418996,-0.197605461921151,0.535368376100435
0.763785,0.327456671624076,0.26427785904109,0.550897762728983,-0.859100321685944
-1.55729,-0.611986580557844,-0.471138672420736,-0.651466584495273,0.773467260879498
0.99972,0.417130168023569,-0.170446777895541,0.694684951353542,-0.189560357242284
0.981097,0.332145055200441,-0.270949771760997,0.699545798109143,0.417276790735359
0.311973,0.175437525458444,0.505115609055762,0.340215644312704,0.151512581242263
-0.812975,-0.337453228819886,-0.526557963691067,-0.138263998555014,0.404633658749555
0.66215,0.269116695558751,0.301296516564913,0.458940607270052,-0.844958949928541
-1.38721,-0.749339285222819,-0.705507868724377,-0.456380323572858,0.633115673190027
0.848488,0.357157690677894,0.0414757273952443,0.606506691264395,-0.299352767733675
0.505962,0.113144423208872,-0.350738340622353,0.457657187387905,0.544937308414045
0.746142,0.31290636095893,0.201237326199289,0.538390343052779,-0.0745120087158181
-0.858499,-0.5125631004009,-0.561968048376026,-0.387565023608321,0.580680795665733
0.508247,0.245138539536158,0.423628971727455,0.401104370340621,-0.251460997306358
0.0819278,-0.141411630231951,-0.433664131290739,0.155917862408872,0.338026748258696
0.612009,0.27276621784205,0.261352466233836,0.48736832167927,-0.5496059242805
-1.58455,-0.832578754821801,-0.697399821971457,-0.541841738430471,0.693779799509619
0.918172,0.349243359118288,-0.00654629960315716,0.650503194230968,-0.403902295851685
0.451502,0.128464661810432,-0.317401765865885,0.457533647391821,0.544408884779063
0.77028,0.301025115665446,0.15194550365411,0.569460626459691,-0.285573676062182
-1.28295,-0.580871863850837,-0.549160971146127,-0.455934213036316,0.51983331428746
0.368245,0.216657052410156,0.346649351436697,0.435070611169905,-0.487801139113064
-0.162116,-0.162486658815835,-0.390345389453596,0.122216942964518,0.563095477244834
0.978625,0.415428418035951,-0.204591472155912,0.715833710193163,0.37173121779982
0.965004,0.318948747154418,-0.275048368580835,0.712834383581933,0.528064161166926
0.423968,0.208382383240384,0.419147257130412,0.383795433490237,0.0737366496830853
-1.08426,-0.372063391642682,-0.421716140194532,-0.27474679843338,0.673213896023823
0.892793,0.357781448710198,-0.0121058652092011,0.624962694489697,-0.137736550252097
0.584889,0.13189736454676,-0.27967588330925,0.432328393341535,0.562077135484351
0.722178,0.308004394756636,0.121700608750462,0.565333358029799,-0.109565628790093
-1.01719,-0.582434071415081,-0.461463981871813,-0.589834815560452,0.530118916393495
0.381482,0.254066810476152,0.328543513683669,0.453044613740192,-0.268769543300163
0.105886,-0.126495313226585,-0.353725463887089,0.102516014259081,0.544559885886803
0.885331,0.411046218141593,-0.208209917089929,0.724433734856846,0.480696362464869
0.955743,0.322107548657927,-0.280781237951516,0.67986351464878,0.477032842589297
0.353537,0.24280379285525,0.40711009362995,0.393954688425894,0.0733980204759298
-0.977639,-0.375849059960627,-0.391322718204216,-0.288735897042792,0.386214553200759
0.58093,0.304601860727188,0.202736962771875,0.531047972283195,-0.919775189883169
-1.43785,-0.762954200150737,-0.509351133188886,-0.741190243379344,0.682441440859415
0.999152,0.397444333481528,-0.204437315099575,0.724235977849233,-0.128021635888132
0.927334,0.331624634369885,-0.277688486006808,0.724386915750211,0.741093457010642
0.867274,0.369418399529028,0.0205580499384589,0.627554454086197,0.679681972574527
0.464584,0.116245007778016,-0.265917651835752,0.408525904778585,0.685436033149861
0.743369,0.317868406446613,0.124415411069172,0.563631646264822,-0.176609862868649
-1.10868,-0.499136628191459,-0.400630062172807,-0.585249757350213,0.567966356641926
0.486747,0.251525559618531,0.327688933915027,0.450758871785839,-0.38053781099346
0.0445469,-0.14102770224091,-0.3319511667737,0.0700004399988129,0.267444899676444
0.400335,0.236970440867015,0.360956127993526,0.415607495138851,-0.271943318430728
-0.772128,-0.383162325868662,-0.376697984926293,-0.357702657818466,0.2811545747313
0.500675,0.303107349203835,0.196919267502821,0.54091486565046,-1.02073349964935
-1.78596,-0.759447334111141,-0.454993075789869,-0.782024178425139,0.4351866195908
0.59877,0.257945092266371,0.27423420319588,0.454660629628807,-0.646657692056412
0.0281353,-0.135620272348864,-0.334304750515166,0.0789000933585146,0.646887186222579
1.06327,0.399285339236693,-0.211044676646006,0.707656512150615,0.370335289585115
0.737505,0.335266763391036,-0.274339694820107,0.702511357677432,0.612299095847435
0.449799,0.235118755626625,0.368636494778292,0.389638698007945,0.142959709633888
-0.615812,-0.376939053460041,-0.33041653586735,-0.360871560473793,0.400062237441625
0.584941,0.304819860181177,0.196762095555087,0.521110129406523,-0.872002964867629
-1.67479,-0.77144230253728,-0.454567957806809,-0.873757667264156,0.643903894275878
0.928244,0.354163628612634,-0.0267248896578529,0.650842759041554,-0.450047620268195
0.446014,0.120050155200243,-0.284115291079832,0.406868728180973,0.559469905374533
0.773795,0.338259406281523,0.120652848475634,0.58051097647731,-0.179974223877782
-1.11376,-0.581088801231647,-0.34229563999084,-0.682776655878904,0.763829087811668
0.865879,0.37675209120408,-0.00910596720717472,0.665129806691194,-0.206318777660304
0.418826,0.122715426187115,-0.278527968994966,0.4074704667434,0.535343913160593
0.66564,0.33985294608959,0.133177020299876,0.586369626790043,-0.128247911611882
-0.906313,-0.561267136057551,-0.342619957083393,-0.676056337033362,0.537831043682692
0.515833,0.260352810521475,0.307185089364839,0.430439854583983,-0.323812283685136
-0.13729,-0.144729636723868,-0.320386573715172,0.0478718890341607,0.65082320334341
0.988714,0.434522995897717,-0.209865164587049,0.735013749627418,0.379564964817953
0.923823,0.35332308119285,-0.282050737296045,0.666708131769838,0.54872074289532
0.407451,0.254098821593628,0.39717029802137,0.380752219669905,0.189613696471169
-0.684935,-0.3573817503788,-0.333723899414278,-0.339798427289104,0.413728183085309
0.739054,0.295638407947558,0.214940622749197,0.497007847446462,-1.2004301751744
-2.26998,-0.933541921746664,-0.465456278850386,-0.677549533217166,0.404745820333544
0.644717,0.285471865950776,0.21469223593106,0.502698167343319,-1.89149899452505
-2.43292,-0.788412452606922,-0.424384639891967,-0.79679737451274,0.57584209651686
0.955704,0.386108488127384,-0.0135029026975703,0.648504384679093,-0.786056069920466
0.443407,0.117683943248478,-0.294927918926353,0.3858068675113,0.516017913527183
0.774544,0.340697351932282,0.128106207132557,0.567932589307564,-0.222245651346024
-1.15386,-0.568568715487877,-0.356739106787966,-0.696258962492976,0.640819025478028
0.648586,0.274339802462091,0.30351146776883,0.419381219427214,-0.423565951248798
-0.157098,-0.144652331716798,-0.317415449998599,0.0360359396770308,0.738221308363572
1.09535,0.4369950153792,-0.211544592271721,0.695586303393664,0.380008089469294
0.928636,0.358187489349518,-0.279318621302568,0.628055770569197,0.597436280909144
0.435512,0.271057565199729,0.397340438894466,0.367217220224196,0.143863093570855
-0.81154,-0.356611710694327,-0.310365119542352,-0.306532750744253,0.422111633980799
0.472839,0.248600549334943,0.350809888025795,0.393562896838332,-0.530342339505156
-0.586291,-0.371638200167296,-0.347313881968122,-0.241863018846625,0.325807371884646
0.608814,0.321413607630171,0.20810464727639,0.493689287829914,-0.812035961133455
-1.54467,-0.777096312845535,-0.387784743156921,-0.912894797403113,0.694882990386301
0.981933,0.432750150500996,-0.213753288439096,0.68529522072886,-0.271883212314248
0.67555,0.343445800774281,-0.284550440799681,0.640296019032117,0.749443257325166
0.917937,0.376787274152609,0.0216182266207912,0.575833024194402,0.571186158866439
0.472503,0.107962030486155,-0.259421600644651,0.342234055607023,0.671763438468609
0.770575,0.313583606905144,0.12498383626286,0.495660476329799,-0.374836999994687
-1.56983,-0.611161122964154,-0.35683768368879,-0.67298435918736,0.537647026431695
0.431255,0.224745708084509,0.324339607102531,0.381097899005453,-0.700664522547962
-0.397033,-0.217921418373467,-0.347106940432868,0.0363148770137747,0.62630955668868
1.14199,0.40603381405001,-0.201693927471745,0.609995294956337,0.174322780303473
0.776058,0.326593531605145,-0.28546029029589,0.622329815507341,0.459221055952843
0.119751,0.180841120328946,0.419307704784105,0.338076820059873,0.0406295482969488
-0.900307,-0.428664226875761,-0.317892270127075,-0.268537155242066,0.27198658330367
0.642442,0.298489369370977,0.218232297769263,0.476860425202598,-1.11229598563125
-1.90786,-0.7777052618305,-0.40929790411831,-0.833562980983145,0.649295037947413
0.96197,0.364196194562536,-0.016824201496667,0.596756489424229,-0.629871436468301
0.25395,0.11405357462648,-0.286033471555395,0.374071103791342,0.561675623421404
0.834797,0.326336708857382,0.131208878763172,0.538601960009218,-0.416508759062485
-1.39313,-0.597882967327351,-0.298614737615683,-0.661104958975665,0.536861893981012
0.406365,0.242227873888658,0.310048678703424,0.402329214825311,-0.625567915216687
-0.355425,-0.159634704158908,-0.314673558026727,0.019735892521244,0.499228312204802
0.889201,0.359376307701382,-0.0114012150844385,0.614888247904339,0.0550004937012873
0.383128,0.120577315979268,-0.286936458603508,0.344798216680248,0.553461234540779
0.666012,0.324466343585783,0.132582278402025,0.524261342242777,-0.363159627905494
-1.42276,-0.59723850413838,-0.355751895273178,-0.639910217972385,0.483322326294622
0.374293,0.253209925313023,0.298738498273327,0.398123598020694,-0.499837041164376
-0.0161321,-0.170012909917294,-0.315351383884313,-0.00906074127223362,0.50504573844045
0.88183,0.422985839543923,-0.212058099095122,0.664249657377982,0.369056680386354
0.784582,0.343583136114084,-0.284071775964327,0.657241424723122,0.583306368779254
0.56481,0.244111212912015,0.397280452882926,0.308941206017579,0.175204148817082
-0.558765,-0.338569355397442,-0.282069605744264,-0.317311648033165,0.451276402811057
0.603449,0.268971525853068,0.213533970542194,0.438861057227028,-0.884687637535397
-1.79103,-0.769706521856423,-0.359858938860431,-0.74195277142648,0.68942028961168
0.960184,0.534702839246846,-0.0436399411982902,0.493516124380694,-0.369228710765536
0.953009,0.35466222412442,-0.274745809719084,0.624951922237981,-0.0151843153473842
-0.676272,-0.175041749150062,1.16478023393896,-0.249981036132624,0.271626158709708
-0.385949,-0.190713972431561,-0.385509098222626,-0.124648805379282,-0.314713132663199
-0.022348,0.0946418600401416,0.895372325435004,-0.0359952134481352,-0.765748194962305
-1.45176,-0.59306307846294,-0.60620151808041,-0.440624982921996,0.283181621232487
0.660892,0.359322110585715,0.39729424566451,0.298923979810274,-0.347689410788382
0.622102,0.212601891415863,-0.322663548988397,0.353159277359129,0.259563973712551
0.301865,0.225361945958325,0.731900457504966,0.101286468773321,-0.0822264927585125
-0.790798,-0.321426432051749,-0.502190485709348,-0.317886158119066,-0.0853863071416048
-0.626664,-0.0656884910527087,1.09332228651037,-0.231515981703905,-0.251680323380494
0.180935,0.0036461947521953,-0.371598749737903,0.108920713305697,-0.434768050809952
-0.0866397,0.0561922999021869,0.913770269336356,-0.0993627429038615,-0.537508368529548
-1.46336,-0.620758974899961,-0.595616315749456,-0.506879919624176,0.330967802968319
0.748475,0.354757761591782,0.412893114824539,0.290508089843251,-0.325534858135649
0.675206,0.179021612709391,-0.302337430866168,0.357391057459541,0.319803251799746
0.347245,0.216924916931447,0.739648026761382,0.0972889963298348,-0.0252494837292332
-0.752688,-0.410628241186664,-0.48876574905339,-0.424874418455456,0.0224445944881283
-0.44334,-0.086992154502611,1.06010060755386,-0.272227799280931,-0.189308732447495
0.0652757,-0.0447399849167079,-0.344847531801423,0.0621625178617644,0.258214593682426
1.02544,0.524320708952482,-0.0567401730145872,0.514152619187751,0.355305528676396
0.992709,0.348498014193356,-0.276490391839555,0.61182631332909,0.0378089386731555
-0.891326,-0.284735050281429,1.13397050009762,-0.354350344095286,0.366186738929237
-0.38336,-0.298373883536324,-0.404972880000118,-0.261410406586701,-0.0258873549603923
0.57756,0.334489407626637,0.364737894293887,0.268612664105653,0.0204043795142412
0.51904,0.167787045488595,-0.273089816702785,0.310852348495518,0.271582402858873
0.290207,0.203809968363536,0.691124121003273,0.0588532400330542,-0.18661513524527
-0.983316,-0.46246608061754,-0.469214876963214,-0.517179591286708,0.0184992344212389
-0.360254,-0.098353025465955,1.03908940382878,-0.284943717615817,-0.324454838657748
0.0101094,-0.0357252387183857,-0.349923008583509,0.0599944415570098,0.220981558670393
0.909041,0.518848016886419,-0.034492584612151,0.545069888338186,0.284018167181133
0.898369,0.32480226518201,-0.280606719713877,0.621645664714607,-0.0860340602616074
-1.05985,-0.261496701286694,1.17594832600889,-0.397863201115748,0.320791930366431
-0.228494,-0.217344516130911,-0.386544222493935,-0.232936440256994,-0.526086837403903
-0.165611,0.0458038029130096,0.89757761007057,-0.13984206034759,-0.628892225056184
-1.28999,-0.578509238329162,-0.527062729849618,-0.604671740257793,0.401010582222494
1.00036,0.544422549285649,-0.033464426701504,0.554113222409654,-0.0996238085415549
0.972807,0.337750656424349,-0.295135779930193,0.550654184410835,0.669068459141116
0.691912,0.355886568768912,0.465216508744573,0.203933382266221,0.692535802646889
0.520814,0.179300471499661,-0.283599999640838,0.315003071413922,0.407169240995957
0.227892,0.171017751780508,0.718115139800214,0.0244871162357663,-0.0806738087646968
-0.745584,-0.346951254193207,-0.417487106412059,-0.481602232573694,-0.126539287699035
-0.619614,-0.124935707194631,1.07314409426486,-0.344179303564935,-0.306340976811833
0.157414,-0.021040775887537,-0.346334584183899,0.0321250322256499,-0.821658057884083
-1.13665,-0.326116943108402,1.12737933345206,-0.464521423420514,-0.184131628973388
-0.391009,-0.210351940311824,-0.401824230267019,-0.243058862962317,-0.737481246773739
-0.38022,0.00629657275401225,0.87340142961354,-0.174292235427694,-0.877009693400311
-1.43984,-0.586048914929086,-0.505346774389184,-0.643956897716746,-0.37639259347788
-0.463218,-0.159246393547461,1.02329005462354,-0.370506758696409,-0.522975779687176
0.108072,-0.0159317138447514,-0.346968867988466,0.0383395615439859,0.191099295030841
1.01853,0.548196866002614,-0.0155214465510618,0.564551050089558,0.34381408222515
0.970581,0.33645078774529,-0.292838027817524,0.600744900296893,-0.0381186435918416
-1.02604,-0.323987925177781,1.22335379235501,-0.524956752207581,0.24269798846303
-0.468711,-0.19196413556481,-0.376718838468006,-0.250684252203556,-0.60177229084693
-0.38333,-0.039639534654641,0.876529649758936,-0.219921969234462,-0.750272416595385
-1.25253,-0.553444006397653,-0.494827210463789,-0.683737978734488,0.0388312520202315
0.490469,0.333828829240967,0.40922619739676,0.264683090964288,-0.353269927008676
0.489833,0.184226546196587,-0.317945145771873,0.332015507329381,0.131319806429676
0.195887,0.169778639784823,0.74405946748886,-0.0214931466835153,-0.279964219887792
-1.28166,-0.366185492161644,-0.413479746415907,-0.492058903225733,0.370168408660564
0.525663,0.335551419008021,0.410669510819988,0.250319790793897,-0.33082541425452
0.462176,0.177999346972841,-0.315334073554051,0.315659946757977,0.143744484656335
0.149752,0.152161392593467,0.726953733763064,-0.00774894063955687,-0.210370334649162
-0.935392,-0.383910880783665,-0.412666745093636,-0.518329512112501,-0.109803452066985
-0.512937,-0.181039604794497,1.05934890460425,-0.454119786853325,-0.304118495324645
0.0385612,-0.0325192776450213,-0.358059509698453,0.0111765076631749,0.141958284293463
0.871956,0.563175368514791,-0.0153903217575026,0.582376541567847,0.286728099749762
0.935191,0.352697129765787,-0.289791607058577,0.637874763454804,-0.205307034690603
-1.27069,-0.364724380231646,1.23289631303362,-0.560337687867035,0.238419711955627
-0.437417,-0.183945106173916,-0.376447202696871,-0.244202299763724,-0.659875999827331
-0.243547,-0.065139763363748,0.877730239474167,-0.275531648178453,-0.817816018589318
-1.25283,-0.549403975142606,-0.502318860528968,-0.664681367690899,-0.332623286617859
-0.288385,-0.0304612583894448,0.910130992410864,-0.272211869489972,-1.00748866170619
-1.16808,-0.567663634077484,-0.486606228615646,-0.698409071817325,0.0795254883408333
0.578362,0.319878244597005,0.406380270639038,0.21721852736546,-0.26475481824823
0.606513,0.200843038425326,-0.323789157999902,0.280745868564069,0.198567119962703
0.208703,0.149478186282115,0.727445443771869,-0.0758396737053984,-0.0962327409693924
-0.765801,-0.374080998038338,-0.411382518503117,-0.525622024569358,-0.226066325131096
-0.862668,-0.206474230156506,1.08904699726848,-0.498800879636501,-0.243037788336583
-0.023294,-0.032951147455481,-0.356501340337616,0.00168059696093493,0.0716863570005472
1.04164,0.57419923043557,-0.00551567035266683,0.573470622624226,0.204440780991494
0.827734,0.346010563485783,-0.299137200502371,0.614506203636293,-0.0720062561031979
-1.09354,-0.380387084090296,1.21214401789486,-0.677153677609279,0.155279475294999
-0.409157,-0.234071939695493,-0.378188266207284,-0.322964928512629,-0.984842488237232
-1.28596,-0.481394802068274,1.10909457656003,-0.589708666340704,-0.473964464849831
-0.479895,-0.206990416815916,-0.401778876568415,-0.299246324781237,-0.82011990500263
-0.401523,-0.0642939197221889,0.872160712922117,-0.308760681401709,-0.742836787444015
-1.21914,-0.563082540293016,-0.466370837228086,-0.766592238075194,0.229613316001934
0.890831,0.563376630539836,-0.020794366644201,0.612238929037522,-0.114731860961317
0.952037,0.354571694827453,-0.301185318803506,0.540091310814943,0.502011638348006
0.409061,0.328779368674881,0.457880702468948,0.159754267882095,0.662769769079965
0.517707,0.185908133651392,-0.299133040193345,0.296872887406734,0.19896352946005
0.0272104,0.14414626245287,0.733750044236224,-0.0799218588284896,-0.10254331214636
-0.710863,-0.349129835926137,-0.387838469910482,-0.622602229963049,-0.32785690879073
-0.930437,-0.271351997396516,1.07105572250403,-0.516275016136609,-0.177621657357574
0.104747,0.00168181919659154,-0.348935793205817,-0.0112065821713964,0.0437011020236849
1.03094,0.576705375594751,-0.0151779289257362,0.610301520683949,0.279696267454216
0.900569,0.353128510006487,-0.303562259487743,0.582229799200877,-0.109122208054893
-1.21381,-0.414795110526055,1.25389203422681,-0.672845272029492,0.260371676473401
-0.365996,-0.176553646908581,-0.348460242955414,-0.324535864948012,-0.662566450879817
-0.318433,-0.0716308306752587,0.902497609362154,-0.312676508292853,-0.74666260772443
-1.32335,-0.551733919212892,-0.450734395299768,-0.746364553239721,0.0886042106672476
0.533293,0.30398696270275,0.407100117042264,0.236401517030887,-0.38307737488378
0.518458,0.201130424759418,-0.308214907253577,0.335285249724633,0.0344278486035033
-0.0570371,0.120789488621925,0.713811070283455,-0.0551263001648144,-0.290696735653832
-1.11465,-0.389416770453123,-0.37497725927045,-0.60384953860862,-0.375438086949118
-0.928328,-0.284424936953319,1.04429291455557,-0.54641092962742,-0.424231934762858
0.021275,-0.010390451680701,-0.339699622855264,-0.0246463129419709,-0.207563930772868
0.542614,0.293994757864658,0.389678955039799,0.190783333606167,0.120084329227823
0.458733,0.206909985725317,-0.309131342990351,0.333997766203833,0.127578419382269
-0.0792503,0.118794632316984,0.723588810807884,-0.0856692598840604,-0.173161455411458
-0.844974,-0.360646439498522,-0.373797090507931,-0.60617476164746,-0.281190020794704
-0.688601,-0.254513954913833,1.07594364854102,-0.586391900657676,-0.286454395790055
0.00839678,-0.0344842340654597,-0.33137545273836,-0.0237302088440911,0.11340321945479
0.980253,0.574543002831693,-0.0314483880692549,0.613476870427218,0.23989355754937
0.894224,0.37407684367435,-0.29869105933575,0.637588132447315,-0.202116674667811
-1.33502,-0.424817637034877,1.23449565755572,-0.771321241938502,0.147999978719165
-0.612895,-0.196532313937168,-0.319020021500397,-0.336546263211556,-0.721346237693456
-0.319956,-0.0709364685253919,0.867316663725702,-0.312096701365877,-0.89695674616759
-1.47738,-0.590378735651216,-0.400649029630059,-0.751653399384626,0.257782723543069
0.947749,0.564311061806302,-0.0439100240029735,0.593192687118006,-0.380971170422004
0.870155,0.382587374937417,-0.298296325534161,0.67090239622015,-0.328139515851047
-1.38969,-0.450436939574836,1.22377040704779,-0.747823517552073,0.136434915984401
-0.556,-0.217947443355563,-0.334695969956817,-0.317694609215556,-0.813617658857407
-0.419277,-0.0964745121911019,0.874216287496911,-0.315145775929177,-1.02976876933498
-1.7671,-0.580337806764777,-0.444370224725293,-0.699321511297778,0.0200680024386227
0.503174,0.307606520420947,0.40309326520233,0.227935388156422,-0.573616347263323
0.525178,0.213337127406961,-0.308529349531039,0.342140807009723,0.0166270163292087
-0.0206916,0.103991134169765,0.710938995310772,-0.093957448383623,-0.233780293803561
-0.987322,-0.391966132872727,-0.358891663974606,-0.59997995246897,-0.318425631056046
-0.808355,-0.292262622613195,1.05809031250058,-0.598547128328816,-0.42696288947567
0.0728685,-0.0221192096475793,-0.319025172291486,-0.0314448148757662,-0.688080456104526
-0.481699,-0.116410569759194,0.87482064796099,-0.317764451317471,-0.546686141445429
-1.31532,-0.615018183407571,-0.422660019869323,-0.776975687008466,0.0725606828658864
0.576751,0.300595148968845,0.396239657586287,0.222619886514227,-0.345986651118366
0.58836,0.199024369662421,-0.293482675270069,0.338997714689201,0.119351702782899
0.0714011,0.114358042815425,0.713478865640689,-0.0840664903916238,-0.176869267426323
-0.969726,-0.409888705337192,-0.334647845977185,-0.609985710380564,-0.184204989132456
-0.634561,-0.272713358440896,1.06069748828999,-0.578148990341444,-0.30741764788998
0.0577457,-0.0211643764063658,-0.328984674243644,-0.00952763529176062,0.133426949461006
0.978306,0.580137996378941,-0.0293774417086333,0.626286712933107,0.291798225389303
0.965143,0.385601845333321,-0.298950199486788,0.661707852712552,-0.211028029131792
-1.40172,-0.484341027350603,1.21622928340473,-0.716896881367163,0.289863683690449
-0.513867,-0.232757003719312,-0.327249988466684,-0.341056179360416,-0.283495435687304
0.500058,0.293290343255087,0.374085062815101,0.18563876425476,-0.104432441893306
0.473448,0.189929441332621,-0.299875901810583,0.323854485895292,0.111299141108059
-0.00302113,0.0912193925156838,0.701998579767041,-0.125825532334454,-0.142649544880752
-0.709708,-0.357477961186964,-0.348386130236746,-0.650904102147294,-0.416932499667944
-1.07925,-0.278876971208349,1.06234193728135,-0.5386035620489,-0.235869310502016
-0.0205409,-0.0162889142619345,-0.321922744337131,-0.000876988607512213,-0.0394774956274806
0.984397,0.587862434174981,-0.0215672757341155,0.58457932236291,0.217665380185527
0.913263,0.380831755920617,-0.301464534622255,0.666716626827833,-0.169196951050972
-1.27736,-0.459221576362457,1.25213609221577,-0.750393421531494,0.23570376414959
-0.433397,-0.216773429669939,-0.316561194267564,-0.381517676024539,-0.669545131393415
-0.278859,-0.104109125520502,0.887737236533727,-0.349743276686429,-0.758577303151349
-1.35137,-0.590175275407979,-0.427511814143367,-0.784349995333779,0.318571098963495
0.965064,0.589276424328189,-0.0240003718664391,0.639566039509606,-0.163750182392682
0.930252,0.385310851864707,-0.301404467305914,0.715347133330208,0.587503357037889
0.528584,0.32045354773023,0.460725482148116,0.126067641455055,0.737354826340169
0.56132,0.214087286402522,-0.276054170818142,0.350210258831873,0.582407866396417
