1000
0.345292,0.0907444606594281,-0.351587833943477,0.0424809819100284,0.282818314098852
0.495085,0.0163597038147976,-0.36198620995873,0.0980883729742038,-0.338760819269659
-1.13066,-0.223098627373236,-0.0540947560192397,-0.489143044691974,0.372994927056775
0.441797,0.051007897429393,-0.0171102870974806,0.0592169913509154,-0.789805392218636
-0.862142,-0.186066659237554,-0.243009054364439,-0.408968831835253,0.278612480256987
0.366338,0.0801799116815747,0.142328249524783,-0.000495388708854754,-0.33568271458817
-0.0245749,-0.0561544199470554,-0.38859494593644,-0.107008659772125,0.257268110495109
0.42319,0.039153100173027,-0.215605495180072,0.102561119699281,-0.168818550374294
-0.424549,-0.164610507963883,-0.383469756313788,-0.364630495915811,0.224481298735795
0.245902,0.0448761920576591,0.112323726466658,-0.0849737533956729,-0.55802745831735
-0.980317,-0.311438024582979,-0.271218318111749,-0.663572774040911,0.161623821550199
0.330066,0.0699326134203366,-0.0468599441583417,0.00957261771921948,-0.805965159275267
-0.9469,-0.284123607035887,-0.324562955168057,-0.542111324727418,0.0859224933831772
0.0113257,0.115713531971307,0.291857544708456,-0.0983186490884597,-0.380891182779817
-0.0166879,-0.103528984657719,-0.399859799708131,-0.0831495782009711,0.057873432095781
0.373366,0.0764941450261982,-0.172362709751341,0.0834847773503469,-0.328870842366155
-0.710841,-0.197309922679545,-0.377112765732394,-0.324987554787171,0.0793622541613316
-0.00310785,0.187977656395248,0.224940632685651,-0.0876431269039385,-0.784155549864255
-1.2382,-0.336961371688278,-0.280891329986,-0.68363852362022,0.0955712211142752
0.273263,0.104742065125923,-0.0118301243322523,0.00586580252906414,-0.382634385654629
0.327975,0.0315704857608443,-0.377373841304739,0.0881487488507742,0.107685791391503
0.422915,0.0449226673062126,-0.321386668662175,0.121934862011292,-0.577281384476227
-1.72894,-0.344352063582834,-0.161892038680118,-0.744366423350831,0.286539256077032
0.198663,0.134223869724329,0.105976944128598,-0.0475344865845319,-0.700823349124168
-0.0414487,-0.104161868407468,-0.413403071550759,-0.113465088704756,0.1216782964547
0.399135,0.0680819613303442,-0.175474902988953,0.0726769871620796,-0.199083616270235
-0.423755,-0.189679918191006,-0.371868449194419,-0.395222672059274,0.178835318025088
0.165112,0.179400000942186,0.195935116123835,-0.104111293827194,-0.541107361346502
-0.962611,-0.297156752249713,-0.288085134408445,-0.711189436460478,0.201535399256725
0.314731,0.105080875156511,-0.0152727415826283,-0.0129421912325606,-0.263562231248639
0.286989,0.0194149493155204,-0.377941580215684,0.0723652587175046,0.183912742597797
0.434773,0.015320456942081,-0.325502337939637,0.125000919373454,-0.36250649233348
-1.1817,-0.30977204226728,-0.173197236421648,-0.768347733826922,0.249982289234464
0.200402,0.0925118574645666,0.107516565526606,-0.0619564801164616,-0.737875992653583
-0.671211,-0.247187352069836,-0.331418058026755,-0.553594464394718,0.14098706228848
0.227234,0.217132251736369,0.313227518859244,-0.108173877356402,-0.0836993959653811
0.396488,0.0347753985809065,-0.383281281816593,0.0756636040446049,0.260199810098236
0.474312,0.0291908442108265,-0.324700960638453,0.133114930136565,0.206418632963378
0.0178845,-0.0815029001154913,-0.393813175099774,-0.125080227709375,0.376178635688898
0.419121,0.0821603143069196,-0.144608768532591,0.0827201935635243,-0.159191389831634
-0.494285,-0.166380340869901,-0.367872853014875,-0.371641510343164,0.245024842918697
0.2734,0.19942441397571,0.237399751757742,-0.0681735489795538,-0.553446579053347
-0.88675,-0.280830847070431,-0.281412511723596,-0.668281843172423,0.128062671022362
0.371234,0.122730138463046,0.00508385958423847,0.00792027618019754,-1.1542869359835
-1.8666,-0.444542200383064,-0.211038509129873,-0.698590919380183,0.121085649513072
0.228924,0.151847330032864,0.142827072610957,-0.0181080537198805,-1.30757890596161
-1.23388,-0.32172331922581,-0.381027576812579,-0.564735515554468,-0.0542629780736475
0.163263,0.187140015554239,0.337499130710448,-0.082950036586016,-1.2230136355667
-1.68396,-0.382240293980196,-0.299650278044175,-0.668459820346303,0.124199709567477
0.270133,0.0777929699268994,0.0148304521952415,-0.0115056461879049,-0.590375019896823
0.275787,0.0216309694646043,-0.377928680400585,0.0888491064429114,0.0713660811976347
0.438388,0.0178440754160434,-0.308335795149628,0.143801601761096,-0.696789785419799
-1.91493,-0.392563054852877,-0.220803259732434,-0.665218944453503,0.196275367544004
0.178915,0.146161092637084,0.145980413250985,-0.0176117376319314,-1.34264373556351
-1.3237,-0.338755904462619,-0.388787734102102,-0.569468663787084,-0.019605502332099
0.0728382,0.247318478023671,0.358835875550808,-0.114439880461986,-0.62999154536157
-0.187491,-0.138604521701558,-0.424836424327632,-0.100762264583475,0.069244882709687
0.375146,0.025049141482351,-0.137114990431774,0.0023944291539755,-0.326846637954851
-0.568363,-0.214782309194152,-0.39619047031719,-0.348468577341021,0.163598837287019
0.0573501,0.155998342063249,0.2592630471437,-0.0481430255096369,-0.267409654958798
-0.15264,-0.123669260827474,-0.409253377840206,-0.135218547297895,0.105503321077882
0.359829,0.0654292907319194,-0.122974552838735,0.0564618637383956,-0.325501367793711
-0.588515,-0.260671318630726,-0.407919713835825,-0.332576559214715,0.0817400307351464
0.120291,0.158422605106468,0.275107001915715,-0.0441635574940568,-0.978554153864341
-1.8098,-0.409878225395389,-0.354829712708171,-0.629303502010575,0.146002794356368
0.263719,0.0719536803248027,0.0324473794489228,-0.0177448149858995,-0.653160477895665
0.254496,0.00242542117408899,-0.378419320345369,0.0844692326984985,0.0328929274576163
0.407324,0.00165037832493684,-0.290905126007061,0.161702988893904,-0.808029493693584
-2.163,-0.432245308658096,-0.240346158457681,-0.604921714412381,0.213281161501905
0.252955,0.158606437613764,0.17357651409472,0.0246934556326824,-1.4478649364242
-1.28694,-0.336399300186934,-0.393590010433492,-0.519035707366874,-0.0921163525961502
0.031029,0.157200221543423,0.365854120966706,-0.0684852097763321,-1.07921272921194
-1.25375,-0.30549164550557,-0.374253685802586,-0.531269383354863,-0.0388589560118159
0.0676991,0.178758284349682,0.381819485300326,-0.0503119155558333,-0.531350150235627
-0.0284194,-0.103386832116603,-0.413163537060411,-0.119007374305858,0.107716930799433
0.426793,0.0623482015082022,-0.12327519420485,0.0961152772057141,-0.160107402986383
-0.348446,-0.0990942489416099,-0.396152020658964,-0.320859672426626,0.231741284739747
0.247917,0.205458443615032,0.294450583944862,-0.0252981452865474,-0.468752871427737
-0.876735,-0.260506429941537,-0.284797241151387,-0.625779858653586,0.255439736963729
0.331289,0.143428258413418,0.0453234870873793,0.0101359220159059,-0.177058762761329
0.381025,0.138247900325417,-0.385206556099137,0.0993222527583553,0.223979261317813
0.489621,0.121452459659361,-0.308518839554044,0.149159896956221,-0.298488573073674
-1.13649,-0.329677821060874,-0.211099706263579,-0.726952051577315,0.298355391802721
0.344031,0.16130921707884,0.185186416344987,-0.0174700835631595,-0.996014271279506
-1.33136,-0.35603850043931,-0.258389510914708,-0.708421146830875,0.197544485323104
0.352016,0.160671180470105,0.169312244401414,-0.035365015441641,-0.761620849529542
-0.537199,-0.194486794641958,-0.354983716727156,-0.515551325044381,0.204783183345642
0.256364,0.164738544866826,0.387892045188156,-0.136661792718337,-0.0229680032302453
0.382926,0.132107110033746,-0.389723314933465,0.0458459454523734,0.293929494405513
0.495595,0.131328122138521,-0.306794311148483,0.118697774858538,0.220912895388931
0.0473444,-0.00940161722305064,-0.407761938044416,-0.180031135905275,0.414286893165481
0.449788,0.155644508885441,-0.106006281435398,0.0416792894255094,-0.0356322913144655
-0.237722,-0.0786361667713813,-0.399440592621751,-0.36691191128906,0.264797837672204
0.289142,0.166243973996445,0.307082421854796,-0.0992928299907038,-0.455571152034045
-0.971474,-0.230631960056044,-0.309026015678873,-0.642046596062822,0.301972596609836
0.384681,0.159849633742041,0.0543006557812935,-0.0360132999719218,-0.22116689787962
0.362452,0.14770452270543,-0.390325379386712,0.0507144725737699,0.243288109687548
0.482405,0.144300926606652,-0.302302989793018,0.0991881841541923,-0.269247245268594
-1.06686,-0.323484043812603,-0.23167211514445,-0.734074917836845,0.327593398725434
0.302082,0.162093189849192,0.196329186371474,-0.0843611814580102,-0.627574161748689
-0.536628,-0.182310217445083,-0.36828285815432,-0.525908499162774,0.194960018302952
0.289239,0.174898398866826,0.421750616541753,-0.195936987003029,-0.175548062439898
0.0381906,-0.00332169141729803,-0.428834605658404,-0.176886083815636,0.266785734418582
0.452577,0.158259720912274,-0.0986342423773861,0.0277312250507675,-0.0753430173731943
-0.276443,-0.0907173778919625,-0.407050753275846,-0.332480494501687,0.279686790780519
0.300069,0.172718339389758,0.328776935962806,-0.12159224206481,-0.386089624776194
-0.759253,-0.273241024051702,-0.319052845451627,-0.628764300101724,0.278390016735646
0.392371,0.160133149013976,0.0628240171841273,-0.058085082292907,-0.323991247263589
-0.107426,0.00931105550478083,-0.428394383146225,-0.161383078670514,0.302559973483299
0.463173,0.162694163934693,-0.0943519921593979,0.0269023098305433,-0.129040484159578
-0.263342,-0.10028919140483,-0.42012117475246,-0.353759584892615,0.26233091591799
0.266717,0.181783841541264,0.338013608343239,-0.137299496189034,-0.375085235449286
-0.757621,-0.255088880119619,-0.333705074260333,-0.636120192410981,0.300714664256379
0.405281,0.160635028127809,0.0817397125606345,-0.0541024947781334,-0.123540854734594
0.379745,0.156419864540953,-0.398970995693891,0.0717136121731503,0.272555918239729
0.496101,0.147767294143792,-0.297449118754308,0.115997243648964,-0.249841570332216
-1.05279,-0.315125380769667,-0.23798895282861,-0.685070031435851,0.3531427327583
0.365751,0.178293944236835,0.22208855221988,-0.116017487175573,-0.680238351674361
-0.670132,-0.210493814048161,-0.384714460351368,-0.464798977371756,0.198648168272934
0.245841,0.188963344474453,0.450065590535827,-0.229046296543069,-0.267952032892185
0.197923,0.0418798936053372,-0.427741660190503,-0.0301164595367346,-0.481467047404381
-0.650392,-0.280609548973903,-0.473516334431802,-0.201252675952871,-1.69889922073786
-1.17594,-0.462491151661598,-0.346533553857543,-0.384534378114804,-8.88120398175283
-19.8251,-7.05510663672708,-0.542380782079825,-0.918459413520059,-1.82283711872586
-0.657371,-0.319923124517269,-0.471078490117155,-0.204755131237671,-15.2027742248341
-15.7231,-5.77387727502786,0.986259316445542,-1.12581611927748,-1.64079628576248
0.063837,-0.0449053962821302,-0.467257789197459,-0.0207138153405758,-7.66599030655984
-1.68903,-0.696998338266418,-0.15467857738005,-0.466996943643252,-1.22324503790358
-0.0940234,-0.0746644470117782,-0.444240752329856,-0.113168717190294,-2.02314544824966
-2.64645,-0.74065923127152,0.826118891212174,-0.915946985467081,-0.362530513638223
-0.295608,-0.145156065986444,-0.361905923638401,-0.279633941401131,-1.5980319488208
-1.00691,-0.372051504542035,0.230201598796232,-0.533551285369868,-0.42965281720079
-0.0805385,-0.0890045886450213,-0.374934892473302,-0.17949499541869,-1.12492984160641
-1.5466,-0.590903903695609,0.961881061791585,-0.947532812896482,-0.0714752960546379
0.134356,0.0143359709469393,-0.450124525516801,0.0144959698716129,-0.830548361367754
-0.301758,-0.169342461648845,-0.0198304668898302,-0.237951877611768,-0.238236151800277
0.0238463,-0.0670474846635292,-0.421950589858636,-0.0846651624048513,-1.49874347886793
-3.09797,-1.37777627106547,0.594437877964098,-0.935990504145706,-0.324788750945697
-0.260822,-0.181480348586345,-0.388056888640656,-0.223783642612213,-2.67836246834838
-3.2468,-1.07303275773251,0.0917065144501167,-0.654431859173517,-0.176010813803986
0.309432,0.0951989930575929,-0.452691820948802,0.0576700996181146,-1.41971658651001
0.195908,0.00195977154457739,-0.308359493784675,-0.0300142705835278,-0.593778211574957
-0.547685,-0.274604279484517,-0.343057530100517,-0.301532679212694,-1.78696466725286
-4.37125,-1.69597482528197,0.409954168717473,-0.901087414248164,-0.221787332842775
0.152914,-0.0140085165411021,-0.46560877137576,-0.0137765846868735,-2.32303576564252
-0.936783,-0.42091633086953,-0.0820388235993282,-0.407863118627567,-0.442840845253718
-0.050292,-0.10600790252732,-0.454913383888967,-0.129960518582545,-1.78341555655851
-3.09014,-1.1834822323372,0.744085206462948,-1.04589970735007,-0.346452308849703
-0.438728,-0.182558494505873,-0.377695708068539,-0.252611988450057,-1.81956000015939
-1.22785,-0.4643253980141,0.235599986468592,-0.568051195895764,-0.194536598076463
0.410099,0.122895841020019,-0.447453321684614,0.0417366632575018,-0.470444708074551
0.36895,0.0861233401740748,-0.28957056018929,0.0258611293564347,-0.229773407831751
-0.568523,-0.208055708797576,-0.333232193212604,-0.311964501360289,-0.333436160051216
-1.14907,-0.460757053165085,0.51077518007956,-0.74915786211189,-0.315787486398967
-0.0103391,-0.0815814694399822,-0.420262877945097,-0.153243021264993,-1.15643622877628
-1.57218,-0.547122913499598,0.996720846958962,-0.992760042136196,0.134730669954468
0.443541,0.140207505548652,-0.449934440567497,0.0460142336143254,-0.489619732256231
0.412318,0.107068032181846,-0.297288923993512,0.0410175845835349,0.191318575995771
0.279053,0.0335688182475209,-0.432673319762022,-0.0358578203321635,0.0967804893290334
-0.208023,-0.11527814054503,-0.00371075036382772,-0.297005175347555,0.126615298438803
0.12346,-0.0642607908289226,-0.434430584352338,-0.132021773136682,-0.551496272033939
-1.09458,-0.378756247239287,0.779945151396965,-0.851344347322229,-0.0899564665844937
-0.239932,-0.138318796399411,-0.349127635525758,-0.271235898418393,-0.662825197220289
-0.425012,-0.250261827012077,0.242009850903659,-0.517465955816642,-0.326292745047577
-0.224038,-0.170584457125543,-0.334129104962778,-0.315117183138444,-0.607999447495232
-0.916917,-0.374021960815605,0.460518966961028,-0.711080866814,-0.206084314337933
0.042845,-0.0726208996158866,-0.414611319974376,-0.173022442777484,-1.06279694981166
-1.53197,-0.477476701006668,0.972843441088142,-0.984659359420281,-0.0631963968738876
-0.0107482,-0.104051809934648,-0.363351975271039,-0.253517205090864,-0.761630184756217
-0.323883,-0.215164325660586,0.245142231615372,-0.491137330519831,0.120939619398207
0.470062,0.140492002817842,-0.446945496735392,0.0360898006021541,0.00892827834566814
0.441879,0.116261306031739,-0.290811586630209,0.0324196581856354,0.0052333390588723
-0.26452,-0.11359339365957,-0.301395095615402,-0.288730159700529,-0.180220232654698
-0.919678,-0.408139792665417,0.508838829994857,-0.678258726781185,-0.104646653915344
0.0823035,-0.0434860490791313,-0.40449462782019,-0.148517265689323,-0.799101565654204
-0.979276,-0.479949088225448,0.976796288192004,-0.863148714939126,0.108259144269237
0.293777,0.102246150403539,-0.447810529557455,-0.00424134521513371,-0.361113261291965
0.138637,-0.0128175172393948,0.0230535099383728,-0.189996985320708,0.0619738166392167
0.121671,0.00071272194202987,-0.414132637512595,-0.0756488661841063,-0.275819638055796
-0.840475,-0.421411793993749,0.763290929550035,-0.726606815633312,0.149926994786714
0.207605,0.0704228905007694,-0.443844544089181,0.00593163103801232,-0.349935846576631
0.00180733,-0.0337274539633208,0.0178522803819577,-0.171430968700554,0.0177082766694471
0.0653971,-0.0180936784678789,-0.410686872694375,-0.060695245757572,-0.301525848701792
-0.685943,-0.410782352049693,0.794799122982647,-0.713263561567338,-0.0790547907273896
-0.203472,-0.127455035738111,-0.344240365335257,-0.226429687652786,-0.429351474535254
-0.401221,-0.239839244765078,0.243163257766039,-0.35664636003971,0.0598834541475181
0.398989,0.169141850450144,-0.437288592180779,0.0805444676836605,-0.0580176846161427
0.410386,0.14299817115025,-0.299907242444083,0.0896594199185801,-0.142152375457308
-0.530582,-0.180375211781176,-0.299330986857791,-0.247987232160351,-0.18955090463604
-0.81931,-0.308378808621287,0.523496777966643,-0.502591508996408,-0.442169834078025
-0.338317,-0.0995516560081716,-0.396875271180694,-0.157544516617912,-1.05911040243942
-1.52168,-0.685116344942136,0.887455084969398,-0.687812147836593,-0.431776203728596
-0.336307,-0.131072936670795,-0.406671117119972,-0.162413667026709,-1.26636200307086
-1.404,-0.45548380039215,0.944004476575571,-0.654674542673293,-0.196400610827166
0.114132,0.00268248128221656,-0.442283737403019,0.000603204793814083,-0.636366140271277
0.0311339,-0.0649950770047788,0.0288832741945133,-0.112187743592863,-0.154380197841899
-0.135019,-0.107718145543076,-0.414150307885984,-0.078962059632449,-0.3304458065014
-0.728246,-0.277488101591348,0.803077791892489,-0.535648966243284,-0.237800083388676
-0.366239,-0.160544269668979,-0.351164802507155,-0.182798755384798,-0.489682890841086
-0.468946,-0.274088417350324,0.258202923928556,-0.247166181303629,-0.0193047777718745
0.396801,0.107460865686147,-0.430097835046691,0.0911878219411827,-0.127628929049096
0.345909,0.0757917159834621,-0.287873497895646,0.113345324741016,-0.164774526256369
-0.616264,-0.215279740963199,-0.293396395994371,-0.184208832820527,-0.0799278476524936
-0.515234,-0.227440442762571,0.525831948007111,-0.394034643928205,-0.424034408001764
-0.298432,-0.155270499713909,-0.326162651045356,-0.170966051996268,-0.656802661044729
-0.874415,-0.30123534198934,0.479675151162581,-0.366642676796673,-0.369270022391232
-0.302014,-0.120364086393372,-0.39465171370833,-0.125447774703969,-0.902435302722863
-1.24828,-0.41651768006986,0.942465221974798,-0.563077440288795,-0.0242346172177919
0.331822,0.0666814078564937,-0.43870972422041,0.0957236777431562,-0.408398560715861
0.339117,0.0500429227473682,-0.289663590980736,0.101618026465793,0.0983225969870524
0.10971,-0.0474727549179055,-0.425890895508026,0.00599957337310284,0.115653142577077
-0.0638086,-0.0894047067669242,0.04100093404039,-0.0733402142955008,0.00326057459582086
-0.0377307,-0.131321164152448,-0.409968463799947,-0.0655808963943516,-0.351747319560517
-0.692941,-0.190756951749182,0.771584909769196,-0.416893689371156,-0.288950509159446
-0.600153,-0.198903493215499,-0.353195853068744,-0.146629267736088,-0.39990387814059
-0.301747,-0.170695559081309,0.263119797604508,-0.15248330904664,-0.128697927457616
0.370056,0.0642226179070483,-0.43833132036506,0.111851114048376,-0.0820892464565591
0.31689,0.000894399756485212,-0.306626172303902,0.129926432835068,-0.159123943323805
-0.576051,-0.19587403940699,-0.293517467573055,-0.150708558763924,-0.149550291306496
-0.655312,-0.236273575227788,0.493461463278116,-0.291039821647736,-0.391079006128434
-0.216154,-0.164753357866835,-0.400450224910601,-0.121218042358585,-0.828960414371935
-1.23268,-0.386155278263359,0.89944056287036,-0.440723586729474,-0.0938573720094995
0.114534,-0.0717619984523537,-0.432523642734923,0.0345623920971732,-0.570817469157267
-0.010359,-0.0862698404165647,0.0156244222753352,-0.018381945781972,-0.177524334574782
-0.175032,-0.128468636800842,-0.42624420991362,-0.0378789596323399,-0.476555089782755
-1.04656,-0.276102879825555,0.743257529573618,-0.332799801844504,-0.22503287216623
-0.35317,-0.211193751640186,-0.3728658174847,-0.149120310025616,-0.450570568650682
-0.0261145,-0.0349364732828038,0.233259058481282,-0.0803038812942665,-0.10709943216724
0.222485,-0.0216529918370001,-0.443745812085581,0.0800054931346644,0.0683488873948709
0.250304,0.000260177972599692,0.00783034273183627,0.0251992805201619,0.127000612429006
0.13065,-0.0498816812733774,-0.426740932566683,0.00709128274357409,0.00960313263132166
-0.259164,-0.0439313448904483,0.722828270045106,-0.220670534995871,0.074602268225384
-0.0116059,-0.0825436215312118,-0.366784325422816,-0.0801389564669859,-0.0589393465806154
0.0219977,-0.0631128378886752,0.201847570925258,-0.0604304381779832,0.185712000854315
0.420778,0.0551407995692639,-0.447810344948159,0.187126594817635,0.184005072303303
0.427254,0.0208445101756597,-0.322039539774385,0.190536223420499,0.153464482520548
-0.0324087,-0.0601018182457742,-0.298898155908863,-0.104402376875568,0.124983223657296
-0.180793,-0.0638748394329822,0.445563651279371,-0.134457387030402,-0.0274491025759612
-0.0138874,-0.0860633199535131,-0.411227309682841,-0.0295752036971907,-0.334541035897429
-0.6934,-0.0708461471931308,0.89359455467561,-0.234071341547736,0.212221310021199
0.469799,0.068546157783872,-0.376869987221187,0.194750912681245,-0.100012123718926
0.49897,0.0571059955876379,-0.310934571436821,0.176092148734217,0.0564246567712954
-0.303392,-0.0977744545034952,-0.284166804756369,-0.169205964352881,0.437467875768379
0.477031,0.182016007329344,0.241170680703208,0.0726599645688323,-0.0978110861226962
-0.081531,-0.0828154415314483,-0.42667988145469,-0.0706879827683707,0.392053075791224
0.434627,0.28998953006564,0.541409955663146,0.0713252021259911,0.117705557164185
0.214909,-0.0221332869455781,-0.434035662055254,0.106071648324063,0.401784748303856
0.498339,0.0840906964689244,-0.0839999199341313,0.145459666953618,0.16021504980847
0.0328412,-0.0591547656774955,-0.435061788471284,-0.0197094741813231,0.412183868532204
0.468929,0.284958708086038,0.463742873669805,0.128940231265187,-0.0634331511972628
-0.330629,-0.128573925411284,-0.425968256347106,-0.164476596511411,0.398039492689445
0.483311,0.151799631943652,0.137287012162476,0.152794234117675,-0.202614558678362
-0.295508,-0.119657999423357,-0.439645813825573,-0.0968095498759581,0.406026661924015
0.470427,0.366479595397845,0.614520410787895,0.11484317162308,0.0166242219922325
0.192308,-0.0424845030418539,-0.447162005430094,0.0984096119672322,0.399838836851361
0.51514,0.086078329558966,-0.0594783809880551,0.179345272117375,0.0798352337225921
-0.129347,-0.0961620709866373,-0.455578598200624,-0.0240047139749322,0.40407344693472
0.447061,0.337217384666486,0.499116017333211,0.168342780841814,-0.162038276045181
-0.421602,-0.127514914519041,-0.40871026022757,-0.202369142001787,0.432772254998114
0.503873,0.159687699896581,0.166491372293766,0.175398325210729,0.0591404835831284
0.434082,0.0070342582164054,-0.408316377390634,0.206561142279093,0.363525674935315
0.48956,-0.0144644111040294,-0.319101563572554,0.191472137939731,-0.027064916053469
-0.641303,-0.149296391452896,-0.355427265226811,-0.239237550931352,0.455527747023446
0.469209,0.248077368567077,0.366763386996151,0.146035000161022,-0.129750090539844
0.178673,-0.0689261503225291,-0.445898934848868,0.0839621204204833,0.369977546809336
0.491824,0.0745814347403934,-0.0466652907669947,0.172683051405199,0.0804817409959569
-0.110562,-0.0892681401921741,-0.448596152440467,-0.0558650576287244,0.403909723630732
0.460044,0.35712279373009,0.530526095938186,0.162976594001708,-0.118376111140627
-0.331321,-0.127195496197802,-0.410667629588007,-0.216228938153843,0.432570232080905
0.489983,0.167852566552669,0.176503222818874,0.176377607709764,0.0932430360108596
0.422322,-0.0224248902510459,-0.415273965956502,0.192610464360833,0.361900200713523
0.478523,-0.0576058347885531,-0.326855448837109,0.205079996667695,-0.0114987813394892
-0.583207,-0.174613142501479,-0.346335247588658,-0.271957240916926,0.422567919490917
0.472056,0.26825711153223,0.360940635957704,0.164707984388894,-0.297289391088136
-0.278671,-0.130594307372681,-0.451085711780312,-0.144858342471995,0.394576253640667
0.455993,0.461488022594951,0.663512921328655,0.167274990988017,0.120307662879009
0.423537,-0.0420779723251595,-0.417552707657794,0.202115998860051,0.40285165468784
0.487345,-0.062201664505985,-0.326539975866209,0.206820371372383,0.312802881057374
0.171241,-0.07948867513625,-0.438091065902171,0.0485689781709322,0.458600204042057
0.51823,0.0619436505061981,-0.0286882557890718,0.1652948509816,0.109108086448908
-0.0580725,-0.134100530148209,-0.450371162026159,-0.0850150822698851,0.40524775586943
0.457081,0.402631042249997,0.537880255544144,0.187819201451755,-0.159891544078503
-0.443302,-0.16813174029415,-0.422698947504686,-0.266572094123496,0.314220406317573
0.466574,0.165145763439902,0.184170850638597,0.157483764247085,-0.692445322437454
-1.29355,-0.349627388330786,-0.444420552592019,-0.342768303105748,0.28389690051057
0.379542,0.247658469409191,0.365480207125712,0.154879202814379,-0.869370236545072
-0.831873,-0.273285948881402,-0.488514105193876,-0.349844318016449,0.135200030937037
0.31093,0.418410029709726,0.684967525379499,0.15461411980236,-0.873028342937292
-1.30799,-0.302315828011126,-0.46304011913101,-0.386116462312587,0.241606441977781
0.335982,0.145294658379019,0.188693079999551,0.122124672452658,-0.425254523990416
0.261907,-0.0741168699644648,-0.423838491961801,0.100349959326254,0.109550563319183
0.347385,-0.0775931678120967,-0.31543795711688,0.13832196411711,-0.542009177667742
-1.58947,-0.350548834745583,-0.361905535066587,-0.378412754762017,0.25299266684642
0.323177,0.264182688746058,0.401913235491983,0.154848721180079,-0.984966477518449
-0.83703,-0.267473979714128,-0.489911015683956,-0.386239024281574,0.183349196210837
0.338675,0.449164592177662,0.692562684244993,0.154430472638193,-0.35244123574548
-0.0751586,-0.15789338038798,-0.45771402589659,-0.0480397057852245,0.286963935379155
0.531447,0.0488850195547404,-0.0237989062324987,0.108241502352105,-0.220945956662647
-0.53024,-0.202285212943296,-0.466947328143313,-0.262021696194498,0.374328732482029
0.357958,0.374391690255044,0.556285293207299,0.166064607785592,-0.198897620111465
-0.0694735,-0.134320774134641,-0.449689046326577,-0.0661462925038725,0.27367097054792
0.442507,0.0542320142010274,-0.0107698271732111,0.127609974605432,-0.262943790511154
-0.618068,-0.189708904934028,-0.455914750311332,-0.265853779100477,0.258412537331116
0.330216,0.388671940969694,0.564518079812918,0.163117213266447,-0.690889300184358
-1.13506,-0.316813392678175,-0.425448179811582,-0.39181487330769,0.28056763853927
0.374544,0.163691287833199,0.203647178640144,0.103238683024409,-0.358752054179661
0.238399,-0.0616011273496636,-0.408406157851621,0.0587005378775092,0.133236601330351
0.345631,-0.0775672172167898,-0.321068524335312,0.12193344789797,-0.571223643084459
-1.64956,-0.349574096171669,-0.368264154242435,-0.442998564335274,0.265530098626083
0.368959,0.270189593964333,0.394196190367948,0.128820179437802,-1.04598294495832
-0.901386,-0.271494122470003,-0.480346997501185,-0.404682555126255,0.146422694454923
0.325491,0.45702392826035,0.683464559778158,0.126703570955916,-0.690339073124147
-0.786362,-0.274196073042052,-0.48631503471071,-0.414705274222382,0.206949122815733
0.304491,0.445912274377522,0.684893107199173,0.152580395045789,-0.352673958490285
-0.117926,-0.136304158612081,-0.458853236355145,-0.0751448440358291,0.21041748105153
0.419102,0.0592426138741355,-0.00400633270877424,0.11012097125318,-0.363878080564868
-0.803184,-0.217919212781359,-0.480395985431325,-0.29773491352414,0.275607094418264
0.37254,0.415132547552877,0.594351945042247,0.14389708585605,-0.683779249212362
-0.935622,-0.262928158283634,-0.434814049117761,-0.520768881987071,0.307190702854623
0.412203,0.182753232175606,0.217591785840783,0.0952680729440867,-0.241695408471956
0.292142,-0.0681526785711807,-0.424635371438171,0.0796255591805281,0.21918533018898
0.406586,-0.0792778924433,-0.325641684657554,0.120375041058771,-0.336150115375011
-1.14879,-0.315821821349859,-0.358778801271805,-0.520416547148974,0.262578051543133
0.401193,0.320006671404761,0.423590055705679,0.136885898964494,-1.13949931607791
-1.63985,-0.345053032524398,-0.421626662627545,-0.553420834056191,0.212798952595619
0.371165,0.311251731380576,0.414550007391881,0.126309720039685,-0.99266928581561
-0.786288,-0.285895967863403,-0.487661644518671,-0.44376302215741,0.210764401267659
0.312219,0.528672847247483,0.737188861137806,0.142322940066972,-0.175475331267499
0.302439,-0.0718452424212348,-0.423442334155978,0.0552309892988216,0.229704673283002
0.35673,-0.1012635990585,-0.328851378131726,0.0714354141143343,0.102440165927288
-0.138393,-0.151431485258198,-0.457944043304899,-0.136662735838845,0.307268296954113
0.378016,0.0532956392863376,0.0188858966216318,0.0641018854117298,-0.20777652755803
-0.444083,-0.229718070252923,-0.478172353937603,-0.370688454630662,0.248387045074673
0.330447,0.419555491654743,0.604514552898279,0.136388035740186,-0.484457327638786
-0.826248,-0.262499991679236,-0.4293063505144,-0.5498413414147,0.329858198904479
0.443157,0.201510889183004,0.238214516715928,0.122622461116008,-0.161516259559242
0.365421,-0.055874480424873,-0.423773110417117,0.0714237184743174,0.251812630150196
0.433243,-0.0749520522299078,-0.327972345718542,0.119483897460598,-0.294687170798954
-1.15631,-0.278225787165941,-0.342796210689422,-0.574907624981053,0.34889736825859
0.412842,0.340294472196611,0.437106760251531,0.146459510992492,-0.707547212848194
-0.644228,-0.23721328418857,-0.472202912282752,-0.381424200151245,0.281036191091855
0.388523,0.536015939644531,0.744948116166936,0.156752013400937,-0.19544983764564
0.0873651,-0.14076268294996,-0.460893609936179,-0.0633281588721102,0.295023473573618
0.439181,0.0779586389124449,0.00313866026186592,0.150603488390654,-0.0645058102052906
-0.325411,-0.174758024154469,-0.476426375611661,-0.229849070480365,0.313341176675291
0.39353,0.443662671512658,0.625619382248844,0.187210238505931,-0.436050039235792
-0.837984,-0.23963213197516,-0.439330435224033,-0.479577444860154,0.345523523145664
0.454436,0.199188395862995,0.246174756535139,0.169693984567944,-0.324036143503913
-0.0411113,-0.13763743339139,-0.472768589880907,-0.0299289684096127,0.323087243655065
0.46745,0.0699224384522548,0.016879975065237,0.162388375021007,-0.120683640821162
-0.342142,-0.188284361026028,-0.478733413787364,-0.228443668207582,0.33776767190696
0.417023,0.454751746398454,0.64400555657385,0.194786525507991,-0.374241984991048
-0.682986,-0.244116724414129,-0.438004302223874,-0.481905372954647,0.370633024835167
0.442495,0.197749858718961,0.244896890725754,0.172331270276307,-0.115681577311511
0.315033,-0.0441874663479396,-0.42518148769441,0.146102411343779,0.259767519705559
0.421718,-0.0874022739157169,-0.341154982837783,0.171061199926587,-0.294531280369884
-1.11069,-0.255356116094031,-0.36607787940577,-0.53056619772999,0.345725405026538
0.416441,0.319271286313975,0.475043182119422,0.185405319624683,-0.668244345891266
-0.598571,-0.236105361403314,-0.481986182807149,-0.346438199821122,0.296591074853497
0.385183,0.521864465581189,0.788727652675003,0.175131038462594,-0.0905519454072606
0.306657,-0.057162431830719,-0.422645599476482,0.152917331136659,0.240903145820604
0.430036,-0.0860548267972906,-0.344846019954939,0.191646927156291,-0.316532906320336
-1.14853,-0.25009426619512,-0.366862793653655,-0.474285057816436,0.352664566638154
0.422485,0.325104847312869,0.476138058230567,0.218090274602441,-0.67177993953119
-0.555046,-0.214727040612549,-0.484490936979849,-0.330189045357027,0.254549411654385
0.329021,0.259884046833897,0.716824184165033,0.0919157063645795,-0.194660583197412
-0.00240384,-0.127861455757808,-0.469996096753327,0.0177437519748162,0.277962479659549
0.436927,0.0694642092323783,0.018201406630488,0.200682592255533,-0.083061235210205
-0.273562,-0.16921085064172,-0.485960116834091,-0.175469130502051,0.309447885873521
0.424739,0.440619598799114,0.64721899770837,0.231759604309977,-0.481926590364269
-0.978017,-0.248108590163771,-0.452476631550649,-0.404645417550947,0.313093148467387
0.434072,0.195311889289667,0.270922173280605,0.224728783798129,-0.648875162969701
-0.665755,-0.213899252373803,-0.478578622991765,-0.299797363607842,0.290606100937196
0.377749,0.51893302970188,0.783796658251062,0.230994448188602,-0.236673102953443
-0.000873826,-0.118846513040984,-0.473938857438675,0.0330962487995685,0.306335973980055
0.463514,0.0587758657970411,0.0164641373296073,0.214612595591731,-0.0596563338681656
-0.223834,-0.165781482028473,-0.48788245708082,-0.131720252662711,0.317953820774515
0.417946,0.430880289678245,0.655542097789719,0.265085931650684,-0.461364006642723
-1.00464,-0.220745740444684,-0.451155214553256,-0.363809826112733,0.373555794706648
0.428998,0.192399483228959,0.267773322609027,0.222804150623786,-0.246239838009324
0.321063,-0.0484515231663322,-0.428580729044695,0.191699233850125,0.249717933163675
0.451712,-0.0669208366376616,-0.341053745359726,0.234400770033483,-0.274177805232944
-1.0852,-0.249552682151247,-0.351519113849047,-0.413239446770648,0.430718527093151
0.476828,0.350293450380218,0.491277268762848,0.25478368890296,-0.343514165661642
0.1274,-0.105858010610622,-0.480035486698124,0.0636394608778858,0.347211262521185
0.496562,0.068515997158543,0.020280634479854,0.211778586547459,0.0603266888418402
-0.0936435,-0.149607263075152,-0.48498428358318,-0.107576951631234,0.390650145456671
0.47204,0.48993512821374,0.673409299034626,0.259797534390059,-0.221658245774914
-0.58803,-0.191187827560806,-0.441180342884161,-0.294101439411092,0.431450246229167
0.477188,0.210035299527738,0.263382373222336,0.240135991208962,-0.0271447025597569
0.390658,-0.0345569006320629,-0.424198960229119,0.197461979158162,0.348617062543499
0.492944,-0.0806880666640006,-0.353348380061613,0.269518283060696,-0.0131998094354509
-0.549356,-0.177464827968818,-0.33678172826625,-0.317935131393784,0.430322704108468
0.471323,0.340547879642675,0.479328935300687,0.271645197878919,-0.25273825524782
-0.205941,-0.155494433071815,-0.47029442667717,-0.180027841450486,0.387888008997402
0.440686,0.548778381890124,0.800965629348941,0.265522536761232,0.137356392814829
0.38842,-0.0442174790440485,-0.428191872431625,0.21414114807635,0.406174690597755
0.50394,-0.0738289547504277,-0.356476960737508,0.283575746074568,0.284878854081107
0.151188,-0.0942530974570827,-0.453311303866136,0.0633048274584059,0.435374873393511
0.473215,0.0849150941779196,0.0305084397883824,0.211481632247317,0.042353480188183
-0.200014,-0.120619564124145,-0.470188567128222,-0.0713662320065618,0.394183517147396
0.487894,0.467033538546487,0.649124828721381,0.257488983861925,-0.248861390652478
-0.525676,-0.16144142339133,-0.425832766588696,-0.269697974192413,0.380624075068669
0.504347,0.213847197776719,0.263834159990665,0.234036103051317,-0.415003588502346
-0.58941,-0.207882611540961,-0.381964802743955,-0.298812139045596,0.379035760706829
0.500116,0.327266673303738,0.450138749481531,0.271158174373301,-0.348379310836729
-0.35828,-0.150128701432451,-0.457654503874088,-0.155052267200463,0.356834736564995
0.463247,0.545467018203874,0.77862437117715,0.256902123413882,-0.253715635500289
-0.386891,-0.165373459676641,-0.431102567429453,-0.241462941518918,0.419190747902731
0.497957,0.194505554769451,0.250460947979153,0.242777198671831,0.0584962605182206
0.402744,-0.0329023176010033,-0.423124655446613,0.238755800783588,0.358165664885958
0.485128,-0.0749965104038033,-0.350468047373164,0.280797468217842,-0.0603780442511729
-0.683363,-0.158360750383917,-0.34108907839834,-0.248375840669012,0.438015306522652
0.503635,0.338724935954721,0.474188923786331,0.283137247563849,-0.336552363888195
-0.264188,-0.140358214251484,-0.466468520110916,-0.145777614241652,0.381082601293161
0.443745,0.527106265338622,0.788344550317703,0.282408276316129,0.0251510788806775
0.186786,-0.0888963211382947,-0.462305635953302,0.121445676201356,0.387084168052449
0.498031,0.0758695856721146,0.0121538383212409,0.245484789469622,0.103726361429118
-0.0745718,-0.111956627313521,-0.455814476906636,-0.0275172994287636,0.425597856894289
0.439811,0.432345553681045,0.634811077313939,0.286620064415594,0.0763269674584664
0.107832,-0.102080337823076,-0.462812939279888,0.117376199890984,0.374553160683452
0.443202,0.07420408469338,0.0127295481279875,0.253529048629485,0.0664753326488543
-0.0705559,-0.106380408849796,-0.454092978223668,-0.00987812647407263,0.349885478817454
0.423636,0.424631086922099,0.619067314775412,0.295747882305066,-0.197770424991898
-0.542748,-0.16164381229624,-0.403013643566699,-0.178267217252633,0.400156455331764
0.454329,0.181568469407125,0.216144896025938,0.252479947046115,-0.0237535273959867
0.372227,-0.0473247114623066,-0.418008006146904,0.222338842024511,0.307503193620797
0.438458,-0.0565075620540892,-0.32631286449378,0.268740714437113,-0.0935047567962661
-0.711749,-0.155203072991667,-0.321264062846233,-0.170024185298937,0.390074697347799
0.465487,0.271301703581772,0.386469119913236,0.278056901041247,-0.413893225530095
-0.393212,-0.135760137796891,-0.435278392206596,-0.0827071008955759,0.315414627615941
0.405157,0.427581967671526,0.671859469772618,0.27845690740512,-0.237472191392034
-0.29085,-0.121361192197181,-0.422911784561807,-0.0787581520218079,0.348727868091233
0.427383,0.430558379790884,0.642891112017209,0.290534940133296,0.00833060420728825
0.186263,-0.0670073516357235,-0.444423596542849,0.160113945453179,0.367944902455093
0.4844,0.0649795948418948,-0.0500742830667834,0.266229721947038,0.0744823070140951
-0.126059,-0.081773150399372,-0.431872485374097,0.0305791130768842,0.381156827556436
0.413582,0.351149753981176,0.511521816473096,0.289215382889947,-0.128154760836995
-0.334922,-0.151472632563115,-0.392522780562414,-0.134548591825619,0.403253245998056
0.475043,0.175980136096139,0.156194405211333,0.254837229408483,0.074085857728415
0.392469,-0.0304176113108822,-0.413266223088955,0.271022967361417,0.342709993664363
0.465542,-0.0502918878903218,-0.319515698529029,0.285844912218874,-0.0695524424373475
-0.673609,-0.162212864910972,-0.314905615614149,-0.149958538634738,0.375742648033429
0.449087,0.26615879663619,0.321751123636852,0.287010477250877,-0.53335938600103
-0.713988,-0.16509207798118,-0.350782781011498,-0.158136332748589,0.302286596585928
0.374815,0.244850018236818,0.309207974048703,0.293922090271117,-0.347617410918548
-0.229977,-0.130873041455879,-0.415245397335554,-0.0532686548777965,0.3216938845267
0.409709,0.417840081430717,0.592304132780256,0.297075416660261,0.122079252206183
0.400857,-0.0228520506916352,-0.41118406119534,0.249861440579323,0.374780566629122
0.460949,-0.0437263909046514,-0.322909216501591,0.290955350135075,0.306098697701107
0.18907,-0.0631802330697407,-0.412151956399423,0.178169977746043,0.432281539071092
0.471677,0.0679851005405911,-0.068219098520232,0.282391585148112,0.158603078692069
0.045388,-0.0776430824113896,-0.395602984180719,0.0589446528558036,0.385645835082164
0.455936,0.343850592824902,0.44805131234647,0.29616048698321,-0.119843588451873
-0.486792,-0.125375345792272,-0.37114998577588,-0.0888117591401622,0.435933966794353
0.484696,0.163003710206792,0.117630943033996,0.278747112178811,0.0123453740443415
0.387106,-0.0106587862365657,-0.405099605092222,0.293126445104203,0.342898502435966
0.463321,-0.0327698620157222,-0.317215169036858,0.315197822640707,-0.0320583014142949
-0.596061,-0.147983961929235,-0.298938406166766,-0.119712465252175,0.424700245681938
0.485479,0.239846273020994,0.274001521238358,0.295375143840585,-0.268089831018855
-0.183294,-0.122356079046576,-0.390687203192352,0.000244937349134833,0.369062818192444
0.423697,0.401084781696599,0.550667789749316,0.307510294273032,0.0516227260613853
0.174571,-0.0556228470626083,-0.407597797548314,0.216282132296834,0.367929108274316
0.456489,0.0637795405776251,-0.0989602445615051,0.299804665547516,0.110870199905962
-0.0339644,-0.0824127243602169,-0.40592714112492,0.11201089658853,0.377682709081346
0.457686,0.326890280699463,0.414912405422444,0.304940600292784,-0.155724734716849
-0.483922,-0.144339392541687,-0.38313271492207,-0.0544165859615499,0.417516989814633
0.477516,0.13458715421462,0.0952785008576428,0.282367403147452,-0.0596485305359126
0.199914,-0.052011890696816,-0.403458512385731,0.22424650214055,0.386750410769787
0.486333,0.0698818312316345,-0.0949549156622282,0.306810784991539,0.134920285408111
-0.00422188,-0.0778007335603817,-0.40854483528508,0.111537239043255,0.392059092813767
0.436458,0.307996677368454,0.405290788158683,0.307064666810478,-0.0809068488930565
-0.348755,-0.104991936475576,-0.339981469622732,-0.0437758510331621,0.42784980641905
0.487478,0.151228571297766,0.0900805126651214,0.29796208963671,0.0827474901605028
0.414156,0.0204959201346889,-0.39151694413052,0.323105870299923,0.365478842224832
0.490811,-0.022066019479686,-0.336279282716746,0.345907275472475,-0.0112486247556861
-0.570989,-0.150741142824124,-0.295513482995591,-0.0531998011072174,0.419658533067511
0.449892,0.211165882901994,0.232144816826588,0.307319067892324,-0.279056472904192
-0.246675,-0.115851857389726,-0.376550361156612,0.0503030302124119,0.377653946916125
0.425107,0.347000233848839,0.509009178644921,0.312450346455871,0.164272052539302
0.501112,0.01057580145364,-0.413012442377493,0.346884981517088,0.382732502324395
0.520267,-0.0387094246102375,-0.332109231035387,0.350811168983129,0.192041856299244
-0.188478,-0.015542903076347,-0.168338671430985,0.0789374468138009,0.482969124800102
0.503487,0.233053398383001,0.482234812572643,0.300651599670174,0.039024007180389
0.108366,-0.0330714693966997,-0.287385001555312,0.142986553903935,0.438237338713534
0.473049,0.270655150967561,1.30291350905109,0.291640431883464,0.273278042353404
0.378998,-0.01637988272536,-0.360944499167537,0.282752561731115,0.445937000850064
0.499926,0.0281638751211257,0.00977165388099195,0.334629971548337,0.33184184304355
0.255286,-0.0194229756601642,-0.291440579505346,0.208993942623733,0.444021224228434
0.458233,0.175256942488201,0.862189529589091,0.309407362239479,0.196943079127728
0.0455796,-0.0309782946134983,-0.192504290208633,0.100640652707592,0.435683476692293
0.476543,0.0821804985518299,0.313559668587636,0.322813217365317,0.163030403007635
0.183277,-0.0153428761678246,-0.236194277263579,0.166496800462794,0.43242753806164
0.446104,0.23254332112762,1.10530075334304,0.321739526074838,0.326179745945192
0.426967,-0.00948988611054718,-0.350060723879642,0.303701270571528,0.44128566696596
0.501744,0.0499138679682717,0.0451825526648194,0.352629413806676,0.359232573370134
0.279451,-0.0123701541207466,-0.289021583705047,0.238690092754459,0.43251627540232
0.420737,0.181163443836602,0.970794877786756,0.318804418609684,0.212709023203043
0.0542691,-0.0310633234351903,-0.205787379996634,0.131082888614429,0.429682355369486
0.445233,0.0825816176393104,0.419881306599259,0.318455850709274,0.308752936643626
0.525277,0.00954620116300924,-0.429375320370736,0.385579172649254,0.411461585968091
0.501642,-0.00252339134908911,-0.290825990236112,0.381086162235751,0.25966308334086
-0.0587724,-0.0116812085535278,-0.151768604592486,0.117194634816203,0.463314995043061
0.427952,0.124325251168214,0.688651990392217,0.310551622957539,0.214641819573268
0.395529,-0.0197243947381928,-0.375792572775478,0.311736993231168,0.409584160308892
0.482601,0.0439367745680448,0.048728525653325,0.341111049429861,0.333576531213308
0.261768,-0.029482402627124,-0.321120509671939,0.244366644192144,0.412225539777708
0.393793,0.192082048813723,0.913262109182177,0.313149114502452,0.215737138915955
0.0799507,-0.0423862687542116,-0.233179267440397,0.14408485635663,0.425047204942594
0.467324,0.0892879797746108,0.332104297734409,0.326214391141014,0.309622485833143
0.503526,0.00289598342523515,-0.428771660294265,0.379993850716106,0.429644628094102
0.501979,-0.0207068467834139,-0.302262984368548,0.386877322824438,0.300751962118998
0.0657762,-0.0149079333515682,-0.178569215473084,0.126666514370037,0.434237334558843
0.389963,0.12866670992512,0.596640454524443,0.311580582049808,0.187971165225187
0.218843,-0.0278623421418239,-0.294268522502463,0.222659053890562,0.372282832616977
0.373028,0.215485043917879,1.06028423372391,0.304356523915516,0.373866991881884
0.512176,0.00147090926738732,-0.431540228268082,0.387928956738945,0.422115120733074
0.502245,-0.0105281212757476,-0.30091541761049,0.38478655712367,0.458894401433156
0.425073,-0.00908948102140622,-0.361080239800287,0.30809263463899,0.477412567771396
0.481212,0.0354331263980832,0.0310636684459552,0.334505483271574,0.370105438652967
0.301732,-0.0340458087157548,-0.339089255722656,0.252763752992266,0.395254998185643
0.356192,0.179408773242328,0.835064297643168,0.304159219237902,0.207957838668374
0.0395641,-0.0316392256041986,-0.252684735035232,0.155335884505535,0.358154327986781
0.431,0.0713571597804616,0.302369890157475,0.326734672505292,0.0366451477938168
-0.0768176,-0.0239795273185208,-0.222786223489648,0.146708260581407,0.363769815711318
0.366183,0.11746166257424,0.562034946865596,0.315015311222491,0.119063994097364
0.240048,-0.0320976552847118,-0.314101704680384,0.22769335509178,0.296792016305301
0.311071,0.203773813912186,1.05746014600291,0.299221365506963,0.189134649814314
0.0698888,-0.0235178580618568,-0.274099154654063,0.18393540630971,0.378845180532459
0.450202,0.0778889535537123,0.308818638574307,0.333988058344009,0.295666778867395
0.496254,0.0160426250024592,-0.433891480100607,0.386201067524793,0.415283151452282
0.495196,-0.0108110973253717,-0.310924420023257,0.383494458697022,0.278243324586523
0.0219293,0.00056567568528554,-0.20304407144491,0.152827635231757,0.434219548057868
0.395972,0.130080404472931,0.556895284278504,0.299167490766068,0.175250292527933
0.242936,-0.0297633580245401,-0.330442182335075,0.229207339596935,0.346616358878659
0.331836,0.194384330647567,1.00839250809812,0.278862542099473,0.331809091759155
0.397366,-0.0143013303846287,-0.396767280265285,0.315102661047914,0.383134952824074
0.471407,0.0320892278755728,-0.0017124213140252,0.330226980616254,0.341750985350731
0.296207,-0.0281167585182088,-0.360199696131721,0.25874856714758,0.382062567449966
0.301507,0.165137857035981,0.801935806983871,0.279695752860928,0.324289460068218
0.317966,-0.019088213244788,-0.39545966197841,0.304171923811705,0.344676114572763
0.434533,0.017920779060373,0.0168114214312519,0.316126966826446,0.210058980469767
0.0989661,-0.0620941307715992,-0.353780599723069,0.242622233627171,0.27535860830088
0.17975,0.102374882231681,0.806375699559418,0.269316389076184,0.0104790382050887
-0.207369,-0.0540573206712165,-0.293693169805294,0.158697119914561,0.256197606707009
0.325546,0.0477040371259975,0.28545452213557,0.290800162370659,0.127920751884885
0.41186,-0.0192022684742241,-0.439267583723388,0.35423977906496,0.313171617645215
0.481559,-0.0256322489238706,-0.319449190714372,0.367442325897121,0.070050157834673
-0.332147,-0.0986115726508192,-0.240912676251221,0.135585584386158,0.347949404543064
0.267377,0.0539760581160379,0.538112410312014,0.262627460141527,-0.102617097026899
-0.00700895,-0.0730925760436057,-0.325506070885653,0.181405781711228,0.140961032278545
0.0990476,0.109556034299472,1.00321564322448,0.239763464306384,0.0192343077818097
-0.0150225,-0.0972526702357341,-0.331756700328222,0.177925591909373,0.136866240621397
0.167645,0.102221879589262,1.00783567366255,0.239314829575632,0.145314056401783
0.28231,-0.0551743711198338,-0.39445037032033,0.281367387716619,0.239030761099984
0.363327,0.000742500218464887,0.0215322216539531,0.298728908172511,0.219530378169944
0.18419,-0.0622975285233243,-0.361373414580132,0.214807061525901,0.244568859427482
0.179213,0.0848388515936487,0.809869467993729,0.250428356767666,0.0668018861192428
-0.157813,-0.121796354394649,-0.292690099859265,0.136401093904762,0.288489341234506
0.386246,0.0695173406937449,0.303469463583622,0.284452282261488,0.163266448443585
0.4516,-0.0331049068351523,-0.433575167920371,0.337500870311092,0.320401503041637
0.418275,-0.0370408496525213,-0.305681394449996,0.323502311347084,0.12511020911588
-0.250523,-0.0913240758498252,-0.243706860126387,0.129683162401861,0.318336757957401
0.278928,0.0573761698942901,0.535334105596926,0.261890996861628,-0.143508593616015
-0.199625,-0.0916961340575807,-0.277662547472865,0.136893067912551,0.216167608686066
0.233141,0.0346329490357222,0.521757732532027,0.258179242676476,-0.00359419298590488
0.11639,-0.0757653258892583,-0.354232699899262,0.201118112077045,0.19352027960217
0.166726,0.181241350036901,1.02185198677204,0.240937303901408,0.288774294510177
0.449975,-0.0163348230601403,-0.435599561762637,0.344763030345902,0.312007068485982
0.476283,-0.0548876516040627,-0.316402727089451,0.344362555295796,0.398515212140117
0.385564,0.0106236608464553,-0.379115846640139,0.281875797635765,0.44202050676067
0.450359,0.0186449386847054,0.0346291344497602,0.301463009373645,0.316685237383183
0.238197,-0.0402798562336702,-0.361130209538486,0.230900405996085,0.33221932923797
0.249467,0.195469565331701,0.844533987724508,0.260416561110843,0.167403517513986
0.00779745,-0.039277149803063,-0.28757116470983,0.153350784988409,0.323992030453563
0.395002,0.0423887635815012,0.289152446323367,0.29062039920937,0.221710093195499
0.408921,-0.00712633716961447,-0.436019870750293,0.341768610479091,0.342399768890825
0.426411,-0.0431495615000382,-0.306121717544442,0.351748754480244,0.132539220015301
-0.174195,-0.0797209519219295,-0.244407065351132,0.131371305784028,0.258604207232455
0.114145,0.0475077482990579,0.544188686805797,0.262737218011101,-0.0494165881425293
-0.0185573,-0.083638147993278,-0.336541114597778,0.186723909789685,0.0478505674446528
-0.0367002,0.0955217998627829,1.00225877051924,0.239004480476985,0.140375151339383
0.273932,-0.0571356474917122,-0.404573627424573,0.274821236581458,0.15438224610697
0.365049,0.00547502731915807,0.033346633762276,0.298739241878785,0.214601622268504
0.191353,-0.0366878324050434,-0.360580128511874,0.22547521203519,0.300553832771051
0.280348,0.148317464453933,0.839175516975345,0.254759788988157,0.168053521747573
0.0734995,-0.0376504627423328,-0.297342170326294,0.151109261416896,0.332933064035894
0.403928,0.0532599242548362,0.30200786500475,0.296295264763611,0.224938535806313
0.351545,-0.027080321774253,-0.394992653346572,0.300623282291503,0.3394309721046
0.347293,0.00205048388003567,0.0339588322343359,0.298949780090577,0.259206879909787
0.155823,-0.0702739178761643,-0.360099808747598,0.21630303678226,0.285230068533798
0.280868,0.181387639344823,0.841309762247698,0.259529095843183,0.037669401874658
-0.185296,-0.129055439052985,-0.314662513740469,0.152385246167656,0.293951225049277
0.293292,0.0203945250839195,0.317555529699462,0.300351949903572,0.181703879325368
0.488574,0.0198182302514803,-0.4391675292687,0.393260193182373,0.334760187093895
0.501501,-0.0212326031119021,-0.306040624916022,0.391426634463371,0.26363568876746
0.032981,0.0154425922228767,-0.21873659214042,0.152794783707234,0.410972326299935
0.351092,0.115930308146292,0.576982183423553,0.28654966857022,0.150001355784158
0.177016,-0.0220420616184223,-0.328893072725314,0.218538054434049,0.315097290525499
0.290797,0.163863055853631,1.03102672541075,0.253148230933115,0.32954243874488
0.469348,0.00722172369720492,-0.439027928887294,0.386105546862839,0.347075060633511
0.485749,-0.0322502865013218,-0.31132957519465,0.379233973674104,0.235108979093725
-0.0253579,0.00467796278302399,-0.223935392396077,0.169633443883554,0.410630322588872
0.366974,0.109483035026948,0.562448632792508,0.297098863258199,0.126281476883557
0.187612,-0.0172555200465244,-0.34416403981758,0.228426200630768,0.302518078168748
0.267854,0.170207485891944,1.02562893423934,0.263069778297195,0.296592118825742
0.375447,0.00217752483413213,-0.39445000971132,0.326120174315865,0.351624030341992
0.467504,0.0418204762519982,0.0471471870872174,0.348907036831478,0.33590510116326
0.314085,-0.00276183879700259,-0.350108025433101,0.266847283118855,0.381853635136356
0.340405,0.15662656013464,0.844452931497346,0.284867197165453,0.244870832090999
0.114327,-0.0146987556215591,-0.274686127334871,0.176257117167588,0.362954361383693
0.420887,0.084052250454829,0.335320507062001,0.330154024093158,0.169381732399679
0.186182,-0.00653642079263922,-0.312200340736195,0.226284636643578,0.29805059153867
0.181344,0.183253676455627,1.07069520499646,0.275635994549872,0.314213782450949
0.404122,-0.00933934617005474,-0.39546507378369,0.331420700030398,0.325517490864462
0.489154,0.0549146512300691,0.0747937602437719,0.360310566837658,0.348519791582767
0.326301,-0.00300034118859443,-0.342005493153575,0.273270961383209,0.396511328961699
0.357236,0.198341096315732,0.893050680497163,0.284978738245067,0.233465447174864
0.0643564,0.00541334688000425,-0.266309493755686,0.189439384214935,0.391825739845713
0.418255,0.0839264036318167,0.351467471838682,0.339857997542179,0.294909943720414
0.488296,0.0198549922141139,-0.438975722142093,0.403798389036683,0.408164186607764
0.50333,-0.0165718376485905,-0.301207736810604,0.394854972849313,0.291252372971135
0.0702514,0.0338850462162653,-0.203363995428368,0.167767010827048,0.422550201266065
0.333139,0.124966353432941,0.615246432149889,0.308304850110626,0.278747937117537
0.421732,-0.000434725751488757,-0.391532359769533,0.325314823284678,0.366880129448892
0.457361,0.04647745590089,0.0728047898618409,0.349083098950755,0.340825127546873
0.275985,0.00327962831233343,-0.344805584446811,0.270224291617569,0.368347856865068
0.308553,0.207876026327258,0.891674717301937,0.292056764294418,0.234511609922113
0.116076,0.00865765844807491,-0.261148929654916,0.192780507779308,0.381790725875434
0.449355,0.0796547612669639,0.349391516822476,0.338922703434317,0.31916924585992
0.503508,0.0229333030642219,-0.438005678384875,0.399492768695088,0.420362735380218
0.498688,-0.0138072811053513,-0.306127448045556,0.39899391972038,0.288168437222733
0.0411669,0.0357191290932618,-0.20788891294988,0.193038418019425,0.42472111229884
0.373165,0.125093706590302,0.612503734584108,0.31289088064856,0.171689624460076
0.211038,0.00865239174645171,-0.317268108914503,0.23291426168894,0.348359790947875
0.336491,0.185338923869506,1.05913273364586,0.280457038492691,0.371573012384378
0.5179,0.0215236681766436,-0.440307542010405,0.402140267484658,0.405230194035203
0.504883,-0.0284028881274631,-0.303009479867632,0.405041931859081,0.447023464099118
0.399335,0.0101422136608921,-0.374342439715969,0.322596225397345,0.472324617465639
0.467929,0.0532923736014215,0.0751641660478917,0.361279669769889,0.355601031776476
0.29496,-0.00492137591450913,-0.350979093200134,0.268419366883195,0.382284481311862
0.333729,0.193765427050033,0.8672341596011,0.294379049537489,0.229570952000574
0.0997135,0.00140539374451404,-0.276316949186969,0.194870098211862,0.348081452300753
0.412833,0.0660092757571481,0.324935794418137,0.350788577073624,0.112651771237003
0.051086,-0.00517173355026069,-0.251081481409125,0.182116298203307,0.343645907340307
0.335863,0.116348286334085,0.575196068969244,0.32218706177455,0.151992693557042
0.205333,-0.017069616269345,-0.335160105460573,0.237416219476571,0.251549881344271
0.202304,0.184416193487669,1.06022367479465,0.285478743953027,0.212407848893588
0.165473,-0.0132681210168223,-0.288826573873723,0.199659759983559,0.317773282787255
0.420022,0.0689339651048508,0.329440184265636,0.350294202788716,0.33105875385584
0.500208,0.02072417287376,-0.437649945712497,0.400003971947739,0.409891034265571
0.500454,-0.00202355212454933,-0.306311034363769,0.404955256017245,0.280095997351518
0.0385837,0.0156991746603975,-0.217005663494009,0.178805861607023,0.398310103859293
0.314368,0.131211249465343,0.607550525753468,0.315099472468613,0.159093732426244
0.196353,-0.0108742315858839,-0.328331948815569,0.241042371286633,0.287782640010945
0.278338,0.179555522678556,1.07307984371273,0.275025695338525,0.290174032730142
0.359422,-0.00135177820392255,-0.402921155132761,0.343954993702547,0.352175059584212
0.465953,0.0440356722319019,0.0614418961702176,0.369849360958974,0.30714725364784
0.273889,-0.00903133569032292,-0.359651282350673,0.27925590009655,0.343262522109648
0.213289,0.136592305192184,0.877134157079922,0.287850161803095,0.340909685604794
0.384561,0.00988385215067258,-0.389456240802654,0.336914944343947,0.296316818268419
0.401428,0.025963840705124,0.0681816667320144,0.34929100360192,0.264174103439574
0.165098,-0.042314882804025,-0.354085757680304,0.276720785744407,0.28835691661398
0.2014,0.165065456622875,0.857476958177985,0.297470561686885,0.133662019671025
0.00425624,-0.00654963369711285,-0.279981806552102,0.20473063600148,0.314278425884997
0.423275,0.0858968450964028,0.327614529250002,0.348643176115318,0.242327200718836
0.464601,-0.00652334114486545,-0.445663422906729,0.388395937123165,0.36895491245929
0.461771,-0.0141207413281384,-0.296684848025125,0.372360259674045,0.159928701935491
-0.213,-0.0836358024154163,-0.223037487688789,0.241847322763045,0.400986445071485
0.362808,0.157018107732382,0.605722599120757,0.308765150104352,0.0560149174758396
0.215852,-0.0130854276474439,-0.333593617803938,0.240045831579196,0.281297958402623
0.286888,0.180937844250612,1.04464415927849,0.283221597230456,0.204067820065242
0.151732,-0.00543549427797948,-0.343074128125159,0.245070358250097,0.312175422556463
0.339426,0.210688445619838,1.06158914124994,0.278606705104141,0.278266620382423
0.385549,0.00696599054448678,-0.401198598555645,0.337114218353277,0.350994461478794
0.416822,0.0366134574759988,0.0555163596063549,0.354908898138879,0.299251014212017
0.23942,0.00222934991285816,-0.359269231784712,0.281543722762391,0.272506565606388
0.169607,0.109651957680088,0.859173810337283,0.287941820311124,0.100224995616855
-0.14799,-0.103898191942356,-0.310397963571543,0.229126358694351,0.295922912884322
0.39894,0.0701168249764626,0.32185364419023,0.345165202639491,0.180197202584462
0.46316,-0.00667745081324357,-0.433215667907954,0.374130158233225,0.378627965500662
0.487202,-0.0186128324417393,-0.311797293210122,0.41388198056762,0.283673864210157
0.096148,0.0242638976776176,-0.224967021106249,0.179897174669741,0.384492157162059
0.324406,0.121004676548095,0.58092764257859,0.314853515360653,0.119434457058458
0.0449623,-0.00996879067336999,-0.275346438218576,0.189560510944233,0.305706107270177
0.335565,0.100108046450768,0.560038579749709,0.314717988482321,0.132640003727002
0.196131,-0.026630020868976,-0.343812492005348,0.240912801622939,0.200710114344308
0.0349274,0.100246181088132,1.02477449082566,0.292281038424332,0.352575664514055
0.498038,-0.0126164965025085,-0.4477898441408,0.389754110715538,0.265573304777363
0.488093,-0.0129486631759759,-0.311281870431932,0.380673563101711,0.399116545572492
0.359183,-0.00680156700275926,-0.388443439531072,0.321127027122312,0.441159158412186
0.427002,0.0473041340551183,0.0661821563883974,0.359661706070201,0.320570639134315
0.259073,-0.0247604659511435,-0.362177295704994,0.272587480775984,0.355336610636964
0.326529,0.198718228777753,0.854537591674212,0.289659015067532,0.186707507387061
0.0328141,-0.0170148589832875,-0.301073120468103,0.20770276549135,0.367945400032409
0.406392,0.0695175965975428,0.317847610790023,0.334654185742694,0.272709307043316
0.48269,0.0199202107963598,-0.438221118983629,0.403462512887414,0.375916308565463
0.471182,-0.0112903981546585,-0.317072110982124,0.415092674074914,0.21359780641905
-0.0979862,0.000114746555524596,-0.227451569360877,0.194335035688964,0.39073754836336
0.325754,0.129674343467445,0.585909129587175,0.31511278176948,0.108572008981729
0.222499,0.00302742952499434,-0.324571500863255,0.246604697279903,0.273579801539148
0.248427,0.206960300197825,1.05997460535831,0.291179640480505,0.318508583471026
0.401051,0.000477283915833522,-0.400684113000647,0.337100700186884,0.342063467734737
0.464738,0.0627278521093847,0.0707451058967933,0.367276813370238,0.333515794286504
0.294623,-0.00131405515305756,-0.358301624480493,0.28566844181504,0.355421554898231
0.276959,0.213243388687672,0.886904043612456,0.29445871591434,0.238106128343809
0.113749,-0.00941541456220789,-0.290729202209282,0.210570108501954,0.346072438266718
0.410907,0.0855702116558309,0.336068601025878,0.339826738409719,0.26861034749045
0.393775,-0.0017008594930723,-0.403476372991188,0.335116033773862,0.396279892578405
0.445735,0.0520115152901967,0.0750647006829714,0.349697558640484,0.340260538635434
0.295107,-0.00193894048493724,-0.360566833112444,0.281181906113162,0.350268813445365
0.275779,0.169178731619494,0.86806556575135,0.295201724060049,0.253879847412882
0.152199,-0.0141202470567343,-0.28721472362792,0.215806223452038,0.347442851565447
0.399344,0.0876920704625209,0.343940980735313,0.34889052988425,0.330961539727236
0.497442,0.0346302994790249,-0.442234594950839,0.412583211989569,0.407417098163861
0.504892,-0.00358088223669154,-0.299899327493275,0.42230391915336,0.307097286426594
0.0994468,0.0485682061891988,-0.208214522518257,0.199471640962168,0.424018470765749
0.36229,0.137718004257354,0.611024933922028,0.31725802074994,0.210657311010195
0.253543,0.0174904300752259,-0.311424916457837,0.261036694962195,0.319858496482858
0.274372,0.224851176660337,1.08361948813408,0.296317783330486,0.381268301698535
0.50909,0.0528681305748567,-0.412174005492581,0.404660463346814,0.351548099486774
0.503573,-0.00359333487130131,-0.319146394963053,0.416760998531164,0.243689349668209
-0.0476917,-0.010258102437341,-0.145728909051801,0.232445689188214,0.430470359784509
0.391147,0.14455016217738,0.721529424840518,0.313755400584857,0.114959733749157
0.159726,0.00732197448015992,-0.264201598122292,0.232909022575459,0.368365313177063
0.402663,0.184613911105866,1.1651958681854,0.292124068452093,0.282596347750782
0.368197,0.0390315313615031,-0.352375511054942,0.337617933684829,0.404532789816227
0.468248,0.0408584529716106,0.0559967521054745,0.360622100939666,0.320309402809198
0.255989,0.0223508427579384,-0.293518318253217,0.279459940586465,0.40846210567365
0.401551,0.196648732078581,0.959805087051834,0.300606027271029,0.217087517336004
0.10001,0.0256340983747679,-0.199747718980242,0.204629964526996,0.404123711222446
0.462449,0.0773497273229765,0.378534760687675,0.335386767589336,0.174579329702849
0.1838,0.0196054978784984,-0.25000057474738,0.246151826896968,0.374985019028164
0.319677,0.192930682733261,1.25593160713816,0.286541458705567,0.321672886442799
0.420995,0.0287855114609837,-0.357261759089886,0.355010557136367,0.375958810321378
0.480157,0.0699795755048401,0.0893503417064573,0.372303731784946,0.332755747982425
0.256975,0.0146025478242092,-0.306023136702696,0.304175527281731,0.379606492638972
0.330285,0.187668381636252,1.03380902916018,0.300155514701081,0.176910890287216
0.0045453,0.00561628789619643,-0.214816369338603,0.224261500715049,0.366228196696968
0.392822,0.0801988865347354,0.395859828286328,0.337735926709604,0.274555469461431
0.505692,0.0545679555522807,-0.434797525048648,0.411534931931953,0.393606001227281
0.510613,0.00681226123309063,-0.301955661426961,0.425174559438422,0.278593574396587
0.0324415,0.031614574470088,-0.142956896393622,0.216284405500761,0.414844552310847
0.308954,0.132547571441363,0.715549839570141,0.308833875374856,0.254623518949267
0.4021,0.0239159563857063,-0.377543374067123,0.353176335478656,0.352322180883111
0.450537,0.0641973218033815,0.0891501298926244,0.363041281319063,0.336878625642197
0.295758,0.0174992802026062,-0.311094855613722,0.304724018724253,0.349798307532103
0.273774,0.199766797044861,1.01107331414489,0.291282078518533,0.24670423927006
0.138231,0.0270245755545765,-0.227352274099816,0.235190681214823,0.335072859208059
0.372694,0.0988352358544677,0.392242318526281,0.340443416353431,0.32313070895118
0.495602,0.0402978023294973,-0.43442974526665,0.414192877312274,0.388508810860637
0.501661,-0.00179972156042018,-0.299003161427664,0.413626493690528,0.269142119064823
0.0242738,0.0620456522191465,-0.148558790359356,0.229889660600428,0.39967540363987
0.30614,0.136076672510908,0.69833750043575,0.308114626753426,0.187127505174768
0.283459,0.0339270888403705,-0.279633194896572,0.286232308570505,0.264308662630631
0.211821,0.224190739605739,1.19834531682968,0.276718568206471,0.387939874007151
0.493727,0.0286120617883562,-0.438487867705792,0.415567583359995,0.35813493264301
0.509843,0.000584300718413555,-0.296750968250019,0.428636456150819,0.428291461512796
0.401052,0.0288796536485231,-0.354876995158195,0.353035405500808,0.459571457270974
0.435884,0.0504659015617366,0.0969393881950018,0.358898855714827,0.365599280845123
0.319989,0.0102513386392784,-0.318189109633295,0.307575711544262,0.36014441007114
0.304981,0.220252520042104,0.968738873072329,0.284450561503157,0.262222604823585
0.159877,0.00633499477396203,-0.229399828671613,0.224683067141864,0.326930635200111
0.392698,0.0799773845725279,0.385715524165221,0.32865819245888,0.125475014031378
0.0273289,0.0268939939774624,-0.201911530046093,0.222466211344733,0.331917989839072
0.310009,0.121031976665635,0.657497357955643,0.304591973003975,0.169343684339155
0.273958,0.0240862983574794,-0.29030006753716,0.289518106414151,0.232430217709501
0.186853,0.220319548972375,1.17582747141231,0.264145504238977,0.240112107427705
0.17764,0.0102216761789758,-0.249154088990346,0.253645640493355,0.283648394392762
0.346707,0.0958251622500399,0.39340692978917,0.327986114233479,0.332626057921008
0.494511,0.0235214172155501,-0.435918046960688,0.409487460144725,0.374020228824095
0.486314,0.00502458966999889,-0.296272736356101,0.421064826138766,0.276988953397867
0.0639233,0.00597836997580472,-0.16462369555598,0.2090284957215,0.345305317674436
0.203276,0.135559456236043,0.682940589173328,0.297043431122565,0.177308419267776
0.228275,0.00936176494232942,-0.293351516123857,0.277853139217629,0.208257568124704
0.18843,0.206673981587213,1.19672589181578,0.240601059075829,0.326552606441364
0.432817,0.0140803966293855,-0.37986705716827,0.356910020601646,0.304826556887914
0.430683,0.0559858678861854,0.092497708166747,0.361399263985495,0.365128014608625
0.348046,0.020080221579003,-0.324903513044195,0.3082850087283,0.337767470776374
0.221173,0.178685922869409,0.955478385423517,0.265000328983824,0.386151702073626
0.409783,0.0295628936484377,-0.377225634054248,0.357711999996452,0.33527347994379
0.450932,0.0696257094426359,0.0937838195254204,0.363188282390646,0.343331500626923
0.314928,0.021435549652348,-0.323879220259025,0.309868921836798,0.335037161751346
0.234618,0.186576244152838,0.958576146465049,0.264188681389179,0.265771177121575
0.166677,0.0100407110056857,-0.22751612500846,0.22540296171599,0.311568291046164
0.355187,0.0906118764969968,0.38605488370915,0.318681456738297,0.328646427850771
0.484222,0.0483478036302686,-0.432275573503539,0.414292269506144,0.386325010275687
0.491521,0.0227006283337502,-0.295061786119521,0.411490100257252,0.317359881126442
0.152012,0.0644722220093432,-0.16906590868288,0.218865404696361,0.392154429704975
0.307105,0.135177167058547,0.659672878738335,0.284760622661007,0.222244853786241
0.26699,0.0133957088704531,-0.290759171693518,0.278713793668436,0.19673752797775
0.0762902,0.138923464124736,1.14058417145775,0.248840506763941,0.259518740549673
0.253575,0.0140077190740702,-0.294266609400436,0.277189631426215,0.162227526888604
0.183849,0.195940475347345,1.15194283196925,0.229768941192194,0.324891100368716
0.418012,0.0353999681637012,-0.375523356079626,0.35472917397214,0.305923291694338
0.44,0.0596431870349011,0.0991635111850882,0.348808427616956,0.348237829888801
0.322568,0.00968540734196147,-0.328711259220498,0.302631510159399,0.343602299528746
0.262596,0.180174326936648,0.947019231930311,0.239669992436977,0.277392749586656
0.190253,0.00407870312953472,-0.242972403182923,0.223566237222075,0.31748506018457
0.337367,0.0836959824883275,0.375514534684943,0.30360044793858,0.348573140752095
0.507201,0.029451583410214,-0.436957567065954,0.39736207446273,0.369216434106715
0.484453,-0.00729103445261343,-0.293553545843698,0.393280192186536,0.270863489015572
0.0237529,0.0359607287482623,-0.178338735186756,0.210509907596818,0.384613833724717
0.304931,0.13758706909202,0.66075091274382,0.258730717151216,0.134514141131967
0.158979,0.0106852628457634,-0.222344039008345,0.203911142797818,0.273896581595571
0.277268,0.0941892405647124,0.630017646666587,0.252321429312402,0.218087264999655
0.268244,0.00361423527455292,-0.301532386362666,0.258909627644849,0.238011214115322
0.166619,0.215094672348497,1.1445089419274,0.195281505353816,0.374748094574729
0.483943,0.0133808918408071,-0.442701281955128,0.386780600804897,0.326939977728309
0.493922,-0.0283244711028509,-0.292125394036126,0.38624686884395,0.393585883930592
0.33599,0.0111633227655069,-0.355761052948063,0.320906773514479,0.452678446780646
0.444405,0.0490431795018621,0.118884845156322,0.322514541601369,0.319108999290727
0.296153,-0.0287794940349495,-0.332853603275449,0.27110226239876,0.309279831843949
0.213205,0.186871325031871,0.957696541395164,0.212117991751963,0.177549192547856
-0.0143284,-0.0503652639038984,-0.23382831800775,0.211640053998168,0.283752079329618
0.316251,0.0494173919965393,0.37436202320367,0.262796953181873,0.244405797663385
0.481627,0.0158918141196349,-0.43672739391558,0.353750267094688,0.327100629756775
0.45572,-0.0102727569809272,-0.290609520482468,0.373798473731131,0.207466654632055
-0.0757299,-0.0390750641650667,-0.177730557263507,0.181584290742856,0.324557574481593
0.191631,0.0869427922785156,0.642047673110731,0.222729364918491,0.106364105433506
0.227574,-0.0192451374001815,-0.298813113513557,0.237804044430698,0.133209237882595
0.0522899,0.181690524181936,1.12129946300365,0.169080493482358,0.303969289143879
0.387884,0.00882916512022648,-0.3839218865553,0.31871897224671,0.239489551553759
0.424464,0.0485876742842001,0.103582240651008,0.328008336078667,0.30753613276441
0.290838,0.000646882460382456,-0.322699679637095,0.27775744158137,0.294698487113553
0.186416,0.162496574190493,0.931918577104513,0.189317504998187,0.217624156536731
0.0875649,-0.0292969999299148,-0.245452112787205,0.192785359813856,0.275083156844613
0.335066,0.0730776160914896,0.392434612842894,0.249794246613279,0.254386651359306
0.398432,0.00933803859833368,-0.378625860190201,0.314851203091577,0.366784590178567
0.460095,0.0589241007620514,0.113330806308834,0.309255475671434,0.331589164067771
0.294195,-0.00317523183565319,-0.327163084781314,0.258682117902937,0.322240704023462
0.201027,0.167392604846712,0.934661554112049,0.181672950022433,0.241850790931671
0.132707,-0.0128846585899662,-0.243607671077659,0.180103051952763,0.287711017641496
0.336252,0.076513930491313,0.388139464458803,0.242019829815359,0.309834169710075
0.478502,0.0279552994146397,-0.439407573339782,0.354662935789507,0.378338656436583
0.500722,-0.00165234151229296,-0.292529370511267,0.368354298720806,0.304500020754857
0.132923,0.0172856584939035,-0.176436595626486,0.130188737119384,0.390654513205222
0.297897,0.13777699001379,0.668165117123739,0.18224985030383,0.208218335512509
0.246482,-0.0330930966484336,-0.294592007110815,0.204030069917726,0.207043802670797
0.0770473,0.177354150564285,1.15103771693538,0.107768919289121,0.350070386920163
0.493216,0.206068973013867,-0.324648262965419,0.270106820218792,0.148959660221229
0.468533,0.00365920650595762,-0.342569511486934,0.35691211837477,-0.461245657360496
-1.63771,-0.230737003097899,-0.183723906151252,-0.51262751470466,0.348346866369852
0.382433,0.165562177297824,0.642935381890254,0.19803924067809,-0.967703759083737
-0.780649,-0.0686693175016726,-0.318002229595446,-0.314218520410893,0.232932577553249
0.386691,0.193865436395227,1.13831278978325,0.139670919115742,-0.287673251693488
0.0226169,0.0894553948451238,-0.350058561095023,0.0822189588723302,0.282861965399716
0.460767,0.0863363773026613,0.00586640883803804,0.253529667589192,-0.166349806907837
-0.489601,0.00389956259666343,-0.353764369264124,-0.179263665382674,0.298355402949193
0.423788,0.215917403148554,0.914940181981871,0.156112010224,-0.722856743046206
-1.32645,-0.139937727219536,-0.247777100625425,-0.56747298271101,0.280491456184485
0.421526,0.112776771135429,0.327065230437236,0.228458226390949,-0.888251709772289
-0.876802,-0.0905151918022897,-0.31539759463832,-0.406866438032494,0.266124850598499
0.384744,0.18889097226696,1.18698440140948,0.125515180314895,-0.327928710932893
0.0149872,0.0937183609830159,-0.353189105913574,0.0595177110910873,0.267788853204478
0.453444,0.0593251597968855,0.0222892821133929,0.280000849784767,-0.208979984164891
-0.575239,-0.00222159638160229,-0.356292572310799,-0.210392183040677,0.280842757006391
0.396722,0.181912197281425,0.94366140623076,0.153245865790773,-0.77534256191392
-1.38752,-0.188107077563358,-0.280553843873137,-0.634120350802965,0.332970814749683
0.38765,0.100282116110574,0.368421731570783,0.230334129637416,-0.357149980613747
0.472931,0.225245544365454,-0.323101206893217,0.270383561196323,0.153695525552409
0.476107,0.0212586661027831,-0.330543537050667,0.336237371190485,-0.640787995980789
-2.05759,-0.291247419538543,-0.158791240950976,-0.664051401693435,0.373402462363392
0.315174,0.132108929325569,0.744929299388339,0.152108822954661,-0.805486291301183
0.0247866,0.0891818476208315,-0.345571314843224,0.031376164643726,0.164093703861418
0.452602,0.0729993354435556,0.0592338856230442,0.258756585082735,-0.230621707224486
-0.593224,0.00410344871999814,-0.328537980548583,-0.243459957444491,0.259423722496427
0.330215,0.165125680485741,0.994314539875936,0.128421108964707,-0.723717570515511
-1.25365,-0.226141744274666,-0.241230296136228,-0.657169617092325,0.321458121240457
0.426759,0.103623922399586,0.369807478674661,0.222313381439287,-0.296278254566175
0.488398,0.23418743709872,-0.31577903104782,0.26641555206901,0.19022625393022
0.466997,0.0223270427519257,-0.328546809436421,0.333625589909732,-0.524263939802147
-1.79859,-0.239208334706412,-0.10812556364692,-0.753190577034399,0.345716400162575
0.396178,0.141675874523405,0.65010573648245,0.163813379469647,-1.09405872300912
-0.91562,-0.110709207512808,-0.288292347768174,-0.523452427799887,0.224287608986245
0.30928,0.157068175884894,1.12425646610115,0.111242016074958,-0.154765181698642
0.461257,0.261889440823081,-0.3178303492765,0.273410415603319,0.271266196064732
0.480315,0.0494214225537358,-0.325141551846806,0.300381365722447,0.158450540401974
-0.169557,0.119085842317542,-0.300245448390939,-0.038184865258534,0.390880210398946
0.455843,0.0799535843083862,0.037549182483059,0.248252299421814,-0.291547142667396
-0.622607,-0.0162865238474574,-0.315281205584315,-0.329487760985936,0.254130581223668
0.338042,0.173854402364501,0.900306839666795,0.130081010173557,-0.755324645576211
-1.24308,-0.186284080117196,-0.196006606692611,-0.781786998608023,0.171094857295413
0.420945,0.104357321692524,0.353748033669385,0.187897812355848,-1.28589717318206
-1.85816,-0.329481289571706,-0.111830304548674,-0.852481644357813,0.20895939400492
0.393237,0.13314108057256,0.625844128544427,0.162229688858572,-1.17623370518433
-0.965567,-0.149301358742331,-0.298026353215306,-0.57585828089492,0.108701275234963
0.310515,0.149912016083532,1.13515312779019,0.0933814214228641,-0.898284215018515
-1.24287,-0.215183121674449,-0.220190059168885,-0.796674682013672,0.289918320697478
0.433695,0.109908789311298,0.350679982614906,0.209806772399843,-0.291210671234878
0.50154,0.278728925622066,-0.308865653109232,0.264931960160138,0.194503747695528
0.49965,0.0490023346672779,-0.319293387695411,0.317856984592965,-0.601669330551054
-1.98709,-0.333488214838612,-0.0767163208033429,-0.889512062593271,0.338443825941314
0.350935,0.137035631583853,0.647622939321112,0.165917649366475,-1.19095645473406
-0.948941,-0.124459414039457,-0.254142485451696,-0.62482845821218,0.161096498347687
0.296073,0.158485219808919,1.13355736305688,0.111696423607467,-0.351178339712891
0.0548997,0.119913454279914,-0.279105005720255,-0.0546576016915367,0.230208434757546
0.465212,0.0990401406741148,0.0567240811698963,0.276180640041681,-0.190053506593313
-0.572123,0.0109938709232623,-0.253334805926146,-0.367417049075056,0.335561911667667
0.299476,0.158297722621315,0.915173942520283,0.126825464610116,-0.176371614726837
0.0224378,0.12689178950501,-0.272929769795844,-0.0552220022663316,0.274542830794651
0.481735,0.102369577787158,0.0686909325638601,0.261487256586281,-0.146812410552754
-0.430199,-0.00131647705269032,-0.245399176158906,-0.367801632428233,0.289758847214179
0.365657,0.161430602464516,0.935124196046818,0.129285126281225,-0.645178627578751
-1.23669,-0.195517592166161,-0.150523712573223,-0.847157187797448,0.346561490503185
0.425639,0.117638387026923,0.37694656806264,0.229232587418274,-0.286226502327583
0.474851,0.300401317517066,-0.29802412778316,0.274714398918775,0.223012548538686
0.508191,0.0699133012689626,-0.310113015728131,0.338223217594569,-0.436194542790124
-1.56922,-0.304895722077991,-0.0421562453826293,-0.968641580449518,0.33675726966704
0.35264,0.132814725154694,0.646448036914467,0.15818282241175,-1.04150296276441
-0.990871,-0.147856373573845,-0.218393934455107,-0.636481659789966,0.117791531493829
0.281702,0.139113769004456,1.10589372799382,0.114486966906805,-0.795677622916678
-0.951978,-0.126521138380186,-0.240289577705186,-0.644067305292384,0.203126004064371
0.332531,0.14839283369224,1.10655486007304,0.113134238058258,-0.369640486582262
0.00107384,0.131948898258595,-0.27213396346996,-0.0458150130008107,0.254568101040798
0.464646,0.121503131086731,0.0698926645987014,0.26122081198636,-0.153239860222823
-0.409981,0.011636349378491,-0.256939680947254,-0.373744030424236,0.254683829795825
0.350451,0.145118573098367,0.893462089315771,0.134741084861502,-0.769421686033971
-1.54797,-0.243709613939137,-0.173120542057746,-0.850143428527409,0.346512974149006
0.438032,0.125518343558291,0.371539822302073,0.225283178192987,-0.419207858339293
0.482409,0.312931300499825,-0.292933586285622,0.284351720783664,0.187776741888525
0.498774,0.0676251351367954,-0.309984133871495,0.337899857596072,-0.545414880571244
-1.81584,-0.308149466383149,-0.0051182820774718,-0.974497112188461,0.296852605192832
0.38533,0.141943268261294,0.659790206612598,0.161128855997487,-1.47977471325994
-1.79263,-0.433835402076993,-0.0847860746900594,-0.891036361552918,0.168558608561213
0.401164,0.150198460424821,0.659435733304353,0.156681706346749,-1.12400053390097
-0.929631,-0.147085738061368,-0.200789189825432,-0.640900650748194,0.224357650469395
0.306973,0.152599506537078,1.12966236607565,0.104945924069598,-0.143448211267606
0.498981,0.299328992801788,-0.301642477871606,0.293961250815614,0.279274700508976
0.477572,0.0762263066173142,-0.314312712486213,0.312209400609726,0.247589304912842
-0.00161175,0.14038174821128,-0.255253550113829,-0.0658952883531203,0.405381619853789
0.467589,0.120627474547195,0.0856129047930565,0.289725143073843,-0.164078929710287
-0.491586,-0.0189923502085966,-0.280703797261573,-0.380449198392771,0.271330849259647
0.346999,0.194069235128927,0.916224983333267,0.14380045677492,-0.713060904811365
-1.33307,-0.281536025775412,-0.151414523076532,-0.906929413701723,0.333392924107831
0.425837,0.147915836774277,0.374553392239332,0.231497343183724,-0.337479075384123
0.469613,0.311118453996797,-0.2943870957833,0.308545112040255,0.174953413721104
0.474464,0.0767183211818153,-0.321231653318127,0.329146399007809,-0.621797426388129
-2.00813,-0.351487296538829,-0.013752964409421,-0.953673147351601,0.349468580115928
0.39355,0.169336473983422,0.681530577922203,0.161000772658956,-1.1628293898582
-0.854284,-0.139938785022383,-0.230495392690846,-0.654503689880792,0.16945737883658
0.288539,0.175367781939588,1.13216236215452,0.118212670327865,-0.341624744096036
-0.0263264,0.116456184953231,-0.283349925982932,-0.0270717891408799,0.24255030484643
0.478133,0.129980337850503,0.0940593852157859,0.320776912862847,-0.199695849481195
-0.489507,-0.00568385535903452,-0.231765874283856,-0.352765688861798,0.264541726805192
0.376407,0.167893800471224,0.974697723298487,0.145747650841642,-0.835067435432284
-1.61291,-0.253937163919884,-0.123177092544097,-0.880451123840634,0.320553938596118
0.428033,0.143491950036217,0.412900848292124,0.236971671518195,-0.630831955250477
0.0202116,0.12766956989897,-0.240146309106213,-0.0390431580018472,0.256321048429771
0.478428,0.135641401884285,0.107675873584434,0.311599466543825,-0.173166791178986
-0.477425,-0.00656577262869274,-0.252111418478695,-0.36690332830087,0.265698581141318
0.34185,0.17934559781737,0.951645722295733,0.158451408610382,-0.74628883426929
-1.42768,-0.244358578121463,-0.164494319035901,-0.945048834126386,0.33616727000441
0.43352,0.125738327238058,0.423845970664268,0.222841301368492,-0.373384151559603
0.470522,0.295949414106716,-0.304846163962717,0.306427193729346,0.199439383626163
0.489835,0.0793089358499092,-0.313212994914032,0.355747023706034,-0.483417644936006
-1.67972,-0.333449722872992,-0.0467747390232434,-1.07546982714028,0.348185993552792
0.366278,0.167963031544374,0.706664153912126,0.166452356075149,-0.997365678085867
-0.798681,-0.124508056987479,-0.203768548805301,-0.657252718534992,0.187398493550135
0.237583,0.148364264236609,1.1671419200608,0.0984972898705208,-0.115729840979487
0.47531,0.290789353354703,-0.307670598541603,0.290854865929246,0.142136752596682
0.496135,0.0784753523039434,-0.318029897187015,0.365842700996428,-0.590268845734801
-1.92061,-0.330927254078365,-0.0284671322624653,-1.0483729207312,0.351533344329273
0.384989,0.14404273020015,0.728425928116516,0.152360376166907,-1.14329040199818
-0.90684,-0.13967537779618,-0.180953321283847,-0.627402856215515,0.194205505445726
0.331506,0.157050275775393,1.21759540632062,0.081490336645851,-0.334490609204074
0.0421819,0.134929642663627,-0.257766385936861,-0.0277107236640152,0.25771048278088
0.480442,0.135235609834384,0.11164768295107,0.319733725713856,-0.173770560856653
-0.492848,0.000991154408154499,-0.218984949344502,-0.347589329621951,0.243402307247863
0.305338,0.156182873431507,0.975128431923322,0.151139512083157,-0.812973086704459
-1.53344,-0.256152565458716,-0.170847545364504,-0.940328336633811,0.216187147552611
0.416104,0.137606896569523,0.424366797287208,0.219007322159383,-1.06141909374645
-1.03988,-0.122231876608096,-0.16874736642344,-0.628785273138275,0.19396410834604
0.257956,0.145134455528204,1.16211642384898,0.107129388036294,-0.410686901721912
-0.0170492,0.126097945359022,-0.270516955055601,-0.0219012216865721,0.220920050358355
0.469355,0.122246463089695,0.099636188934647,0.317085097823295,-0.158767600225267
-0.385922,0.00359728896065285,-0.253612559456785,-0.3388079361544,0.237837992293634
0.309912,0.164472317359686,0.99229137667731,0.160183810196893,-0.756847682670903
-1.54017,-0.223645534443168,-0.157354217255842,-0.88975423075192,0.324360077913729
0.425099,0.13002732605133,0.411258216262741,0.243148010132158,-0.424260394048751
0.467976,0.297311759328834,-0.302801292713861,0.300858189232915,0.183224232019807
0.479951,0.0799636750430843,-0.309420687070231,0.368651209125857,-0.493610554845102
-1.71614,-0.324028118034486,0.0443549166402326,-0.995548972062271,0.396926654916295
0.360822,0.16282172437201,0.742150073705522,0.150604665277822,-0.642284488473656
0.0667327,0.127722062234531,-0.231630171843741,-0.0321708219063623,0.205482134517402
0.449857,0.124417620450216,0.11158435263986,0.300388205674383,-0.197642493443877
-0.570985,-0.00611738112176429,-0.229810135048726,-0.351491229198337,0.258652399084055
0.348818,0.210875910924252,1.01141807987014,0.145585997565096,-0.787970139941877
-1.42482,-0.23246425314812,-0.138980612292674,-0.908365260451946,0.322033380998932
0.409383,0.139645276750417,0.412479653763297,0.254840798726854,-0.377017762123514
0.461507,0.311146690597021,-0.296771713516918,0.282746224448045,0.185727095533973
0.489005,0.0788219217254361,-0.307423480956672,0.367729536044402,-0.510168550424767
-1.72318,-0.347495122234893,-0.000223167347622454,-0.984251276359627,0.327528086544541
0.34017,0.155343935586991,0.707323790637234,0.17431704461559,-1.07164966987796
-0.938498,-0.138293131389991,-0.222299533941283,-0.648549190519963,0.198773586377184
0.2929,0.160908312779988,1.18784053584158,0.100632146904876,-0.165365803664567
0.459326,0.31045321926966,-0.296138217712219,0.307879763968655,0.28150399313769
0.493897,0.0782708444444495,-0.315840203216318,0.390025472795008,0.2449428737766
0.0179678,0.150303705267447,-0.230362896745961,-0.0540246978592829,0.472958922207449
0.462948,0.136116380755844,0.117083071253743,0.315627131355365,0.0874721591214583
