1000
1.09059,0.619725634651468,0.1458938720151,0.510863728468398,0.893315464315884
1.12995,0.55525150434649,0.0431950719448924,0.554984833783709,0.25905433102254
-0.588757,-0.209783930546871,-0.20173140383139,0.00917439247624041,0.733816918580628
0.403411,0.174968476602307,0.0305510168255615,0.450812311202374,-0.139059256092661
0.0234086,0.083510279133797,0.0166673919997817,0.118714132590127,0.272895370917816
0.172565,0.0528558261316144,0.0352907120071715,0.348814856295601,0.386440424665686
0.685903,0.399535328474705,0.0897473554652167,0.39929278734641,0.498247183446587
0.947151,0.45660752061611,0.0683106884798386,0.56035426397118,0.420414934660054
0.335296,0.209961071637676,0.0257945855486455,0.213459524282355,0.279147990492559
-0.346066,-0.207909535278306,-0.0792775187211934,0.143050465918104,0.0642918790692856
-0.371768,-0.177245462595462,-0.0970413333145177,-0.0276983027126741,-0.0315214336152714
0.227301,0.0546665833451343,-0.021454428001738,0.246890913617726,-0.25861987974243
-0.0589937,-0.0565659605751461,-0.0354605439646014,0.0759984750658076,-0.317722634435052
-1.0221,-0.589444429875107,-0.0459994031741759,-0.14434270549682,0.294817985835799
0.627344,0.298567187169284,0.00840234949505837,0.460696993900882,-0.151647805738998
0.639982,0.287716698213263,0.060126041028234,0.449771158932001,0.287774458779839
0.300707,0.126656500330156,0.0216122327814568,0.258215799106053,0.0277887831405636
-0.597363,-0.327341520654849,0.0986598541529457,-0.123828279700941,0.0362393779952822
-0.380932,-0.214641838675004,-0.187967565569798,-0.0278603523274952,-0.0612092450629844
0.220618,0.0482221243150718,0.0636118771394033,0.208469128497845,0.290392390822491
1.00388,0.512417466183985,0.0743067700899132,0.627507323809877,0.462988635362154
1.04472,0.498887040030647,0.0600661828011124,0.622294512509772,0.133781227814643
-0.694059,-0.325672916342444,-0.125079925066711,-0.103380023290052,0.459158096022761
-0.23123,-0.120311298385665,0.101576601252586,0.028933952924982,0.10111348220443
0.644082,0.30985455847189,0.0433569034277306,0.437676387171578,0.175105424012199
0.678791,0.289028193307342,0.0387309150549,0.460002988397751,0.371968810015886
0.352254,0.166586918457831,0.0326685637271025,0.243984099764844,0.114538659129428
-0.457974,-0.251795241626152,0.107117447875221,-0.0832539437509855,0.0825517603296125
-0.3412,-0.145215431065797,-0.0664733456360605,-0.0245169986540689,0.0277804287034922
0.278928,0.0697112515671788,0.0297266693511994,0.219953009022144,0.323978136203346
1.02058,0.499386814809061,0.0635762349284154,0.602867199659159,0.492478281383055
1.04466,0.464754323619114,0.00720297018489775,0.624618980722588,0.150555491868601
-0.663739,-0.264924350726472,-0.126655724011889,-0.0860930875853194,0.411042462254477
-0.222408,-0.180434237708137,-0.0552737379072212,0.0272305378616488,-0.242521751247204
0.00545786,0.0088531694988291,-0.0428643150655188,0.112969745464244,-0.387986578083742
-0.800075,-0.427989800422234,0.135282429180613,-0.164585175324622,0.499619615218281
1.03526,0.520887007400059,0.11255679338452,0.595827901152935,0.164603913383735
1.07223,0.495725411459359,0.0521607351149582,0.627098373573793,0.731456862929747
0.698237,0.3314945060518,0.0608371487998238,0.416280458150197,0.821318636470957
0.676225,0.2959466908272,0.0938715358026293,0.452690446163598,0.506128459493521
0.383752,0.175515069747071,0.0190149947010431,0.243472050442277,0.1376943132541
-0.454518,-0.271433031517811,0.073939738650572,-0.107561329956769,0.130524713055132
-0.220842,-0.123968820214358,-0.06466657267297,-0.0225215171070146,-0.096337598713746
0.254314,0.0764046474783262,0.0915772059821753,0.226735527271383,-0.407516167292704
-0.653758,-0.356656468710353,-0.219327854464173,-0.0742754504612704,0.0130733390987191
-0.165935,-0.132355120877536,0.0295573339866822,0.00724810302481148,-0.309183520351077
0.0378799,-0.0274486098007736,-0.156671966796375,0.0750928909938066,-0.516284656090447
-0.915211,-0.500576729924338,0.0567964125286864,-0.216995227273611,-0.114558125551878
-0.305045,-0.202782033637109,-0.143612787902654,-0.0295440250248849,-0.285707233369284
0.068552,0.00545656944744413,-0.0375331203424416,0.181230789204703,0.306692646609571
1.02336,0.500005746847297,0.0625876706365264,0.613068786403175,0.399109097839773
1.04373,0.47480339096506,-0.0036054730898388,0.629927061794644,0.132155452595353
-0.672897,-0.323960289025902,-0.183401641480578,-0.0716900579716036,0.396010267191227
-0.256638,-0.157489459536749,0.07588819231235,-0.0111820634081295,-0.234862712359407
0.053613,-0.0363644144715186,-0.121787747392318,0.0726117044982429,-0.460708207407781
-0.869062,-0.496653221407647,0.14476482688266,-0.118282547157124,0.329761219677932
0.672114,0.294997476789397,0.0323020832597151,0.425324656544062,-0.0864610435817469
0.624393,0.207205739162671,-0.0264126058352132,0.343013161588169,0.345722295995133
0.346059,0.159406578839213,-0.0265539784419496,0.234621296812309,0.0889655202766959
-0.609985,-0.397353512695408,-0.0206238733947037,-0.174295020251894,0.513893638435669
0.654758,0.298870120020167,0.0267914241769152,0.376019823793978,0.0596628366680658
0.647402,0.25050309972166,0.0126539851297264,0.410252783559668,0.343624560420994
0.335766,0.111053445464635,-0.0673211271060804,0.215380327574479,0.0263258509225857
-0.633958,-0.400841414359017,0.0109165085381186,-0.151099914727131,0.0831192111294702
-0.292973,-0.198724509316104,-0.167915157870638,-0.0194896267571627,-0.119792382773442
0.113203,-0.0215473302036278,-0.00322347916677658,0.151691064268156,0.326955762365783
1.0081,0.475481894224494,0.0714996153182327,0.596630962264809,0.418040815907896
1.02308,0.457444560235592,0.0175432059546952,0.645891207751693,0.160096691500948
-0.607763,-0.311739865259721,-0.146305667779627,-0.0408190929650004,0.408497426275495
-0.204591,-0.160116875015408,0.0731839589134518,-0.0211398019340066,-0.211100481001057
0.0946785,-0.0307481403526396,-0.0811437376372528,0.0932178497329237,-0.567566771978153
-1.05677,-0.609357641626124,-0.0485768172622206,-0.117194624109179,-0.00320035190281637
0.076136,-0.0136105502733508,-0.13040535750428,0.0967628091012271,-0.836721257003735
-1.03768,-0.596481389170378,-0.101316543424069,-0.15926249548585,0.299168629932367
0.675204,0.319234585133827,0.0339092060552315,0.420115719214478,-0.134709938338443
0.68202,0.267039810512491,0.0173311391717178,0.453429655814296,0.364405232010509
0.422709,0.199113419011275,0.0501295249037273,0.281564078296621,0.087660765084661
-0.541829,-0.271672061773712,0.141643980537719,-0.145248487122409,0.195154964624032
-0.136568,-0.105778626181943,-0.058534091649876,0.0214922363122136,-0.0289873141068212
0.209753,0.07610586986397,0.0692938725052932,0.210954938340262,0.432074880294972
1.07217,0.580116242316696,0.106107416289913,0.684751879939773,0.501258612859351
1.07926,0.552228729917714,0.0270077724063171,0.686446242411078,0.243926471302352
-0.490783,-0.269071723389247,-0.0838096978558084,-0.0729245752393512,0.431497225211321
-0.161997,-0.130683067530522,0.101931784603918,-0.0194603550243366,-0.318492122340228
-0.419376,-0.291270488575572,-0.089326864131412,-0.062123817904571,-0.161198946363583
-0.174458,-0.138868039368077,0.136092007606881,-0.0162518920088682,-0.183393112984205
0.124181,0.0441457022511354,-0.00390659186036083,0.137614845047264,-0.400651539520032
-0.888178,-0.50370646039009,0.127199161587563,-0.245229003275134,0.569140479340775
1.07319,0.572473482323028,0.109237632048501,0.631977557237709,0.1325836496273
1.05944,0.567226883480423,0.0471061884786445,0.664027994071562,0.761525229806982
0.742232,0.379514487578446,0.0377622414755189,0.426474575733125,0.815016375369911
0.66864,0.334565630256108,0.102218210769622,0.440823521892172,0.528653117455013
0.411567,0.217633609141138,0.0214135013556253,0.263311557776158,0.0878341534738419
-0.58635,-0.331361839202069,0.112800693386454,-0.194269990050461,0.186684909914409
-0.153265,-0.105613293707675,-0.0109433157029626,0.0256579390999599,-0.0458684380435764
0.216835,0.0893310601307479,0.111854488623539,0.205145618843442,0.417632771778919
1.0614,0.592012931360658,0.0975313041278209,0.664062248107718,0.503820774087376
1.08062,0.582821197475815,0.0608335041413397,0.666780930011114,0.242929543069052
-0.485372,-0.275073735588212,-0.101025500142504,-0.0840587558961043,0.438790483004022
-0.215674,-0.134593999435229,0.0685016729772231,-0.0124879195014933,-0.115131940455635
0.140882,0.0400360358641192,-0.0041092134324265,0.140120302277917,-0.431064229626343
-0.881581,-0.511964462542313,0.0635171273838252,-0.262338657393455,0.405548690026618
0.746465,0.371511219871357,0.0286355479338383,0.45713954752282,-0.0681252355369486
0.657913,0.330828057516024,0.0871687284680396,0.461377372702361,0.398728070478321
0.403736,0.215422214656261,0.0292780603174588,0.305302448930978,0.0866072500518008
-0.537884,-0.338074622320748,0.160893929757159,-0.196197438460355,0.194715064902428
-0.109349,-0.117552761714312,-0.068874970929535,0.0133933126756346,-0.0508783425335112
0.213284,0.0764021103298604,0.0714642890707903,0.201141371092993,0.285320549452505
0.741719,0.385208902505489,0.0457155762840549,0.454989300671986,0.3851067240292
0.665638,0.344695233510641,0.102941857983848,0.463897084379917,0.480226329782543
0.44464,0.21304955990989,-0.000710483741495791,0.273968506915496,0.092992319868665
-0.546139,-0.347037455707654,0.156898548343466,-0.209408878592145,0.193014052005355
-0.168308,-0.114366364522432,-0.0673944890005076,0.0148615897265417,-0.0246844427933121
0.221014,0.0665347896471453,0.0821642251446479,0.208545049290478,0.416915861667933
1.06682,0.611436734186986,0.08779201915537,0.694236017429319,0.508387529823983
1.08114,0.600772298589131,0.0534655488351337,0.700440869262486,0.266152705596081
-0.432646,-0.269957215449105,-0.103802273971063,-0.111538921132629,0.428254011977941
-0.245398,-0.139493460120395,0.136935986774184,-0.0234446429778536,-0.082728244154478
0.154439,0.0391273250984817,-0.0261390345595017,0.138619794531391,-0.413942287645906
-0.879156,-0.543378449554022,0.214011224004796,-0.288441200179888,0.579049304596724
1.13586,0.641930993795509,0.0203026079879078,0.555761913357692,-0.043825216421122
0.925076,0.461861421441081,0.0231446142235066,0.376578242768766,-0.041747058901504
-0.145498,-0.0957416877134268,-0.161558975803789,0.137250378585234,-2.26047458636125
-6.31546,-4.28095366598777,-1.83792989933459,-0.322211133046625,-0.216850229466956
0.491421,0.256003722756851,-0.0774661566021336,0.381363805958199,-5.56707833335813
-6.90936,-4.75942094302546,-1.07995970890137,-0.330217910771627,0.159066388484813
0.876979,0.487284963716396,-0.014201916600919,0.59144017841768,-3.09985724192837
-0.361841,-0.332615740078737,-0.227957453931725,0.00392783248363197,0.0593996085718383
0.67914,0.407100392139291,-0.0163345011584766,0.501406367324623,-1.21263388288236
-2.50593,-1.4709676648173,-0.0658483909459098,-0.630592459029424,0.378230361760909
0.383194,0.246514866561937,0.0114218820820416,0.320176985797548,-1.35087352803779
-0.790702,-0.532155564406542,-0.119941530156476,-0.166827671487347,0.0807011081627448
0.604028,0.36895053719861,0.0402810748720714,0.42866240222352,-1.57077033662822
-3.04794,-1.7411726491479,-0.203173968071555,-0.900767948921301,0.602726794502207
0.924661,0.537267694112634,0.0336883227762704,0.640221452017501,-1.24364231772757
0.0190064,-0.0375872568691673,-0.105105823643641,0.248843203614149,0.288952440439696
0.704424,0.429670078236479,0.00276609410881285,0.542072349138557,-1.38698191770844
-3.39034,-2.06739307038475,-0.558282820418602,-0.691013651702262,0.408229351339649
0.440556,0.268411148192199,-0.0451699353201984,0.377098880696293,-1.95738685824111
-1.51564,-1.10407940602073,-0.374952419119149,-0.390934701496908,0.525262861856541
1.14615,0.644468017819479,0.00319396345764405,0.668228479652602,-0.247210462566876
0.959996,0.505755877153524,-0.046626380682809,0.564616381055915,0.338698551155291
0.255849,0.168095290546665,-0.0868073261294465,0.29131816319397,-0.60126274005026
-2.64939,-1.77831914455387,-0.459531474622459,-0.632549718831834,0.567616596963144
0.923766,0.536705799396036,-0.0150494408685011,0.622922259416408,-1.12509408788074
-0.108828,-0.193272829994411,-0.183729965138203,0.0786452791632248,0.364217348542405
0.76757,0.420427916967571,-0.0320759132143032,0.501475199902648,-1.27733977601596
-3.02689,-1.82683473527423,-0.353154644843684,-0.862480691475594,0.466531258079598
0.446718,0.269128744137712,-0.00191193084021079,0.37412722073172,-1.55644010243278
-0.94331,-0.649936966695906,-0.149427893853005,-0.268423787694895,0.553566231554927
1.14293,0.680352979873655,0.0137584035610842,0.672395400457553,0.0224882503865138
0.982021,0.57974523805327,0.0147005018889626,0.635550519405647,0.462141248851085
0.330145,0.213953232981575,-0.0611110104793817,0.299078941758928,-0.211340326212272
-1.67199,-1.02183162548943,-0.15030809236236,-0.616088744217748,0.333362416948693
0.664173,0.410908489957853,0.0172036311225579,0.494648035370452,-1.75566193444727
-2.7322,-1.70049263163302,-0.152680639611335,-1.07681244926511,0.743239162341078
1.14943,0.697813253079643,0.0371848142250247,0.684976165426541,-0.640119860932096
1.01589,0.606293479584959,0.010718442045545,0.653867512411926,0.734007490261448
0.952563,0.571472921389085,0.0257774267207768,0.621286653199274,0.551112786423938
0.0996588,0.0338063889745133,-0.0432981134975292,0.221827402525236,0.671765808674377
0.764488,0.45688409651845,-0.00541432049599795,0.526442535770915,-0.753255108276973
-2.10269,-1.24040931422459,-0.104139070823526,-0.884896096167523,0.519526493032127
0.515584,0.316280755569924,0.0505292531408694,0.383525946846271,-1.12109753292672
-0.689803,-0.493764909974731,-0.110559118530135,-0.191591888353128,0.189694139644354
0.443676,0.278525331888014,-0.00141983696114383,0.339970181622742,-0.890290154016289
-1.48491,-0.921334054857225,-0.0965797837705236,-0.61505489951418,0.281280024699688
0.70666,0.421473235328979,0.00501358099673724,0.488622824559391,-1.71393824411197
-2.67428,-1.64032536623076,-0.0968835180598891,-1.13256759899505,0.421639744863751
0.575881,0.364140976637886,0.00639462248512219,0.412619369007887,-1.32011836065848
-0.705701,-0.453569996470598,-0.104984049462432,-0.146261351413975,0.646761396517923
1.17507,0.701805857466267,0.0303980444801546,0.678074477809447,0.16686550020986
1.03544,0.611983456998637,0.0070400067680039,0.653736322599787,0.555691536321664
0.433592,0.30568605080678,0.041128904914334,0.32982267932198,-0.0572591182306969
-1.3866,-0.937425805447531,-0.101784672167825,-0.649886806519501,0.418007447917608
0.715112,0.443481456684433,-0.00423796931654237,0.480094560746069,-1.52796985575733
-2.45334,-1.58326713942775,-0.111708055315611,-1.06408328737548,0.65529544554274
0.975776,0.607268615822911,0.0316993678117225,0.616701530172992,-0.881993875327407
0.219315,0.0916029208626618,-0.0379175265243958,0.29100402747912,0.492520156138263
0.808348,0.508355079179998,0.0134687242933319,0.545290883546049,-0.629857031946488
-1.94398,-1.23352831324574,-0.110958132323098,-0.923137552985226,0.788332448475462
0.962161,0.582121484795708,0.0364580097659288,0.631074752665142,-0.666152775373099
0.172004,0.0831909770260031,-0.0399337806346272,0.287978411468847,0.510099777219333
0.786305,0.487338260362056,0.0188703145744908,0.560634300826239,-0.665191893478942
-1.9058,-1.23398322884924,-0.16937303982448,-0.910657781756964,0.536960430873813
0.504537,0.324278738018783,-0.0380236825553442,0.391055174001962,-0.952496987663438
-0.650587,-0.450172082704202,-0.168078753027094,-0.118576193604493,0.643140134477556
1.11856,0.716735811743193,0.0231183936153782,0.686625318502923,0.183397605485042
1.0196,0.628979435907925,-0.0123618536305702,0.672056700938543,0.512672165579292
0.355851,0.259462127771253,0.0232820156489569,0.327316708188712,-0.000282432194069843
-1.21913,-0.855826082560961,-0.159632737238195,-0.570607471363234,0.35378181943035
0.666542,0.411672718157288,0.00368730423936892,0.447386603074412,-1.52185079925726
-2.4883,-1.79184656522213,-0.490387855502659,-0.930679246958173,0.344340657065365
0.64225,0.406286737680919,-0.024363926579144,0.456747250092575,-1.95520875725875
-2.33172,-1.65960104008503,-0.179932430712352,-0.981964081525536,0.531742399376265
0.924913,0.572120944728994,-0.00361741145583162,0.58653514404215,-0.842756489629213
0.230513,0.0635260167314678,-0.0935248663757167,0.281934216637712,0.463948134087057
0.759887,0.483178797683054,-0.014287533019656,0.498444776859959,-0.572781601941335
-1.73432,-1.23591969676205,-0.124693526085054,-0.851712313994847,0.538919202782899
0.516975,0.33824205038083,0.00285850600564423,0.37723047963972,-0.846763481147162
-0.568199,-0.50042567584051,-0.200029531498319,-0.125184899556217,0.653091170594673
1.10905,0.725829023818895,0.0157791283320386,0.627748592636478,0.207420040040697
0.991542,0.634357464157056,-0.0226412151194602,0.640364364952621,0.504399190156784
0.342884,0.241510602405439,-0.0652789909635182,0.286798091602516,-0.0408659295721519
-1.28303,-0.835568426859507,-0.149110490150794,-0.526998599134946,0.334986661623836
0.457828,0.302420637468473,-0.0559363546532967,0.358096113506996,-1.03536555902104
-1.27974,-0.917391660897943,-0.185539356979902,-0.512065264556733,0.258482861824664
0.664774,0.431099057940783,-0.00533060945255918,0.431754508786066,-1.47158937662641
-2.4164,-1.71802180927575,-0.294213044866409,-0.920567062344676,0.748835475677528
1.11016,0.701900184080936,0.0139432608277839,0.601967210507565,-0.507491988513503
1.00575,0.609263520981098,-0.0420888531013794,0.600310765610389,0.732884305082855
0.919461,0.576303830321188,-0.00246284435034528,0.544430557692057,0.60683041138874
0.232922,0.062634729667545,-0.0826960671641497,0.261165970960719,0.675834867453685
0.746771,0.473150096229827,-0.0141549170104945,0.472297944863921,-0.52336250222345
-1.69077,-1.14343372287236,-0.124710976865673,-0.718803182166338,0.52252950803311
0.468826,0.325104222518488,-0.0170902494752502,0.364418018884304,-0.797246175745533
-0.494856,-0.399733519931737,-0.189382758312868,-0.0157535654082991,0.63489630844061
1.10952,0.688361592717867,0.0253150213877051,0.609334388904321,0.231775229443048
0.975898,0.585466125051038,-0.075009281405877,0.622119045135073,0.525608663018473
0.353143,0.258292264204895,-0.00162541911389184,0.296014272587238,0.0362228972457909
-1.0888,-0.821803612020267,-0.166399140232293,-0.408761694365091,0.341789362924435
0.632241,0.404279829698205,-0.0248899384946379,0.452930520132818,-1.42481947828882
-2.48304,-1.68344042504863,-0.482759054812087,-0.755720647988513,0.60440186116852
0.893433,0.562473485800416,-0.00801160654454969,0.56033147927856,-0.889217453195977
0.242395,0.0801622523482777,-0.0587229026650432,0.306034571215535,0.442980936646283
0.760032,0.470812032688587,-0.0202621783240075,0.50580387966197,-0.57000248718262
-1.73639,-1.17252322182064,-0.2068421357866,-0.590830068407914,0.55116748879243
0.512222,0.309267679576956,-0.0732815868253311,0.350721087452872,-0.754533784726465
-0.318634,-0.25260346490612,-0.05277569697311,0.0951465280328857,0.564252971722071
0.98633,0.615703670194308,0.0449650794175023,0.591106076362757,0.083118767236387
0.38018,0.204330103758587,-0.0356588405142344,0.391097692660511,0.666838867373991
0.850295,0.549642129625738,0.0616090978536926,0.523819699162534,-0.418269849671397
-1.59027,-0.95170068753565,-0.0655293672503749,-0.345869809529803,0.633899671691788
0.586968,0.41548362314917,0.0334201687624068,0.421423156048199,-0.685647023493659
-0.363099,-0.241476284927777,-0.0396710093909328,0.144095100471761,0.726511713459178
1.17198,0.713997983838095,0.00855060226004636,0.686303382245024,0.344750130298957
1.06576,0.632781426026454,0.00994775940936054,0.668815535900612,0.629267462464337
0.488669,0.37420678915833,0.057698011246017,0.347741253481332,0.145443524633277
-0.962604,-0.601069377737065,-0.0601532226142039,-0.100263137695899,0.485460282776364
0.746028,0.492295857784142,0.0574824682977856,0.467889018709034,-1.15352026837335
-2.03805,-1.29722766728746,-0.125754522499552,-0.421004546695135,0.788294347323094
1.07861,0.668274842399709,0.0982711759219284,0.696026438836319,-0.376017905281558
1.07945,0.635826616391644,0.0338170181358529,0.638925125696716,0.282091068406288
-0.0668911,0.058000082054864,3.21152259209635e-05,0.230409482672237,0.350110007570887
-0.415134,-0.279915906958483,0.0414711630820268,-0.000498888791181476,0.165513240767502
0.445035,0.302287475585281,0.0263082558684132,0.404575382872096,-0.646667562439898
-1.27022,-0.74139924694646,0.0705562295192074,-0.296236382338154,0.580511484156922
0.872024,0.512519462075907,0.0717987959173772,0.598434507708855,-0.208369612054712
0.642794,0.328475023283308,0.0484359406694973,0.458439155631346,0.518509595244155
0.645913,0.411480410541902,0.0652613101885194,0.472398653440673,-0.0118915276563189
-0.81011,-0.51088322139527,0.134371708818468,-0.287343626977546,0.423818776626944
0.226349,0.192577053533917,0.0193614344755571,0.283425363738027,-0.259317862717231
0.0453109,0.00105642506471826,0.0673830626225436,0.167627898434018,0.168252784405034
0.431226,0.297856239600178,0.0554155157645492,0.372584585021902,-0.419011136687724
-1.19438,-0.717718632486524,0.0856735054963665,-0.368352454157948,0.598238227750889
0.862796,0.503955400840627,0.0594197648748703,0.592378759824236,-0.184854138582836
0.619503,0.325145531917802,0.0626862429056085,0.466663433731167,0.504450285858113
0.611703,0.389207951389605,0.0485015657727421,0.475574769644459,-0.0279099063789374
-0.824791,-0.477897858951782,0.118416128365914,-0.308677367648733,0.406973214455082
0.203478,0.18823013863423,0.00746254086723257,0.258229834387488,-0.208975472691676
0.0346056,-0.0160769177943347,0.0618024035249855,0.156659708807869,0.580843356578171
1.11253,0.626555813388079,0.0963519862883855,0.700669181703246,0.468652039942408
1.07324,0.592805322034365,0.025587162084731,0.641174815082291,0.420672317427386
-0.0795421,0.0763235928355222,-0.00932893018713702,0.185034586747335,0.384128754777628
-0.483457,-0.299511656393587,0.0909280605858231,-0.104649246260341,0.459235316874844
0.872201,0.479117354714272,0.067208477786892,0.570160495904516,0.0891352270203643
0.601957,0.287851689185899,0.0623182560089323,0.438820924213093,0.554300441890118
0.635014,0.390624613725936,0.0578007424977711,0.432009228819463,-0.069549239096594
-0.916423,-0.523290821247045,0.162781551853132,-0.343680073279459,0.402615314332885
0.170993,0.178055991972516,-0.00186508545628714,0.254344060039925,-0.248709685268913
0.0305044,-0.0297354415228253,0.0644652386477491,0.145981116149755,0.557760273322318
1.1028,0.598552485810698,0.0955212847779735,0.675400438302732,0.466937050241472
1.08379,0.55131563976888,0.0203274571359368,0.64940505092624,0.405685571891553
-0.0817278,0.0721004013472589,-0.0183923450354937,0.172650575962593,0.326829227814643
-0.515013,-0.310858588311653,0.0671120255423423,-0.120327254762328,0.141385758068972
0.386129,0.278608761276126,0.0322675233433679,0.343634214072647,-0.663475165206327
-1.25627,-0.71613696777155,0.174134604062968,-0.36903139622722,0.68332375158723
1.11014,0.584750421371883,0.0773320571888899,0.681826868319871,0.0135563583500247
1.09638,0.55124246882718,0.0129913034942449,0.647255617385076,0.806104057462238
0.86313,0.489699260941039,0.0905308160811549,0.525674353307888,0.822258896773739
0.626963,0.278429742349925,0.0462829281069521,0.415444322025397,0.649464570220645
0.613955,0.379784655652623,0.0439035094164317,0.416435129581406,-0.047763158202326
-0.923988,-0.480452396369507,0.102302984207059,-0.340166320516617,0.388700213387454
0.184811,0.179426106079009,-0.0200947118939866,0.244709310896239,-0.352026715908427
0.0242083,-0.0553706337057488,0.0164011783848987,0.130485677502148,-0.0814105961826789
-0.161148,-0.0263287804024677,-0.125904260836334,0.16306347749406,-0.24921997894762
-0.63529,-0.412783366299586,-0.0454255010941391,-0.208965531306166,-0.0225006732909718
0.325548,0.192503556900897,-0.0249128212194542,0.277474465513747,-0.909740016424841
-1.49349,-0.889308454188696,-0.0103637441666844,-0.508568077818749,0.12993514068037
0.0743778,0.0883433572456414,-0.0760216624450233,0.201273098216695,-0.607636212956312
-0.14783,-0.137669852643252,-0.0628886166580903,0.083755452343414,0.442121146128753
1.04363,0.502838637245359,0.0142409818035554,0.573611341720293,0.327518724053108
0.980945,0.467365503416872,-0.0377275171934719,0.581393891222583,0.317146399705665
-0.183845,-0.0235987543354205,-0.0924344627948681,0.135019491924752,0.231930391446757
-0.60353,-0.406962106011108,-0.0458174829564604,-0.205868715112725,0.0383584805462727
0.304759,0.194009785153107,-0.0530111645833325,0.277456478966229,-0.826660133510607
-1.46937,-0.878504343477255,-0.00145018127301637,-0.529504582683857,0.459511954449822
0.77713,0.393272345673405,0.040209353329615,0.486286281995177,-0.355613465718491
0.539295,0.180540887086601,-0.00365301338240198,0.356935426277774,0.412707812813129
0.537672,0.293978743854714,-0.0495687111587821,0.369770278072386,-0.0982373225357426
-0.978109,-0.642476707917638,0.0251822276989141,-0.436429027882015,0.618114013085947
0.730327,0.39790455424551,0.032206862691294,0.480740695493904,-0.112838552150929
0.557473,0.187203770309683,0.00864396233137029,0.380570810421394,0.42575598150047
0.557816,0.309783477829788,0.0231358822010927,0.377259387745488,-0.161211389656308
-1.03034,-0.643080530588001,0.0227375821719144,-0.405899523586785,0.289462935626205
0.0142671,0.0662097189503915,-0.114315276016332,0.191184695074621,-0.362548714699741
-0.0950088,-0.147428457428562,-0.0380749439056657,0.0628436414905111,0.440252492152842
1.01835,0.501095383126388,0.000422155538220591,0.549924642361078,0.356306801640093
1.00016,0.454679170817039,-0.0768517563314958,0.586228211316781,0.28968827325325
-0.211439,-0.0476890401469997,-0.124963316229972,0.135142238617193,0.181942580062798
-0.73075,-0.426562747494065,0.00312399305431415,-0.198100876693298,0.00780742324474951
0.278624,0.186386880116776,-0.0637774838491572,0.261185373497765,-0.940412247997832
-1.48309,-0.854684775171292,-0.0284474177756813,-0.467747657210677,0.0916920898252586
0.258584,0.18246277926631,-0.0560193969693376,0.27371530675027,-1.2177626396231
-1.54165,-0.869150247235506,-0.0106413873440872,-0.569558456610996,0.39803694301911
0.807898,0.389494245264031,0.0224676559596762,0.487490437049928,-0.401181203166225
0.532572,0.190259407268461,-0.0191951528161301,0.375482906713291,0.413488445981054
0.539008,0.296088147234616,-0.0046730618632595,0.368519370413011,-0.14398392836081
-0.982605,-0.592894321016345,0.0174049528168271,-0.41945938149071,0.338435287568869
0.148123,0.116836680644075,-0.0624815599125002,0.180706545833676,-0.331786532769988
-0.0732483,-0.104186327436245,0.0376627228830748,0.0819271417662827,0.517713836970901
1.05292,0.48260072669575,0.0226332722812584,0.619599630267563,0.394930394297129
1.04605,0.436636461570753,-0.0485366014727996,0.616219735605252,0.313208413505932
-0.194301,0.0359705853257385,-0.0544516058845364,0.115079943825868,0.196158049938636
-0.711579,-0.346970691573707,0.0261530001256735,-0.218636887325516,-0.0885501211049777
-0.124061,-0.00212471348010682,-0.0607456433738632,0.113366075581742,-0.502601083546203
-0.490862,-0.360572903362634,0.0450844077536133,-0.222706245680513,-0.0356261126043321
0.333409,0.207990843519965,-0.0287577444793419,0.272747059633282,-0.750678595031904
-1.42576,-0.77476477661509,0.0564099638554684,-0.604975360098601,0.633057661437884
1.06303,0.472662585352109,0.0160450812754688,0.602362250368526,-0.102857795487751
1.01342,0.397721575686848,-0.0917075847901904,0.544805940232178,0.737867740464666
0.795879,0.38338959432663,0.0324092041131395,0.457881126432889,0.726661965223859
0.507439,0.161937957745792,-0.0181140216796743,0.334401360409773,0.582890038441513
0.559128,0.284411625782636,-0.0129795678055768,0.356511986997401,-0.161338158388278
-1.05533,-0.633860033715331,0.0631204696842832,-0.475903591636592,0.345144454388724
0.130017,0.134647202493371,-0.0369998560606868,0.204148069666732,-0.336208842225363
-0.0211692,-0.08928282965587,0.025022924983768,0.0860299151824807,0.524154824395259
1.09109,0.507260715358268,0.0467816092814768,0.628732041507497,0.431028579539478
1.07106,0.462101674727595,-0.011098174685128,0.623256989368854,0.366982814627486
-0.143451,0.0291339063555853,-0.0726532737931345,0.109743591238607,0.29605590455369
-0.561525,-0.319412200237541,0.10351956284081,-0.213846342890268,0.0856628869467275
0.340166,0.228255938016728,-0.0554551508233449,0.303954568108215,-0.747307698493261
-1.34438,-0.739928164657857,0.0374122264555031,-0.540338226023442,0.509906463801861
0.840256,0.399283629982453,0.0272559929393314,0.520111016539235,-0.264458056050866
0.612892,0.223825502824156,0.0268820960226079,0.418190623920482,0.474728425709671
0.610879,0.335010323337361,0.0456420660959765,0.430117934858436,-0.0900144553184821
-0.939511,-0.556141941385517,0.0994969440255571,-0.441572533831377,0.356551032190882
0.0953765,0.126452125744696,-0.0023820082730307,0.202718697052047,-0.27972698067697
0.0347461,-0.0890821275936016,0.0950562124025894,0.0863574417674261,0.381593754448228
0.834928,0.425539077192601,0.0518638317877332,0.551238408543278,0.274071313142529
0.546336,0.218322573635091,0.0217886083039239,0.426754148593555,0.550270217348224
0.608854,0.33165196258871,0.0233179080799986,0.409549932123959,-0.149361973932239
-1.04708,-0.557493653440996,0.136326896068577,-0.447403886659852,0.368118459447936
0.132816,0.129095550227607,-0.0139532375911059,0.208599414146999,-0.333265656193783
-0.02749,-0.082968288470359,0.0875779736681032,0.114827688806445,0.517983937204138
1.0731,0.545527674724274,0.0651389020126427,0.713749862355237,0.423471766343819
1.06253,0.481542224613089,-0.0129796924096048,0.666799917823778,0.348491087960429
-0.165559,0.0410148299437824,-0.0300521401124189,0.108881637922345,0.284030110853731
-0.581203,-0.37129821897353,0.0180447563087075,-0.208017710554635,0.0831520365926225
0.356621,0.224704430237886,-0.0208033975111333,0.298646452764754,-0.752987412074104
-1.38025,-0.828825810179091,0.063373412028582,-0.474130403855651,0.645126023597261
1.08916,0.534353771100965,0.0644777628698322,0.703714357891639,-0.119955282513641
1.08703,0.500975472455833,-0.0116183644445075,0.678268323368217,0.294342649103979
-0.120577,0.0172436729347976,-0.0549626042981434,0.119754152277501,0.306238433883573
-0.501026,-0.339050400316543,0.100775438192281,-0.196872651582111,0.0302969920518964
0.341715,0.226393775623433,-0.0177448909925324,0.31060490795008,-1.15260857351199
-2.36083,-1.42553654994719,-0.527351907103647,-0.0953140500945502,0.512612480333491
0.844173,0.429580357803456,0.029368001652778,0.577316674948331,-0.720539246916656
0.566731,0.235679123549844,0.025720751842641,0.431551707512146,0.37726157246269
0.550561,0.344569831443732,0.025578915237364,0.421606656017837,-0.17815947446353
-1.07172,-0.564701768857343,0.130417172916904,-0.439455334095811,0.307426165749305
0.0671057,0.114992798949366,-0.0893419311349789,0.19898488433241,-0.387455075589334
0.0332282,-0.0849681924337123,0.0708855569680342,0.0915525613775443,0.0513431528548886
0.38869,0.241328298498926,0.00455391695304148,0.305238463297964,-0.526588793314774
-1.4028,-0.824183931879083,0.137005712605617,-0.506307992863566,0.57045850358621
0.849412,0.439586882012537,0.0337145402034232,0.587611782422248,-0.285386589263153
0.602965,0.227880252291348,0.0178568543826985,0.440209046141078,0.472972078922384
0.604574,0.34445530455621,0.00579846839997544,0.458246980640921,-0.0979333525637417
-0.953524,-0.587208911541797,0.122232827442307,-0.474200073858695,0.366657180373072
0.130526,0.130944689969384,-0.0379654855053547,0.218507746458297,-0.296290416321771
-0.0380414,-0.0986357037843576,0.0626056113359803,0.110009960629745,0.53456364801749
1.0933,0.562461407384454,0.0613599909906747,0.717498315511847,0.439899341484213
1.09585,0.525246426548983,0.00503025095420104,0.704300003905101,0.396383558787277
-0.104916,0.0254745319053246,-0.0492395291018822,0.119336857675902,0.392919894873579
-0.479061,-0.298017402173093,0.14795697247297,-0.180627303284739,0.445360161639774
0.861055,0.470759173807353,0.0576350874726009,0.591419226004353,0.0929529228739089
0.612322,0.262917714947853,0.0331466531377127,0.430239020897774,0.542887630381307
0.617583,0.385551451977092,0.0554510576708181,0.43494167618548,-0.0613860563114636
-0.90571,-0.496692007970863,0.224368254378426,-0.425548046208117,0.39512166207862
0.170078,0.175815132893421,0.00108610134891484,0.238678817063252,-0.246842562155657
0.0243139,-0.0544308172986283,0.0820116401512417,0.122923384871527,0.564385213509651
1.11235,0.582040438742926,0.0787728811568061,0.695264840538469,0.480495459996493
1.12234,0.528617913639288,0.0118324592880131,0.734160295050057,0.407905101245345
-0.0958438,0.0898987835471454,-0.0167504167497755,0.146582190055605,0.374114656308276
-0.44589,-0.276993597849099,0.15619669203167,-0.186143441895639,0.144396021899788
0.405169,0.282947017428321,0.0323521223394833,0.352353355624093,-0.645431884813862
-1.28021,-0.698592693772849,0.230437643004324,-0.516068086687507,0.691467329142338
1.0979,0.573351328243934,0.0966127296712225,0.711811315708024,0.0114079594386386
1.1098,0.539132167082747,0.0131472016224219,0.759529114642712,0.802711644219295
0.870092,0.47893971233748,0.0622274225318133,0.56157957260352,0.827660561380771
0.627031,0.281850254150096,0.0981467528068086,0.415744915294626,0.657384493730774
0.622347,0.382081189653192,0.0559100135885507,0.420918244204672,-0.0425729080947396
-0.908121,-0.465943243041361,0.216348456198464,-0.373724621361078,0.378153324785757
0.145981,0.172469753228519,-0.0108455718615828,0.226582095058822,-0.32933677820222
0.0468733,-0.0287768628030939,0.1265262932836,0.121047552854584,-0.0583791984581954
-0.101122,0.0576273886557134,-0.0535875019607395,0.157750470487575,-0.155675345142147
-0.446539,-0.279413986994128,0.15557686556715,-0.166787554656975,0.0441078479207952
0.385529,0.281520334372931,0.0290679466923948,0.351567423241006,-0.728805900380404
-1.2798,-0.7089132229998,0.222539978470029,-0.473991267873591,0.207356892450896
0.144222,0.172837762121955,0.00152129183454519,0.247911189446036,-0.44700550913474
-0.008487,-0.039833958033619,0.0898886051173699,0.139719054893076,0.518707820203378
1.0987,0.581283122883177,0.080516738462987,0.739729281245762,0.453492515821827
1.11023,0.53086216234839,0.0216618431796236,0.724393063919068,0.384942788913033
-0.118935,0.0855835370095535,-0.0381761761413902,0.154777800275103,0.338080126138954
-0.512067,-0.275872248945448,0.151783599918289,-0.16516345552463,0.123848796367037
0.390975,0.307765571174374,0.0227840265193491,0.353558099798238,-0.700482868784567
-1.29086,-0.776935662492125,0.247458253435161,-0.509197072327617,0.542475661509608
0.861095,0.515751419687781,0.065984290477714,0.599019217648886,-0.246700149103979
0.589144,0.304784318881881,0.0703436414865065,0.453713459712536,0.496503249584265
0.61864,0.414392726418898,0.0438133550386582,0.462282172330327,-0.0608786857072271
-0.976724,-0.600369295214706,0.192537940525933,-0.414528798725068,0.712681488271766
0.85863,0.498856207897671,0.0669149793883984,0.590519498693696,-0.097336934225724
0.565261,0.277651156164149,0.0134213597492354,0.445380064225737,0.519952859890767
0.634855,0.420933669674577,0.0502385193063141,0.478042591073994,-0.109781555873149
-0.965538,-0.585907597073929,0.162953804897696,-0.392618518986213,0.405693468583208
0.193713,0.163167275940971,0.00429175214840355,0.25067167492767,-0.293301234237944
-0.0188698,-0.0571177579909641,0.0463152606082329,0.12474883142088,0.549278382327158
1.06932,0.598927992891749,0.0581473643477883,0.645240447684989,0.442078279631391
1.06936,0.564647562812518,-0.0239078004979798,0.668454817448968,0.396902743195499
-0.0612516,0.0508906942341406,-0.0913404802423362,0.192506824736262,0.315888849256991
-0.518031,-0.350684975989371,0.0422458351074056,-0.135499445692157,0.142509537033593
0.42493,0.270112992326452,0.00443654169579795,0.349318087308002,-0.815418309978164
-1.4555,-0.867956249989896,-0.0116336995808066,-0.382647143924384,0.252529395513784
0.424199,0.272144455321166,-0.0122740424933044,0.364826256634591,-1.10674604270512
-1.34003,-0.836077111940272,0.107941995240786,-0.466458929560339,0.485286320786203
0.825159,0.492080236902444,0.0331093225037444,0.589275672059957,-0.26420903534409
0.610429,0.301607346326246,0.0574859695104548,0.470665981487439,0.482720697982691
0.638606,0.400458647635682,0.0532459137883241,0.460733603413776,-0.0739186486364432
-0.914224,-0.572690674520954,0.115980082552557,-0.315442398140226,0.417166956588266
0.200329,0.166144382283672,-0.0163595998523799,0.265254922354363,-0.237127329503615
0.059128,-0.0290319261319078,0.046496513027846,0.139587565331785,0.5597929915655
1.07854,0.612627636047031,0.0619216024525027,0.706372162790206,0.479149098676556
1.07491,0.560948678374401,-0.00668870477331316,0.662941514276419,0.41014443606452
-0.053287,0.04568747283925,-0.118413717761659,0.166624891086299,0.325119252304472
-0.448383,-0.303338310215581,0.107681404828656,-0.148316725639335,-0.0140622604305577
-0.0913801,0.0430750871277166,-0.0663843994657082,0.173264864046084,-0.392217959584743
-0.528451,-0.332060202121564,0.020853209641977,-0.142554339862243,0.0308597905865977
0.399175,0.266147387400668,0.0047240487929545,0.340400458662632,-0.718708862916465
-1.33004,-0.812378408492007,0.0126634463587849,-0.488927977696304,0.675705053484999
1.09119,0.608296269032082,0.0803370494784873,0.605356676822791,-0.0288755488123006
1.07209,0.569316900538186,0.0175838214407189,0.630793067239637,0.78602674050956
0.848108,0.501354877334324,0.0614584105678133,0.557243590777632,0.803111578798062
0.608696,0.307455871243609,0.0876584476180976,0.422022211013356,0.647108903897546
0.636451,0.401595961957065,0.0606455651720738,0.433508808721774,-0.0810603210853199
-0.983489,-0.558788946025864,0.108412010635839,-0.335653367242471,0.403422804839789
0.168519,0.162571093610142,-0.00530255077237162,0.252249055484758,-0.286308098511856
0.0091249,-0.0145088233806208,0.0481848523872612,0.138279479839814,0.549367817105955
1.10018,0.614141741074919,0.0717868080765542,0.68019245163737,0.443915797774956
1.05361,0.568406864344466,-0.0102538760289522,0.667172692654377,0.400958411239978
-0.0952505,0.0616762384168738,-0.0375781604627637,0.160551666280247,0.33762655994549
-0.45636,-0.305644835921167,0.0253945848031563,-0.148622534248039,0.127501372559385
0.383899,0.279486136369455,0.0383561370336687,0.344169144972464,-0.674750814077866
-1.28783,-0.782373610944705,0.0304960273174119,-0.466198760588794,0.541639979579856
0.848933,0.482478401657446,0.0706453492092706,0.563988388249113,-0.22112427715425
0.648128,0.304266010260903,0.0543395018776752,0.429319581171559,0.485685254401741
0.605164,0.394056457870095,0.0627111570371286,0.462823360837725,-0.0370820615021704
-0.86923,-0.543162694502595,0.0948876572681907,-0.317200877604153,0.402574907422657
0.198973,0.165763956181736,0.0099677677457709,0.245031990548674,-0.236474497718108
0.0631395,-0.03634815967462,-0.0354087440646623,0.124848085413037,0.438880868386099
0.839058,0.496321918105404,0.0757764506512542,0.560747571262828,0.340252648328295
0.651664,0.320908133846413,0.0436229621121421,0.430074721622459,0.568722909197167
0.610241,0.38829986392231,0.0603610353782157,0.438298698870725,-0.0158410784662711
-0.8478,-0.567703182877391,0.0265304961991071,-0.314437175986513,0.397907490290669
0.165644,0.161041706302192,0.0193441722324353,0.252088583261793,-0.191237489022213
0.102034,-0.0180034966907579,0.0532550174653025,0.1343571732512,0.552594074792398
1.08454,0.632033333940608,0.0992998400341461,0.681976696211976,0.502065640613959
1.09075,0.579736085581715,0.0384754560617299,0.675904866686021,0.412389525560379
-0.067043,0.0410988424767958,-0.0675135856294227,0.148594634256938,0.353457508779573
-0.453082,-0.31620783228047,0.0570878957203113,-0.147170211744691,0.133286370501697
0.353925,0.25030851671856,0.0400166258309377,0.320963882647706,-0.643306816566696
-1.27814,-0.835190865511944,0.0286995120622887,-0.408242746279746,0.688025856819909
1.16666,0.684773203825741,0.0900891090701973,0.681489090673754,-0.0623889225166161
1.10396,0.613184253286947,0.0118481653189435,0.652881695951824,0.37244035729807
0.0228884,0.107536785762296,0.0454157297166438,0.20340222285657,0.169293401392512
-0.866972,-0.562494840390863,-0.0606710704485111,-0.164822551692546,0.129638575355566
0.462053,0.329616994788741,0.0410273645324768,0.3698508700928,-1.39711627804549
-2.59252,-1.70879419050753,-0.369427823356485,-0.282597629692254,0.542315141179783
0.860145,0.528238272316478,0.051153602739721,0.558012404856117,-0.856799082195929
0.462129,0.228090408661976,-0.0343964068656459,0.423941777499927,0.385246372852657
0.638279,0.434486283062565,0.0759355293901763,0.450870798354654,-0.370352738169492
-1.43686,-0.937457867140743,-0.212634313138777,-0.406507301537291,0.394995042043661
0.244596,0.214746790498832,-0.0653692440526102,0.262457066529084,-0.660330103673342
-0.254756,-0.196167584989941,-0.10402459755773,0.0864951097480508,0.105261787311193
0.495529,0.360543140005372,0.0669428069674157,0.371528781681005,-0.93684378977638
-2.09661,-1.28912840318068,-0.291402242202207,-0.606696957868564,0.592820716213919
0.864804,0.544178051593174,0.0596851006737376,0.60075566253837,-0.658950465567073
0.417733,0.205997486867381,-0.0418528396732734,0.411103504416229,0.408100063717651
0.646194,0.447442177411712,0.02455742476253,0.494796369907658,-0.485677201098708
-1.68618,-1.12306319941496,-0.27680619715911,-0.598797531557618,0.424787469793487
0.318334,0.260547901553677,0.0206910235103881,0.31522655256509,-0.78540319597707
-0.467779,-0.348136127473313,-0.156466574694142,0.00532322164906278,0.595738799663693
1.15721,0.693637140479326,0.0576072483127209,0.754132344352522,0.267268960355114
1.07244,0.605826696552698,0.0582105833273362,0.698532334595392,0.496826069832803
0.223855,0.21391101435657,0.0370129149290177,0.258948026691624,0.117442752429325
-1.10715,-0.757228813565159,-0.200684841560447,-0.302517438468386,0.592714149598079
0.912159,0.564489769925543,0.0507000777083634,0.595727404963118,-0.237660988293017
0.414901,0.194886661002347,-0.0283748936611766,0.377199054915458,0.524489264614469
0.721846,0.472512568813882,0.028545306662704,0.493864757126407,-0.464354349328715
-1.67441,-1.05650225366156,-0.280835657684506,-0.673345281656337,0.492890605219396
0.376189,0.312844637675703,0.00762673784008807,0.343636924095654,-0.710450403347661
-0.316236,-0.229902314583959,-0.094786170087588,0.023551911880427,0.624830455857742
1.16278,0.703159812072079,0.0552198021798029,0.716503959348017,0.339418480459141
1.07589,0.608895982507759,0.0333768408198835,0.704696772631748,0.525293957172685
0.248555,0.2593627681716,0.031462672554573,0.270776263818932,0.15708379080974
-0.925787,-0.620837642252068,-0.156092088865195,-0.316064796146484,0.331831227349764
0.622425,0.423749108599868,0.0374378987097194,0.449289531921319,-1.15034848971953
-2.0485,-1.30342913591497,-0.26517350146723,-0.778494113421701,0.783751337807684
1.1673,0.696215848572852,0.0423024713418726,0.740501058571502,-0.320154066921332
1.07073,0.607532843074678,0.0535788897111966,0.693906436394669,0.797053725227259
0.924257,0.581392317088057,0.0584397901684672,0.571818010243715,0.737215046195696
0.453049,0.208358581492735,-0.0049892298942965,0.356206278191482,0.696432270995266
0.745107,0.487403632126375,0.0465937037380975,0.493035057418511,-0.335398584682368
-1.46263,-0.928617046738248,-0.20341570068472,-0.649889995354686,0.511716142840066
0.403697,0.333131885793491,0.0281584543017908,0.336833427590152,-0.675859882877044
-0.280873,-0.199524538508363,-0.0924906078994421,-0.00634592707705364,0.165025103575053
0.315713,0.290717332023513,0.0428032705263559,0.297594878752235,-0.476335086414375
-0.918935,-0.589899022405248,-0.141955569250649,-0.349297164440675,0.256486881822432
0.619403,0.441501558727405,0.0429519052245898,0.464872432292356,-1.20586015545556
-2.02916,-1.31041096119336,-0.266650569353547,-0.847996265826405,0.403911680192433
0.473323,0.366153640468204,0.025360008161314,0.375193836586979,-0.862536129026517
-0.269849,-0.207982374550155,-0.0864472704424946,-0.020345538425342,0.633436327152656
1.14296,0.706888021953969,0.027623821933651,0.725381630406046,0.370737656411878
1.08401,0.614036618842055,0.0255491302122712,0.689697625447982,0.558746494535679
0.325438,0.31155861559214,0.0384644636263978,0.303068019101628,0.198608103970864
-0.83751,-0.545703798925292,-0.109239106917506,-0.304927792719549,0.37362263471398
0.639973,0.463961303252326,0.0567800981509029,0.466345707835055,-1.10000687221139
-1.98045,-1.21560042802296,-0.209463661053135,-0.795378746751554,0.65719764130198
0.935013,0.601641295455902,0.0402018080597627,0.5840260690399,-0.566427736317946
0.481195,0.265198290322816,-0.0217501247108514,0.39049649474505,0.525038208882112
0.776334,0.527174324167419,0.0396500647197747,0.511419015598466,-0.294811996429729
-1.42358,-0.88977788440915,-0.154052529681407,-0.61743825937749,0.795793012782846
0.925967,0.585711705808848,0.0361822254996391,0.57905864923727,-0.314490111764893
0.476575,0.230323787625697,-0.0388202160570452,0.371063581042021,0.531399939361176
0.72585,0.483217585417841,0.0138509630998728,0.495273535119823,-0.338777712622396
-1.44807,-1.00050338532728,-0.296901324158085,-0.617252789394621,0.529268843521711
0.441105,0.354383572833082,0.0265603170299762,0.352428510570539,-0.591069045664405
-0.257283,-0.215181812801296,-0.0833160388853534,0.0174565563639862,0.649148029627406
1.11984,0.672986797293593,0.00871314790814788,0.691691018972147,0.373563430422216
1.08035,0.615200573440026,-0.000772873216119037,0.69283899420982,0.517426006035458
0.256419,0.247161646336144,-0.00464658930795467,0.296724562110572,0.171846855850304
-0.881508,-0.634713332639421,-0.223840879821861,-0.365467790520436,0.309007459884922
0.594502,0.417189208309711,0.0244367363102367,0.417171283701022,-1.22618263747669
-2.11658,-1.35828765375407,-0.297943203345401,-0.701532541472767,0.333358855682947
0.596994,0.400633057632802,-0.0103499965576023,0.420876253487037,-1.67724254169301
-2.04848,-1.37752549787074,-0.366696835605108,-0.688136960328173,0.543165103320033
0.917609,0.563363940074432,0.0429299830663921,0.557767939485291,-0.653064820152906
0.387766,0.190368320439483,-0.0485893541858613,0.352928254659418,0.491181784343936
0.748591,0.481723659930844,0.0352658617414805,0.473509482063302,-0.390371434324544
-1.46103,-1.00696694498724,-0.214615965561343,-0.594794342664779,0.525494697847211
0.423205,0.316388566833174,-0.00493082518547718,0.347322564861653,-0.5905019561287
-0.24186,-0.200418594803812,-0.0407532652245724,0.00468303420336703,0.634528709320426
1.1158,0.67285387755148,0.023148334643735,0.664528320537008,0.348747112402442
1.01554,0.577079142219384,-0.0675977311971839,0.573044250265169,0.499359438540333
0.226293,0.257563453213026,-0.0960619877227561,0.29048130968093,0.115217276286918
-0.943249,-0.615472806255432,-0.182194790698765,-0.368739633789783,0.274082121216549
0.373685,0.282624873869432,-0.0114321803553887,0.316451385449962,-0.748917895824589
-0.934879,-0.65609396586748,-0.156406823587295,-0.374480228336348,0.260482050273349
0.641392,0.436204323014248,-0.0229389912311279,0.468725251548014,-1.1464641354206
-1.99823,-1.26232171828242,-0.150156463440848,-0.846184973869553,0.781146502085315
1.15007,0.691653493776445,0.0133191195305201,0.690687337791632,-0.303639590159971
1.05672,0.605226533030127,-0.00738224500945778,0.64665644174324,0.794715387212373
0.929049,0.617395916794336,0.0679291515149422,0.573480157342761,0.727670047606271
0.437394,0.213788099394033,-0.036275395401778,0.353123955351223,0.722038745097518
0.780705,0.511888467565017,0.0512895070077979,0.515784008845679,-0.278663517009261
-1.32963,-0.870748205988508,-0.0897452430855942,-0.686612571715369,0.570491018789083
0.472728,0.370634797940682,0.0215428513384985,0.401552438081937,-0.515098032507
-0.20834,-0.210800075502453,-0.122271193808487,0.0120887524887429,0.678390111385021
1.14113,0.694035045436856,0.0718589735838707,0.679523850944648,0.389136471578623
1.04816,0.597913408235258,-0.0245784240005252,0.664734233591261,0.565037857162591
0.342825,0.278083100639291,-0.0104823077154771,0.319168492342385,0.148791475674872
-0.910793,-0.648075261446683,-0.153649017789655,-0.345378262099981,0.351782787574181
0.595121,0.411289017990872,0.00474476756131618,0.401367582747459,-1.18338302282955
-2.09892,-1.39835813212128,-0.266079338160666,-0.676306350403601,0.615814645406198
0.917241,0.551050753812644,-0.00774473460078044,0.544190242389802,-0.688534815692723
0.319376,0.181711539426192,-0.0452295683399904,0.350775595573805,0.513232520104027
0.793952,0.508712207292049,0.0528011436127477,0.490111379276108,-0.389919540545422
-1.40462,-0.91720988233526,-0.102632248284011,-0.645347937355495,0.579065893768495
0.521536,0.393063883330108,0.0551217240812332,0.40930031167813,-0.584831989018228
-0.250669,-0.184598869486222,-0.0615885660247835,0.0238159192581906,0.568350872030751
0.935948,0.594702157399806,0.0382231194405748,0.625817531519925,0.115598958158229
0.392811,0.182564998417975,-0.0522024710931253,0.344884479683894,0.61294584786501
0.731961,0.489418335638627,0.042675200877892,0.493792995049684,-0.329302207697334
-1.37177,-0.861563119183309,-0.0576830919392517,-0.639970090437759,0.538715046283358
0.466968,0.317740590502453,0.00760579365262524,0.388095028277236,-0.562281424718814
-0.272929,-0.252875794230167,-0.168794115155207,0.0225122144044242,0.685977498121888
1.16801,0.728434428852978,0.03708553345552,0.826001885073607,0.373038278064084
1.06971,0.635934839322854,0.0197169652916731,0.767964694133192,0.592571256955919
0.375137,0.345890552289962,0.0544862298890676,0.353767939910148,0.20331808947992
-0.821795,-0.542261941075398,-0.0691217428045529,-0.313665855623072,0.410040201489207
0.66652,0.478978897209252,0.0527314441989655,0.499492251551339,-1.05887294253564
-1.95516,-1.23819824826354,-0.208529274408477,-0.818935556749511,0.807478721043348
1.17607,0.72622389655804,0.0424086970854064,0.780879538089639,-0.320413750006641
1.07829,0.632426871792047,0.00645229203987779,0.716623188526163,0.493239762444148
0.378101,0.341355680480418,0.0569534998619858,0.361473496607694,0.195743541182971
-0.814925,-0.524687267192971,-0.0604621012245269,-0.315061634971918,0.416490834789954
0.676237,0.476754318633111,0.0605106373266363,0.518003870475636,-1.03743724653466
-1.86535,-1.20287145537575,-0.0977804102574491,-0.837869180403873,0.681529702344584
0.957897,0.611383285037288,0.0691754010604414,0.644156944859556,-0.533400271930337
0.438745,0.224895692758727,-0.0259151032043138,0.389712273491542,0.539456634583814
0.77281,0.533091598604761,0.0596604190652666,0.561542487629308,-0.320620522856111
-1.3612,-0.870360127743201,-0.0501706387280732,-0.687291120899149,0.546112752463859
0.46314,0.378880496432539,0.05457301188063,0.421774747766141,-0.61608943536853
-0.273516,-0.193160007729337,-0.0406265982202878,-0.000513547171911937,0.280314369624006
0.661595,0.467832577672663,0.0650552557282607,0.523467124146012,-0.893349203768443
-2.02002,-1.27054141139273,-0.112057991396581,-0.924462862088993,0.691607289303531
0.931286,0.608947579284378,0.0461034773323751,0.669649522162792,-0.622857273564055
0.375621,0.224723889285422,-0.0158551807401143,0.398858908398214,0.51419005751218
0.761593,0.528437869497411,0.0777114084016206,0.589060069264153,-0.34974942630206
-1.36613,-0.877503810253093,0.00496853449298964,-0.71864495437331,0.555894698009255
0.48979,0.390856068090295,0.0502128091854135,0.432735197114268,-0.568332973953491
-0.295175,-0.216823690248624,-0.0457174722966815,-0.0178402409316295,0.694143458925943
1.16403,0.73438567469599,0.0485751144734762,0.825333667798636,0.362572253595507
1.06496,0.634397334556894,-0.00110561335466241,0.738671218083392,0.586009526912512
0.359673,0.328150845409089,0.121494630141939,0.364046224598208,0.219590326132578
-0.865941,-0.582207330654984,-0.0382107857382858,-0.370257583583581,0.653039884439037
0.918679,0.610019390203283,0.0392350185386245,0.658352337463995,-0.126793589793381
0.399947,0.218760073560466,-0.0130862686215566,0.376768239988225,0.584376283092747
0.771157,0.534459894586301,0.0770038443165253,0.564135027455434,-0.337866124502579
-1.3885,-0.878829343750078,0.00479062831827363,-0.740523092650668,0.5694082222175
0.498648,0.388860978498622,0.0706771880920074,0.441742256619558,-0.559002870946919
-0.253154,-0.209060659194413,-0.0320429323008215,-0.0201144272184633,0.695920805499918
1.16029,0.736157891775687,0.0543601151104357,0.792013196925005,0.386352970569171
1.07818,0.645256447744229,0.0267383638613879,0.735601104557266,0.586784263809564
0.361815,0.340087000235009,0.0831522018456691,0.358985438427557,0.217379185239692
-0.800364,-0.568061932722482,-0.0679995631761575,-0.379171195528896,0.415753845822198
0.673245,0.476850612317286,0.0700482959951901,0.537958793870599,-0.996834341048555
-1.83024,-1.22358302445151,-0.0702808114417815,-0.941719878765226,0.815675278927431
1.16932,0.740429575769645,0.0362100583001043,0.801511587027538,-0.220192933732155
1.07703,0.639309411512315,0.00899243037354522,0.758420283468884,0.811956301836671
0.928021,0.617649245688515,0.0613654329084224,0.632967212129305,0.727813998584111
0.409241,0.230245049721409,0.0108957972669199,0.375709349614714,0.726967089538362
0.78332,0.528374724462511,0.0557745658296346,0.569387631546969,-0.274000186767151
-1.28784,-0.851282155521111,-0.017503042065903,-0.668660125682839,0.561069248548249
0.476041,0.382822278339226,0.0771316789996784,0.43505295087928,-0.565441019891511
-0.218021,-0.206644903921623,-0.0681800274831455,-0.0230887417058473,0.256497003400258
0.420415,0.346675850459573,0.0605000267688129,0.393011512619055,-0.41145292365889
-0.857607,-0.55682496482282,-0.0341256232826276,-0.412411867380638,0.344434207208547
0.684162,0.47985453222827,0.0481549255164536,0.561102660196626,-1.09928928063287
-1.86826,-1.24922714143355,-0.130530493869116,-0.99316133611179,0.467796514243894
0.540473,0.4107784564935,0.0421487064585132,0.458478811535343,-0.770588668581083
-0.229509,-0.206706057157761,-0.0459596681771827,-0.0158445667992252,0.683207758594949
1.16537,0.737738979320348,0.0510602099065795,0.774242985724224,0.398629685696601
1.08412,0.647926802121245,0.0208140011355598,0.754524008231369,0.60355686421547
0.399514,0.339774269685048,0.0642178179463342,0.381053169722132,0.202866003296657
-0.842177,-0.573157529207371,-0.026233160174323,-0.374817519572512,0.43373434044554
0.681126,0.477634798100842,0.0506096851919928,0.550600173157757,-1.02493342179937
-1.81121,-1.23714221460268,-0.144381899872665,-0.970483966154729,0.677512664665473
0.949597,0.61599088206725,0.0540253466700892,0.680081142006249,-0.517100171479272
0.417033,0.228210739838639,-0.044993582300325,0.399179897244597,0.555645229328821
0.798273,0.532872493356525,0.0700017819407011,0.60131424501186,-0.2935071215672
-1.36616,-0.942720965900822,-0.165999111013761,-0.657485466281088,0.811859982911046
0.961382,0.617953270825226,0.0665229375836348,0.672073862134727,-0.319981628391625
0.393048,0.17787775880429,-0.0244421524922639,0.374720034956458,0.581991509201949
0.778045,0.498245122397246,-0.0136372467742104,0.547744776554654,-0.307647057892052
-1.30786,-0.881421765417055,-0.00969995348856321,-0.633604735240338,0.574653524444669
0.507001,0.397850161517442,0.0623351929799204,0.445962506898025,-0.528246412435382
-0.260665,-0.186487714008335,-0.040798945542642,-0.0031021047576587,0.700328450863612
1.15883,0.70764961861281,0.0033683421560428,0.72968615062711,0.35961425228322
1.02974,0.618736523499144,-0.05357304896378,0.63536305629163,0.557313114883568
0.289056,0.245372528232045,0.0137470914879319,0.342102924527729,0.211745043486115
-0.76235,-0.521516645074543,0.0348785345515704,-0.315622992642246,0.374607041995845
0.678398,0.483142323023591,0.0600074465611196,0.549999123404336,-1.04778235528448
-1.83975,-1.21718579445588,-0.0665226121125168,-0.868512043744812,0.433141090051057
0.690308,0.487237573776952,0.0700802869215403,0.542356674350327,-1.44223771460145
-1.79334,-1.20786057956761,-0.0527141604501878,-0.94889315790288,0.617306671250817
0.945962,0.630161358296406,0.0486472345219497,0.674247965816701,-0.510542082610336
0.437837,0.240402703446767,-0.0146340063834176,0.406879036726182,0.547841893779121
0.786131,0.54967842827611,0.0434936960346681,0.594579039352433,-0.290771273423263
-1.29448,-0.966761109406251,-0.0961781043741236,-0.60120809330444,0.565931005963734
0.467163,0.325443611301152,-0.0350614603052643,0.378571732161664,-0.503738826515107
-0.211892,-0.17045678431974,-0.0323248211057326,-0.00118451428829196,0.666073793322743
1.10542,0.709509282736334,-0.018453023016197,0.67412665098642,0.407440417036356
1.08052,0.661480675717681,0.0184730879630067,0.785832488191799,0.590056060981506
0.426079,0.350255660612986,0.0712366532978536,0.375737615648482,0.193339952236998
-0.838051,-0.54732654815268,-0.00213087779083353,-0.389603724532247,0.403543123224826
0.437624,0.349558116120245,0.0605443506259174,0.405735607102332,-0.602365833546735
-0.738067,-0.548972806174342,-0.0573356379823823,-0.349851024832649,0.328622219321967
0.707917,0.489971903289348,0.0459906629466342,0.537354824179617,-1.03089806966279
-1.93402,-1.38683582591611,-0.222858994796754,-0.621856637094983,0.817713821961949
1.13787,0.715738550918013,0.0215748007730051,0.734919792058733,-0.269273174860935
1.05634,0.653121203154791,-0.00453574182913849,0.663803502574425,0.801227472048815
0.946786,0.610932794052806,0.053024688445915,0.601569707179164,0.721708604220571
0.42004,0.235210190636388,2.92330733709951e-06,0.375312961254922,0.740226345352006
0.798668,0.527882518362338,0.0554859189239761,0.560862968982446,-0.264586283969377
-1.29164,-0.849583984110193,-0.0390505096611766,-0.685565311303523,0.605084125557191
0.532349,0.392341232515301,0.0636233894640436,0.435606736559823,-0.480869131656404
-0.171183,-0.168572037044748,-0.0245239565581147,0.0327485424419521,0.714887048862773
1.15464,0.716398255545247,0.0302543343121794,0.777441875197336,0.428120502786618
1.08031,0.629837189302788,-0.00271220386579955,0.776628738931138,0.60938312214365
0.403683,0.337154881438701,0.0792392185294185,0.35862219501846,0.228721558444594
-0.779339,-0.539635368650238,-0.0347575464616227,-0.375399767287978,0.440448159666031
0.692082,0.483976580652652,0.0503327442372296,0.527779448041711,-0.99433393083928
-1.80313,-1.20652497337048,-0.0919742894525444,-0.944769162216439,0.687655631627183
0.947918,0.614004212889098,0.0599504373365511,0.642727257314243,-0.498078858371276
0.450844,0.24000440583473,0.00124967712304796,0.380193551664582,0.555091490705075
0.803952,0.543740387865884,0.0776945087590958,0.585189407245289,-0.298526933708247
-1.33785,-0.831182000715639,0.0246100242486279,-0.663276381209523,0.60700393635673
0.548161,0.411411914282052,0.0684483406913495,0.418068750901183,-0.532774330706988
-0.203433,-0.184942419321747,-0.0584523579013233,-0.0234487462750678,0.594895492277695
0.953021,0.598144703407462,0.0493935303764933,0.623255361472589,0.16088730724255
0.43686,0.219617290037684,-0.005859964366351,0.368669260475832,0.650967949994953
0.792328,0.533904655075348,0.0566181886132652,0.564845423920405,-0.297363522853454
-1.35951,-0.865001309646147,-0.0258878242890763,-0.66606324067823,0.610179060264264
0.562706,0.394340177084989,0.0343337511643602,0.429345205204909,-0.538972047943641
-0.238691,-0.182618878746573,-0.0299638230771163,-0.0107609236851284,0.723045150913022
1.15506,0.711829640322381,0.0576307238579713,0.801869188804979,0.396931868229369
1.07044,0.618872168894367,-0.000862315918771805,0.79290049382316,0.608288181812869
0.417943,0.367892694487765,0.0957461352668088,0.350727857905176,0.202591933179613
-0.827039,-0.540681167272315,-0.0791163290874844,-0.370477018841543,0.43850169544206
0.693939,0.478208064876501,0.0668827793734652,0.513497132738587,-1.06759945813166
-1.9751,-1.18762046970704,-0.0900419528764787,-0.91363323874787,0.814170897272356
1.17097,0.721199954457215,0.0653727340045952,0.761154826695645,-0.346276860764739
1.08098,0.629683224869726,0.0153110622606394,0.765359683511268,0.354775398252586
0.0870616,0.157418166751953,0.00292528255225434,0.264250353822264,0.119143623017623
-0.956431,-0.647066396344323,-0.125585969077188,-0.303785956517471,0.178724334540248
0.431551,0.368500798941262,0.0427040776503691,0.412335598758411,-1.18392494570213
-2.01122,-1.31667608217666,-0.311512478599959,-0.67508403865,0.527017757343761
0.877666,0.565941946966063,0.0759114180181986,0.594499011648639,-0.643505965463471
0.387595,0.202012937760414,-0.0526472402927369,0.384173857222967,0.433446788556006
0.654864,0.460404696805653,0.0502350787333018,0.502015017352445,-0.415132600509507
-1.49647,-0.937323886002048,-0.162044351560646,-0.60713172853918,0.435776011003023
0.34008,0.284804966174495,0.0327401160424049,0.326550172391341,-0.705819546450715
-0.301295,-0.243008088123572,-0.098619418936669,-0.00469897086097933,0.13632915839359
0.513388,0.374849830162123,0.0711962871510172,0.429242121205798,-1.04015438788711
-2.30855,-1.48575630881527,-0.263070158914782,-0.795571469519838,0.605132263968951
0.889863,0.561398356878709,0.0544109479706658,0.645428274522177,-0.77350060842839
0.347055,0.181487807136374,-0.014341009830786,0.368187389407748,0.437056604124938
0.701258,0.461819166721565,0.0546026371752352,0.534452613761323,-0.460871644835061
-1.56836,-1.09080251602349,-0.20438509572397,-0.770470651022349,0.478173012602207
0.394409,0.282972912130429,0.0210823159182073,0.352694338270169,-0.717755746462934
-0.432988,-0.326648414909089,-0.0902909620553106,-0.0814977726736391,0.635736082567832
1.15851,0.704581338790971,0.0623214551069148,0.767038687499974,0.282536897075778
1.06105,0.602063903780542,0.018352738639707,0.778384852584095,0.495712003875763
0.222222,0.240613827820154,0.0232390015134737,0.295093226164269,0.0858180309317238
-1.17126,-0.746432950006132,-0.0919535402298776,-0.501225490909207,0.590809819807567
0.921311,0.571565201463175,0.0668275518316722,0.605775687469469,-0.294820298720653
0.345974,0.17340505460464,0.00618319570702997,0.344156884564674,0.521520576290637
0.720305,0.472217633213691,0.0422151867550225,0.522889486340705,-0.507588632883684
-1.7068,-1.06854628253438,-0.158900381191912,-0.882441302288365,0.486928401320788
0.389859,0.321161688996781,0.0375768145366363,0.372625289899131,-0.769784893688802
-0.419483,-0.271596229314604,-0.0763330143279633,-0.0828655724593664,0.62228917240903
1.15249,0.694679904398627,0.0532192845572789,0.762139822575119,0.284070416648514
1.04673,0.596425222360886,0.00582601726019582,0.715548857726726,0.516983081948879
0.269628,0.262725892335946,0.0768919546213703,0.2965982266049,0.100421288857248
-1.02635,-0.703083483616797,-0.0867093279198495,-0.500043414775569,0.339384855451836
0.625169,0.421775190614378,0.0353855760583152,0.48022405232607,-1.19520545410714
-2.05447,-1.36935103355175,-0.177570275124832,-0.97217577890052,0.774630128973388
1.15923,0.688853126831389,0.0335161923654569,0.767147162218787,-0.327509641564969
1.06356,0.5999957701722,0.011587929272162,0.77895748550295,0.786419158096068
0.930637,0.579890888549445,0.0638022414191735,0.602610928909536,0.670736641519809
0.310148,0.161119992863749,-0.0351907113124844,0.318174628626652,0.684584098549046
0.733521,0.479117972669721,0.0611739664006325,0.524967509924127,-0.456464551830029
-1.60848,-0.976416605529276,-0.0432908117463919,-0.891387663653733,0.506644169040649
0.443124,0.326992514208233,0.0382272179520715,0.371939394710256,-0.792287264731353
-0.407223,-0.277673854797672,-0.06293349797569,-0.116837751561663,0.181264650222345
0.360597,0.284440916241096,0.0451053737134879,0.329602663624768,-0.595549083688855
-1.07013,-0.696733848625271,-0.0922360956315279,-0.549891945852394,0.252214351483097
0.616692,0.433138307606398,0.0495568587397113,0.4927232892978,-1.36383088252639
-2.25093,-1.3602717161023,-0.157460485624173,-1.03010738973854,0.385870427837489
0.478782,0.349160613213318,0.0469472983504559,0.39253282604644,-1.02392359179635
-0.42817,-0.270509102701739,-0.0695403680936909,-0.0950261187236957,0.633020406779796
1.1731,0.682131854024995,0.0609772206491404,0.759870615760715,0.293801674945941
1.06444,0.593288331687896,0.021277913493652,0.763659763250322,0.564413006840363
0.359212,0.283105313961561,0.0512132005163037,0.319722156114001,0.116372843181685
-1.01334,-0.676377065424352,-0.0672098083979503,-0.537410835056244,0.389781607328619
0.650852,0.435501212819488,0.0526676038218873,0.485692909578774,-1.18370490468651
-2.00231,-1.35428175786013,-0.104076717315336,-1.08508442389429,0.639923557081834
0.928349,0.572929284129158,0.039580449091737,0.649577663501771,-0.631076795121161
0.357783,0.166717235166055,-0.0238977238208066,0.335108159909761,0.507603142821471
0.775544,0.502938872726786,0.0530677469747681,0.559720975329954,-0.432849329299068
-1.62092,-1.00996584811585,-0.0890017838635197,-0.938411511085549,0.780485781881405
0.934175,0.580643571406131,0.072111975493802,0.6607687934414,-0.469627922498021
0.317191,0.165306334053508,-0.00911969305515665,0.34481511112974,0.506972074845527
0.722338,0.489429036084728,0.0622412253404837,0.56736214141283,-0.498962616118818
-1.65848,-0.965723294610128,-0.0483280384985373,-0.887766047553304,0.506631694011295
0.430211,0.335525825831696,0.04904954296205,0.39382985830478,-0.723279450045425
-0.359611,-0.256825292268123,-0.0602692951445509,-0.112523935017377,0.647469972617296
1.16265,0.697689809794307,0.0675040017837131,0.802508559931015,0.316860335299993
1.04688,0.604561669483401,0.0108155723440089,0.748200681401816,0.553779228720493
0.324453,0.292067463585548,0.0712722163022439,0.337265904673182,0.133799250110243
-0.949814,-0.616259070549456,-0.0458607863856114,-0.49251875629812,0.359526715895145
0.654717,0.431718826711395,0.0617400509089157,0.483459897236818,-1.26527719964297
-2.15903,-1.43119572277174,-0.290698001289246,-0.85625162615541,0.381369039921156
0.65044,0.421699612907547,0.0363822067652952,0.488550579020184,-1.66906348489276
-1.99775,-1.3360742162032,-0.143484001410291,-0.986645127367929,0.572904764813703
0.942714,0.593658301500512,0.0679248146262895,0.668318127895204,-0.638006435434941
0.364103,0.166186998675541,-0.00335904100723539,0.343056974469503,0.508765980382104
0.763376,0.494621333204294,0.047618402508119,0.56889409390217,-0.418716994596777
-1.51612,-0.942825744198832,-0.0598182703225415,-0.901932828626268,0.550450210069546
0.484103,0.349646915667248,0.0560875727352643,0.39405204288163,-0.65334314100977
-0.345314,-0.238400226179496,-0.0512380537966617,-0.0990637187750519,0.682226004861307
1.16447,0.690672044833837,0.057542532782307,0.768755340301584,0.33831783447118
1.06555,0.596689612027275,0.00702483556131191,0.714048818905223,0.573389409670015
0.368419,0.300595165899827,0.0790339167450935,0.314772557646465,0.132135512960828
-0.958118,-0.611003444196159,-0.056647154150104,-0.498264367056503,0.336631218362988
0.376148,0.302047341843588,0.0478749155941949,0.347196501083513,-0.761812045956615
-0.973139,-0.604727423256523,-0.0752950873287091,-0.398848402779688,0.262696461452229
0.659839,0.435306609263127,0.0552530890893771,0.472488762276585,-1.21029333018632
-2.11219,-1.26303024793957,-0.0489017641196616,-1.0642008152734,0.790843836553838
1.15892,0.683812796333017,0.0657096547163707,0.74317376091196,-0.347930567545598
1.06323,0.581538346867715,0.00585590481340767,0.712203295329187,0.795122589636651
0.952712,0.569064090963071,0.0613301638036351,0.567702389223462,0.688112656472976
0.341268,0.155106057017815,-0.00355335049546133,0.284455430953472,0.726036728231706
0.772501,0.463291851759363,0.0440582819937849,0.471518357938744,-0.337378516398277
-1.37321,-0.94949572929809,-0.107494717807176,-0.885265207550952,0.555141952584993
0.47756,0.304993770300942,0.0579822656165443,0.325377234749589,-0.58854214373529
-0.335933,-0.29124132980316,-0.095574854361473,-0.108689534471117,0.682249069848742
1.15271,0.66956546654624,0.0517407096015507,0.643992496910386,0.333905055780173
1.05292,0.570105278646304,0.0115521483804147,0.682715069386507,0.542597125124189
0.306595,0.235643846162638,0.0286062939599617,0.255620837040456,0.12493047219492
-0.980122,-0.622592444846795,-0.0857769135321298,-0.467321906309014,0.363722688709018
0.66704,0.406502942035742,0.0673341551655534,0.445180907901322,-1.23822802586587
-2.15744,-1.22504317281381,-0.12735190636264,-1.01049604136674,0.653414016504535
0.941795,0.551869302989242,0.0368139198330715,0.5874061081565,-0.700547405055759
0.349604,0.159093184639763,-0.0104407501668562,0.297041734220385,0.494794216952412
0.754243,0.474068755883815,0.0553234808769031,0.521927603345341,-0.434960914913851
-1.53216,-0.909258033405817,-0.155837907097933,-0.864939911559905,0.53245958824467
0.465611,0.312380535588483,0.0460553867580967,0.335517686306374,-0.694955695432497
-0.377294,-0.25327942795326,-0.0306774473203516,-0.138176566629439,0.536955621099665
0.941623,0.550668355783494,0.0437799429219265,0.60335661127201,0.0464332603296125
0.36313,0.171889863369824,-0.00159176595627942,0.273815324014791,0.620592137628107
0.773638,0.467389965364076,0.0630902419981439,0.486275586931469,-0.367416046110689
-1.43308,-0.934556079430086,-0.10853033336804,-0.85663333940398,0.56451060801664
0.498123,0.313314936670925,0.0525317013399578,0.326067003919017,-0.606872720844114
-0.321459,-0.257924573637073,-0.0570604656106082,-0.143014507374578,0.693934754299467
1.16765,0.676007095686744,0.0520162920834591,0.696662441319175,0.343290931803571
1.04839,0.581516868760298,-0.00110119531226635,0.719315932880511,0.579455951668517
0.372212,0.269196871909177,0.0655434962959472,0.226279155436113,0.134842400369778
-0.955986,-0.563448505391304,-0.0261896226948154,-0.52127096029628,0.394191688209605
0.665155,0.385933423012696,0.0486553772719795,0.381537093343043,-1.20029706962826
-2.1432,-1.22169488439236,-0.0825235330173966,-0.916174673054048,0.770958891449413
1.14868,0.740180746398027,0.261063913096476,0.475037571045761,-0.506255502760054
1.08594,0.597513442720426,0.00671755500564556,0.693596819568536,-0.249291954083232
-1.29541,-0.519198108217594,-0.136281240575375,-0.537818887394546,0.146112750904522
-0.770826,-0.398750448692058,-0.034436159147682,-0.367510841719277,-0.748674459156258
-0.396795,-0.0621369432624097,0.054604490649083,-0.27366167380147,-1.11036715498802
-1.76834,-1.01238965517626,-0.167827596024052,-0.717309710825928,0.0372662096418572
0.547569,0.399376778112009,0.202496037215865,0.17530514378564,-0.56652266730333
0.538322,0.289003031717126,-0.0154442268212178,0.27788786308363,0.0518371070018754
0.0512273,0.149154625854809,0.123504428902489,-0.107601430309672,-0.31936980242906
-1.1825,-0.65908116826819,-0.0449097434708825,-0.597617522605015,-0.360096083997004
-0.95087,-0.350142133862029,-0.0491438343241842,-0.556450766882958,-0.591364251951164
-0.116265,-0.0631464605686256,-0.0151948397531968,-0.061310306539871,-0.799273774903438
-0.469536,-0.120510645581212,0.0255663599679663,-0.357885163439807,-0.931763207915164
-1.99592,-1.09047917981944,-0.120928146073101,-0.790720083692227,0.0335282063619362
0.519703,0.399995803375407,0.215799785857464,0.169433846677401,-0.678411299602595
0.515167,0.268483562772544,-0.00600137219494635,0.281373115166041,-0.0201628837111693
-0.0217852,0.145041324067715,0.136329519159577,-0.114589389853747,-0.432004947999958
-1.41113,-0.744763370887012,-0.0970517896446757,-0.706502011219875,-0.404987012304684
-0.999672,-0.366102389912543,-0.0491895807590451,-0.608659247774535,-0.634055225187413
-0.279265,-0.141001466417266,-0.0459110891291387,-0.126087968337274,0.0229844200195516
1.1352,0.725688945750256,0.269407216709725,0.512678545582311,0.16894495159148
1.10067,0.581220171377939,0.0121629061697282,0.652465711126021,-0.233752898057337
-1.46667,-0.653498988153605,-0.128494847192415,-0.694726305128085,0.112309149478539
-1.08338,-0.559629905567454,-0.104994830546559,-0.535132145341395,-0.296538458522163
0.518998,0.379916058983517,0.207634120621866,0.110318097126983,-0.369670822360417
0.436988,0.229429634126518,0.0111600996280658,0.206497494290652,0.049431118578692
0.0308547,0.128196730569926,0.115267733893776,-0.189856743674124,-0.479839016714394
-1.47668,-0.875567562302485,-0.101521824447194,-0.852015335498229,-0.348253826113983
-0.918711,-0.393766177077934,-0.0464142991035381,-0.643891948182037,-0.633437550953401
-0.222026,-0.13938301674866,-0.0335786446776155,-0.173845180125025,0.0623546322780135
1.15938,0.734004876179141,0.284853781348389,0.516784988338878,0.187141728011221
1.0928,0.576684137600463,0.0037619127253155,0.634115874975217,-0.268093941322435
-1.57894,-0.671491900661254,-0.152745655988588,-0.774639123880595,0.103434784747717
-0.892416,-0.453059623271805,-0.0510036965258611,-0.533082757657542,-0.936699978445551
-0.543434,-0.147550222839189,0.0392999026694459,-0.450351808711323,-1.23357185954808
-2.00083,-1.06662075979944,-0.128918027453225,-0.971005997444664,0.263831035746277
1.15391,0.741624104013059,0.317973871639061,0.543398261670791,-0.399020551330617
1.08566,0.573873541797012,0.00569344303975578,0.551221792246795,0.590281902550725
0.488345,0.382044088782296,0.251436065483314,0.00394944299473703,0.692528606547622
0.463934,0.23852902193428,-0.00264340225634171,0.170198608846499,0.154088535779748
-0.0658936,0.0909531932452036,0.142313748496983,-0.264777774267321,-0.445103203781724
-1.43864,-0.709259082921185,-0.0381397338357887,-0.834780873693854,-0.482492638079704
-1.0883,-0.42229085263984,-0.0506833164078971,-0.736840774302483,-0.797207461415039
-0.185998,-0.111891204288887,0.00304878305828338,-0.210399176837853,-1.27339165232625
-1.56294,-0.727556688194506,-0.144616071503205,-0.863507715827817,-0.528557772931819
-0.734568,-0.438263672973296,-0.0544143573451493,-0.578770909461942,-1.04940079255662
-0.549334,-0.196938811223639,0.0633669086133827,-0.516547742732778,-1.26375746757801
-1.83959,-1.06086197851434,-0.104289622165998,-1.0666260425211,-0.738553128662583
-1.04433,-0.450225589173894,-0.0406965204709663,-0.753506142529435,-0.819162658794715
-0.172828,-0.10923684162246,-0.0274648445133453,-0.214967661616914,-0.0312130511366957
1.14095,0.734151032145768,0.318303183250681,0.556642467623051,0.185323578936463
1.08943,0.559170689168573,-0.00288391529154951,0.610691320390659,-0.33301848355922
-1.71864,-0.709736519114283,-0.151039527079889,-0.907001473689901,0.107540931933737
-0.858244,-0.440023884540785,-0.00468763236936956,-0.58797180863214,-1.05004833003756
-0.664696,-0.23075543193876,0.0281441619419216,-0.569413882171439,-1.24228488146381
-1.90349,-1.0277287171872,-0.0600305653381096,-1.10963730816629,-0.15780700720961
0.397986,0.339888281732813,0.260286771999382,0.0611895151719119,-0.695784707200578
0.442529,0.223224479696279,0.0190513989133617,0.184859488320837,-0.106943450712195
-0.151986,0.061267749073756,0.19387162475579,-0.30584644900994,-0.354073548844178
-1.36004,-0.714951187182956,-0.0708268364791055,-0.879359304207103,0.163396979917225
0.414082,0.334758598831749,0.282148914420376,0.051173067423893,-0.431052453461622
0.414582,0.21449568966326,-0.00449064758777977,0.167636891417059,-0.0705711066884142
-0.151713,0.0479828550662381,0.161993359217299,-0.289311779678761,-0.441248219994049
-1.30345,-0.710529566832948,-0.0469616946239892,-0.883833660004574,-0.547911852306597
-1.20411,-0.477373441769921,-0.0328883553663887,-0.813168130799008,-0.559920896528549
-0.189956,-0.129197484932811,-0.040743026630546,-0.236354420945617,-0.0609459208775855
1.13717,0.727883853110886,0.347708759306172,0.568382622875825,0.17198914117447
1.07816,0.552201156129082,0.00221566305251269,0.665853550952144,-0.316782258812779
-1.68344,-0.74556711191626,-0.128114243088396,-0.959741530873869,0.132721401490801
-0.765491,-0.40877101351034,0.0126956186387678,-0.558020288189755,-1.09534374054436
-0.774609,-0.251908989240037,0.0411668046819428,-0.60479319672332,-1.28518775528767
-1.88498,-0.969630909156711,-0.0456296505782831,-1.06703313709044,-0.813891101370198
-0.725799,-0.230055954140185,0.0540039908477645,-0.616975281632136,-1.61407152212027
-1.84067,-0.970015957706591,-0.0551450983734548,-1.09530527929477,-0.248873585173812
0.386012,0.328841703852091,0.247751366783449,0.0336256386907034,-0.684021237800245
0.44878,0.230692364945924,-0.00321273712079555,0.159006004669941,-0.141832854567237
-0.192192,0.0400152212918138,0.174752196824902,-0.335326956671375,-0.450457514331557
-1.33721,-0.677544567145369,-0.0262508074492927,-0.847764640737713,-0.575260763089666
-1.22777,-0.500388183687673,-0.02087105548764,-0.878198835125302,-0.584572551513912
-0.209449,-0.120655582888228,-0.0315024612153567,-0.239515079731316,-0.071154862603004
1.14395,0.738349587710426,0.359455490330534,0.588145779513815,0.158479031640996
1.07623,0.546398320701245,-0.0157143279086574,0.636378457456381,-0.332238132612727
-1.71126,-0.768848312325835,-0.0986277551920686,-1.04589795356058,0.0988810288437528
-0.737287,-0.429861978541533,-0.025389124443946,-0.609938918360594,-1.40851256257272
-1.65438,-0.838686176079055,-0.190884542752781,-0.961925964157953,-0.790338081959505
-0.754191,-0.415059568014633,-0.00454830016557527,-0.588642696495113,-1.15932050107055
-0.697025,-0.265974091471043,0.0394402275944181,-0.649242971407408,-1.09066283798035
-1.73803,-0.986150902584397,-0.0423373654138386,-1.15231424896256,0.19411064229018
1.13995,0.726030111899583,0.327838331707845,0.613005112833042,-0.318609776265666
1.04952,0.549891401789135,-0.00691876284487838,0.552627347421374,0.553416397081091
0.390506,0.327023879763897,0.243651217387172,-0.0499305134105585,0.646499142027191
0.399675,0.21329850598894,-0.0045448254912451,0.157362226486286,0.0790636926405661
-0.168255,0.0370910769680149,0.167527394710404,-0.354603393227027,-0.397499808921428
-1.23265,-0.665806601627314,0.0751184395646767,-0.938930680428458,-0.571942253786772
-1.25133,-0.551121096930185,-0.0861054464205866,-0.90607995509819,-0.527125342963856
-0.182726,-0.0990564863845445,0.0152383763379727,-0.23653302052277,-0.0743990928589267
1.14185,0.735771511241727,0.360086884386206,0.642376449691628,0.174703456694524
1.09016,0.556790521715034,-0.0184788903466967,0.59830904274436,-0.335117369034274
-1.73465,-0.798508415702703,-0.102949378760515,-1.05008179606294,0.14752431395806
-0.750836,-0.387575810029322,0.0574472981533633,-0.595364963421593,-1.09537121363185
-0.76456,-0.267662661040447,0.0519340923960516,-0.650223968604233,-1.17141668173583
-1.83093,-0.95797789870512,-0.00634682950293534,-1.12694286815368,-0.224638605548796
0.325941,0.305851219938794,0.235281526930791,0.055334622920467,-0.673513013199909
0.447705,0.22811904996777,0.0387432379075273,0.209597742066077,-0.169676065872033
-0.215172,0.00510322110933589,0.161504194124816,-0.31998727395326,-0.416032983261698
-1.24422,-0.716158195996519,0.0239526374108609,-0.954410356137551,-0.592638134719293
-1.2242,-0.571989443398335,-0.0887093295240117,-0.923858822926125,-0.603333668241057
-0.214075,-0.128024316966704,0.0209856279213734,-0.25563696990877,-0.428922490845867
0.351321,0.292221478284336,0.223370597222333,-0.00471975451803382,-0.0295416933392129
0.423611,0.219821915949526,0.0393373081369538,0.198635903619121,-0.0672296784683962
-0.21909,-0.00143534456964385,0.143316267856942,-0.356673511087731,-0.443029360857715
-1.31655,-0.687171703336585,0.0536686802362241,-0.947470661261848,-0.609234802067782
-1.27242,-0.54916805352111,-0.0173964565491438,-0.950490303674031,-0.60314928853316
-0.268229,-0.153265480610535,0.0227446383132997,-0.252053701828612,-0.0937250245349884
1.13517,0.730429651265372,0.330620805251108,0.648206501351688,0.124696365737617
1.07296,0.563365595418713,-0.0133997840531374,0.688302837615049,-0.371167778382858
-1.79186,-0.808076427192569,-0.112251898635061,-1.15250831745967,0.118312810260279
-0.795419,-0.432891165051749,0.0576258280676201,-0.637524420674551,-1.13238055278104
-0.791807,-0.278975271537552,0.0659687080296549,-0.653290672784185,-1.19293889321064
-1.9584,-1.0213278429003,0.0138903265942285,-1.11598061516463,0.130102039557222
1.13886,0.720830869355879,0.310369437285727,0.603095090819684,-0.568827719489324
1.05267,0.562578949705103,0.00482007176027419,0.718769739111874,-0.472729939151317
-1.79457,-0.81393044264683,-0.0841325106374382,-1.13072477188583,0.0995724625838774
-0.786769,-0.44725264384068,0.0664064435766057,-0.601919437499343,-1.12788486252597
-0.765135,-0.293754019293175,0.0563332626635617,-0.647726568090179,-1.2041698063181
-1.86484,-1.00873395822987,0.0215167536552434,-1.05546285362552,-0.217835277413254
0.357086,0.305653417306574,0.21540265009093,0.0432551788508887,-0.710219983662822
0.401719,0.218465624141142,0.0338799792040919,0.227079060995004,-0.174079833286403
-0.234752,-0.00628125612699933,0.157027584222667,-0.327925315228078,-0.481687176428241
-1.33855,-0.716073822531274,0.0511884350381338,-0.933682367433599,-0.654642445471016
-1.30396,-0.566894150624833,-0.0230107939798218,-0.955447500682257,-0.758695963609268
-0.25796,-0.134055588964059,0.0311643685292564,-0.252123921324388,-1.10196832620962
-0.799812,-0.30701129425167,0.0213004254247527,-0.65860802504816,-1.01189047332922
-1.9564,-1.01250095498448,-0.0126115798206729,-1.10527335444972,-0.201317470213207
0.346317,0.303662619273273,0.238671694000498,0.0428917413433439,-0.738401878212314
0.421927,0.218607145317842,0.00992123235914061,0.223164010122092,-0.189480001407919
-0.248981,0.00815042706695792,0.158251999500575,-0.311728982484747,-0.470413297506654
-1.33978,-0.716577191828112,0.0286443208128731,-0.933730524569354,-0.62874199760388
-1.28961,-0.558400042338158,-0.0250949845614457,-0.916282533516142,-0.594879087766508
-0.221648,-0.132083062889101,0.0332573414211718,-0.236646269167861,-0.0982303296869106
1.14639,0.731431938610114,0.340606887922327,0.646451386816155,0.142324207067755
1.0729,0.569429404053376,0.00357648348902817,0.71812835730499,-0.369157458936569
-1.83829,-0.857275468479098,-0.136737445681688,-1.08754699220734,0.213650332534627
-0.790777,-0.455929868872866,0.0282608919562905,-0.612026164524209,-0.536790677342061
0.340755,0.286800096634596,0.22331793942001,-0.0122527715043935,-0.301892237765712
0.39951,0.208652977858138,0.0224037966036595,0.193239691854592,-0.122789234304355
-0.251616,-0.0296440680711012,0.154126981431723,-0.376521107557613,-0.447984996227839
-1.2805,-0.689245903954211,0.099278512803191,-0.945650894140044,-0.648756580482518
-1.33783,-0.585947865717434,-0.0419891173286903,-0.928587539793554,-0.558936878990655
-0.194601,-0.126838927754374,0.0190316675155448,-0.24126256215027,-0.119318675556925
1.13921,0.734095538485372,0.357865244972476,0.59931178162488,0.142406171840549
1.05915,0.558086252351383,0.00749800222284799,0.715227989138094,-0.390923028397469
-1.8466,-0.825464095505306,-0.105291103155053,-1.10062751792055,0.0978581176117437
-0.831844,-0.426152655740372,0.0672523458970746,-0.620902437629572,-1.15580046545285
-0.808939,-0.306269626250328,0.0520246941224557,-0.668550845876034,-1.15924208017437
-1.84047,-1.00142908816678,0.00171396704285568,-1.11610145237447,0.137849498885379
1.12724,0.744911642314232,0.362100907408387,0.670641228472451,-0.368412051614998
1.06341,0.579663735807642,0.00865347375266747,0.784161228151829,0.521098791416927
0.321834,0.308611152814811,0.258432289744502,-0.0750775405701105,0.733341244715281
0.408096,0.228154017482046,0.0303747387484096,0.210678254263563,0.425106476647133
