1000
-0.201974,-0.187178544821115,0.0913632869851151,0.00560578905390246,-0.306690995569038
-0.638173,-0.630682429132482,-0.226297761901801,-0.0812076540856376,0.756937849032654
1.91939,1.00007283227643,0.647934407431647,0.659493498213746,-0.488165864980751
-0.630823,-0.479093579234997,-0.178689736323089,-0.0353779190653823,1.23902038090474
1.15845,0.580957254478065,0.30340436050828,0.57925049210873,-0.342875603035384
-0.468717,-0.377760169998376,-0.148298582803097,0.0344198190471203,0.526938101290504
0.216468,0.0266621646301499,0.0493697718588773,0.179447250286714,-0.359687895131255
-0.631629,-0.55150177786213,-0.19904351272983,-0.0879862401273622,0.32334035054537
0.614072,0.320651374683505,0.153043920809488,0.500197176549751,-0.326752801478315
-0.375834,-0.251824479074226,-0.120993684138981,0.134160242882354,0.826443606805032
1.4452,0.573265315386914,0.277950212290726,0.857721265904521,-0.194484755253133
-0.345926,-0.31694908042345,-0.144121934951539,0.0107173176694694,1.12192159336631
1.24131,0.41299189715696,0.172848333949998,0.708389869703492,-0.0643210711344643
-0.0183831,0.0841962844913375,-0.0147621749676875,0.152976216144401,0.527519398345562
0.0874449,-0.0990384857559863,-0.0374458710410065,0.145429975899749,-0.120756278691007
-0.566686,-0.413758591079715,-0.161151338419286,-0.080045332638321,0.381609147967018
0.766842,0.195720853398199,0.0664141360102501,0.47249554395708,-0.180549420691634
-0.106591,0.0517109727791808,-0.0220005713546451,0.125533369077136,0.948069120650724
1.60222,0.543387057436644,0.255521675101925,0.854314800088129,-0.160465842151248
-0.350989,-0.271420920333828,-0.129552621951501,0.0172728967148654,0.616919518471637
-0.126541,-0.322186027567785,-0.0389213512635625,-0.0326337512457224,-0.114099257614719
-0.472078,-0.523157293142903,-0.186908014295105,-0.0915651328590065,0.830134500866003
2.12796,0.818842421285391,0.423673345587689,0.944067197136338,-0.299771992862114
-0.194886,-0.144414872336519,-0.0923903783083568,0.0699441102186415,0.825659973860515
-0.0405924,-0.0796664422305784,-0.0206252128350715,0.200671124478655,-0.152508020712354
-0.571713,-0.440943152858043,-0.174190441225941,-0.0733490403078912,0.272760425151816
0.663733,0.218927583534932,0.109259297906792,0.528654160785248,-0.240046070260492
-0.180006,-0.0191805554265405,-0.0414531054222914,0.138099808837383,0.785632479797684
1.33736,0.58408228827453,0.281016955816981,0.895925582222374,-0.228059610093985
-0.408964,-0.284533998722816,-0.140554302223538,0.0427075868888,0.466185966166368
-0.194414,-0.325830966318396,-0.0320734873171382,-0.00465313351600974,-0.180474233026602
-0.528663,-0.5418160032187,-0.196493154402754,-0.0853101167940534,0.795077826987955
2.1087,0.864437635949838,0.481036383249849,0.909276375356311,-0.27363726344563
-0.238401,-0.197833981002941,-0.102453518689903,0.0914710844577835,1.30586103255508
1.09462,0.425560610976893,0.197193309322996,0.70458640032658,-0.104379165882128
-0.248616,0.0739715257535839,-0.0213552128030277,0.147562100709479,0.293589348189097
-0.317866,-0.347945697500149,-0.0352353499088318,-0.0232936082790635,-0.306811501639031
-0.641,-0.563357468342139,-0.196462607271331,-0.118818004300141,-0.134209203941112
0.0900891,-0.0507894197475879,0.00209400185496483,0.204520737807639,-0.507852243835704
-0.614193,-0.429664161494564,-0.160095081862927,-0.0788515622198618,0.306486936207968
0.760425,0.235205163208939,0.121921503641993,0.519353247373956,-0.335210987116209
-0.350137,-0.0284489696326481,-0.0386590140031508,0.0963920944810074,0.787941234490307
1.21707,0.582897266068437,0.285351275146392,0.870408571155971,-0.194727416355508
-0.505453,-0.304610396177626,-0.138512068222965,0.0122484070160055,1.3439539170685
1.98748,0.752465062082448,0.358759774984211,0.880737748786778,-0.15413981642856
-0.255996,-0.146536801375483,-0.0988459690209834,0.038231144108059,1.45242380750554
1.44882,0.420253899492458,0.152750047936151,0.732432266907254,0.10004708749555
-0.0655257,0.0592639176127201,-0.0212341244158317,0.120275804350236,1.37281295785274
1.80693,0.580062881929134,0.23335360205573,0.843341003433297,-0.0233105730550789
-0.178483,-0.313331925475959,-0.145718115946906,0.0291451491380033,0.696246538909048
-0.16948,-0.321113222339861,-0.0333176539018884,-0.0254057647015672,-0.0223420122207404
-0.439632,-0.533006878026798,-0.194352362783207,-0.122906876086292,0.75932970836676
1.96191,0.807803499608182,0.395121591237065,0.843428493764148,-0.254399349080868
-0.312529,-0.142104694472141,-0.101610165770142,0.0402810964090395,1.30605837604996
1.18042,0.401004970376361,0.132225241914021,0.747795496644248,-0.012395311976347
-0.0282564,0.142888538194113,-0.0135889681434135,0.168987338981571,0.578981396600273
0.221111,-0.0863050298539881,-0.0462120038694513,0.196790560462641,-0.0363413827203128
-0.357685,-0.449737453562796,-0.174122726111289,0.0357507490796227,0.455046804554221
0.852427,0.211170721154191,0.0795927990436207,0.508482232858789,-0.207963903212181
-0.209248,-0.0323008886534659,-0.0483930086854374,0.0842065338570979,0.459181553158255
0.316059,-0.0488479194597497,-0.0247648042694818,0.237540315915811,-0.151028543771418
-0.422502,-0.409713729953574,-0.160894292310553,-0.0368027155141604,0.570321743007156
1.03003,0.201385051919744,0.0798825178439225,0.459054805059092,-0.134705755558625
-0.182044,-0.0264523804926882,-0.0435620773383097,0.072075427930827,1.1006248281993
1.67643,0.579742957994043,0.211873547549979,0.809743580802933,-0.18658856439239
-0.392766,-0.306218193210912,-0.141493495028453,0.0607189474938547,0.68180328281382
-0.0830379,-0.324956748263148,-0.0392524052639981,-0.019487881761631,-0.0147158961343314
-0.253423,-0.538765307039804,-0.194537717371978,-0.150195334118069,0.978689338373507
2.42177,0.825177818240748,0.360322201618735,0.776416267318672,-0.156396458507818
-0.322609,-0.158258859940582,-0.0951696799870103,-0.00867825134899343,1.64637532919547
1.45855,0.389279661628856,0.119531805660921,0.704120883948805,0.109653484616488
0.0110974,0.0361751313388082,-0.0314558081041381,0.126514926122949,1.22415490908321
1.41465,0.400913109995828,0.127387445610378,0.70461536634272,0.102904296794725
-0.0221816,0.0535985312796451,-0.0223532910103065,0.104543142226475,0.71154172098225
0.295227,-0.0596769801681683,-0.0329740784171823,0.225422237103829,-0.116727520494525
-0.551092,-0.414297049030977,-0.167206467473588,-0.0653932062641897,0.368608415726725
0.571255,0.121177076122926,0.0921553270313621,0.509351913164279,-0.294514983321734
-0.371103,0.103125111237947,-0.035308671652126,0.0501769452787026,0.723154717130394
1.29484,0.51323721080976,0.288907326123245,0.860296187675391,-0.3793073315188
-0.540301,-0.254554383719839,-0.139456864755519,0.0129761347609664,0.375088951862438
-0.310333,-0.404425896599113,-0.0293127772358505,-0.028894525138083,-0.312941982385069
-0.623581,-0.624039538454568,-0.196559295429411,-0.129537490072936,0.526148692985905
1.63638,0.73478956004556,0.428150338131697,0.948397312916937,-0.388207811758518
-0.458602,-0.0546055612288456,-0.0908788160390637,0.0271347471892789,1.28507880328709
1.53539,0.666280575842769,0.347847133847029,0.934524207836773,-0.229290398837005
-0.477501,-0.0671288092773231,-0.102758428332908,0.0509232648000925,1.10992539499312
1.15759,0.316865228349478,0.183482785250279,0.715265367946727,-0.241555832067091
-0.246651,0.26801844143122,-0.0159379027456675,0.186404602697379,0.279524404383676
-0.366053,-0.440409434487311,-0.0448356639078483,0.0332503344861544,-0.30583623749741
-0.635658,-0.627376169433031,-0.199758147104546,-0.0875764660364512,-0.174792076388926
0.046375,-0.154376639243705,-0.011867735647723,0.282954611701596,-0.520487183544876
-0.621854,-0.43534231062507,-0.16122458960429,-0.0113781053353346,0.229743349116198
0.631695,0.123793902854883,0.102862007340009,0.53471315001535,-0.363651508917708
-0.379334,0.137575339701139,-0.0299478364132643,0.120811479091027,0.665877352306597
1.11629,0.495946618968823,0.278656793129212,0.883136792566219,-0.372931785698727
-0.523407,-0.247507524063161,-0.137064417204063,0.0559594835117414,0.299053313432082
-0.310282,-0.426079788458781,-0.0329329423628571,0.0193805188317208,-0.317536095993539
-0.614169,-0.634572924726579,-0.197507464094292,-0.0676524451999026,0.496080468484122
1.57393,0.738411930755693,0.419907166810579,0.961465104917489,-0.403811812831725
-0.448554,-0.0505916776635658,-0.0882454550896155,0.0976034879261755,1.10078401136164
1.14856,0.309942836388196,0.185955572878507,0.711535180637252,-0.188339010482359
-0.217454,0.294563373531658,-0.00367487521390882,0.226914906106756,0.479447005429787
0.0808141,-0.210738509537723,-0.0363514486455546,0.26761993853593,-0.212048847158394
-0.534926,-0.446115607581716,-0.163859643112714,-0.00941804461844524,0.275672726164721
0.605575,0.113266544504375,0.0992566809054213,0.498826528369048,-0.308725219901074
-0.390277,0.154946597225291,-0.0234643378890734,0.141133345360684,0.756722316107129
1.3453,0.505280070079701,0.279999324280809,0.851322340448316,-0.392835726892855
-0.609593,-0.24541687186971,-0.133484871702226,0.0801793520660147,0.542795941133295
0.0505609,-0.188945836076365,-0.033171863012508,0.266197839980357,-0.380729035816939
-0.558282,-0.447819393168947,-0.16333612893974,-0.0103016447295454,0.21407898635912
0.5362,0.11195693579263,0.0917053957201945,0.508549071840038,-0.297389490179098
-0.345103,0.176034364894032,-0.0311434483626921,0.164800525178974,0.774866192215534
1.44619,0.511856851556361,0.296705751502238,0.844135131788457,-0.331459710901015
-0.440195,-0.238279241607668,-0.129728893299597,0.0585283618308673,0.420724143036377
-0.378752,-0.457947984372391,-0.0489838999863014,-0.0111120436972523,-0.199670131757349
-0.511145,-0.652118690774811,-0.198647151828789,-0.111267951934713,0.592056764861519
1.86351,0.760737214275399,0.441228069627407,0.907737417695427,-0.406121018071841
-0.502624,-0.0207326877843586,-0.0866168645438395,0.147244397964376,1.0967830608965
0.83886,0.306128768950829,0.181721090901948,0.698133705178634,-0.199342498379564
-0.347137,0.344009229735257,0.00413043240084969,0.30737341394519,0.665402755160157
0.563038,-0.521463669174156,-0.165912570131996,0.0596272178443396,0.470543231241466
0.701298,-0.0575608560625612,-0.0720185141978618,0.299494853306409,2.01674955523294
2.1384,0.327325527678543,-0.00950505230418298,0.511974851653549,6.21866526520951
13.3903,3.94698955649145,0.115935893866968,1.00239648319945,2.26273377565946
1.02157,-0.119903699234024,-0.21122343671973,0.292216505311116,11.6351101224757
13.581,5.91238559164342,2.25263938630488,1.0444123093135,1.49403778094633
0.153441,-0.447621601302433,-0.201460263240563,0.0648912811767287,6.76468950477896
1.77137,0.479400806734405,0.0042364736025806,0.622859869934384,1.24743826099107
0.0162728,-0.22514892589915,-0.143168199907713,0.192791920822241,2.76422671373014
4.26699,2.28061285096962,1.23665817643944,1.07621999968309,0.499117111215008
0.634897,0.104909767961353,-0.00215034133617793,0.377580597290915,2.42303323505029
1.29864,0.646112580866468,0.208871389714544,0.692546313434049,0.786905625350784
0.168724,-0.0480881332724336,-0.0560109769349627,0.261045412614899,1.77132297188943
2.70671,1.68370819486498,0.664553613505363,1.19043461003759,0.0816851581646044
-0.20579,-0.382329875256597,-0.153729949162383,0.0146057019419544,1.19237407114509
-0.0262552,-0.0498058361850848,-0.109542857873191,0.318863888724359,0.275902991948295
0.0449213,-0.226174463764844,-0.128951985042418,0.134338943211301,1.12274441681056
2.50152,1.64222635770004,0.313170457146778,1.17919446299689,0.402089806156061
0.486293,0.0174536141037587,-0.0717929691149534,0.307408540939795,2.24056783913591
2.8121,1.09372467247878,0.162759191891365,0.854162881883352,0.227858024208245
-0.325202,-0.605404147993073,-0.163739673343754,0.00788594697098685,1.24748315045292
-0.181407,-0.482603020972724,-0.153991377106182,0.0757285721947893,0.545131087536194
0.532945,0.135166354728994,-0.0200766787170776,0.405602533426244,1.72641227315231
4.23521,1.86185331523517,0.568105609499883,1.09174730705643,0.189516497473714
-0.227493,-0.435843665105629,-0.180341499042906,0.0577447675389011,2.30095249419565
0.999352,0.251587284442196,-0.0192813326155281,0.5300480104979,0.469434206424894
0.125029,-0.269127791038419,-0.16556557225546,0.179045750110095,2.03941319940921
3.65833,1.91926350833077,0.797771533490581,1.25315413694805,0.341128529675222
0.323089,0.0228819925080332,-0.0609503996303788,0.332392909904349,2.12637473440796
1.36174,0.610099438776396,0.1391155391671,0.732657095250345,0.203586899783765
-0.354683,-0.615732572231312,-0.138906793038291,0.00352692398840397,0.50990136557026
-0.410221,-0.59678496588311,-0.175453316339637,0.00308063056478155,0.27430145628543
0.459123,0.17101218870405,-0.0156844238555987,0.399676211425872,0.715369597778675
2.07716,1.09638420383603,0.433004971661643,0.957218735586931,0.26892007155684
-0.0833706,-0.11525776168053,-0.0824892065064944,0.20315127801262,1.81959739433963
2.23401,1.61437043538304,0.673115000522825,1.30364429521012,-0.152100957011439
-0.498622,-0.617276926908823,-0.13891118932187,0.00472914648513763,0.692442419780471
-0.592943,-0.645798176481351,-0.186343190570868,-0.00162630735869701,-0.20171757295679
-0.344852,-0.387033834443701,-0.128287844063721,0.0631952885841405,-0.181465619205615
0.15428,-0.0338573296609313,-0.0762178312027696,0.346602078967731,-0.0853629888073063
-0.0496123,-0.254819591480991,-0.132951408640457,0.170737645172781,0.849145904415554
1.85111,1.31729120846743,0.548752146119024,1.13310234612523,0.149026512062947
0.274038,0.038263100971665,-0.0208182298693136,0.331999809218342,1.10533090284028
0.676299,0.370238324043856,0.0443837519901211,0.657996004625311,0.456931404784801
0.342646,0.131006821816408,0.00922935046257251,0.375080113089634,0.836902764930587
1.16678,0.804070719237082,0.220309959707282,0.958427237052152,0.316571804380755
-0.045824,-0.126370477677924,-0.0816282488297822,0.213048026247471,1.47179423220576
2.19635,1.52259317432397,0.579112225744732,1.30361445089796,0.147615799015519
0.142412,0.0112034479815713,-0.0272600801119676,0.297918549693549,1.12848484701229
0.519878,0.295407200054568,0.0323532608679203,0.61160336716453,-0.030637342773123
-0.490219,-0.619403958506247,-0.129877493209727,-0.00927134461527436,0.0906050090638133
-0.45021,-0.654773454494202,-0.190370745780636,-0.0286190480370023,0.0340438564586311
0.270275,0.162980692104406,0.0229874242633359,0.336867228875391,0.382182882712344
1.38562,0.91821501948833,0.29782962916814,0.913265914275697,0.150278402757928
-0.0678582,-0.153297096324148,-0.0612924724458333,0.17502096822886,1.24727416812683
1.57963,1.40052546113549,0.546547777375507,1.17792791006714,-0.107991810350598
-0.359083,-0.458095785046455,-0.138051264936633,0.0134940698230773,0.569211450616562
-0.261596,-0.205022664808969,-0.110832795403311,0.213612753698022,-0.0519330765376871
-0.187481,-0.295486131041124,-0.101327421721697,0.102730507965191,0.403368533617397
1.28548,1.14262330074898,0.421107554351515,1.06012829714981,-0.259010761002226
-0.346093,-0.448817002382344,-0.142340751654008,0.00417017562842452,0.436083244839843
-0.256217,-0.186650075973257,-0.10938958727519,0.195929989941593,0.0208358045143741
-0.046133,-0.282446466629426,-0.104997802876384,0.073099539674071,0.599802131789226
1.63796,1.10571645659264,0.447482734398535,0.999108292353043,0.113406611871151
0.291341,0.0121128597002546,-0.00762178003980393,0.25263403102506,0.871016870567046
0.474384,0.230379272453562,-0.00377071820715663,0.469398969640633,0.0861587832627603
-0.279554,-0.6376889266106,-0.125321549721018,-0.0584654102862137,0.0868167036170247
-0.447409,-0.682679988801995,-0.200792548659593,-0.0761582560566968,0.191486537867719
0.452847,0.153166684818455,0.0269427284063909,0.287742564936309,0.347404748301199
1.23535,0.683848929655658,0.227917203334756,0.750947350068299,0.328793416435998
0.120642,-0.110228720659608,-0.0697827575446376,0.183877005463762,1.31930870343373
1.74746,1.21032583233153,0.294108223645954,0.971206052930163,0.315183201626014
0.191981,-0.117470305949136,-0.0900002664298507,0.183908060559869,1.42922918303749
1.58962,1.22661646050777,0.388165344388093,0.963430624710432,0.134815252963272
-0.132231,-0.414792952046442,-0.139277241391664,0.0221723817753646,0.671752109403308
-0.126986,-0.229507353363383,-0.127708259749038,0.145922770250197,0.18743137154462
0.0967205,-0.261591697166528,-0.111966986951504,0.0985150996151298,0.598777034791548
1.4394,0.924002367960191,0.343846116119976,0.850777946742427,0.25777729941133
0.434529,0.0254590615323702,-0.0319234615594977,0.207927589999884,0.877254485657817
0.652838,0.201795215773547,-0.020795517605302,0.371212201869413,0.163133989111204
-0.236155,-0.593525840788574,-0.118047515498067,-0.0736207685794636,0.228243935012565
-0.334649,-0.634324642405259,-0.19753694077547,-0.0968341600288152,0.290359660615712
0.627024,0.175395429044342,0.0241129309938606,0.224664311615317,0.359376860658481
1.10765,0.6432080645074,0.215734712644299,0.611617123730355,0.501923210853199
0.39868,0.106441241491265,0.0103118422881054,0.201958797301606,1.09752129679738
1.31458,0.527170275845303,0.0825786033569389,0.588227836542598,0.454951440115609
0.225721,-0.0709605784072881,-0.0686870821754113,0.144452156296718,1.3521049698065
1.82658,1.11314381203861,0.367532129014834,0.79654060130689,0.0531386995499971
-0.278109,-0.569060254648753,-0.13748007540533,-0.0671753716838243,0.711438080846452
-0.193789,-0.605006970364192,-0.197028597273178,-0.0939366937233493,-0.066390805507887
-0.178505,-0.328272326487363,-0.115178062437861,0.0140543109604298,-0.0345994308738132
0.0592809,-0.151086116587118,-0.101190436847986,0.0970368918765909,0.0598980933530265
0.162626,-0.199349950168186,-0.104832590430334,0.0762440062726614,0.538489467307049
1.1939,0.801616090796731,0.342692296110214,0.683864071112578,0.198223308950648
0.251473,0.0982580218761354,-0.021171850574772,0.191100129930651,0.654887195533442
0.374263,0.0856687757396622,-0.0309840672961534,0.235226928574188,0.0361819712332843
-0.305123,-0.511062134609192,-0.119381669323225,-0.100586072030061,0.0621845675107985
-0.405408,-0.621499163575358,-0.210356376977271,-0.118053020508829,0.216513161610022
0.565917,0.241216514528524,0.0318168476835199,0.190347495399644,0.330119791832474
1.15365,0.520200690899734,0.152693784423289,0.474585357087257,0.394720584177642
0.213914,-0.0445874191631034,-0.0747597741030544,0.121015961433956,1.13222394056189
1.42481,0.882994380572914,0.2581855121943,0.66559182180035,0.199025124465389
0.0620528,-0.326825809139935,-0.135668553007265,-0.036912830211515,0.653734401548977
-0.017555,-0.218978270674302,-0.125918091135843,0.0245266998895889,0.322378258666674
0.158756,-0.158530795214887,-0.110496734255508,0.0431648676425924,0.903033725633697
2.01431,0.79024771446368,0.297706530041446,0.539320633590807,0.310416708353478
0.586827,0.108667315787002,-0.0181212854199089,0.167517241644082,0.812999350821641
-0.0752361,0.0910203006462506,-0.00695917964338403,0.136760564294641,0.235910545620574
-0.276814,-0.331913288239065,-0.126804565169533,-0.0846178320481558,-0.146962107308696
-0.395545,-0.282548951652751,-0.119819216478367,-0.0177254248300378,-0.13911845295424
-0.153048,-0.157176111401442,-0.0872021109229878,0.00541047041863778,0.0803159461802881
0.61182,0.645938840722589,0.26031379439166,0.382621047060699,-0.0563046931559178
0.0953017,0.0796052935990225,-0.00731653016496323,0.10696264893138,0.220121190849852
0.0213975,0.0687038347353315,-0.0173181706781823,0.0997296789939713,-0.156335990591645
-0.468233,-0.533779081451431,-0.132240132262598,-0.197741131199367,-0.210690991114169
-0.577658,-0.613390335018745,-0.209537837707414,-0.227670761187048,-0.101913007230862
0.132046,0.246131715884013,0.0741255023472863,0.146040419078881,-0.022666601000951
0.57537,0.452915867519154,0.188324800120544,0.21983909247334,0.0661977083845586
-0.0171523,-0.035682095420961,-0.0533879473095793,0.0438908612061065,0.637426632146519
1.01803,0.864160095267051,0.372315537431906,0.385458523104547,-0.250563620841989
-0.56662,-0.452516085915046,-0.0930466526594109,-0.205753468932697,0.173980923759835
-0.670592,-0.560964646635631,-0.211303904962486,-0.19736486653515,-0.0297494366144054
0.444372,0.291383840031624,0.132862494443953,0.252039707170604,-0.600698653109908
-0.681679,-0.173572366583719,-0.137180295786288,-0.0605979584388894,0.144483171993295
0.112216,0.0215429432591698,-0.00709930146160902,0.114217155765265,-0.570996237157384
-0.64228,0.0946436731885172,-0.0718892180749308,-0.0561155745232936,-0.189780262574314
-0.351544,-0.29445375613888,-0.0955451176359681,-0.0959211709873619,-0.59042739005212
-0.732782,-0.437151659670107,-0.190739351489201,-0.161660892555004,-0.237498397731922
-0.0354562,-0.0716824974847584,-0.0249598665163915,0.0441730821819441,-0.555153433418694
-0.57519,-0.00414036611851171,-0.0908573900784063,-0.139577556579314,0.129364218827867
0.553136,0.200398667618131,0.0789214691217518,0.246316819061215,-0.519128439371802
-0.661614,-0.292814674713301,-0.165975639887994,-0.161724227730061,0.306735402547272
0.358729,0.0910627828455009,0.0412535667669018,0.150561445795822,-0.536451469092184
-0.627564,0.127886240614526,-0.064267988706917,-0.106913506889955,-0.00552169984539452
-0.177512,-0.256553374991431,-0.0895328112153857,-0.0977344662700726,-0.548464871884646
-0.699934,-0.425438667974527,-0.187865751818226,-0.20314231058443,-0.122614185534558
0.0569337,-0.0262589374290226,-0.0107737071277712,0.0575961018862349,-0.540947710943518
-0.631556,-0.00411001433866716,-0.0814223809079597,-0.184995948011956,0.256784040168206
0.766619,0.280145801917677,0.13151912997296,0.287428203449918,-0.579403392883897
-0.643252,-0.284965620321699,-0.158474695884187,-0.190785870766876,0.0575981414613672
-0.458647,-0.391537024541497,-0.0737641138080877,-0.216232863618691,-0.447692170437943
-0.655829,-0.544351202630953,-0.220115396884769,-0.225646367794488,0.181795984695385
1.06762,0.456951477149326,0.250636506660884,0.333471562284445,-0.596411916821184
-0.62286,-0.144883658702568,-0.120184582982586,-0.149083769805237,0.283644561565925
-0.19292,-0.215035313209476,-0.0695920778417557,-0.0753206136158584,-0.478363889953831
-0.652928,-0.411344363402584,-0.186394580289168,-0.196939871423332,-0.0933644420707572
0.127721,0.00762505773016683,0.00564009269293964,0.0924903099713604,-0.528619862592378
-0.644276,-0.0176410757888037,-0.0697397202949657,-0.168707945320177,0.274383322185091
0.720946,0.279528507209096,0.134528705297045,0.313304970849826,-0.55376501371526
-0.58671,-0.286859100076694,-0.158560202748173,-0.190288411845741,0.052060654767534
-0.418635,-0.350228404427675,-0.0669555950173522,-0.200227593852893,-0.44698129468019
-0.710865,-0.518421932518018,-0.222488096003025,-0.248907095579855,0.221811251781151
1.10285,0.465072857710464,0.26629393202432,0.365453126655156,-0.584352796045606
-0.641593,-0.158654093870739,-0.126937019987604,-0.161884720430086,0.564641539530658
0.445102,0.170230322683344,0.0684706195224423,0.210762306827891,-0.49856979771917
-0.604264,0.0322338528482382,-0.0592096562334567,-0.16198717381395,-0.0544440366643467
-0.369918,-0.367432565523226,-0.0750477787291991,-0.215542657055027,-0.599526504893184
-0.823773,-0.513701902484303,-0.220137162313032,-0.236401496869345,-0.300272474705267
-0.152822,-0.13935400820332,-0.0467467465336453,-0.0284042477320428,-0.666711978360544
-0.679663,-0.392188083923816,-0.180743647630361,-0.172940568913027,-0.11380879146854
0.111305,0.042951919968119,0.0196336202157629,0.130789815057985,-0.569463181788961
-0.70739,-0.0483357056924403,-0.0754341323759611,-0.18909108527723,0.257202377160359
0.660887,0.297578851083139,0.138493882894103,0.385979020783281,-0.466874211320735
-0.558385,-0.289792650961194,-0.1625051622765,-0.147810869679576,0.708950583723389
1.14212,0.370294655728789,0.154802896721155,0.474173292000908,-0.284288281666233
-0.335975,-0.183780296309149,-0.136083108388342,-0.113379250616235,0.858223561942876
0.974861,0.1903118990565,0.0219498108140342,0.451264187209286,-0.149867962533405
-0.372105,-0.0266907442270742,-0.0711276715004584,-0.098487890701503,0.955725601598653
1.34014,0.316592113217549,0.0906574057095151,0.505666505593775,-0.211474120435021
-0.258604,-0.291107261176194,-0.167800729819133,-0.0822477662164557,0.529415891611457
-0.0602721,-0.308758786381352,-0.0786359280468504,-0.0572006417501201,-0.0262633134235818
-0.295168,-0.476350314740934,-0.216658590362724,-0.100136384383425,0.809733910479171
1.94725,0.497366224197278,0.233398415553883,0.512183272473963,-0.0519812860360959
0.0574042,-0.196387653406952,-0.125028300984047,-0.133656913825926,1.16529275823102
0.844222,0.193251421705034,0.0313060213382389,0.515825803183709,0.134222330845124
-0.0323728,-0.0270765272619386,-0.0555411467279581,-0.117329650579511,0.396719305584659
0.0732716,-0.148860085369309,-0.076115720099153,0.134135305365195,-0.0573112293553854
-0.322397,-0.373030904299043,-0.179020725939196,-0.0312056778701718,0.280303266458047
0.604774,0.0746554569004318,-0.00596400893373624,0.362976898106424,-0.227508654612928
-0.252714,-0.0837480462583923,-0.081764291790017,-0.123181653310052,0.313271298606425
0.198913,-0.122527698205735,-0.0711766169778586,0.148612201909482,-0.129244834130623
-0.234493,-0.362426414101704,-0.162758945717497,-0.0490415913080914,0.3554833108702
0.683014,0.0830473716591715,-0.00614247722495625,0.367400898239838,-0.145932143291662
-0.33486,-0.0636233789783096,-0.0801302004606224,-0.105413880058693,0.844066653598695
1.37296,0.316206247816913,0.114496005829528,0.531128580495914,-0.210924772084411
-0.236957,-0.27325578750162,-0.153870976253193,-0.0416826415372215,0.505858341858772
-0.141009,-0.294331128982479,-0.0693626575088903,0.0199932881416213,-0.0331465336652127
-0.308188,-0.460363639436566,-0.218164148600589,-0.0610248273997229,0.693286273476392
1.8092,0.489678479547495,0.218851417142118,0.613912537040601,-0.22999978503727
-0.353119,-0.178231247429055,-0.128989506051239,-0.0589010296477574,1.15088208839077
0.945013,0.209054823701036,0.0283911823219055,0.552346572960284,-0.0293367684078823
-0.121033,-0.0196991265535941,-0.0656202256479261,-0.0604808401744863,0.796432734580626
0.981366,0.192321326952316,0.023385027733922,0.551065752603568,-0.103121338455858
-0.296339,-0.0391216685416336,-0.071651141895665,-0.0704806649500823,0.517719048379299
0.235358,-0.139940619459069,-0.0815755142882221,0.171775051213872,-0.0675605991254961
-0.102636,-0.353821758165202,-0.167624875384164,-0.0161103184968598,0.352698857946244
0.61656,0.076486888357948,-0.0177108774240005,0.439622164449606,-0.0295906481184352
-0.158223,-0.0489871063328743,-0.0651488462788003,-0.0868555415336996,0.709448287188996
1.12749,0.364740067613058,0.145514335811382,0.700210011804089,-0.210875705614676
-0.396277,-0.281768284945996,-0.158613596826415,-0.0200106279295721,0.383334981372961
-0.19517,-0.303052598161679,-0.0847893895051803,0.00462604162102007,-0.154907620090213
-0.387646,-0.47018961611324,-0.223619703499723,-0.0618892647917283,0.616429720647537
1.69418,0.558913549356449,0.276914292760974,0.703720451888195,-0.220273685978185
-0.355114,-0.163896831526703,-0.120599811109251,-0.0836787458367745,1.42694969217303
1.75926,0.45672955878047,0.176783764198913,0.767633956318543,-0.140174871435706
-0.404326,-0.164135579967635,-0.125206597011396,-0.0526310785814924,1.2652547709687
1.276,0.205250935349105,0.0371373442180214,0.596248501944684,-0.179416196524299
-0.243514,0.00933860187313117,-0.0560366209517036,-0.0762910110406169,0.432226955971969
-0.198809,-0.302177380644424,-0.0752510132766483,0.0443536111267114,-0.133750481431402
-0.303776,-0.49793888761259,-0.224641250760415,0.0152356084289529,0.0384363144920067
0.325303,-0.0776776138461215,-0.0586779833542179,0.257314614863504,-0.221162780975555
-0.288066,-0.347465868541252,-0.17033326978454,0.0521048367807464,0.407861581789492
0.71518,0.0925604717728158,0.0156711296357677,0.492127952236643,-0.191955378810016
-0.357937,-0.0807418023975104,-0.0699343306783499,-0.0532448137491636,0.722818597316452
1.09626,0.350834128282613,0.153026445104488,0.75961287125251,-0.318127667167851
-0.44679,-0.263080118179215,-0.152237570310546,-0.0325580393865105,0.320877697748923
-0.263628,-0.299917607348843,-0.074417781751582,0.020418677934073,-0.233870773603902
-0.563216,-0.47121936838148,-0.219261835263885,-0.0443343360971411,0.722823334781985
2.07002,0.52776095299424,0.299471749893956,0.827189060275474,-0.436335182556675
-0.516008,-0.149724837546057,-0.113439907566161,-0.0723246882730365,1.12081040527093
0.734873,0.233925293305191,0.0776603896277459,0.571999058399314,-0.31014909821699
-0.518951,-0.00778891299034868,-0.0452827723820412,-0.0811847220291371,0.322828260720111
0.111172,-0.133866722137746,-0.0597244045409023,0.173526924188833,-0.327914898305715
-0.435575,-0.364369924742017,-0.174131861815496,-0.0659438093218168,0.241062276444499
0.564941,0.108116153923127,0.0213185595726353,0.387082838511479,-0.315180701194872
-0.483781,-0.0734636925828449,-0.0614627840275406,-0.130488111674172,0.696319913232317
1.20717,0.390713330145813,0.160662991162621,0.696117381355512,-0.371068311237853
-0.458492,-0.287816426967656,-0.150962579637332,-0.0986886259051001,0.470794182960456
0.00811172,-0.118279056810236,-0.0704553527655255,0.152469440260712,-0.253249111238916
-0.38422,-0.377537923156934,-0.169836265775156,-0.0990676717232009,0.197645854208616
0.526852,0.10532830746349,0.0276301297637552,0.39280635481646,-0.242132388731863
-0.327388,-0.0598395324193755,-0.0586245951040325,-0.164487823862798,0.616597102135256
1.06411,0.403262460163722,0.16374723199007,0.700138398450243,-0.341408577215614
-0.498858,-0.287286387168706,-0.150877188010862,-0.105088593054348,0.302376294314449
-0.279231,-0.307408681584014,-0.0770769694525434,-0.0764215876627297,-0.245666447442103
-0.497318,-0.503287267372672,-0.226653437836187,-0.141413381181229,0.608331583811052
1.81956,0.623136006313398,0.302145441929251,0.806781694220622,-0.395120634530685
-0.498021,-0.200198719894092,-0.10393776119128,-0.146116550090024,1.06586561435759
0.840875,0.265134869618044,0.0817575648979037,0.543458430666892,-0.301314420585376
-0.432928,-0.049699682189273,-0.0370636863963212,-0.128551564978559,0.233300980839014
-0.197979,-0.311159119407481,-0.0795180673479791,-0.0910075274247806,-0.29826189927532
-0.641736,-0.488388703768753,-0.22797110827043,-0.156191277318867,0.610353953121596
1.73545,0.590986449561322,0.287341153651437,0.768278738303341,-0.443439644178917
-0.479796,-0.203491757215088,-0.104693495282039,-0.199384922116393,1.02057020934433
0.8311,0.270032197601203,0.0733207758003137,0.525182871135637,-0.280216811912592
-0.429609,-0.298614436192381,-0.09265241535312,-0.0179192722221867,0.353057102106035
0.090181,-0.128868595103838,-0.0709948308617197,0.0895507326089195,-0.288975980775259
-0.449233,-0.39550908349101,-0.171153197674686,-0.146764006654058,0.244166588579383
0.569131,0.135217144326956,0.0249456370760242,0.347665348629932,-0.296998448247008
-0.414662,-0.11319649448169,-0.054404938491822,-0.222172896017271,0.663417966449015
1.07725,0.433348814234779,0.154451539317126,0.660738046404748,-0.198530953095032
-0.251219,-0.316939949184251,-0.142413375646997,-0.205228238035959,0.786104780210497
0.879748,0.294005514927419,0.0723247034186943,0.510680681536434,-0.201877207870004
-0.393179,-0.0752567486983894,-0.0386648883213971,-0.227987564288876,0.411885391297995
0.166866,-0.112245049422971,-0.074727915123921,0.0586948231711207,-0.290564097930093
-0.479616,-0.418489151449843,-0.168283612509669,-0.179178298381758,0.222469986189107
0.444991,0.137451775161542,0.0235743751478579,0.293696664285197,-0.334586687266564
-0.518532,-0.147181398941082,-0.054941534324808,-0.272919082633271,0.703948969689886
1.36442,0.43450547260904,0.150329078527887,0.592534923724861,-0.434933361311968
-0.504651,-0.346523624079772,-0.140969283055384,-0.190211568113763,0.390543992295493
-0.334589,-0.322255489441714,-0.0730174339093405,-0.142023010530755,-0.250146916324427
-0.512529,-0.517052502445448,-0.21724504415643,-0.245404633472887,0.502248411877527
1.65718,0.665859743108103,0.313689105684118,0.724636521911858,-0.509760203292938
-0.60454,-0.216234667543515,-0.0943302335154723,-0.25964323981094,0.597169413928308
-0.0768143,-0.11595925017104,-0.0693206973669752,0.0183520024889463,-0.411782451256767
-0.645837,-0.429848012281361,-0.174266825493239,-0.185096978500591,0.0738045450162309
0.379693,0.145352678887281,0.0292961020474338,0.245078294946601,-0.492594443824015
-0.598696,-0.122116320317364,-0.0435677380997451,-0.271114475478895,0.417792147050542
0.800438,0.459505524384919,0.175354134317652,0.504568461252552,-0.512682406038646
-0.581645,-0.340519384538358,-0.14167812161475,-0.229606544747971,0.112917453128769
-0.361316,-0.314884324712585,-0.0664374229366627,-0.164268291771181,-0.456582586292178
-0.776693,-0.527645004265266,-0.225187339112082,-0.305048576558439,0.316426684665898
1.25954,0.673445630507872,0.335663892188258,0.558152594366012,-0.592134387855234
-0.620672,-0.234310629069038,-0.0982652209602032,-0.286842395881631,0.677499170084369
0.562789,0.287079239269377,0.101276048053545,0.343587062132474,-0.481152116721832
-0.606872,-0.0653489580117951,-0.0271660558918196,-0.275974551509735,-0.000367626736655295
-0.386464,-0.344441968757811,-0.0859789977178854,-0.190711264972426,-0.537116463898821
-0.711057,-0.532504820086046,-0.227207408720524,-0.340967539802407,-0.254941348173158
-0.0334051,-0.0809386522251586,-0.0415245133299625,0.00443570712371595,-0.615828393045941
-0.697364,-0.418628029761104,-0.167602728760408,-0.205756992798523,0.0200568491533888
0.275032,0.145578323699847,0.0329979732811279,0.202169003610152,-0.525255568066263
-0.62465,-0.126840204747585,-0.0447786999558197,-0.277912790456098,0.37954159013872
0.794871,0.460492574022706,0.176868861693434,0.468116841046714,-0.4504436897105
-0.633663,-0.341109312220994,-0.139683343868528,-0.233047339660286,0.791241050990325
1.2462,0.597506973938936,0.269514547568307,0.517412277744961,-0.478372821632549
-0.682802,-0.258213113576418,-0.107486871813281,-0.290710858955107,0.737422994774759
0.660359,0.291610030559976,0.0957305787139398,0.312465820662629,-0.477903310007916
-0.713251,-0.0830716280441027,-0.0319469844109955,-0.270544118665973,0.522358769826428
0.75163,0.423731443247037,0.17007109517799,0.411725552431752,-0.568930658794715
-0.644557,-0.357635421341689,-0.145352378806117,-0.246827461948567,0.0860921775970801
-0.380573,-0.335297699587448,-0.0743286438559759,-0.232446898560638,-0.443837771611563
-0.664816,-0.538704032696367,-0.221616221643833,-0.33185134479268,0.275358950422641
1.19374,0.662448288728335,0.311750964122362,0.470080371718134,-0.548723551505943
-0.614755,-0.241140738993602,-0.0971295510873542,-0.322408461298582,0.624907378321229
0.471379,0.284887925021795,0.0850433514928409,0.3038689705558,-0.4325795704491
-0.535659,-0.0858358862020934,-0.0272781823771293,-0.324981748095124,0.086964748747483
-0.104544,-0.14480623878729,-0.068670637375701,-0.0875220573065101,-0.4696408720095
-0.659885,-0.432834511825526,-0.175484765854322,-0.276261488223492,0.0104099122042705
0.29236,0.107648879025562,0.0226337552858508,0.118987387145533,-0.552847021684615
-0.577962,-0.145838914657326,-0.0483885797462056,-0.337897563603707,-0.0224970521275522
-0.161599,-0.140638039345814,-0.0745665594685521,-0.0807445186580945,-0.462626383400364
-0.555185,-0.431799353623949,-0.170224632076165,-0.284360218882446,-0.0575681331121394
0.18443,0.106657138135381,0.0186650819197171,0.0989862654415735,-0.46663302516988
-0.607282,-0.150785758581022,-0.0501457132410901,-0.351500774661051,0.327600149398845
0.771624,0.37311161416813,0.124196069544518,0.311732624815842,-0.525766261373598
-0.573761,-0.360695888570299,-0.146854828385568,-0.284610334568357,0.0911147733116921
-0.418181,-0.362728745477496,-0.0842836049274379,-0.233907225076981,-0.342543221051317
-0.475956,-0.542618479147888,-0.218934320759955,-0.306397663433902,0.192886366013888
1.002,0.570410283702719,0.24662647797738,0.316244366617555,-0.401732246755144
-0.475222,-0.287081607138852,-0.114926367685638,-0.334895634952653,0.615637530838748
0.550874,0.199267623033165,0.0399661363819879,0.175070990016608,-0.206057692436019
-0.185074,-0.170226038235306,-0.0575668534870299,-0.343459192373796,0.31921536485169
0.333605,0.181402730104444,0.0474146298089675,0.173438411122285,-0.281734573737787
-0.504571,-0.163858529016108,-0.0616484319961933,-0.341991598499964,-0.00189454756642458
-0.23488,-0.202271492660655,-0.0887818111111292,-0.16407385443852,-0.44010935725291
-0.579075,-0.459780126786499,-0.18911003804394,-0.329373379374387,-0.127132241426302
0.0792565,0.0394279646306439,-0.0121680913711011,0.023175409780719,-0.478024465877878
-0.583201,-0.197891386269632,-0.0764079727997518,-0.363337518358844,0.229701415583277
0.645745,0.297396731196574,0.102579993439733,0.224487523456594,-0.506458593416781
-0.529061,-0.372855880436112,-0.158958089021398,-0.311882267719598,0.0188016459002981
-0.447841,-0.369927226782163,-0.0945390079277742,-0.322586445520092,-0.376107174186196
-0.58435,-0.549840554569247,-0.22799460758403,-0.364935106654185,0.191667191268509
1.02562,0.50812373902102,0.220661710142383,0.249361189630898,-0.451516144752711
-0.520212,-0.272456819248477,-0.13109195152495,-0.363752291015191,0.73213008894863
0.856766,0.426375491547305,0.175287425447802,0.263395624892795,-0.334107718926156
-0.44194,-0.281771345589985,-0.143325679697864,-0.375073729879103,0.445102105511606
0.340859,0.151849645314882,0.036264954324966,0.108178547001944,-0.401216126842913
-0.541282,-0.143550242469563,-0.0743231858240962,-0.370887772668472,-0.104312059746256
-0.437901,-0.337816530642554,-0.088696734586877,-0.309677723233203,-0.495309150750979
-0.616347,-0.50971516659097,-0.222671198250157,-0.386378343383658,-0.363698868933328
-0.248816,-0.146698289078867,-0.0581398153455241,-0.214715751601356,-0.562283825750049
-0.646551,-0.418285439071569,-0.189655556066375,-0.362013268666335,-0.102110299238661
0.204005,0.0364839246477512,0.0118705113232376,-0.0614952582859994,-0.556615124056295
-0.687295,-0.168154601650354,-0.0906958670159387,-0.390354027114878,0.261072622329602
0.618035,0.264073970993446,0.0867031951726433,0.142039037339866,-0.577552596700156
-0.607313,-0.333554206924371,-0.164409913956035,-0.362882624047431,-0.00433054106343074
-0.460345,-0.344000053034077,-0.0836343107801159,-0.36734375560337,-0.415293807643674
-0.557208,-0.511473652488965,-0.224057166556799,-0.428132532287831,0.081742829006859
0.829696,0.443767212620145,0.218953256496588,0.169819858622187,-0.548001154937547
-0.6893,-0.254858186847379,-0.139393452179451,-0.386674219267123,0.420150031083673
0.341537,0.131516628704225,0.0471561765605552,0.00842219382506113,-0.492987982164583
-0.527106,-0.0833499535837515,-0.0817067562167889,-0.403772715996725,-0.0433404354641618
-0.261988,-0.205018306206658,-0.0693213595308148,-0.281701106951457,-0.476203317321128
-0.625492,-0.427842314414378,-0.198107148167831,-0.403091126599071,-0.159650099454896
0.0546502,-0.0135135642472315,-0.0111208349546228,-0.137967680472996,-0.556565809234889
-0.684277,-0.12242320065982,-0.102666235789882,-0.416263069465178,0.123705879741634
0.445078,0.242673020993715,0.0796891077905032,0.0849932308126042,-0.598159146707859
-0.668011,-0.338320285088741,-0.171861943577688,-0.381168915120482,0.00918832866683316
-0.220175,-0.198254140509042,-0.0682860819399887,-0.308203801581455,-0.544598726186239
-0.65614,-0.423523618195286,-0.196845672984396,-0.419362375794167,-0.156767116418466
0.0336287,-0.00919672610600789,-0.00436602804146835,-0.139972952046611,-0.55357236149792
-0.662537,-0.128482838888001,-0.104062449609363,-0.421502932831181,0.148601252625903
0.535228,0.239941350911864,0.106290398638983,0.0395394497808596,-0.60887488061906
-0.666339,-0.316040904830962,-0.17081819762604,-0.404220097745593,-0.0784702982557738
-0.461265,-0.346190394526431,-0.0742227766627334,-0.434051428620603,-0.7023185808252
-1.14829,-0.508259214130811,-0.222995848765376,-0.466083376977335,0.0405882819682714
0.742123,0.392543710249067,0.196829288125743,0.0599744144372621,-0.793225710247528
-0.672119,-0.225250601674504,-0.150329682649746,-0.422768493843096,0.341403785642941
0.353579,0.103472210930967,0.0281428480143422,-0.0849210983982585,-0.555931690531344
-0.607141,-0.0374966822602449,-0.093238439320917,-0.425528826233106,-0.205478288073594
-0.641444,-0.418916388109168,-0.138804649144752,-0.476820462097196,-0.545460747265183
-0.71628,-0.522393192484393,-0.203423807134593,-0.501775431715332,-0.308192443871832
0.120507,0.273182428104253,0.047112832359755,-0.13161459759779,-0.688582145552303
-0.744428,-0.17901860670483,-0.0687105296697845,-0.432207637737643,-0.144087436415172
-0.206414,0.0380010253548823,-0.0231135999181593,-0.225622499758854,-0.683286581906376
-0.762232,-0.0812912475740252,0.0178064106349574,-0.424751665609173,-0.419821477416176
-0.547659,-0.232053329244202,-0.0954828989429591,-0.40019095706353,-0.690004754248995
-0.745437,-0.443936288248897,-0.17271145880812,-0.486809880513643,-0.477366197632039
-0.353478,-0.0546121334045324,-0.0431029608132016,-0.315721496728097,-0.64458491954139
-0.640765,-0.165239740401784,-0.0075328636039433,-0.454203260824391,-0.289216890904841
-0.0807375,0.201321080807773,0.0629681464298742,-0.180582417753977,-0.641531590640789
-0.729429,-0.344728695348022,-0.122204828692977,-0.475555360927297,-0.270105851995792
-0.332976,0.0494547323927904,-0.00880645651696804,-0.263462836249474,-0.647739724810197
-0.659894,-0.0814904045646919,0.0353747784177323,-0.473542427022237,-0.491755333846914
-0.582312,-0.249137639084282,-0.0997031287868552,-0.432682731182623,-0.672125022558588
-0.770152,-0.43468666302201,-0.166320179047297,-0.516110017943752,-0.532960366023185
-0.464058,-0.0963798522532232,-0.0537150900476426,-0.353354003156038,-0.650896787157118
-0.62245,-0.100170373042756,0.0156936685287163,-0.470723672238274,-0.352441059969132
-0.114886,0.123210383321664,0.0165821315344099,-0.238296496545359,-0.640507721840283
-0.686527,-0.286276502360092,-0.090285800057977,-0.473186657617365,-0.402442531165492
-0.614209,-0.446426530518164,-0.146078072965018,-0.540452346829163,-0.620741791813879
-0.717742,-0.513848520269882,-0.197565191024584,-0.557952597869785,-0.372179437860281
-0.0482889,0.219042114895757,0.0517042731435488,-0.219848592071075,-0.649446144813809
-0.603525,-0.162346217931742,-0.0112819013339805,-0.467219923096578,-0.35216213277477
-0.531625,-0.284513743402318,-0.124643393707424,-0.454790700569407,-0.621204079204765
-0.746702,-0.396185497687058,-0.144531765449657,-0.512958627820609,-0.508490926583644
-0.477649,-0.139256805804791,-0.0843071676468288,-0.374171274273971,-0.620194068924296
-0.568616,-0.0453576063228444,0.0516381452727678,-0.471396984570559,-0.398283517917767
-0.2218,0.0906399583837912,0.00417035689927002,-0.266128627277456,-0.596486401809575
-0.623877,-0.291175653252656,-0.0985675243990436,-0.501927856801039,-0.477374064408328
-0.686076,-0.462393822355207,-0.146407759905921,-0.537782049831139,-0.615656992362701
-0.749066,-0.540919618369333,-0.204063295374522,-0.572532536547732,-0.412479304540939
-0.0848631,0.201478255049836,0.0529996258804717,-0.250667409541167,-0.648624701436078
-0.588891,-0.157110790909778,-0.0254263877193416,-0.471335912189582,-0.290133849689992
-0.367829,-0.0640544782014345,-0.049256845083088,-0.354297935503203,-0.54724651483097
-0.546777,0.0482581436453499,0.0667399407708075,-0.462990233930726,-0.535066898422599
-0.668891,-0.466524505019809,-0.146498254253503,-0.539484424531967,-0.627535198115513
-0.757462,-0.537143481584006,-0.199665603253055,-0.562757541786646,-0.615754013075321
-0.565785,-0.266965739495624,-0.100236332367525,-0.454243833744534,-0.715524066034077
-0.735239,-0.389784410204249,-0.140803435123681,-0.503367320409453,-0.513057573073674
-0.42656,-0.158418814532255,-0.0834654680464331,-0.397398888485145,-0.595199488037998
-0.517509,-0.0124132081671775,0.0402116713645687,-0.455711170137402,-0.35722241249648
-0.185159,0.0931456904878455,0.00260118889375598,-0.289462180579842,-0.546641859736692
-0.649175,-0.282207243479008,-0.101906980981906,-0.491902261903793,-0.220744258215077
-0.144774,0.146717679817715,0.0218009035384321,-0.269043622440517,-0.57535334686884
-0.594919,-0.152795583529783,-0.0410253189918748,-0.472637311893065,-0.299319056563827
-0.371174,-0.075015911909798,-0.0575045161894658,-0.36454939424653,-0.509042042341184
-0.513801,0.0889258968267818,0.084447746996568,-0.440824564502487,-0.3446392195823
-0.218586,0.0224807430921288,-0.0241583182505668,-0.319298357890442,-0.606121378504524
-0.734363,-0.275366712611418,-0.0986930006389045,-0.491533942016061,-0.436238852157836
-0.606371,-0.483876057552515,-0.150483811841529,-0.530857758992939,-0.654495965931007
-0.726954,-0.566897739863798,-0.213069115929795,-0.542654339931761,-0.400088914005345
-0.124439,0.156523258643204,0.0406448463483095,-0.288504360332702,-0.620210282139081
-0.562012,-0.101263188307544,-0.0188071137327275,-0.457908393206471,-0.281240905366564
-0.32975,-0.0881501912965049,-0.0562490503833036,-0.370276859620698,-0.487867322615436
-0.454768,0.118346909148663,0.0854209642841724,-0.420439181219716,-0.443718057461707
-0.500852,-0.325162399728775,-0.130246464915746,-0.454744320447726,-0.570064913070274
-0.749988,-0.42299296061054,-0.157903711117573,-0.485816647705927,-0.454378584156391
-0.420532,-0.185316920051345,-0.090783662578755,-0.396134159224607,-0.554237547154675
-0.382277,0.0535985409348823,0.0507848147513521,-0.413842683519138,-0.472843951845171
-0.491316,-0.294758895130156,-0.129584760029662,-0.436979056562387,-0.410382656863474
-0.466872,-0.413287304222598,-0.149296275119716,-0.468190107181053,-0.336304909515941
-0.187018,-0.158334922642377,-0.0961653070685548,-0.376704185070545,-0.357082686589169
-0.263914,0.0397320165027045,0.0474429563192594,-0.3984718947939,-0.186107013890586
-0.0848505,0.0793388343074833,-0.0120785555868341,-0.282137750849865,-0.365773643477614
-0.457597,-0.237708941336951,-0.0956471101698021,-0.434543164510226,-0.335021771709586
-0.558356,-0.498843106915089,-0.153197401506503,-0.48265500146042,-0.484517231552271
-0.669997,-0.592545518445686,-0.217462708708826,-0.517405537283344,-0.247418072738695
0.109009,0.160445631852782,0.0280043005438761,-0.268799830770061,-0.498494015479144
-0.391201,-0.0973775849081363,-0.0222987309338908,-0.414086402028106,-0.0511296331054983
-0.0663379,-0.0592122828086032,-0.0567603205816755,-0.313513362052492,-0.303648462129624
-0.300702,0.143513175457837,0.0616378643789194,-0.361847815705063,-0.11463988383071
-0.0933679,-0.0762472787673553,-0.0653381431733917,-0.307008764499083,-0.281023227987313
-0.274805,0.116448291379553,0.0798823470378824,-0.368547129238663,-0.249716119769048
-0.362535,-0.322122130566712,-0.132584450804358,-0.410880150851422,-0.363201708058612
-0.509964,-0.3982183825217,-0.157832269924722,-0.433930905453455,-0.310662609979492
-0.285133,-0.16808988166033,-0.0902383902189264,-0.339761434668004,-0.352943439361176
-0.263033,0.0514666012451288,0.0494853042557803,-0.373293703941903,-0.14724118930911
0.0810409,0.0437832690640443,-0.033724375790115,-0.272430173363372,-0.296204159150679
-0.297804,-0.217941476257958,-0.0952525934257397,-0.439066413585034,-0.2137890080703
-0.475536,-0.494496731497144,-0.149479635061042,-0.469666925314675,-0.296605867963724
-0.424672,-0.534750625361096,-0.217543442486132,-0.459797363282473,-0.16525245369539
0.194274,0.157338286436962,0.023469824072745,-0.269918861237383,-0.394004879287646
-0.443214,-0.0981387958528006,-0.0228208554083162,-0.403657858651949,0.103641237863735
0.199359,0.102700856303284,-0.00534698661241111,-0.275158348585463,-0.391839417506548
-0.446784,-0.113550440837764,-0.0495239456460311,-0.398800288497574,-0.0834123732952221
-0.304381,-0.112872224232903,-0.0744924726912506,-0.32493113025495,-0.259143763137482
-0.0932178,0.186979009834515,0.098237504170945,-0.381707177629148,-0.41185077061805
-0.483117,-0.472860857579942,-0.150347103706752,-0.475018371846105,-0.396256709872968
-0.695901,-0.574408675384994,-0.217156890373991,-0.475280040385936,-0.463925661433103
-0.476232,-0.254613597491,-0.0983848442655588,-0.405774977932104,-0.639595026187301
-0.674651,-0.374615537995171,-0.141132108790088,-0.438971706398315,-0.417317700596639
-0.359927,-0.168976763698243,-0.0914291160943342,-0.35240339318423,-0.409485250388639
-0.175004,0.106485530335505,0.0816656756983141,-0.383685645103499,-0.272489350803577
-0.0652642,0.0454604350103532,-0.0126997718327787,-0.283322180779283,-0.392040127900181
-0.588376,-0.258844541684294,-0.102168567129965,-0.432740241552583,-0.292391555710441
-0.516815,-0.465179232904649,-0.141658543702063,-0.464618792362542,-0.452060797509311
-0.442305,-0.569743234945908,-0.215593712144174,-0.493358427519948,-0.308146035352059
-0.0551022,0.135653618327508,0.0246604556975554,-0.256402885502171,-0.404122586039815
-0.412738,-0.0802698143471609,-0.0314716868155816,-0.396196848220015,-0.0707681102140569
-0.00622275,-0.0567771573343537,-0.0666480492710921,-0.314129766578649,-0.255448220639567
-0.10714,0.151576635084931,0.0610725396229716,-0.366540901457586,-0.202746696059419
-0.330333,-0.30110044734388,-0.134968514014152,-0.400011219614676,-0.264273400162575
-0.460162,-0.369038646194523,-0.150986515487545,-0.437087102970867,-0.27221079259275
-0.249225,-0.125864278315277,-0.0920234359027162,-0.351134054100846,-0.340446024338411
-0.250778,0.130713638448323,0.0763164590163576,-0.377578035895099,-0.245906991527911
-0.149963,0.050024647309498,-0.0202923593998765,-0.279195947633884,-0.418033251148915
-0.608911,-0.227540296212391,-0.0878582601932221,-0.438149773510663,-0.295223758608232
-0.417787,-0.299299764354929,-0.128724685584962,-0.427617282247946,-0.503380565925162
-0.499971,-0.3758038980495,-0.155481724420211,-0.429725144854669,-0.349414593238799
-0.250762,-0.13894903837232,-0.0860838617393302,-0.338124313550037,-0.40931264018627
-0.343169,0.134263682176265,0.0659721062527073,-0.376713064521334,-0.264867768091764
-0.199225,0.029088202595679,-0.0446881512112304,-0.271021490470644,-0.413007568424884
-0.461996,-0.240701447543597,-0.0902816466208637,-0.442573752104104,-0.438398392517307
-0.671683,-0.475463720710723,-0.147090756340288,-0.515117804298474,-0.500572699648286
-0.648319,-0.570776836683737,-0.213715237986674,-0.540093175453258,-0.398865425526376
-0.112113,0.172122640952778,0.0474600206656109,-0.270296272872437,-0.548786287281972
-0.481522,-0.0446491388462458,-0.00256987176635709,-0.429877178219128,-0.235918229647595
-0.251589,-0.0620103564295919,-0.0595202633916831,-0.336380043564518,-0.438317907858315
-0.41261,0.200143020868003,0.109380478697259,-0.381641979413397,-0.432343142303462
-0.574614,-0.466778418572026,-0.151846499124509,-0.510647998655492,-0.518642613921932
-0.726768,-0.563443860849741,-0.217668180165804,-0.510313873959175,-0.363264283193693
-0.12562,0.163043440012177,0.0403706949274774,-0.275208615538152,-0.591528209509034
-0.499054,-0.0524611874965442,-0.00810340348443918,-0.444533051087611,-0.302428423499503
-0.380872,-0.0633625299264819,-0.0589000601162045,-0.331925619088467,-0.459270288434872
-0.451451,0.197450615329097,0.0971911642678377,-0.380759632141926,-0.458785124789476
-0.503841,-0.298526626897933,-0.129159236742229,-0.443830090970634,-0.545215959042827
-0.683002,-0.385413366025741,-0.153286479916809,-0.499894536966994,-0.471672296417509
-0.44861,-0.154609631714505,-0.0787406080864995,-0.388309076505606,-0.552038550095367
-0.489229,0.12872196569774,0.0566904069720762,-0.400494027850909,-0.351273050825891
-0.150072,0.069255760749112,-0.0131069924501479,-0.282571812053239,-0.562176592170906
-0.698486,-0.21055635859919,-0.0876225414834164,-0.494441533379519,-0.243148816335584
-0.253548,-0.0473010440059537,-0.050039371784783,-0.335948672453391,-0.545539295647138
-0.454821,0.217893337864013,0.0953971489879698,-0.386746283023248,-0.423308675902264
-0.521727,-0.310165611239944,-0.125446089569153,-0.450604040663159,-0.530136752477141
-0.668539,-0.368806524403562,-0.139722084202229,-0.521954396156297,-0.451053475847541
-0.384818,-0.154685325274129,-0.0777565923442522,-0.38934895280895,-0.544348937642452
-0.47245,0.145335586487628,0.0873483879904213,-0.408683035432088,-0.353678044689487
-0.213784,0.0678819686865343,-0.0144430276678092,-0.286926389527744,-0.572266488911971
-0.689827,-0.213508016035778,-0.0862268770918423,-0.507190891671213,-0.435774800245456
-0.611463,-0.468935882453912,-0.14560677169813,-0.534935830457796,-0.646507091429755
-0.751638,-0.568194399363217,-0.216676122424014,-0.536190580328873,-0.406745939201789
-0.131571,0.179687920434348,0.0477285409545122,-0.281898052574394,-0.659880716381275
-0.590358,-0.0213260956164212,0.00161452715537176,-0.446578883377385,-0.400772415819701
-0.558527,-0.285067411592287,-0.121795357963214,-0.441482368099265,-0.618691754554487
-0.738713,-0.371442078793856,-0.144757177727018,-0.502557820383264,-0.525578950130432
-0.504407,-0.137538557420677,-0.0754427839515797,-0.382467495181415,-0.580338396034449
-0.479766,0.135546078776738,0.0789738039420311,-0.417183846253515,-0.406665375516016
-0.215272,0.0629771316878154,-0.00654197216485614,-0.295860484639128,-0.560620138733191
-0.634101,-0.209056247996091,-0.0821241724993094,-0.508959453163582,-0.44174146643042
-0.631022,-0.452664352553825,-0.143626100836155,-0.53323053912115,-0.591791223893721
-0.681422,-0.558126855430992,-0.218568829433467,-0.551280273315566,-0.401329454460448
-0.122919,0.198511870516344,0.0499251372518525,-0.307580770585152,-0.587121455485838
-0.539067,-0.0343451450159165,0.000740460792624048,-0.452211509345615,-0.247233537841155
-0.257699,-0.042886784168934,-0.0456451923999769,-0.346853075229519,-0.47816059083471
-0.439952,0.20034271914143,0.11190007049511,-0.409636572511179,-0.457280435474788
-0.623089,-0.466959623770796,-0.149596170630408,-0.533894668470878,-0.517392788147975
-0.63536,-0.573376375055768,-0.219244934179857,-0.554182180774172,-0.552457341502808
-0.48748,-0.25563476305413,-0.0972990650390485,-0.446478268207766,-0.642046026181988
-0.700354,-0.349450320306676,-0.131307501264305,-0.524628496278612,-0.453745873380229
-0.401549,-0.137642430371141,-0.0726779573196708,-0.387955877113519,-0.527445659041765
-0.417734,0.141761094248044,0.0891762815862962,-0.429463983452684,-0.31494184188268
-0.121491,0.0861006281416893,-0.00246855987679769,-0.295968239743918,-0.492583221274459
-0.635081,-0.217682172434247,-0.0891246157990723,-0.512801338007639,-0.163031196622587
-0.101588,0.144766189886339,0.0214777751289363,-0.280108054359528,-0.526760845118239
-0.527969,-0.0459649792187203,-0.0185344072449038,-0.466720239436372,-0.2187087002513
-0.261533,-0.0567972949035276,-0.0583791341268529,-0.342759451318484,-0.384260203821571
-0.313963,0.228800079401954,0.117714454054088,-0.414230963636384,-0.237401542625424
-0.098339,0.0470854894074745,-0.0111733237371772,-0.307475061559133,-0.481359882746877
-0.661144,-0.216646002795496,-0.0891249483178425,-0.513041288041999,-0.364498867660888
-0.595271,-0.470634429684385,-0.146939196797777,-0.526210580739543,-0.600144416515692
-0.703873,-0.561296163651194,-0.212928345820126,-0.554125097320414,-0.364773438880359
-0.100138,0.181485399096915,0.0452552599221842,-0.282523442780734,-0.514495510511579
-0.35378,-0.00301829932604252,0.00744819716603894,-0.461728642584969,-0.230683260183508
-0.254692,-0.0524155088336049,-0.0496564434407621,-0.336996131506443,-0.353413826655899
-0.345613,0.216952047524159,0.124644496943819,-0.407558508548387,-0.413230697026368
-0.545186,-0.290777665381635,-0.128443415636731,-0.458120639598451,-0.490969113892711
-0.702065,-0.375061115846112,-0.148263116208978,-0.534895350240968,-0.428469974272265
-0.353831,-0.147405775760908,-0.0800011002796707,-0.388695326997477,-0.479388187484393
-0.26799,0.132916151783596,0.0889707875996639,-0.413319714591593,-0.391470687027484
-0.361959,-0.262664720253098,-0.11227535868094,-0.465368685382684,-0.388920659411012
-0.536359,-0.362507747101578,-0.140923708085854,-0.502696775169281,-0.288344598203707
-0.199657,-0.136134953678019,-0.0816764283823237,-0.387930968236228,-0.441365102044937
-0.400793,0.168439711520482,0.076682773153283,-0.415616262583611,-0.234629193677114
-0.151954,0.0792296662239994,-0.00134554402118973,-0.299647496914847,-0.502648543156715
-0.639257,-0.205556244262261,-0.0857427198041254,-0.507929278002524,-0.374009446544222
-0.572411,-0.492867513900376,-0.15222358826364,-0.51170356035572,-0.537863045916768
-0.580279,-0.539747573854064,-0.207205135837581,-0.503018622242116,-0.323515214628017
-0.0158192,0.181595116764494,0.0375047324189034,-0.347390653915863,-0.494100120690571
-0.429465,0.0230857881959144,0.0131554769555942,-0.443810655563983,-0.197022965418311
-0.273557,-0.0519209652709523,-0.0441861301599207,-0.331687419533057,-0.394260048440397
-0.419932,0.224595999644889,0.0955019403396051,-0.393333928247192,-0.316324887148618
-0.337668,-0.0448679782316212,-0.0567401594142746,-0.334029768517096,-0.387193589591491
-0.34352,0.229353079602633,0.122926504005338,-0.405848181639433,-0.446895546382975
-0.532974,-0.289712508657944,-0.126303255992465,-0.448688041331629,-0.484385754347283
-0.672398,-0.383423877762543,-0.149338767409727,-0.49579270129298,-0.429480355975157
-0.393417,-0.146775145698911,-0.0766192461520818,-0.381457241168101,-0.39004529302522
-0.150226,0.127001074182197,0.0752486021745046,-0.408354503728661,-0.232852353456841
0.0470077,0.0782507081459078,-0.026864234336528,-0.328343092577748,-0.343551546137254
-0.500371,-0.212268863657121,-0.0872752929677047,-0.501718568527477,-0.225626427865382
-0.450387,-0.451238616053732,-0.138569465944982,-0.496334551772105,-0.47698660562052
-0.602805,-0.568859461165738,-0.218204754160504,-0.563780827208168,-0.282913467009526
-0.061672,0.19664288978571,0.056230884846868,-0.280859165766359,-0.513222827250944
-0.503091,-0.0242577547064196,0.00819539125544262,-0.443591681595489,-0.134572663978249
-0.0688445,0.134017290018366,0.0148754306950086,-0.276476159826874,-0.462094729296944
-0.514345,-0.0572396881587273,-0.0240751243158869,-0.446986010947488,-0.191006951562259
-0.230071,-0.0528230353184725,-0.0529107484766296,-0.332910870949367,-0.430388987549211
-0.366808,0.158125158855778,0.0985756984795385,-0.405745130253038,-0.441727073581056
-0.622777,-0.47308532152372,-0.15463076377009,-0.507379418596185,-0.47614128574123
-0.612675,-0.542605568895701,-0.216486009070776,-0.51584022659895,-0.55797220896579
-0.520073,-0.257729026894067,-0.104008683280936,-0.434840435726302,-0.610085912647898
-0.658866,-0.351550249224703,-0.135219199693161,-0.511270041598853,-0.440003524035575
-0.344541,-0.138689952005767,-0.0773403449252552,-0.377898037979196,-0.499666951886346
-0.386466,0.125150759413334,0.100565121244498,-0.411968342169289,-0.296975276653774
-0.140503,0.0808580541538495,-0.00856593533072238,-0.298121522684854,-0.478995943914335
-0.570504,-0.233063167355787,-0.091868022941717,-0.477198724358997,-0.376143266630716
-0.562844,-0.464459134245336,-0.143649948123631,-0.529836666779399,-0.577230581013808
-0.731994,-0.575144068472428,-0.221410591757395,-0.555353238473598,-0.346596383134719
-0.0861691,0.197379483041016,0.0555055401783159,-0.287859316493955,-0.568894140295185
-0.46491,-0.0273293742602697,0.00158081392942649,-0.447924266558686,-0.213259173275033
-0.222744,-0.0453913286998243,-0.0377978103690619,-0.352372156845344,-0.404863517925736
-0.362572,0.204497267595128,0.102951205144528,-0.405795923053723,-0.39122663264726
-0.510199,-0.298618335743436,-0.128952186858626,-0.461281329739019,-0.493613212563954
-0.680735,-0.372808162552283,-0.139175603858914,-0.529200819468343,-0.45119827885066
-0.420063,-0.151689834587065,-0.08116254701287,-0.40144088277425,-0.525039525084874
-0.430531,0.160595665251372,0.0990412890699558,-0.411663227526791,-0.336138112644179
-0.147983,0.0634040617416245,-0.0124024223167227,-0.315846392338431,-0.5228555488123
-0.628836,-0.213450198599313,-0.0823327340925823,-0.483586420482637,-0.352074883918373
-0.51075,-0.29188345633493,-0.126081000942584,-0.456106123268328,-0.545298824145552
-0.557872,-0.37108966836618,-0.145424362368357,-0.501138838209727,-0.436831889292374
-0.357296,-0.151226649265006,-0.0773842709701315,-0.400703693728778,-0.447274789882638
-0.367354,0.116110012923755,0.0653242362676089,-0.414188429136776,-0.294237490782112
-0.136233,0.0312806405205915,-0.0158226103613995,-0.327158480760979,-0.472482706100807
-0.561464,-0.221131172540862,-0.081150406397545,-0.500114881875395,-0.410540187224061
-0.655186,-0.47389506785343,-0.149532270916607,-0.540514655023774,-0.5610008185245
-0.686422,-0.5738099676495,-0.215751752994601,-0.576313985298512,-0.434820866351257
-0.185802,0.16669329985964,0.0494277643123208,-0.303539039911163,-0.603792079924663
-0.559934,-0.0470622206683491,-0.00100825436346057,-0.446922707300532,-0.307409033842132
-0.330449,-0.0714948074223261,-0.0444722916069043,-0.370258897017027,-0.50506029417812
-0.479795,0.220683420261617,0.117686082366582,-0.401533588853479,-0.470241689189835
-0.577135,-0.439856282290319,-0.126518658538154,-0.540719786561659,-0.536800356312526
-0.703597,-0.56848364886083,-0.213182395354077,-0.568834056767868,-0.326561862294855
-0.0219766,0.238609792365257,0.0394581367389535,-0.343461770725822,-0.590027507533697
-0.537833,-0.0888837956977366,0.016781656044905,-0.445618506133864,-0.196573801988089
-0.226756,0.0163323202632125,-0.017672456734583,-0.338267189073175,-0.502550635816407
-0.529909,0.0853728645794796,0.0938636756279971,-0.408143191078307,-0.396454993508429
-0.508264,-0.26151794539881,-0.104341241690093,-0.464339749485114,-0.567918881280516
-0.688357,-0.42379448418549,-0.16188300275336,-0.510899264183549,-0.455041100593451
-0.398399,-0.104947616384027,-0.0583485017205915,-0.392837595087696,-0.550259480719474
-0.493653,0.0481654160398662,0.0816691154137389,-0.42279527836391,-0.285369968988583
-0.0485873,0.156148873478636,0.0431567952875371,-0.321592216838773,-0.548331803427885
-0.664124,-0.272933697838924,-0.091643108447677,-0.48641418555052,-0.213209943728383
-0.283225,-0.0162873836403768,-0.0328879506572302,-0.35503743489675,-0.529562997590598
-0.460188,0.15785079717145,0.121480823728765,-0.403016470898862,-0.451728186551979
-0.56185,-0.306805050133838,-0.122859337402668,-0.486927540116076,-0.546599309335834
-0.694797,-0.384011473289841,-0.135778497078436,-0.539386242182595,-0.479352911283279
-0.420453,-0.162680016953148,-0.0801999408503035,-0.423675920686064,-0.528439202761647
-0.407182,0.111371554578493,0.112847868986484,-0.411795537458557,-0.357732511552909
-0.198663,0.0757462962998455,-0.0020818080691835,-0.336822658212594,-0.502161101755383
-0.57855,-0.212843054250947,-0.0698028744507461,-0.495744487599851,-0.441238572082818
-0.659658,-0.476099860365062,-0.152988884123797,-0.547210976496831,-0.565539048132249
-0.683342,-0.569308192896051,-0.209001236486285,-0.592057267485816,-0.399151096790475
-0.108369,0.171486455785485,0.040641391344533,-0.33402867572016,-0.560169780563805
-0.422859,0.00169383292394223,0.0508784742205739,-0.434391167452003,-0.377101009095691
-0.543102,-0.312888568484388,-0.135157628892665,-0.484137461938723,-0.524086108470893
-0.6965,-0.36466143003889,-0.123733667494633,-0.52144196099906,-0.485479515590715
-0.477805,-0.173582655500802,-0.0920610629606248,-0.41846277994905,-0.484781893760526
-0.303433,0.147949444890018,0.143063457083095,-0.398611858948338,-0.392062225004117
-0.220503,0.0423645678297175,-0.0132961687401311,-0.345464616217013,-0.467231092659693
-0.590955,-0.204911043122887,-0.0568493293414064,-0.496959353858489,-0.446113861264152
-0.65753,-0.480861143092875,-0.153431980547631,-0.547786325270639,-0.588295181053124
-0.713569,-0.568349758916738,-0.20998785276786,-0.568053457109156,-0.426832795485095
-0.194616,0.135523054600765,0.0295279272875329,-0.338755413977371,-0.513529041185627
-0.326164,-0.0211900689429152,0.0486169399722542,-0.436023727336761,-0.293208602735614
-0.31754,-0.102373829007875,-0.0509467833842234,-0.398513169749544,-0.31140253324018
-0.245266,0.240859390150072,0.177406245628477,-0.378282693735955,-0.48037689898311
-0.637293,-0.495376721298769,-0.152796152928527,-0.546684318834809,-0.466251807880098
-0.700689,-0.567660853123043,-0.210270785749671,-0.588647721752414,-0.559398103136738
-0.522488,-0.298486608199176,-0.102180952815595,-0.47977035733674,-0.656579839608758
-0.666303,-0.337458216986446,-0.11659714268167,-0.518313857794309,-0.487044483370612
-0.448437,-0.191178215299211,-0.0982681949561433,-0.423965030747893,-0.478831826815286
-0.313113,0.197391215579172,0.152118628957231,-0.384618371092703,-0.383082845059797
-0.244865,0.0352661722280508,-0.0129895021605478,-0.33468898384229,-0.43424026163393
-0.588958,-0.189910662575106,-0.0567513895100109,-0.489670932136863,-0.229238509892626
-0.157789,0.0931828513957107,0.00517536754379991,-0.334204368458596,-0.488360650562371
-0.462204,-0.0306528652597963,0.0256531286352128,-0.421854619109157,-0.255567872766588
-0.312447,-0.123938162163477,-0.0664803475027846,-0.401966556264834,-0.314488442381562
-0.188181,0.273927636223321,0.189068136253811,-0.356908619407874,-0.31101926456134
-0.244813,-0.0355730884665437,-0.0350155068729913,-0.369420834025338,-0.386706625254355
-0.556396,-0.195658274536178,-0.0543941423559449,-0.485564927583695,-0.423448638879296
-0.601063,-0.501364090612466,-0.156607158573026,-0.546880249452682,-0.576098453894624
-0.705834,-0.570790598445141,-0.209002819414742,-0.578724843663834,-0.438105055955499
-0.269445,0.118416014197966,0.0135726995822116,-0.323070952666512,-0.543908461832102
-0.403786,0.0537289284760495,0.0593600176722125,-0.405615992899898,-0.354530610742159
-0.396368,-0.0935639690777069,-0.0702787853840231,-0.389094301418514,-0.329532102443404
-0.214597,0.316252410668312,0.195339591668024,-0.324419091901868,-0.476648363941856
-0.548587,-0.334485188938321,-0.134676584505897,-0.486328023507474,-0.424699332486811
-0.656688,-0.362460155418633,-0.129582250431011,-0.516504963251315,-0.416075145363695
-0.322876,-0.188279993264701,-0.0923623570949525,-0.433638310338052,-0.500628451222234
-0.328412,0.205237311316834,0.135715132496453,-0.342169218441954,-0.479771422994777
-0.577196,-0.31821505951307,-0.132747727361967,-0.480351466306832,-0.498785478915743
-0.702946,-0.356259561002234,-0.127811718781009,-0.519418958658029,-0.488721021745714
-0.463866,-0.189291126477023,-0.0954874092233235,-0.423441396695842,-0.480471793431658
-0.276489,0.212536794951713,0.150934886169938,-0.347274482627863,-0.405655840395068
-0.262407,0.0175653596358725,-0.0249547274615783,-0.338513891497944,-0.462053144675674
-0.616777,-0.184504442217385,-0.0557041788468794,-0.474168033526978,-0.436064461585052
-0.598141,-0.496027533505645,-0.147477400681781,-0.546515476710856,-0.596450393470973
-0.697155,-0.584949946093652,-0.209757793589576,-0.56510511431048,-0.415273339297953
-0.218414,0.120066197822521,0.0240162619831522,-0.341123680927497,-0.51336041924918
-0.356636,0.00378285643848424,0.0512257152900312,-0.404327122169669,-0.284013099175969
-0.280332,-0.116994816513654,-0.0600665654810629,-0.39049018929504,-0.312784020444052
-0.272833,0.22412963466652,0.129698908669906,-0.331673527114432,-0.302912742223238
-0.340086,-0.107509715653039,-0.0616506181952525,-0.382903889661624,-0.226171148814426
-0.125594,0.345204077620348,0.180153253600793,-0.319021079819541,-0.399098993069317
-0.439933,-0.317269090726633,-0.12837432888618,-0.476362302071804,-0.391156617492203
-0.661567,-0.380623531687337,-0.129010059654009,-0.490005848577965,-0.410930568616148
-0.450247,-0.183101180881896,-0.0884709583614146,-0.400635920703936,-0.45022145282673
-0.278547,0.20807283120516,0.13586047991146,-0.317697423888553,-0.377032924678968
-0.224795,0.040332201510436,-0.0363975912289872,-0.327497790857993,-0.444029954888137
-0.585226,-0.185152566475176,-0.0619222060699303,-0.441856562375611,-0.393420572011093
-0.539639,-0.503028459012305,-0.152508268892776,-0.526095864600754,-0.569303370795501
-0.672212,-0.5908808707846,-0.211906681000918,-0.531023300569556,-0.383166642425659
-0.203146,0.169090560521193,0.0196429568913878,-0.303100956340367,-0.509477798521419
-0.389384,0.0394114958204084,0.0518184383354189,-0.35888810796524,-0.254600652164211
-0.209976,0.110939854643469,-0.00805773906863456,-0.301414670534793,-0.386630729113648
-0.424402,-0.0174005977642571,0.00850193035686805,-0.345353384628628,-0.253633147839508
-0.278261,-0.0862512546610521,-0.0676574454503376,-0.352550179732072,-0.319847771728447
-0.170964,0.322311451392694,0.173887401297529,-0.259443114390569,-0.47637014303133
-0.655947,-0.503798111866962,-0.163790617200987,-0.496428321246801,-0.425783830207575
-0.692143,-0.598786014570326,-0.212928812327483,-0.522124703887771,-0.538055941584627
-0.47778,-0.294599455958399,-0.110630386465498,-0.416161538495112,-0.618040982403664
-0.589833,-0.344480949190327,-0.109953086545478,-0.449633421941216,-0.448664206711791
-0.422417,-0.18366013319012,-0.0905165696130645,-0.354859446309144,-0.391198519416006
-0.204127,0.211865598284292,0.145042127869674,-0.27943121932357,-0.32741187203633
-0.154966,0.052479479617398,-0.0297985390065495,-0.287915150605001,-0.378202038505268
-0.506676,-0.210688834193813,-0.0674773633734594,-0.374023014132036,-0.368481748157751
-0.571602,-0.515722527724407,-0.147995433500549,-0.457309621702259,-0.505718334449929
-0.636742,-0.616320651594118,-0.211384104546413,-0.495073289033147,-0.324989032740767
-0.0688781,0.174464900350936,0.020103241962108,-0.252083390394608,-0.436280488253171
-0.237862,0.0267185921119366,0.0365732361470962,-0.300580390994351,-0.229454798524075
-0.3204,-0.078694306870793,-0.0638886589094668,-0.314998981579221,-0.227067697682512
-0.178084,0.296383963354965,0.144656280032277,-0.210329336738859,-0.412201652642373
-0.516866,-0.33761789775328,-0.133189503236965,-0.405084131708159,-0.361921094734381
-0.557432,-0.39312825356531,-0.12689745507153,-0.450808455681639,-0.410328801552696
-0.3759,-0.186217190278532,-0.0848679343680579,-0.352867257343345,-0.379567661637118
-0.208415,0.241067752885308,0.1394611527244,-0.237451234945119,-0.326588963779281
-0.203862,0.0306133919355981,-0.0443450264718054,-0.254181273267335,-0.381168521671333
-0.531948,-0.198475345468708,-0.056718568891146,-0.350114898217166,-0.34726229537618
-0.467148,-0.342695784695946,-0.125910913122515,-0.403530695431468,-0.536978746199946
-0.63654,-0.399538525294916,-0.123236348903048,-0.413887997383089,-0.399501313689758
-0.326703,-0.18362853696662,-0.0808610273494772,-0.332815270526548,-0.478200132466622
-0.350091,0.198149560288699,0.114543432131198,-0.210578904829396,-0.342369371725259
-0.27523,0.0350549906856799,-0.0333390839147669,-0.233226535735586,-0.447729590003241
-0.522585,-0.188399822801406,-0.0606584234155734,-0.3374943553016,-0.470921366181244
-0.667388,-0.534213253753575,-0.148563709292209,-0.440965200976661,-0.535782912313185
-0.653171,-0.647715560393886,-0.210604050806405,-0.482129474716909,-0.417240434356421
-0.162029,0.160576444822086,0.0157629378962107,-0.172268003032351,-0.513706299036771
-0.395992,0.0598478295358966,0.0521876329095741,-0.220035182864155,-0.248881374262171
-0.27866,-0.0843445802158464,-0.059573441319899,-0.254336457260767,-0.270993676853274
-0.143957,0.370593178877696,0.174614141261454,-0.123451143013288,-0.305010597510373
-0.333367,-0.241951732993615,0.0276323204671782,-0.287337104226133,-0.196565026011975
-0.652391,-0.665189320476238,-0.219468933811142,-0.455941460169742,0.938126028400125
2.60998,1.49772503873334,0.674991930306891,0.758880172409729,-0.414295882861105
-0.477837,-0.0536470847036427,0.0490608437306964,-0.252280172433904,1.6591405483607
1.4678,0.925816608716519,0.389324788701396,0.525726081372804,-0.236898866619559
-0.466131,0.131526518949794,0.109683173929153,-0.156557759541392,0.648882681563162
0.157792,0.190529779525706,0.0539971578626882,-0.0751118684551867,-0.342541714075475
-0.674344,-0.477184067137631,-0.168825510116696,-0.322497200152401,0.382111898858257
0.820226,0.644376460202116,0.216055349544907,0.319212609922171,-0.397596990426148
-0.559611,0.0266665297540339,0.070705097564047,-0.183758649411133,1.10194510856387
1.93902,1.27414102210657,0.49500935386486,0.902719870100269,-0.385262744247454
-0.648339,-0.333220508114413,-0.0964554118388073,-0.302177441347337,1.34347624842605
1.35889,0.950486463263444,0.318157879213393,0.688830287443844,-0.352868006027489
-0.475433,0.116902652740141,0.108642009715324,-0.137439652508432,0.591051215873893
0.159878,0.193358584157251,0.063004264638443,-0.0317976181617435,-0.326153868781911
-0.622839,-0.496915910009733,-0.154122043029628,-0.367938025975494,0.433714945176149
0.934138,0.670189473240599,0.208889095449798,0.379230746486946,-0.347049910573209
-0.497341,0.0309824240135451,0.0747502221113069,-0.175644237054485,1.16970568653338
2.01038,1.28181587507115,0.454128302839603,1.02771144107684,-0.44601688489329
-0.618101,-0.280973640887839,-0.0772960119992918,-0.305529004453691,0.65988254907582
-0.370588,-0.281533103164331,0.0209024206327697,-0.249990499393581,-0.227885990593504
-0.567897,-0.678549613652163,-0.218414416823892,-0.429026681901468,0.832523816298394
2.44336,1.50560940850365,0.538940310401559,1.02241395779057,-0.453396011364301
-0.42663,-0.0245470842346918,0.0431787785991706,-0.179975707304589,0.972545115183747
0.0156652,0.179495995946815,0.040195798413958,0.0300590261630821,-0.247887456904384
-0.64304,-0.4493162331185,-0.130404839437309,-0.334339477878511,0.382347556869318
0.905337,0.654245142632696,0.206688746265426,0.434587470480846,-0.302340904580254
-0.357149,0.10199889955163,0.119813036147358,-0.143465474015711,1.16087706204409
2.02447,1.29402335479361,0.482756391531336,1.04511746850094,-0.390095721502914
-0.612871,-0.291575211305008,-0.0722720136545835,-0.299970857795611,0.650415411912592
-0.426329,-0.257984056275195,0.0428143038179331,-0.219541956736723,-0.225854405804878
-0.590285,-0.700117865778769,-0.222176081713165,-0.417645644810673,0.85676663075321
2.53381,1.58824040578048,0.634078683815288,1.1173514682781,-0.407583678731385
-0.538212,-0.097353693032325,0.0144524092659379,-0.201634730910251,1.71668533129141
1.66929,0.987333221379351,0.315687285877281,0.843575775166588,-0.257841707476849
-0.36737,0.161694165764831,0.123014414177521,-0.121992622874054,0.511400240023696
-0.341383,-0.262312627608155,0.0300140352828174,-0.225202058841618,-0.33133871430393
-0.6695,-0.71431973201978,-0.224060951434436,-0.365628161563444,-0.121783308663752
0.153592,0.279906101766671,0.103236108129783,0.142264580223923,-0.536234748604035
-0.684315,-0.486739056796634,-0.142354219032018,-0.313195997703733,0.434238797769643
0.995884,0.691405697665836,0.22527640795802,0.559617822891716,-0.342885467028121
-0.455565,0.0742665517807898,0.0851802634656182,-0.146460664732047,1.30557478444754
2.21509,1.35608161537962,0.508470186260194,1.19173944383361,-0.24336511943407
-0.621102,-0.314446161152621,-0.0820225617259871,-0.243127519167523,1.96966420360109
2.5227,1.56232594435874,0.567738972848066,1.23918525715717,-0.283189125134815
-0.568469,-0.137075466282251,-0.00836932657783196,-0.20418997196251,1.61507613315199
1.34389,0.971642630492996,0.264671870773126,0.940015507811355,-0.147095779657955
-0.45107,0.161829484377024,0.11789153142838,-0.0938976682878142,1.41433472412749
2.12628,1.30282640994051,0.452913590167266,1.22905992320944,-0.428563800633298
-0.680169,-0.324157844007287,-0.0802208395936036,-0.280494504225768,0.678024056614299
-0.445488,-0.253028002020138,0.0464318982092628,-0.200901274886839,-0.290716424623182
-0.696521,-0.733773184890874,-0.221801800748573,-0.40533607629543,0.863071522781996
2.58315,1.66032773729121,0.612109937302949,1.2937466183358,-0.475582253414869
-0.564296,-0.107498188517455,0.00187929859716728,-0.212447098765579,1.66398584858756
1.50872,1.01533191388002,0.292944841225096,0.979714824938773,-0.256069654310624
-0.405409,0.16483910970316,0.115814265668752,-0.136456491001981,0.621192625551612
0.0648611,0.244513814057788,0.0794800197257254,0.153413513554278,-0.313193449700087
-0.673844,-0.528299792174246,-0.153142839469928,-0.352545323675401,0.357286542989358
0.870074,0.721953622916588,0.227241019109381,0.641247774339745,-0.47367178784514
-0.440839,0.0583757014766314,0.0663646646564184,-0.147374521963073,0.313033308530929
0.0497639,0.260005247728425,0.0730651253642613,0.158808991036092,-0.374014518834243
-0.698937,-0.511677753507635,-0.144866471704567,-0.332213992749388,0.409614625684966
0.992166,0.724197409095842,0.217558576066325,0.614041699584936,-0.380497092035426
-0.503704,0.0655969467057488,0.0815988196350589,-0.154284494602814,1.24838720497181
2.16027,1.40975175661432,0.531497677893291,1.24421660910701,-0.470804403042169
-0.665844,-0.319884485467908,-0.0783617272338536,-0.323752251420158,0.693165195689907
-0.427947,-0.257332159219588,0.0403555016528173,-0.212810801274006,-0.279001892195876
-0.659856,-0.721461635330751,-0.217536006997521,-0.439697593513356,0.797993660447027
2.41628,1.70615250079579,0.659538557406278,1.35068346019373,-0.476629918369895
-0.597877,-0.123669355236437,0.00103773186297149,-0.202729352663997,1.57107904379214
1.43328,1.04321740977612,0.307513040198873,1.00078126000221,-0.230301477154515
-0.502045,0.132680379789804,0.0885547659065007,-0.129365113373441,1.19476256094963
1.48534,1.0701224611611,0.31590422230321,1.02193599006924,-0.322486368518922
-0.464947,0.143668376578279,0.103733603296445,-0.13802664969465,0.610009856578171
0.0640972,0.246102123479895,0.0658365229945671,0.151139976727958,-0.305361890153065
-0.577847,-0.526634996544068,-0.154705049976329,-0.33222439132803,0.318216409316708
0.753696,0.73496484509221,0.218322376807205,0.652726625391485,-0.334234757622688
-0.512082,0.0339311060135306,0.0690497908353555,-0.160025285060226,1.13333295182259
2.11521,1.43018031776814,0.500905896433358,1.2900249367535,-0.505048550222876
-0.713136,-0.327876882848389,-0.0860232941454593,-0.31459316469691,0.694539169203224
-0.371264,-0.236041655487458,0.0549847771931811,-0.231643880184942,-0.308588950271224
-0.673704,-0.732175869796465,-0.223411080255994,-0.447224454260414,0.816300539249074
2.38413,1.68509121550366,0.638043291309839,1.41883007519496,-0.403495195504221
-0.540404,-0.115758647882615,0.00595916153377327,-0.217323851305526,1.90020778678522
2.268,1.59418028587777,0.523252963477807,1.29615426875166,-0.285150141320575
-0.636571,-0.143473226603461,-0.0153057158780621,-0.20764711990486,1.41949340363668
1.18364,1.02889433326655,0.291407596559407,1.02372249073607,-0.360421963274555
-0.467624,0.159829210401939,0.107252021484209,-0.133609510861175,0.25875768299499
-0.425377,-0.259930784495027,0.042876771970886,-0.239808103936892,-0.422154830845124
-0.694303,-0.732537739503032,-0.223163969455476,-0.405309521058438,-0.204664576667853
0.0554718,0.297225846747241,0.107110486720608,0.180909084582745,-0.515438131653747
-0.587487,-0.484354078355692,-0.139651524452395,-0.38696177055179,0.370709282210805
0.958072,0.736830805062649,0.214029741005153,0.651535499858174,-0.329206657206157
-0.479869,0.0892024298003822,0.0940116680180027,-0.174642229149638,1.22491973571759
2.12543,1.42098407771233,0.503399249575748,1.30580574086184,-0.466395846175506
-0.681505,-0.313108959360014,-0.0801651377659601,-0.328198108674175,0.693651779094256
-0.393486,-0.262887634329791,0.0409950761379372,-0.261102957596612,-0.292375416712269
-0.727448,-0.726252672324145,-0.225874018883185,-0.428929050583783,0.971250340567737
2.78735,1.73011270627573,0.642934273585631,1.37148051770237,-0.48875061337736
-0.571955,-0.0817744448211957,0.0181058928327762,-0.214750004142395,1.74886594945304
1.51009,1.04611542841539,0.321961313913357,1.00233780582436,-0.253314745963522
-0.435571,0.17771414372427,0.116735966528606,-0.148956092395058,0.663823089862449
0.161512,0.255512655857898,0.0734423502485252,0.125217049205816,-0.328789568491295
-0.677532,-0.494096941396409,-0.146423641017306,-0.426424752561567,0.386241869013022
0.808374,0.741185137225541,0.222098152872408,0.61091455724535,-0.362879493589982
-0.466015,0.136274525935245,0.10002881685689,-0.17739448160495,1.06841793285021
1.90118,1.40206823942664,0.468953801128014,1.32967578913109,-0.428150496142832
-0.654934,-0.265036394925201,-0.0643077618407091,-0.345319672942281,0.806208923053219
0.125165,0.245763614116124,0.0720100162718897,0.135495910264204,-0.374984330946069
-0.630391,-0.487196542456788,-0.138608385807961,-0.417055539035089,0.386059000427689
0.854228,0.742618320460945,0.209745844891924,0.626195295011663,-0.30471243849783
-0.390378,0.13592405537481,0.0996144284230571,-0.198746632291076,1.15611986738993
2.06994,1.45970234366195,0.478756907623682,1.38194161559329,-0.43237695576211
-0.667138,-0.259355828620574,-0.0684405255119366,-0.320392900064497,0.653377340187864
-0.446635,-0.285276369842771,0.0214040978032034,-0.271783214627114,-0.280871936096397
-0.670218,-0.732056533398344,-0.220786780302196,-0.480180830965836,0.841774188398213
2.52802,1.78592604678957,0.647807358046833,1.54280681251747,-0.448766940025289
-0.518467,-0.0113637488459948,0.0291679155320087,-0.21312562923257,1.61708302692048
1.46085,1.04716618517705,0.318213956789292,0.990694910845287,-0.271851651399153
-0.411257,0.291860515434037,0.144088729481635,-0.11664394708233,0.406813869772767
-0.433019,-0.300093427040586,0.0173118732492425,-0.258340565199745,-0.21730684671211
-0.696039,-0.724255144847436,-0.22136482818204,-0.500121864349302,0.881309047424836
2.58486,1.72411749358081,0.639084902050886,1.52850985469855,-0.464495248651851
-0.526438,-0.0173311733702733,0.0401697600017667,-0.1890527395144,1.61437728312462
1.39524,1.03622923159354,0.299531944096966,0.965810154275145,-0.256425289893264
-0.440972,0.264020158401653,0.140834645700951,-0.09731215971044,0.565694907744088
0.0402947,0.24959900486571,0.0827645432782039,0.123102844000542,-0.33021047153612
-0.655584,-0.48690230352875,-0.140451211957675,-0.431583086361623,0.3250544557993
0.780864,0.707205044372834,0.208591362900263,0.590410625394932,-0.338446714829907
-0.444981,0.162249597155863,0.10292189823819,-0.172353783437831,1.15076670735997
2.0854,1.42362539102326,0.488155509015577,1.37398037116223,-0.317435781124317
-0.630607,-0.242421537002912,-0.0590425705037302,-0.312268051994651,1.50634757974588
1.56489,1.06541525217414,0.328405742050106,0.974880226411437,-0.29382797140861
-0.370066,0.276039945384205,0.132625716137071,-0.130368523407893,0.656960807253176
0.117852,0.253857706120932,0.0636966805730258,0.120281911085295,-0.310986098357782
-0.710084,-0.463668604059049,-0.137049103004416,-0.41723444549282,0.384096523047375
0.815344,0.72948356846523,0.189540280637219,0.567354640174833,-0.318927052863389
-0.372509,0.188771627419826,0.123276112576309,-0.187778773403819,1.2036001751133
2.23482,1.4359110989453,0.494895286450528,1.31215229929566,-0.436348185659411
-0.685217,-0.259225518272958,-0.0677311517701948,-0.349152423566581,0.71919605578894
-0.454631,-0.279382722231239,0.024070496874697,-0.27438865633923,-0.288100124401634
-0.694167,-0.726286891696767,-0.217979537111665,-0.503814473920223,0.839235984010817
2.55525,1.75238471987268,0.648539106729696,1.47021406042928,-0.533701985766732
-0.48064,0.00942439702272977,0.0337990622220913,-0.179963122513598,1.0243794088598
0.0603973,0.233236127629108,0.0693647699115427,0.126449219141779,-0.303957254767003
-0.707088,-0.470263522901957,-0.138802388849952,-0.400190388794655,0.320897140776003
0.732809,0.743894767737158,0.180286515804993,0.603678877981057,-0.357515192491805
-0.458797,0.178024448688138,0.123841544046014,-0.164137623963327,1.16910411348893
2.23817,1.45714312528297,0.49337922921077,1.30489926273602,-0.481926235744152
-0.693222,-0.250973227199397,-0.0684825810508501,-0.364829514824331,0.713515576373784
-0.464881,-0.256281006430956,0.0240176781258091,-0.27125311815437,-0.268492968914202
-0.671825,-0.72006571417167,-0.22208981992093,-0.504262342184773,0.928948819085012
2.74306,1.7528768457641,0.651172784588933,1.43627025169768,-0.425910639126346
-0.436498,-0.0149138089985151,0.0277885362441632,-0.217819343052371,1.64023126106147
1.30166,1.08133740884691,0.300845526858732,1.02269406258049,-0.225466713995782
-0.398856,0.276492410273858,0.144038036629224,-0.115561996620419,0.296939187692136
-0.489155,-0.254853248264279,0.0337408709029562,-0.28839285108889,-0.392941413665016
-0.709797,-0.728690001280218,-0.223041066279042,-0.531640332158226,-0.248260579225783
0.0487465,0.299590724962091,0.109221473412417,0.159835704223223,-0.688330863267867
-0.710098,-0.452710087129986,-0.129654422361067,-0.440014341838659,-0.0590082603960238
