1000
1.07928,0.608310678939895,0.282139985177219,0.521658235703632,0.883864606127903
1.10808,0.540163094051225,0.0619425230072535,0.557401547031314,0.286805101754346
-0.519257,-0.2044169030432,0.0951263543816517,0.0476980185242686,0.730005433855156
0.409827,0.167058150084401,-0.0754679051951597,0.456420095084484,-0.0874516653938976
0.0808043,0.0849625930922926,0.312495278820496,0.152335310135261,0.273774341847322
0.151068,0.0491049806209833,-0.0954519687789846,0.358353985868104,0.432452732779552
0.735298,0.393385598721406,0.285924193747813,0.417011208055738,0.490135310366537
0.929675,0.449545794312191,0.0524539695035088,0.562054459012892,0.47153522430122
0.39756,0.208135768301047,0.299223821641377,0.239683442507261,0.304482110168366
-0.291488,-0.220089027917031,-0.29985928020272,0.153643004477295,0.133682646079077
-0.263167,-0.175620589531869,0.199071701172674,0.015377249628021,-0.0216072227036303
0.180585,0.0500329426822091,-0.135706765917584,0.250974751254442,-0.190373963595986
-0.0221486,-0.0520922690741325,0.216675305323271,0.113707908530572,-0.314277875736501
-0.988029,-0.597721331272148,-0.265313258019035,-0.13885390776657,0.317231180856546
0.650847,0.291638814125852,0.220094824588751,0.476487350312766,-0.144361950087929
0.618023,0.277018401952572,-0.00901872212565314,0.451574930821975,0.300700176980783
0.303298,0.127932668508068,0.254190820857388,0.285233735770866,0.016002806690008
-0.616853,-0.329807478291966,-0.0564654058188963,-0.124316188214711,0.0626768138369258
-0.313156,-0.207182093642433,0.167697387327238,0.0150208475564482,-0.085172986351151
0.183493,0.0394381534380065,-0.107468822317184,0.208852949521622,0.318653135181515
1.01179,0.49445248783946,0.210749625461573,0.629211825124599,0.433580958612482
0.983215,0.485649531870149,0.0596859081891449,0.61962060078617,0.191273373935427
-0.568129,-0.31536297656903,0.216597936965027,-0.0596750532362012,0.448936821042817
-0.201179,-0.133036084692973,-0.110224630971671,0.0280328038222442,0.170143271181218
0.689787,0.301813793622002,0.235110864947815,0.450007097487514,0.195066700841033
0.669539,0.278438308854903,-0.0163467022579227,0.458996972478077,0.418947353164631
0.409213,0.164695419414243,0.291027533349353,0.264947433215134,0.116029497704826
-0.4661,-0.257514500535488,-0.109897267703598,-0.0826701930820821,0.143422848510528
-0.246174,-0.142200681030369,0.268166912270092,0.0141429659828338,0.00364048369469928
0.219425,0.0660559914767511,-0.069546347151775,0.221444412928084,0.370998585193204
1.03933,0.488648348328299,0.176966852980133,0.60404141526104,0.46416543997216
1.00802,0.456109927587342,0.0114470770959837,0.618821651743431,0.19891685630987
-0.561592,-0.258014627167467,0.251893582279511,-0.0447259031752956,0.395292745469422
-0.231398,-0.189349569194733,-0.246113635727825,0.0306513510938079,-0.182102473326568
0.0556163,0.0115658145057368,0.251099950237253,0.141338764841851,-0.399589809160508
-0.835767,-0.430306203832107,-0.20293767445233,-0.162645212013047,0.529374916146445
1.05927,0.511447797034948,0.199114469600036,0.595480147774688,0.138520390551532
1.03795,0.488649536443965,0.0143223058130935,0.622827858789119,0.742594987942365
0.70393,0.33023122241972,0.283975265609477,0.43018901661054,0.810002350138932
0.680435,0.286605871712654,0.007889418494475,0.448099073055312,0.507938021674787
0.389234,0.179281512991242,0.282069730491531,0.268165629386463,0.133247091801659
-0.47664,-0.277740736497863,-0.109437316343729,-0.111488314550414,0.153843252485111
-0.169397,-0.117651840237614,0.232116514076799,0.014140628341552,-0.113051133518577
0.222947,0.0708644201685311,-0.097933540615676,0.22134169607991,-0.349449513000675
-0.562965,-0.351622123939917,0.167690327651178,-0.0389158975500045,-0.00408921578357357
-0.194161,-0.13814922941745,-0.077646005033179,0.00308951917120618,-0.238206264566653
0.111762,-0.026847703264335,0.21690894559229,0.100947670006925,-0.505908862108904
-0.887714,-0.513799029001938,-0.234438865561917,-0.220348330030248,-0.0499074348691166
-0.234603,-0.19875883961772,0.112606196015219,0.00408219604022786,-0.240958499428863
0.138097,-0.0125956521339689,-0.169727717674324,0.173940343991456,0.332001029611733
1.00902,0.494832198743596,0.181092898312239,0.612240829399234,0.426998781055249
1.00915,0.466188872517523,0.0235510380322547,0.622440523488849,0.185723527340201
-0.55022,-0.319811967623957,0.156409885234753,-0.0389935026617122,0.396875784447538
-0.220329,-0.171756807497843,-0.111454310039036,-0.0197199635035224,-0.183115495202448
0.0718661,-0.0301206199228594,0.265429980774841,0.0981274431324169,-0.477317394281191
-0.962595,-0.497998914526781,-0.219327815342296,-0.118966038897189,0.342480184695119
0.687297,0.291689837006696,0.222345414194699,0.433905713022939,-0.157397447014414
0.539883,0.203635342058261,-0.0723922941272625,0.340283568487613,0.366861404715733
0.408558,0.157749999436078,0.259683491766006,0.251627265080224,0.012009799039427
-0.710115,-0.401066394818402,-0.267562583540723,-0.18581557172849,0.544527743031065
0.682807,0.296759980045779,0.234730158539959,0.3826789986441,0.00375161615866452
0.604841,0.246276087093933,-0.0548202903921415,0.40248244057153,0.360030210011104
0.375174,0.111259225754657,0.236792430370749,0.228566384534731,-0.0332766394212123
-0.741035,-0.404333155605951,-0.226980145687355,-0.163829592228938,0.117953053771896
-0.239752,-0.191826221516559,0.216079860106361,0.00738436888360728,-0.176265562678978
0.086185,-0.0311150102147758,-0.152100526950228,0.146196393161284,0.332378434209254
0.98374,0.475812213324805,0.174906791250594,0.592524327977221,0.406717966526052
1.00706,0.453285568171071,-0.000166178318517052,0.632539428477088,0.178747788812088
-0.52683,-0.303719158175433,0.199562065831496,-0.0138500797429858,0.373032542848566
-0.262331,-0.168212836853122,-0.138789098962413,-0.0351390355294774,-0.193685973353133
0.0521156,-0.0172999191013295,0.199961321056714,0.116453902971603,-0.571230755922559
-1.02615,-0.634204266036014,-0.338298745281526,-0.129740382280334,-0.00490514925274013
0.116802,-0.00819695520584566,0.255280046482236,0.113470253467257,-0.813280866510644
-1.00947,-0.621045666252076,-0.32417602721273,-0.177636406702352,0.328531517678686
0.703351,0.320476963194507,0.235821512974531,0.422086620703121,-0.129015576699731
0.654934,0.265104901337998,-0.0564713985640047,0.440540770295049,0.394618674838621
0.460105,0.210785378249831,0.304325685184956,0.294114730087639,0.0791640505575892
-0.543031,-0.302430013699938,-0.0842708650065127,-0.171002221183855,0.218963802463593
-0.106912,-0.106754572369499,0.269699838533934,0.0442827361893589,-0.0492212100907975
0.160503,0.0785064469744069,-0.145503652461011,0.19277740440798,0.438524703834854
1.05841,0.606862721618521,0.218756539675538,0.678873501096328,0.478532048841521
1.06719,0.579873058457107,0.0357891190408624,0.676414841826675,0.244631806116215
-0.458835,-0.276044343805383,0.249922263810154,-0.0491387124008128,0.397217362092965
-0.231219,-0.137705169136383,-0.153513981787499,-0.0419316350516038,-0.295364732075592
-0.37937,-0.297994943198859,0.210545016249794,-0.0394472111401721,-0.231995700631173
-0.280704,-0.141945349393789,-0.133803457954192,-0.0346070406101506,-0.157905692536965
0.160913,0.047599368352961,0.293229549584797,0.15368049915857,-0.463893670663741
-0.931768,-0.5351210403492,-0.152445661028615,-0.267643254720117,0.568354026067761
1.0497,0.602907795169981,0.202083451912608,0.62719047329262,0.115870641007114
1.06152,0.595635449129634,0.051731472138898,0.654127092362224,0.746063595766147
0.74228,0.403725827949637,0.240240948143805,0.43248468559674,0.794492470962326
0.616698,0.354737793337032,-0.0180987588949606,0.431242202990878,0.54554854259886
0.459176,0.22811454200112,0.297179932088013,0.278746401863006,0.0443053592372795
-0.645939,-0.35343224704776,-0.105434382946605,-0.219905386748861,0.229594844300051
-0.0821246,-0.111957021182781,0.265766895204713,0.0451471280350478,-0.096990787683096
0.152682,0.0935309677861349,-0.0776765414121018,0.186992618626904,0.437343959287221
1.04792,0.627727308560817,0.207106205203904,0.658449110879627,0.47136531968537
1.04765,0.622320684132422,0.0388012394084973,0.66152572042362,0.265727149106635
-0.406162,-0.292357539549648,0.253148034746073,-0.0671679244362784,0.412354994692409
-0.243577,-0.150298229284359,-0.093819159349203,-0.0342869111075963,-0.0782900397155472
0.170942,0.0466846578753895,0.264418636198566,0.155627505266598,-0.486861299488367
-0.993785,-0.551130663247741,-0.150321039255399,-0.283941094959903,0.410931215843078
0.735488,0.402526210888854,0.243309197556103,0.464090340101751,-0.125116556173328
0.627735,0.353396686569225,-0.066726385560322,0.449259169447961,0.398969181544567
0.441222,0.230004501052893,0.310652224017544,0.321227073160707,0.0444590655054431
-0.602904,-0.368088290810073,-0.141944620818106,-0.223519926842828,0.208799506420644
-0.0997976,-0.118522143505639,0.27517853427323,0.0371701338176842,-0.101307785730604
0.155895,0.0805728941655976,-0.123089690144081,0.181951816847409,0.282473339890342
0.738521,0.415953032273709,0.250987062954373,0.462889716144539,0.349293735842441
0.638934,0.367467461595946,-0.023541081695082,0.453172771136577,0.474511620600252
0.459514,0.232181398851788,0.27660301772452,0.290465265081967,0.0340536477385627
-0.663091,-0.371231544774589,-0.113580062284059,-0.227531013119171,0.216673211385552
-0.108233,-0.120519879613197,0.235522233045953,0.0349492836768096,-0.116279405199207
0.122473,0.0769845703416343,-0.139674691325041,0.195464282426253,0.430567096413259
1.0594,0.658098326785514,0.222419382940671,0.691129660686584,0.46003459767773
1.06119,0.651902684045983,0.0515715574089664,0.698455488232148,0.252340262972782
-0.438134,-0.285713076497432,0.28827472868963,-0.0851701538461406,0.402062980634467
-0.281367,-0.155923920768789,-0.166498746632109,-0.0392407822238016,-0.093640481840496
0.155167,0.0492186030063541,0.259972684841204,0.15818858966272,-0.479169340554455
-0.994575,-0.58630125295755,-0.115363752311515,-0.298521583416037,0.574933429104616
1.12748,0.701919041610439,0.0871495311426788,0.558125919913448,-0.0831183672385121
0.925787,0.515887058818783,0.265191870318108,0.389980119898868,0.01243116433076
-0.053232,-0.0907405643072678,-0.0116132654428378,0.152018064344781,-2.08895109712519
-5.91873,-4.40012917531601,-1.43875890141413,-0.307670652931104,-0.149539722552213
0.563799,0.286911912033236,0.0556482266926254,0.392139809177724,-5.40903290712779
-6.95149,-4.92714863599145,-0.847711822801877,-0.300729077455567,0.225851878735635
0.891437,0.536716725821646,0.0843374494772542,0.595031328130595,-3.08453307010642
-0.312177,-0.332225784571962,-0.00369640554643542,0.0196463600226355,0.0880144699874084
0.717236,0.442491621548358,0.137151563106081,0.510387512833301,-1.13956291428693
-2.38849,-1.58654321063846,-0.00915391360885391,-0.596006549991934,0.406604070310964
0.398275,0.268837742469388,0.202344564063371,0.3373658677817,-1.28128116442453
-0.756024,-0.566510926098139,-0.00511990184306432,-0.148253723707129,0.108523854785066
0.609823,0.399701284383135,0.219840581315392,0.443057664882981,-1.48035036589169
-2.87653,-1.8787082368955,-0.295582279475272,-0.867316329441994,0.612235417572959
0.923957,0.586325831526736,0.165536894512249,0.6422881046791,-1.13795066103145
0.0849757,-0.0365392180273253,-0.0872355120474215,0.259527202303529,0.326677743012204
0.739808,0.468883923115397,0.181246700947079,0.553627408438866,-1.27767812947811
-3.20798,-2.19512386870466,-0.531396419350592,-0.654305968418355,0.442033684833255
0.473866,0.294589144775394,0.164110759453326,0.391694844630973,-1.8758495397963
-1.50559,-1.14588067555854,-0.219326357466272,-0.363297369852791,0.530381195318269
1.09622,0.71242683599207,0.0733949331806301,0.670007211686326,-0.23819678430223
0.948547,0.561242705747161,0.0745672647008508,0.56964192324403,0.356546594660001
0.321303,0.189340564259922,0.145397419392133,0.306792360406982,-0.542267433123828
-2.49565,-1.86348684144195,-0.414933790294285,-0.595992987278732,0.604378457741166
0.954493,0.587209439072312,0.133612191287643,0.625465168134245,-1.07528227050382
-0.162808,-0.18184516488531,-0.0220772937103939,0.0969990787335142,0.410450012352501
0.782739,0.466254788515904,0.126284452762628,0.512703493141494,-1.18792703444621
-2.78218,-1.94739453164442,-0.341337985120099,-0.830267817797866,0.50224148928653
0.507403,0.295162789813203,0.157286888269169,0.385245278903997,-1.40932591057852
-0.840263,-0.694946931382501,-0.142465543842363,-0.253530759513603,0.586894371252411
1.12117,0.74509352684009,0.105736614808602,0.669814071461428,0.0799031736681879
0.993412,0.633530000718068,0.0375200346317578,0.636067196280437,0.477432158151853
0.352727,0.239584790365181,0.150992910145218,0.313167649219329,-0.157174119811286
-1.55958,-1.10593184644247,-0.132340609896335,-0.596818244401258,0.355694459701627
0.68569,0.450214704161795,0.183720183820339,0.506281518196583,-1.68694229990277
-2.68491,-1.83581014584931,-0.318963275414358,-1.04084716540793,0.755133897267042
1.13482,0.762608211537569,0.107435915490958,0.682018099218574,-0.607090705442007
1.04295,0.65983033442174,0.0784988241356873,0.653107087210806,0.724164280098926
0.931496,0.626586163128642,0.161027345148436,0.62663007480417,0.575076278016268
0.124163,0.037168810951163,0.0166032494842415,0.235209568515119,0.680950896050388
0.791685,0.499772315515726,0.171883113220006,0.538082435956687,-0.711114793965605
-2.02779,-1.34475709217389,-0.157909535939419,-0.863623544610345,0.539055765113882
0.534282,0.346853427845213,0.230619851718257,0.395971137895295,-1.09646860475186
-0.716971,-0.523154655266749,-0.11787390267263,-0.171926177087028,0.218689134071119
0.474381,0.305624738804223,0.22465851380696,0.350398197312336,-0.880336893316899
-1.4425,-0.990917623032381,-0.198817543373547,-0.594433019588646,0.303027223357117
0.723231,0.46044450670821,0.228061151165,0.50044429130874,-1.67355647491513
-2.62564,-1.77721327978733,-0.270470178836242,-1.10607540875824,0.431261973794104
0.571652,0.400106751769555,0.219785553525682,0.42556015781896,-1.28851907579654
-0.674617,-0.487009218221602,-0.109565093877677,-0.130767644137808,0.62305073251125
1.12011,0.765070033924158,0.0821318939411836,0.67987536176496,0.16776408437422
1.00318,0.666409464830205,0.0398844182481053,0.659916830745891,0.54214465955446
0.452477,0.321154590456673,0.226616383451719,0.340714085418962,-0.0756941912592113
-1.3906,-0.971257380398911,-0.210473659233168,-0.626625739280162,0.424693221720743
0.722027,0.468940513442532,0.214537590241881,0.489871275198772,-1.54044051539679
-2.47977,-1.65202310187422,-0.361793448979469,-1.04863969087538,0.655692858783026
0.967941,0.637053564741648,0.182762214217741,0.619378750173837,-0.886663526591082
0.228754,0.0951313484948116,-0.0605436896243369,0.298928309524914,0.501771535848816
0.831659,0.532528152995215,0.189851021738,0.554029477521282,-0.597956614724181
-1.87178,-1.29156069936911,-0.260841899603089,-0.9123158441904,0.785021969166565
0.928156,0.614379966984265,0.132201258113027,0.634838903326628,-0.628932466826231
0.178683,0.0880119467018054,-0.0361079032046693,0.294483286595768,0.514718578508774
0.817361,0.505702448706625,0.19659637410082,0.56854551507131,-0.656901935294149
-1.88728,-1.27877144376813,-0.226587125752599,-0.901007797474991,0.543848082400476
0.48133,0.347118612684349,0.198959375789735,0.399154992511145,-0.920325453562567
-0.600087,-0.467487847983448,-0.156693584438425,-0.112445372012522,0.64024725924578
1.13293,0.730035042390483,0.117761816909027,0.680585564011508,0.199475550663847
1.00854,0.643586233358543,0.0386609196680574,0.6717206172003,0.525616455315825
0.361376,0.272108423790922,0.222178282850159,0.331323184812511,0.00608129940336102
-1.18709,-0.8807777963292,-0.230182155986073,-0.56117433236713,0.329474251204701
0.617589,0.431509155219714,0.225446973536133,0.453661333442501,-1.54362021303149
-2.56868,-1.82171103528874,-0.597461751617906,-0.940480385071011,0.315612027709448
0.633351,0.416572476770503,0.199512538857967,0.458009672372776,-2.03367000818187
-2.42835,-1.6834260781369,-0.437464467499543,-0.996549641186131,0.519629947577582
0.921762,0.581380619424206,0.140286681368636,0.588290663729915,-0.894865511457276
0.205693,0.0657101443897625,-0.0836186166862722,0.284669587628293,0.46230509483267
0.778185,0.472557486662065,0.190422511467187,0.501532511791263,-0.595879131154334
-1.7587,-1.23011363212957,-0.314410625324187,-0.853596580386825,0.538075519211459
0.50387,0.33714477173755,0.173571703619632,0.379637352437179,-0.86484665271144
-0.587314,-0.501771461178443,-0.228458669421973,-0.121993273453577,0.642758565917193
1.09816,0.713164181858525,0.106970811685399,0.625838985191742,0.20678401305646
1.00565,0.620255204368917,0.0160303667888027,0.640282514724245,0.515329178014143
0.365012,0.236161348062717,0.120257786698327,0.287374174511355,0.0143833075214775
-1.15605,-0.846647524972948,-0.137311969226003,-0.533104301762445,0.31970814258239
0.404209,0.307044862056792,0.193291638636232,0.36310700627017,-0.997595552260375
-1.31845,-0.913867901687307,-0.325751447213884,-0.509263806029984,0.235521808323726
0.670445,0.42306863271147,0.188522344636515,0.431580119324199,-1.56293583112671
-2.58395,-1.70282176366298,-0.44788270751763,-0.939731529627701,0.738388613916619
1.0877,0.687661652914207,0.101818437506665,0.601231083577838,-0.58221690969658
1.00315,0.593501026112087,0.00177962648549027,0.601214629272026,0.69700371714102
0.891289,0.56530713612474,0.170595315131711,0.547352717480877,0.578261584395471
0.173749,0.0615248403844644,-0.0664973273676945,0.263679188783683,0.668043592731417
0.760128,0.46016244214481,0.173614026854905,0.474396777676722,-0.556226982775567
-1.71225,-1.13763774681436,-0.410265901392007,-0.726741229691379,0.546187222310475
0.516439,0.313069852850788,0.177281075694278,0.363761616202678,-0.794182029688504
-0.463797,-0.406375796441706,-0.277708618638281,-0.0152942151988374,0.645447988771178
1.08547,0.671194684116451,0.0715552590631673,0.6086377212595,0.260240945030044
1.0075,0.563850107796083,0.0083469366195747,0.621126503727977,0.51110699493149
0.346361,0.256277241363898,0.194007949351866,0.29976515990089,0.0231219586443595
-1.14057,-0.817726581519587,-0.31576874467413,-0.40634303114372,0.318374787021639
0.60272,0.399432665572437,0.217725656101356,0.455524987423979,-1.51247463135622
-2.64096,-1.66939573046168,-0.663513604088306,-0.775339440996949,0.599376211905154
0.915778,0.548166346012245,0.146481605101883,0.560683673996679,-0.949728642816158
0.260946,0.070641524734399,-0.137898576679616,0.303135631568329,0.44941904625945
0.776997,0.459268601193195,0.162155861810055,0.508055183748826,-0.56121364628017
-1.7294,-1.17792075598863,-0.389050673016426,-0.603220389016473,0.546692058816498
0.487532,0.305501196740117,0.15675515002632,0.355380875630279,-0.765999384447006
-0.354759,-0.24352475675821,-0.0606687237283995,0.0983430596028724,0.552141607108134
0.979751,0.608782160251363,0.192501554413913,0.591741084584748,0.0698808931070391
0.385837,0.20299088044953,-0.0278104638342706,0.392407051304139,0.669452464541682
0.861305,0.544951018832892,0.248983062683747,0.528734465158843,-0.394956907119822
-1.54294,-0.946805658675695,-0.246532517804016,-0.353767396055266,0.649425079159605
0.614005,0.414220905523963,0.24578523784354,0.425015913531691,-0.670707876031368
-0.374303,-0.234824371970091,-0.0548159936506448,0.145382729745044,0.733440742890007
1.15272,0.703903513715008,0.108492501414896,0.68649091294753,0.345439725793084
1.07329,0.619506217575688,0.0508136893219833,0.668722916661975,0.62108482487342
0.494657,0.3781512089831,0.298476369935482,0.355346487082541,0.132985869297262
-0.99551,-0.588667377643241,-0.0904023680721816,-0.0980359887675821,0.485738710418604
0.764204,0.491648347731263,0.264845733648387,0.474259585233717,-1.23560369612052
-2.2024,-1.27797967364316,-0.333995387608565,-0.42870587511903,0.802879759123583
1.09594,0.662230718016263,0.192562170526435,0.693907136457655,-0.434825948247008
1.08925,0.629356052528658,0.0462837700319756,0.640650021747813,0.319282155203192
0.0290104,0.0533220402931864,0.208034183889729,0.247758943445402,0.349917280194559
-0.429808,-0.280652391301214,-0.262788119828409,0.00227653215969379,0.222350886343713
0.479124,0.30235775317159,0.23300161710602,0.419208062156329,-0.639864876275761
-1.25344,-0.749209689363838,-0.32833940455194,-0.301112470854198,0.593079968792005
0.870692,0.513795366139942,0.201784927704543,0.605324830084791,-0.208085064906945
0.618781,0.33108841389472,-0.0905589104228846,0.463396585563351,0.527251390874026
0.674653,0.411151951373833,0.251711830997302,0.486101859491429,-0.0506696956450131
-0.886775,-0.508502783585279,-0.274882812177214,-0.279307898661978,0.460472298574548
0.283972,0.190781109953188,0.258164866781851,0.305712871330794,-0.280572417551708
0.0653463,-0.00307036101473825,-0.18349954254569,0.168023893610723,0.196173500565824
0.454839,0.299911550073289,0.263704393276721,0.390674386943812,-0.420579114421345
-1.22822,-0.724494133988332,-0.300555646561512,-0.372905130485124,0.618829567264014
0.881896,0.505433703034197,0.227038302280797,0.599705564222766,-0.192726196616743
0.625352,0.325789911712437,-0.0875505414706468,0.467482092029496,0.525752504375176
0.643588,0.390375997643999,0.258694373539035,0.491657097042828,-0.0143364458793121
-0.809032,-0.491133418661989,-0.256819179329103,-0.31366397727023,0.444105815697239
0.258687,0.188289990537934,0.278824129500338,0.285937515128773,-0.202813845051827
0.0303522,-0.0190586551631087,-0.193455156521046,0.159102954735574,0.600047124266155
1.09333,0.633972553044082,0.191503103201734,0.705781362545274,0.487735716458312
1.09861,0.596072396653496,0.0337040098841442,0.647484817933033,0.455407737893221
0.0186977,0.0703780495036844,0.28523700683959,0.213486940203803,0.399428373430701
-0.469277,-0.310420066725654,-0.276029732645327,-0.10289224051528,0.500253614596671
0.869197,0.487974961213962,0.173624400758732,0.58309243147121,0.0956328373879642
0.584923,0.294102592685459,-0.0973921408283233,0.44562699391748,0.563115947349127
0.6527,0.397520055327647,0.276421657432612,0.453320265731725,-0.072037767018558
-0.912597,-0.540298469162343,-0.2801520855653,-0.342424728793442,0.429302174817635
0.225651,0.177245653059493,0.275421670043598,0.286207848761395,-0.266050352535052
-0.0128802,-0.0287255905549483,-0.202958628975828,0.155324365426518,0.57145347519671
1.07951,0.622501155964176,0.180457610976919,0.682769642615122,0.451844198689307
1.07646,0.574250155282634,-0.00329055758881196,0.658215827888168,0.413011975789099
-0.031561,0.0682230379604161,0.268056204232445,0.207994906463387,0.309471449793062
-0.549452,-0.321748164686195,-0.248439273944476,-0.110747311878948,0.176745019575393
0.431573,0.282668086521073,0.265945934026158,0.369840769074913,-0.705284493731305
-1.32474,-0.744101962052113,-0.313713660408553,-0.367857003281112,0.69321409157586
1.09227,0.611398636773809,0.16118909331619,0.689557937862322,-0.0135541553838308
1.09204,0.577461481181346,0.0346842054604062,0.65670714172607,0.802536207487475
0.884156,0.508067345709866,0.252488326575453,0.540952468062023,0.812409176595863
0.605707,0.292052956370674,-0.0874191128414938,0.423641420166376,0.676328373403605
0.651291,0.391304234918292,0.276087336742116,0.439680830566798,-0.0382430397086404
-0.891541,-0.511246761749638,-0.240722238425762,-0.339872699310179,0.426780837743929
0.23888,0.180420085726126,0.256297755984576,0.280240475110741,-0.333397924301752
0.0126401,-0.0581250079342171,-0.213291855503062,0.139942575916701,-0.00568332476716201
-0.0451102,-0.0334758117101663,0.171475980391122,0.198095386842638,-0.243467011527407
-0.626186,-0.428280711994424,-0.353472426384935,-0.199348803197664,0.0466095142013909
0.369652,0.200586336308839,0.225689762077082,0.317115022161788,-0.890419044105068
-1.49338,-0.921910450891062,-0.576606373282226,-0.50465055849524,0.203926508062331
0.187282,0.084810962698982,0.213334736025479,0.238080493735483,-0.56736328179082
-0.0593684,-0.149527453531402,-0.275881828378713,0.0959246807029369,0.487692633472885
1.02965,0.527964027065681,0.106701629781524,0.5850210503657,0.392777866826762
1.0215,0.486836006303521,0.0172365132817645,0.589714920675625,0.338993953381929
-0.145186,-0.022670083437259,0.220693264634981,0.172042995717383,0.280135989127143
-0.546504,-0.42551696450403,-0.385000799742485,-0.197527387124569,0.101487225917937
0.405176,0.194967347762573,0.191590117815575,0.313111095967316,-0.790165627401831
-1.44911,-0.909955486643841,-0.534391629296867,-0.523357712277297,0.51156216622481
0.795227,0.41011525571206,0.149025155504698,0.50488724474374,-0.355887639790459
0.502459,0.195188986010834,-0.176237197700018,0.364084625627423,0.421148484975109
0.546893,0.306765296135288,0.219037143408979,0.398855155700442,-0.149171956620143
-1.07469,-0.654641672412681,-0.42449304750806,-0.448913154040959,0.648385913946903
0.805688,0.408745728505397,0.170842115593606,0.494110037090965,-0.177305384657929
0.497962,0.202544276233218,-0.172306412091156,0.385655246606326,0.462413750381201
0.602967,0.319875898940185,0.229943341395283,0.404162248072933,-0.238918131481078
-1.18009,-0.652661410438036,-0.404922400908894,-0.414329001687621,0.354460467376116
0.124402,0.0643411086443265,0.246115803048244,0.225229028373163,-0.409083266365071
-0.0630094,-0.15401049437062,-0.314031957139478,0.0748251975789484,0.485338387855234
1.03085,0.522403174513756,0.1293073038753,0.560180404109554,0.389859768867448
1.01899,0.4763934808846,-0.0707508683342741,0.59477837140544,0.339952511614007
-0.121633,-0.0507527258268721,0.142802894917684,0.170354487575932,0.21713832194601
-0.681407,-0.445303633149601,-0.396467410794338,-0.191824822270309,0.0806382599391141
0.355933,0.190446400519449,0.2282310782238,0.296910804251011,-0.910769594145712
-1.48781,-0.883610543230305,-0.516471419954944,-0.463736820380971,0.160236299488367
0.32465,0.187424206733729,0.193902068684553,0.308920923640063,-1.1904496230495
-1.48196,-0.907227070570367,-0.5722139267391,-0.574936101363808,0.41608704004601
0.786602,0.408763934218137,0.179523528480047,0.507160551462057,-0.381563145376711
0.503162,0.201704074891922,-0.154539615560271,0.377298662898777,0.425281174063999
0.590762,0.306161953813328,0.212872872991403,0.394085248293995,-0.194513751281738
-1.07485,-0.610162741295604,-0.347782590454159,-0.433689366389297,0.37095073378555
0.172822,0.122267009169881,0.212069689655059,0.220095572357354,-0.354646756185548
-0.0414729,-0.112372682927838,-0.265825532231649,0.0882038180159751,0.521725594385855
1.04912,0.507046616494091,0.131211617977277,0.62642142615028,0.412923985307166
1.03449,0.462771181007971,-0.0228879774295777,0.625749993976326,0.371351033362377
-0.0716583,0.026890397085272,0.248642817963986,0.149434866957862,0.22791499612158
-0.62983,-0.370526630326163,-0.273706647348091,-0.216901067789615,-0.0248351624260842
-0.0832242,-0.00132218773290559,0.172831996209255,0.154312757961258,-0.493790901665861
-0.576697,-0.367293428527334,-0.390366467743513,-0.211429063896306,0.00701283418162692
0.382159,0.214999069163239,0.245878634361617,0.305920777374118,-0.795642308937366
-1.45108,-0.806958967172344,-0.446287345730247,-0.61147584286991,0.64032402067968
1.04377,0.499635134173029,0.113482338821881,0.610678044045525,-0.113452176186504
1.0073,0.425057931149657,-0.0678378099514934,0.554154433337883,0.731126917516643
0.803085,0.403208385602231,0.185881461390752,0.473670705027743,0.720275222652627
0.498551,0.173949790719879,-0.161216753218573,0.336364881503297,0.594755680373072
0.579495,0.298657730512946,0.216392704806738,0.382703245917599,-0.159771480281159
-1.04771,-0.659686443711307,-0.447064160192356,-0.490385745305079,0.364889166095175
0.157304,0.138281674699251,0.281934826419038,0.236677481795758,-0.3317328869972
-0.0201012,-0.0951427005841937,-0.267954355358585,0.0784972538801788,0.533504265390153
1.0824,0.532873205792174,0.168828132400341,0.63179496607621,0.438490295479782
1.07282,0.488709995978749,0.0136608453290546,0.626886475452614,0.393101209299175
-0.0812828,0.0251718179539643,0.241189223221141,0.137408958926826,0.316588730715489
-0.520735,-0.342980643986438,-0.297246403076388,-0.22114917237149,0.131796816816402
0.388867,0.234585340639922,0.269406636784275,0.325639819608828,-0.732877662182222
-1.3611,-0.779482698584402,-0.404429636034236,-0.559755369146493,0.535354451649922
0.848456,0.419880134586274,0.211710458864555,0.528133399602449,-0.280889346201008
0.584758,0.237246167837714,-0.10401378767184,0.414322175091077,0.471350093775934
0.62182,0.350003285068383,0.263759330518497,0.445459471264601,-0.174762263713932
-1.11631,-0.571782903280451,-0.41004511628924,-0.450215677061266,0.372235247759283
0.142528,0.128676471359882,0.269503953905669,0.226363715171813,-0.402949177482853
-0.0854826,-0.08459709395303,-0.228219553955991,0.0745268792611512,0.407687293561824
0.871252,0.443849320928603,0.217955975318558,0.554923478080489,0.23642564254759
0.571118,0.226500129155438,-0.116986754018833,0.419341593461112,0.568891285313541
0.62759,0.346145456343071,0.253796179244069,0.423267434313903,-0.119736579659018
-1.01081,-0.596077399236551,-0.366751396269109,-0.474739455769805,0.394399020098979
0.171547,0.131668011063229,0.267251630223651,0.231994124244981,-0.315791688686703
-0.0259981,-0.0898189844864754,-0.259334040489307,0.0942630776686629,0.536762718028275
1.07018,0.573721269117137,0.165348906330456,0.708941915338204,0.433745284792876
1.06859,0.511311173644749,0.0168524397670531,0.663824343444865,0.375866068663964
-0.0990079,0.0344046191647763,0.27658533623151,0.130576267336263,0.285217653901531
-0.586116,-0.39207349504711,-0.269340399895338,-0.222936422137168,0.117205699683882
0.390408,0.233841885085566,0.253928207680762,0.314737304596553,-0.810544444711536
-1.51538,-0.858482385395081,-0.486505085216917,-0.489113782370193,0.644281162059494
1.05243,0.566419668630013,0.18034433365982,0.70038017762112,-0.174667047715186
1.08446,0.531135100358789,0.0181502817214738,0.67287827715839,0.281187281581492
-0.0835646,0.0153531948187275,0.249583210313344,0.138635741750285,0.268291075889513
-0.585046,-0.353725672772314,-0.307798971133425,-0.213983421472313,0.0616314210608806
0.365628,0.235817235385571,0.24642214314039,0.324016242882435,-1.14511025081686
-2.26422,-1.48308429942998,-1.17969980491407,-0.110693999236359,0.517071107668645
0.838693,0.452444905620153,0.220400356998565,0.579710970794084,-0.667801257428501
0.576766,0.24563610402394,-0.126911318982936,0.422908900907541,0.425451817059202
0.641199,0.351949860723107,0.267770799425175,0.425790249449256,-0.135190086483442
-0.991878,-0.611036105100852,-0.296699557873264,-0.46919938055993,0.374531236177153
0.147123,0.114467856882637,0.237282974015605,0.216365112617063,-0.388710158861126
-0.0603129,-0.0835375218609473,-0.228004770800908,0.0677981622115287,0.0825143930114068
0.381776,0.253115731121736,0.236916118722949,0.320588366535789,-0.599494556019254
-1.49113,-0.860634835328094,-0.358717367300227,-0.53588090278521,0.551780625007305
0.833061,0.461013285014625,0.190926833147435,0.590444350592314,-0.348977788745411
0.551598,0.243525088741393,-0.106904427352283,0.434137768489282,0.440125548427115
0.563561,0.362854635564987,0.250627741071174,0.470353568316491,-0.139355943398717
-0.997063,-0.614965005296101,-0.359961846663676,-0.499944215548749,0.351219561649338
0.15146,0.13558231892212,0.269535699853989,0.236098462701775,-0.340258545807854
-0.0889409,-0.101612275874103,-0.211571019686648,0.0844705577361432,0.535684277886102
1.08499,0.58476542769146,0.14629461112181,0.711741283489125,0.412444243931336
1.0809,0.549758246589049,0.0149508263757859,0.699052862231824,0.38763516337975
-0.0953016,0.0280649608151489,0.237602873261198,0.138559575094157,0.344312657110524
-0.577887,-0.30963319151237,-0.211427204838461,-0.209722778350341,0.45333102764038
0.876015,0.482902170245165,0.241943311322385,0.590732800083048,0.0422249488752583
0.590716,0.269158395450014,-0.103107278299053,0.420848270440243,0.5430932327583
0.626552,0.391420633961938,0.286965458254298,0.438452188910897,-0.0954424292560341
-0.965549,-0.514220058596046,-0.190719437046639,-0.457672739866781,0.401173987230968
0.191553,0.179517747755871,0.280312069443786,0.250725344487538,-0.308681933243368
-0.0592346,-0.0570795588497217,-0.180364348664132,0.0928579297096481,0.561351595478188
1.09578,0.58948537510249,0.191262467660243,0.689716538500088,0.436695171383639
1.09797,0.535680781731925,0.0378760864667148,0.727206052121396,0.404079962310263
-0.0642332,0.0934716160750475,0.256686421150836,0.159098266134251,0.328501942798625
-0.521719,-0.286362091207084,-0.225497464014195,-0.22435803523421,0.148086868000914
0.39963,0.288689663140864,0.274738309580728,0.359765146002108,-0.713019677670398
-1.36737,-0.71355125442186,-0.326807003954478,-0.559128634081784,0.684190824530738
1.09672,0.577238059730494,0.170003214806488,0.705586538927455,-0.0256766590497343
1.11416,0.541748371061757,0.0259120513697501,0.747555019927078,0.790811263957794
0.864855,0.483086373728735,0.238658877010619,0.558605085213108,0.805490149232817
0.572721,0.282561742192312,-0.070506303123993,0.403887540827262,0.655258026010381
0.622328,0.385878337902895,0.262815462162199,0.420236460089889,-0.0661998947832601
-0.910208,-0.485192711425967,-0.223937771732313,-0.415807694294549,0.379018247445822
0.167216,0.176359773165527,0.265783008892791,0.233894724384714,-0.361756536146339
-0.0289635,-0.032158153377581,-0.160692163991924,0.0884606417364013,-0.0413720996700687
-0.0741446,0.0624909115989286,0.259013840843966,0.166239776499585,-0.208407901116241
-0.498098,-0.290363753559649,-0.198684935781552,-0.209044582481976,0.0515576829312351
0.408665,0.284515662864681,0.283037129478379,0.353352287228788,-0.81113294953273
-1.43094,-0.718070980809766,-0.333336315389894,-0.517860764014033,0.232753973891064
0.191781,0.173075814896227,0.271861011863673,0.250922401807253,-0.520362541718246
-0.032933,-0.0487053727714217,-0.167572820743894,0.104775250446828,0.53123635427609
1.10365,0.584473836925246,0.19441705378274,0.731969651390473,0.442654222940055
1.09362,0.536372373843241,0.0206617384463732,0.715764658690923,0.419084568961487
-0.0360865,0.0828603916834321,0.279275259453455,0.158317423996837,0.318740943125369
-0.545732,-0.287729855598365,-0.205178645452061,-0.208564309772631,0.170770077313371
0.429469,0.308019403785514,0.279827700337761,0.353077354165113,-0.733777377649146
-1.34783,-0.780900804188376,-0.335502561015945,-0.56006251616287,0.558151447811349
0.861324,0.511829485264241,0.206859672665837,0.594137582204873,-0.264705585641347
0.598992,0.293826902914229,-0.0704196091784895,0.432190742355518,0.491814966583166
0.614283,0.412754489385751,0.257299401251593,0.457675896834794,-0.0547968529600842
-0.973124,-0.610016319029476,-0.283110516970644,-0.469366237527694,0.717043998536295
0.871067,0.486328932642171,0.209690362519314,0.583098576969929,-0.0935356298237178
0.56964,0.261956878744503,-0.0778399673280352,0.424148051065999,0.529477684105387
0.662577,0.414999780390028,0.274422272285358,0.470569970141122,-0.158740340073637
-1.08787,-0.584263866093171,-0.289762145373648,-0.434549988456232,0.42022924185585
0.206868,0.166566828707083,0.228500753669852,0.248177010392915,-0.365095827237662
-0.0694841,-0.0665784453212268,-0.201189501924112,0.0910817683615277,0.546576829304382
1.06925,0.581279514488961,0.1467553651234,0.635418630635267,0.415347666679063
1.05669,0.54415175724526,0.0212304294129313,0.657228920954927,0.396652626747281
-0.0373963,0.0589882111915888,0.237118140188096,0.190638843308843,0.262706066326287
-0.626451,-0.354928555229832,-0.237490979983095,-0.17926905604001,0.143642379846032
0.41217,0.271276489827063,0.252643508258763,0.344674629153157,-0.878154428326542
-1.49268,-0.879833157279103,-0.348341271958246,-0.439375639272429,0.225469085396954
0.417901,0.269571223296635,0.228986853103161,0.36097268435984,-1.20611553137535
-1.53321,-0.826212630662663,-0.408357924154479,-0.517215133787154,0.482362825988333
0.83886,0.475127639273264,0.196510045556743,0.579403879213186,-0.369983970681274
0.559984,0.285539809547321,-0.0957420774881581,0.452254097982031,0.466596772921194
0.637715,0.391445803775751,0.245036814808516,0.454355432085249,-0.1572576217319
-1.05365,-0.571493142426408,-0.314296051444406,-0.363861546219241,0.402442227591767
0.188501,0.171132808095848,0.23015101426314,0.262994267504067,-0.336669247204085
-0.0365642,-0.0355662470180086,-0.179040603596585,0.110828590679409,0.55215525988386
1.09409,0.593577806772668,0.18111721970122,0.693768136237891,0.434674769372174
1.07582,0.539144322328334,0.0136362920681219,0.65055841685854,0.396407334155062
-0.0735499,0.058556600704635,0.230303896684567,0.167171706674543,0.290051662434054
-0.5366,-0.305894198087612,-0.232943752335,-0.191508490169684,-0.00920087415059955
-0.0466548,0.0488865030612631,0.207909096878472,0.17059883685922,-0.468346620834551
-0.61168,-0.337525928832686,-0.273715885440093,-0.185732364731024,0.0308761884593111
0.381129,0.267105860706469,0.239451287526665,0.337693580154124,-0.788840081752302
-1.41472,-0.81269096371179,-0.401143615238953,-0.547433748687519,0.658068278021847
1.07942,0.590224101131854,0.165868855917513,0.594222377087507,-0.0664664109318301
1.07246,0.546649715658177,0.0302463935076689,0.618278697805557,0.776311276847961
0.852806,0.491876937050527,0.212081396665804,0.549580389281707,0.794807623226845
0.593351,0.292951439424446,-0.0358146377048824,0.403629737336269,0.646654659143773
0.631437,0.396968264635897,0.245233867409218,0.42871105996891,-0.0880141380186058
-0.986692,-0.568817668734312,-0.33471177999994,-0.389055822342885,0.404775658163542
0.179358,0.166542162086609,0.210679106756745,0.248464225031886,-0.289393029162527
0.00752596,-0.02799446239544,-0.136498354532762,0.107482433698844,0.549807210744284
1.08733,0.599405690723282,0.170466287248553,0.669504603003519,0.454314444963633
1.07412,0.547194429213829,0.0387315065132331,0.653870729717122,0.406899376132312
-0.0588216,0.0671033737103627,0.237485586809297,0.15574801784435,0.31834052063266
-0.51912,-0.311357331314447,-0.229049750708657,-0.190455275160371,0.140779090764049
0.390081,0.278404135480522,0.217835761431892,0.33872670925358,-0.739070553371409
-1.38206,-0.782649186700005,-0.307953274687779,-0.521391496507336,0.540014233156768
0.850953,0.472606039911896,0.16689586486773,0.556139107346538,-0.27124013453467
0.626604,0.290871033312981,-0.100210268433527,0.412588459835802,0.475395595914909
0.610389,0.388470831428222,0.238529545108929,0.455798343084694,-0.0959415476089278
-0.981915,-0.539423338024219,-0.274482643523461,-0.361765148043552,0.396379862236414
0.191048,0.169217613110882,0.219211098400591,0.238751105091297,-0.308019861787473
0.0101395,-0.0451780671543574,-0.198849287782218,0.0988430738286712,0.420123471254536
0.828377,0.488222732077126,0.217666799902697,0.552180292506702,0.291570959050265
0.596335,0.31096348576171,-0.0782411536357115,0.41431630087657,0.553503387802105
0.609519,0.383756187596409,0.218313701788048,0.429803543074282,-0.0856396223986696
-0.953151,-0.569003207846571,-0.29726175266589,-0.362968046256078,0.392020201219577
0.170113,0.165015689701718,0.229833782067512,0.243595224727889,-0.261773806954325
0.0498588,-0.0258877724924419,-0.19583157375535,0.107246034300965,0.527825767672045
1.04355,0.622888335060491,0.173049767465406,0.671269990183058,0.462848450425298
1.05318,0.567074071692813,0.0513605409333172,0.664536679475545,0.389282566554741
-0.0679905,0.0498136714415295,0.178457417528622,0.14336126358467,0.322036260085219
-0.484487,-0.322807700883483,-0.295435027349418,-0.187684816221876,0.136853159625122
0.395217,0.245197019684246,0.199378818031377,0.311036169878334,-0.72864894906307
-1.4434,-0.824880070597469,-0.365364536370205,-0.453070568673153,0.695082101051424
1.15362,0.667415762683499,0.155969885974725,0.669391719770185,-0.149505598498574
1.05955,0.597270216255356,0.0453441741729769,0.642367000526471,0.354558697694465
0.0450026,0.111268652937268,0.199115048388519,0.193139617665583,0.0710505408057549
-1.04865,-0.549524310512536,-0.461409761082153,-0.188974507517408,0.137259893186733
0.474654,0.327138316585647,0.19806707998321,0.36233684322359,-1.49973426488011
-2.65518,-1.67317878424893,-0.949023453612239,-0.311061415234173,0.538247232357176
0.861248,0.520114340528271,0.191580532307508,0.549324050736598,-0.874042140308467
0.487309,0.219979382158612,-0.115634908701414,0.413920403286265,0.37890875093268
0.632154,0.430422049406856,0.214415657032657,0.444429454187602,-0.360681576843179
-1.4355,-0.923027269609052,-0.657775255629895,-0.428065793951425,0.386854443651346
0.228823,0.218177432773723,0.148119756710558,0.256638794275829,-0.662320146306735
-0.258676,-0.194657883447861,-0.263786474282261,0.0793200972910469,0.0936869280951647
0.481008,0.360312844188679,0.205307599225731,0.367537567362031,-0.931280902266485
-2.07498,-1.27189210737506,-0.678730096481167,-0.629589442627901,0.579790903857699
0.845263,0.538057567541637,0.173437888992808,0.594336208196553,-0.638424651901222
0.448404,0.198427650161778,-0.0979085769762037,0.404136439849046,0.396234792804735
0.648238,0.441786771153069,0.19061179798037,0.488310833084032,-0.511433066092519
-1.77392,-1.09832357501479,-0.648700541942054,-0.610745768238505,0.424523020882367
0.312076,0.262338417307492,0.171180445688654,0.311641905757135,-0.824109834742138
-0.469891,-0.343546509202265,-0.324245463490824,-0.00299233239492622,0.581432773763289
1.14379,0.68080409031767,0.153825163846873,0.745465523158414,0.262426097053464
1.06957,0.593166623274556,0.0754341711891996,0.687535521172448,0.480823184700432
0.211259,0.219405660645271,0.194690154856947,0.255134042838873,0.0844884236881114
-1.18051,-0.737739103206727,-0.52196642213049,-0.313731364879165,0.589378368367504
0.916518,0.556213599510075,0.142979146408892,0.587797075089705,-0.266487590943625
0.422023,0.190204966171002,-0.0826678402116667,0.37286270694147,0.522715323715207
0.721037,0.467641885200729,0.183089110604013,0.488753619820132,-0.451627248287917
-1.65271,-1.04435222916376,-0.586510067897354,-0.690666229498414,0.499058640502388
0.392209,0.310858646891093,0.185891680231864,0.340895153482577,-0.705800055623443
-0.325679,-0.226438511298467,-0.232564804905259,0.0209269822517554,0.629245861601522
1.15616,0.693537773148549,0.150427616569678,0.707610498989577,0.330169767409056
1.06477,0.600334309799691,0.0728609232791553,0.693646960442509,0.510472958429187
0.231649,0.261883282941088,0.181534712589094,0.268397241618994,0.122513538845294
-0.989089,-0.607027381923622,-0.422428873764434,-0.321188714459704,0.307503580599402
0.597515,0.423150444561835,0.170537391669305,0.446126912763073,-1.21693637004373
-2.13716,-1.28487136760856,-0.652431120699223,-0.785888484856321,0.763591504239697
1.15522,0.689797584389383,0.118332836346542,0.733073028751239,-0.361539246470904
1.06864,0.600393532168911,0.0765321645572538,0.683345395461078,0.781982074245169
0.919099,0.575634147936318,0.19106284377483,0.566504505462035,0.722942832688701
0.425767,0.207804148770233,-0.0597477270252826,0.358209849582925,0.693049818436838
0.738979,0.483102527141784,0.173999974565539,0.492304512029845,-0.335399193015126
-1.43851,-0.921320489704672,-0.48552731422999,-0.649330139529353,0.518841973764883
0.420364,0.330828817801864,0.208989973119081,0.340150683847266,-0.636680002523629
-0.209588,-0.205174585902328,-0.239882688078718,-0.00546147984560264,0.16881165641719
0.298797,0.292027080403967,0.193314096619268,0.302602333520712,-0.428398208528804
-0.879277,-0.58825684101609,-0.372383060145716,-0.350754497744596,0.250731276847429
0.623208,0.437377682744162,0.187559842806554,0.465283505710036,-1.22217766853858
-2.10873,-1.2890668819605,-0.610602933784876,-0.842833221540347,0.414763289393851
0.486486,0.363701665237666,0.178981065700665,0.379518378599056,-0.887957711859994
-0.254082,-0.20939884488004,-0.219709770569949,-0.0114263893453597,0.64126870651787
1.1617,0.702564313323658,0.131779690679861,0.720441719222097,0.372593836508679
1.07085,0.613128608721793,0.0383419728606939,0.685579098084969,0.572099559836575
0.333062,0.311330627439439,0.201219268397326,0.30800422505847,0.20189871294117
-0.819,-0.547663223477638,-0.344152001823756,-0.296259245254126,0.374025384000723
0.618882,0.464102718336464,0.185872343588705,0.470677295881977,-1.04666184525637
-1.87336,-1.2220587988347,-0.521795275059619,-0.79249244162993,0.646603887225655
0.924376,0.600456243909609,0.150244654856764,0.585096676292163,-0.511049864741448
0.505187,0.261361906451813,-0.0623443940745653,0.394409068679446,0.53265967874998
0.780098,0.524058878129562,0.181029938893584,0.513583596418083,-0.25839076654571
-1.35943,-0.892354086392707,-0.450288925155239,-0.606948839614609,0.789899582328752
0.906815,0.584671932941366,0.162468810977953,0.580586138848868,-0.292949433825131
0.464227,0.23010254336427,-0.0805412904544428,0.379780057174371,0.521056412956046
0.724506,0.479971775207444,0.169529925645778,0.500873501059477,-0.383233253815993
-1.54386,-0.984719028011958,-0.516966345759022,-0.59772152494233,0.541853834513683
0.476009,0.348880804825037,0.212889083313714,0.362661081369761,-0.637336012017787
-0.268268,-0.212182307603765,-0.202237436003081,0.0315122486422404,0.653405920803205
1.11509,0.666927001222259,0.0817831321203817,0.690575453031333,0.354104690701356
1.0346,0.613261968129914,0.0209380431786962,0.693107103553373,0.537241358743179
0.302314,0.240397922857416,0.17854923151217,0.31079538684658,0.170900404976065
-0.845186,-0.632945677091915,-0.375590386479849,-0.340741281455074,0.348460242029316
0.636364,0.408480760961671,0.212530766226074,0.425549518235463,-1.17410309016263
-2.03581,-1.35291043965237,-0.653356017308085,-0.68084321771086,0.352724211644822
0.595822,0.393203571994062,0.156712654415914,0.433008346589686,-1.64394647587145
-2.05063,-1.35845778080339,-0.687726447525448,-0.659727857026148,0.526999205112607
0.864141,0.557860858787396,0.14850410462447,0.562651503391055,-0.643567979014031
0.407821,0.183927187532481,-0.139231139389779,0.364606624897512,0.475903800516414
0.76005,0.470879963966069,0.168970132408929,0.481732790512453,-0.367935755858804
-1.42203,-0.99531950015234,-0.502124518211948,-0.574992181940582,0.536148694890581
0.432217,0.308169132180069,0.12126817541169,0.361598605412141,-0.565121221471037
-0.22043,-0.19788334208008,-0.209378807437069,0.0221349306288103,0.633313375276935
1.10299,0.657755195148556,0.0962704018766119,0.664592402288484,0.344085127985188
0.959683,0.567042024857955,0.0347804158084478,0.577393792435115,0.555448740491231
0.3452,0.240050192469993,0.184113329921003,0.304306465262488,0.154137780295504
-0.798523,-0.618203108280393,-0.376809297250412,-0.344149849833178,0.33255723082706
0.383275,0.274564804841298,0.159098816239759,0.334921338404258,-0.63029971660973
-0.825092,-0.655741599861696,-0.395124725592093,-0.346104325820426,0.297570364130464
0.676758,0.421500439315697,0.175928260155845,0.478643608497778,-1.04631632563848
-1.87418,-1.24152861177869,-0.563324554693725,-0.809383541438637,0.79420610895968
1.12731,0.67275566792828,0.0894925084362092,0.692736505654432,-0.245043141793424
1.05931,0.585071619811926,0.00906117567268599,0.648196543122682,0.802925821582076
0.949884,0.598355784383998,0.197218765130296,0.579204685156641,0.732730728194516
0.446381,0.207378878382229,-0.0793303718049967,0.36874213387022,0.733228917995335
0.780829,0.497939171252722,0.202170967252575,0.526620399175313,-0.259171975257809
-1.30018,-0.845830930443671,-0.356415789210662,-0.650605321562162,0.583367600708741
0.499093,0.360345834157882,0.199960579754576,0.417294518651379,-0.496811364677692
-0.193905,-0.20708077272766,-0.223984598913414,0.0340535177262827,0.688234888880624
1.13405,0.671406708781675,0.119356200412853,0.682075164425199,0.395605807776497
1.04187,0.575450630662581,-0.000774035212134339,0.667351089732222,0.570190649680429
0.358156,0.268520064209655,0.159816084937823,0.341303660749629,0.14874383410459
-0.913692,-0.633645699625745,-0.364169973836616,-0.307915784286413,0.385365779169168
0.643696,0.389832207579203,0.18482770915993,0.416295147282884,-1.13794240367706
-1.99007,-1.37349880776488,-0.707193652450135,-0.637246536249198,0.633069765305146
0.895358,0.529689277130623,0.138057654179566,0.552448620337025,-0.59944525793615
0.415598,0.163656541021795,-0.0881774890219937,0.365321592183266,0.503586606752169
0.769569,0.49398991505665,0.19922437111667,0.504276836083752,-0.331864603219088
-1.36868,-0.888984148236998,-0.413518735297969,-0.607631321482322,0.589245673261751
0.549061,0.381405756303734,0.209732557765046,0.425427385628483,-0.551837976952625
-0.209398,-0.179779662380044,-0.200564125603942,0.0452559822877219,0.587695578282976
0.942743,0.574181284002599,0.174251913846922,0.631895898489657,0.152335121296242
0.428467,0.169451870381375,-0.0824051405595806,0.364334839461052,0.631805347142455
0.755338,0.46936197003577,0.201238977565189,0.506525526181924,-0.292641165810404
-1.31869,-0.833174196167724,-0.303863426281774,-0.603269063133098,0.538192142627549
0.435202,0.309464648908782,0.170333809790759,0.408654528075179,-0.533601305247555
-0.259087,-0.248211532012092,-0.261474676613243,0.0465507404547452,0.665379742263084
1.14238,0.709240202402293,0.138019807958087,0.825728540134908,0.378387215313382
1.0692,0.615486515760618,0.0348466138092317,0.766444689423359,0.590059267398431
0.387614,0.34031321261333,0.233986561052871,0.373398891744747,0.21768649975295
-0.788732,-0.525467432816943,-0.261321795555222,-0.28143089287894,0.428874769228726
0.679934,0.466220935419862,0.189635100700171,0.512423290521802,-0.990086779251518
-1.8254,-1.2102257958127,-0.548484313462494,-0.775950686985295,0.807563044763868
1.15856,0.70153591185448,0.12135428255114,0.781094209021343,-0.266700043061082
1.06495,0.608490267794479,0.0270486703046112,0.719742142019803,0.514525622079895
0.417216,0.332034911117046,0.243101335413591,0.378088405780478,0.214566068260184
-0.758508,-0.507764796428021,-0.28145265895156,-0.285644845968509,0.434709787329788
0.675077,0.464312203938425,0.203308137874166,0.529641664821587,-0.991638461223774
-1.81595,-1.16426547640819,-0.484969269483909,-0.792569869648674,0.674680708318944
0.935533,0.594385059940208,0.177461493090784,0.653819303001423,-0.517196268113016
0.42058,0.220517011554732,-0.0651911939499548,0.407839828179665,0.549240283645289
0.801668,0.51612079780311,0.197838446687031,0.572166013042546,-0.303954183374863
-1.30414,-0.842827257392062,-0.35017411034744,-0.655158853550479,0.564260303520861
0.471161,0.371237080207521,0.213796804721273,0.437768876816322,-0.565022286139698
-0.216411,-0.187165669963047,-0.172483316274948,0.01566859017477,0.293603397439712
0.65822,0.456716310635505,0.200669576453424,0.533983148430117,-0.81842424009542
-1.90393,-1.23676960104153,-0.450763035592445,-0.890794657700583,0.695429905956296
0.927461,0.591305239140596,0.147796130971946,0.674815601815119,-0.552638774023621
0.418071,0.215773927103725,-0.0859220679909616,0.408388496309317,0.536543348964781
0.788346,0.512870879374455,0.206147322237074,0.596526857328779,-0.296466167646012
-1.28953,-0.855358120929436,-0.288127051009225,-0.694078898185178,0.582167858036564
0.51415,0.382488683719283,0.213505151396165,0.444615029209931,-0.522214429054144
-0.267091,-0.210630176976588,-0.21377767692124,-0.00198250166404347,0.706323012251555
1.15761,0.711945464506313,0.119676050778502,0.821137249377519,0.372544138626933
1.05081,0.614205962872813,0.0203984569344835,0.737368667721715,0.596865043395795
0.378595,0.324061925827408,0.230027808385847,0.376224150570614,0.236189930799433
-0.815452,-0.566836651218665,-0.261600286816513,-0.350455833425296,0.668456402221325
0.935817,0.59214687449072,0.166006019454974,0.660326759393935,-0.0975428505506824
0.411902,0.213188035236635,-0.0827201548984941,0.38835089433947,0.605983170262617
0.78376,0.522214647518135,0.193290928794994,0.572185186306203,-0.293935087158181
-1.30194,-0.861117726109067,-0.315540071388234,-0.719800115145166,0.578833495247608
0.503155,0.383773227618168,0.224853518861199,0.452972595557223,-0.513590483304201
-0.232796,-0.203203758733313,-0.180794264412462,-0.00600188883499399,0.696932707907194
1.14581,0.71295197483321,0.120675637777674,0.788605561974286,0.393421751775838
1.06961,0.623554443089415,0.0272194899961434,0.732818881601573,0.588248340620866
0.376863,0.339373920851825,0.246373242798852,0.368622937375418,0.211396010381413
-0.804784,-0.547850793044022,-0.287691689246985,-0.357805521158064,0.423107086937696
0.671293,0.469876487679464,0.211436595619222,0.544718063986357,-0.981568186692771
-1.7912,-1.19407199974006,-0.477153340969137,-0.924163055732643,0.812626401222499
1.16568,0.717236957823894,0.110412898720902,0.797270787604129,-0.207218242518104
1.06638,0.618408765228943,0.028293080064905,0.755699174534056,0.819913960288703
0.941026,0.601930782900019,0.188075324381171,0.63422093356536,0.73348312647101
0.436021,0.222902384536128,-0.0576212522316722,0.382359637143625,0.723014679262675
0.771259,0.520840559396345,0.207936477956003,0.575394697447762,-0.286513607905069
-1.34794,-0.818450910431434,-0.296005835154915,-0.64757214538528,0.563878404667917
0.495616,0.377960345566331,0.227753047810731,0.441837734787506,-0.606152691835661
-0.257781,-0.19495033560293,-0.187029672626656,-0.00768507391517253,0.275769869639944
0.448658,0.341985143193186,0.232205472282449,0.398163093410243,-0.408661358087036
-0.811547,-0.547821500869348,-0.281863227767798,-0.398128991416291,0.350348308767353
0.67731,0.475003981606688,0.205428770843916,0.564606626777761,-1.08322590826741
-1.88104,-1.2201172667365,-0.423475049974176,-0.979626731702315,0.471252834293198
0.548741,0.407270790176152,0.229029342527644,0.463393482583912,-0.777978185279538
-0.232502,-0.201431281291362,-0.180443748778284,-0.00566121821597832,0.681110643118993
1.15955,0.724028526752742,0.128850093104224,0.771056582509213,0.382227576739577
1.04974,0.639646179571584,0.0531364220749639,0.750931709096092,0.594801953557254
0.383011,0.342380822359481,0.237817642045311,0.385487414788834,0.193630327147343
-0.830862,-0.564639672696498,-0.276911733831203,-0.36551075946598,0.430859860544254
0.699959,0.471894502305045,0.214711371805196,0.551417825839062,-1.03228444066284
-1.83651,-1.21882736273078,-0.418698149947208,-0.963467635900797,0.685911543191248
0.947011,0.609510392137649,0.169673505534983,0.680162318975653,-0.52004155936107
0.432012,0.223890330059769,-0.0626697966709778,0.404067018880789,0.554241410456325
0.805242,0.527341924113532,0.195432018082181,0.603021158313479,-0.299829079385403
-1.39123,-0.930017673881607,-0.388039087615904,-0.656116462803718,0.804688520444052
0.936832,0.616461614256605,0.182223848737051,0.6725106152132,-0.334033080904894
0.384671,0.175862371055334,-0.093432066087129,0.378659420640443,0.567280111600193
0.771564,0.495069806066344,0.178664092352028,0.54868825112235,-0.313077296550332
-1.3125,-0.872176907485481,-0.31919817376789,-0.633181960173476,0.583722486165199
0.533614,0.393929997633374,0.242142865710248,0.447579215352146,-0.52198027976687
-0.234672,-0.188813845449936,-0.212458424012417,-0.000252115187227446,0.696093103325346
1.12428,0.707199130212541,0.09294982887039,0.726885421518643,0.369048862084996
1.02228,0.614202346149284,0.0106791683300178,0.632680718006722,0.543972279673894
0.286535,0.245946029110547,0.19434614064932,0.342393643203413,0.210060957677411
-0.752946,-0.520772597856945,-0.240683419885996,-0.312088418302071,0.368814962172127
0.67591,0.483307932162205,0.214273322895119,0.549912808317605,-1.06339478571998
-1.88337,-1.20493334159876,-0.444728270761127,-0.876080741224132,0.427353807223955
0.684341,0.488640240667699,0.216824798831263,0.541402778207007,-1.47920606090713
-1.83537,-1.19806205861197,-0.473281854704461,-0.955980786489722,0.608710349334028
0.937856,0.630332920942165,0.169168093567243,0.670632656409986,-0.528019054587426
0.440186,0.238627278635354,-0.0933978613806234,0.407274835464123,0.542852098118701
0.799259,0.547809124945972,0.193500567298795,0.591373720442525,-0.319541285802328
-1.36382,-0.9569365203,-0.446243151025343,-0.606110770932395,0.575781647467605
0.472509,0.325801610812075,0.16708714021118,0.379310823207945,-0.519105424538176
-0.182501,-0.176556383401214,-0.180755168889002,-0.00285658424009801,0.66920994648578
1.11915,0.704846922217284,0.0876950722406778,0.670295561195244,0.415096883023148
1.07312,0.661140979664904,0.0169547671806595,0.778703237125079,0.588467660635636
0.395515,0.358398505816507,0.245525886528155,0.378367604302804,0.216263028089321
-0.775274,-0.558562963981028,-0.256045275260556,-0.390980437896214,0.378500462751234
0.418339,0.355719049353189,0.232256250514285,0.409084823288547,-0.601394791710277
-0.791787,-0.540290717062175,-0.331507102085416,-0.342047749687805,0.318223031633027
0.696026,0.494554915961713,0.232073387766595,0.538273173057934,-1.06007660774037
-1.94706,-1.39117737472573,-0.649097064728788,-0.631609208211621,0.80827426864165
1.13451,0.71735924219539,0.102525623936655,0.730572130775151,-0.272325605415974
1.068,0.652096402777656,0.0368535090481458,0.658501261888853,0.790905829867549
0.928204,0.620111097919059,0.158720572804723,0.599014923148525,0.726502141655288
0.422729,0.236762955286151,-0.0799808851148064,0.376358403637579,0.72676574169726
0.793741,0.533976500249277,0.200814161987515,0.560418415106809,-0.292253843115274
-1.35596,-0.85049118344045,-0.321189481385407,-0.690576633178091,0.600390456707806
0.526088,0.397448564829563,0.191510396058047,0.435957192631531,-0.508175243041425
-0.168884,-0.172198574881426,-0.177463491423442,0.0352407421819789,0.703858656480945
1.14899,0.723702520170506,0.11943113631582,0.773969868639487,0.415950937485722
1.05105,0.640599035993413,0.00797825634358944,0.772019330941804,0.609044745583649
0.409674,0.339754552308229,0.247148375466121,0.356163980487053,0.212744702137381
-0.784881,-0.545921087420212,-0.241400381017049,-0.374129580466916,0.435580092293102
0.683999,0.49029068398894,0.208251981309194,0.527869600121966,-1.01032775538861
-1.83504,-1.21744364291544,-0.400277260553399,-0.962422486099475,0.682748256350248
0.946616,0.6206593052892,0.17627106439733,0.639063180059208,-0.516068751016093
0.444002,0.242665519581526,-0.0471983879302658,0.383190367061251,0.546064473711754
0.782255,0.552544866414008,0.197884753317407,0.586034986706131,-0.282723342953231
-1.29359,-0.848753628334626,-0.29144701602337,-0.679310545980673,0.599293842246614
0.552767,0.415856770178827,0.232191672918566,0.418522733977554,-0.515082091530701
-0.20156,-0.189074802565145,-0.194391457414779,-0.018003461066223,0.596400685624877
0.944439,0.612033847041149,0.163141698163272,0.618587429504181,0.166310915904708
0.443533,0.222753145682631,-0.0780117015736348,0.368190737664538,0.654923705683744
0.808104,0.542453858250227,0.219991164728847,0.561680288485825,-0.290536613741294
-1.34846,-0.88618100904745,-0.372414048309408,-0.683074364864155,0.615947179969291
0.556962,0.402749108131321,0.216112468227254,0.429695325045965,-0.525502901631593
-0.221377,-0.189802558181609,-0.193292185986765,-0.00692073223218532,0.723836696630556
1.16154,0.724971536245175,0.136783784165776,0.796455784296108,0.401491025849932
1.06346,0.633943325761032,0.0245465616363137,0.787798049224251,0.614797304163722
0.424195,0.371473770826941,0.249684929247223,0.348154468074089,0.200394146269545
-0.824816,-0.554385786672019,-0.329711192576874,-0.376257188077502,0.435816714535041
0.683094,0.487825725412197,0.216251268399751,0.511074194087221,-1.06879532660277
-1.97954,-1.21489031408046,-0.499668911369197,-0.941044301220655,0.805778859704815
1.16075,0.736718711278091,0.160125483684028,0.758044840851812,-0.346368758507287
1.07999,0.643526843984377,0.0645633070268904,0.760197811425037,0.369240228930353
0.128231,0.151906043455797,0.212095999586481,0.261280972719053,0.129302280114865
-0.93994,-0.66232846941859,-0.439299099394382,-0.309264018950666,0.22458643684286
0.497165,0.364806849779114,0.203775252148603,0.409023304680525,-1.17000792485961
-2.00125,-1.34258494047212,-0.66272346861682,-0.698292523839377,0.556816940267027
0.874984,0.574358985668526,0.171217299128834,0.590002645654256,-0.624137122613842
0.409147,0.202242325368531,-0.111102825257079,0.383389774510257,0.444081063056195
0.675144,0.469279986055016,0.19960030602277,0.498044788744045,-0.393573257341104
-1.46687,-0.973006524239728,-0.455229594243201,-0.628321164230287,0.444411065776401
0.336038,0.288116211408501,0.227374268246734,0.322770734709141,-0.689359498313153
-0.296681,-0.25183967250153,-0.238572252806304,-0.00349594270741773,0.139524711275575
0.531128,0.380921234921232,0.185883596321709,0.426746367742932,-1.06976012456899
-2.38202,-1.52865141222464,-0.697356689707125,-0.825004623431427,0.610310258013187
0.881218,0.577963768498082,0.157482181289787,0.640474110880652,-0.796816105702871
0.368626,0.182731731630119,-0.106182723875887,0.368169047256636,0.412656756918728
0.691198,0.474521423255621,0.180102437467266,0.533724765076852,-0.532537240188396
-1.752,-1.1064717121872,-0.532375294820841,-0.78090293774156,0.464736171867114
0.368243,0.291149681360473,0.16757191467399,0.352619363287297,-0.791139483213882
-0.420693,-0.339258568088703,-0.273691575719452,-0.078317408071667,0.612214171232222
1.15657,0.725714976880005,0.127511224087951,0.762105447485864,0.285656778749449
1.05967,0.622003416934626,0.0427494282108595,0.773362964392484,0.507921945465702
0.250282,0.239958730750658,0.203321928609359,0.292613853836248,0.0907421055036366
-1.15572,-0.772007326067334,-0.435883324357172,-0.509949438823817,0.595903451163792
0.904829,0.588625953575302,0.154807528565953,0.602723398458668,-0.2846494203277
0.35022,0.175685306715105,-0.0551402912224631,0.345513749041362,0.515674383357861
0.724197,0.486382137044666,0.155399718137774,0.522275559623748,-0.518323914998858
-1.73752,-1.10501420469048,-0.445989688066862,-0.903248351296737,0.497919096041356
0.4051,0.32729960536281,0.157216873096318,0.371024577202458,-0.764477186711366
-0.376034,-0.288833157160491,-0.194229843453845,-0.0810132197214585,0.624368674927346
1.14661,0.72038937098157,0.106749827631676,0.757331713839461,0.303319881734769
1.04904,0.619976771403838,0.0368504929272144,0.711918152834307,0.511460934930215
0.26951,0.266629198464492,0.194812194768164,0.295042587213135,0.0624875361144612
-1.11006,-0.721125128763042,-0.38524077488706,-0.503569055837302,0.316873414164732
0.594938,0.43795583601505,0.157339787219773,0.482433041608089,-1.29589059754225
-2.2058,-1.41074460140263,-0.503806134095028,-1.00781894699918,0.751103563178391
1.14851,0.713954450013141,0.140873369009754,0.761449491047548,-0.399812262393676
1.05399,0.623262172509059,0.0423290663685202,0.776163188540124,0.763887531933206
0.909635,0.600879981759644,0.169220746381988,0.60037793546886,0.671204154454073
0.329014,0.162881117152472,-0.0846295347990008,0.316581022456414,0.666103870636114
0.72816,0.494577696851729,0.16132387229438,0.526299045312765,-0.492178001418545
-1.70652,-1.00160256115923,-0.385426182565969,-0.907423433558302,0.501467189362505
0.431906,0.336915864564908,0.17726158250558,0.37490860430526,-0.828268061507483
-0.389069,-0.291421267146683,-0.182473788600572,-0.112301071989851,0.15799455051243
0.327592,0.294421125267812,0.185990244022899,0.330852938681408,-0.577443405140766
-1.04489,-0.725854010510706,-0.354929425022871,-0.559751015290322,0.247877365756212
0.643348,0.448566659114506,0.139228588953966,0.49009045871818,-1.37205101983838
-2.29042,-1.42032346941905,-0.538363671184331,-1.07718403516504,0.397205132580849
0.469069,0.3647892194098,0.17796744324819,0.392305704391001,-1.02004420763092
-0.379952,-0.292040043469099,-0.197396585407974,-0.0973886308086152,0.61513848072213
1.14804,0.716948942857393,0.139296198922586,0.753218188490209,0.307504741181909
1.05727,0.624707196973868,0.00799850351332328,0.757931008890443,0.53808876426913
0.322153,0.296170210246864,0.187521763814373,0.319422637690797,0.0931507288692548
-1.05172,-0.709457279110288,-0.295890336479704,-0.547334316817155,0.35538249603923
0.641368,0.454938441275213,0.163704345097064,0.483718067431979,-1.29571592729292
-2.22117,-1.40923241132232,-0.505162667467138,-1.11300563803227,0.631614402885438
0.926331,0.601522206493135,0.147828665669354,0.64299003962063,-0.729146154988019
0.346937,0.173710702257791,-0.0905206950589599,0.330062567137248,0.496574123174354
0.780685,0.52492490455292,0.161283026418117,0.558308807374385,-0.428015628861817
-1.59249,-1.06835567255146,-0.365204437014169,-0.969316275873298,0.779007388171352
0.925331,0.607305954779369,0.152219657015324,0.655390064779592,-0.449887517779631
0.328974,0.169726109554286,-0.0889085490460501,0.339005827463872,0.521553640404099
0.749483,0.507203796180355,0.162900100020199,0.56513697148672,-0.461190577122106
-1.58558,-1.02193317606212,-0.329045929164356,-0.920464019626613,0.532648430440812
0.46221,0.345787706937493,0.184754405022937,0.390698317434546,-0.689323593039565
-0.355698,-0.272816932496637,-0.201594169785359,-0.110576388553054,0.662466571315103
1.15323,0.728277276359342,0.118531727317645,0.79416591402729,0.324458180128679
1.05597,0.630580764657746,0.0283256038421139,0.740384655959848,0.54572398236913
0.313607,0.302299901467444,0.191095483387281,0.334309721583361,0.136419711748424
-0.948361,-0.648473084013625,-0.290471891124559,-0.503250400106505,0.34635722131165
0.652768,0.449294935770498,0.203401120605953,0.480705999797795,-1.32017180914457
-2.28539,-1.47940407644532,-0.604656139056759,-0.888740210645856,0.372624463181579
0.649608,0.437932381037603,0.187043789201251,0.485294661834389,-1.77332356426754
-2.11501,-1.38488842756892,-0.602143547648972,-1.01526014470091,0.560545126133641
0.938415,0.616844511791943,0.166932763405382,0.662174252014298,-0.703128975868792
0.33026,0.173573210271333,-0.085254578833223,0.338268576798493,0.501703341731263
0.777619,0.512230869651412,0.170361257457932,0.566717528227546,-0.458684124380383
-1.57399,-0.980551562390542,-0.366287505635907,-0.927431258984168,0.55705153390695
0.486945,0.362402468562567,0.195008209361821,0.391785414698121,-0.666001810863294
-0.315873,-0.253475027057119,-0.20961650692891,-0.105363324982878,0.672317815015328
1.14798,0.719984837663281,0.13808866560902,0.759124986791034,0.347107563507791
1.05912,0.623124801774191,0.0329481239264265,0.706450178139606,0.563998407162325
0.353159,0.311092023502094,0.194713953304521,0.310059702086503,0.143825926225023
-0.929035,-0.643996020275096,-0.302873490591638,-0.510648987308625,0.348554383078934
0.420605,0.307280269686534,0.180624295731381,0.341892991205206,-0.750248705147141
-0.975958,-0.626500907621726,-0.278768549217625,-0.407784355663302,0.292962535715993
0.67957,0.446912256088966,0.164041688490931,0.469767856934447,-1.19981602379649
-2.09079,-1.30933308304756,-0.452680804819671,-1.09831266361039,0.79611630604449
1.15255,0.703142687955169,0.115627950135063,0.732976303566846,-0.342180334991845
1.05645,0.600057536454249,-0.0108474265038807,0.706319734552705,0.782207793912475
0.92909,0.589178965315551,0.189379617474226,0.565068707331958,0.673534345747818
0.31999,0.16003886946798,-0.0589939021785598,0.279919254310557,0.699010161591958
0.765221,0.479452386035864,0.165402510140684,0.470961429342168,-0.437563519798535
-1.58147,-0.965037333631381,-0.40260381369448,-0.896617287446494,0.543471454702185
0.473591,0.316875642365608,0.194939101527137,0.325652556916539,-0.713061976131781
-0.41736,-0.294145658455467,-0.22772327158595,-0.107873165110402,0.662571997061964
1.14508,0.687829631292396,0.162960586472027,0.637205699449245,0.287958323300801
1.02567,0.588183440753606,0.0197132820216356,0.677887416200496,0.550520724183274
0.342321,0.242416961459736,0.167511489060842,0.253624970121157,0.122102063959388
-0.955689,-0.647293536803857,-0.298615083322567,-0.475404411793889,0.374880593015657
0.649848,0.424674818903873,0.178748940828382,0.445586596355475,-1.1911224116597
-2.07611,-1.28020429071882,-0.510200544390477,-1.04381720065521,0.649067844857906
0.948992,0.569007527822776,0.155138606593263,0.583034736415117,-0.679831909422965
0.314931,0.165521288049653,-0.119912121310507,0.2931522371986,0.514260339186382
0.772985,0.483341827637022,0.190367518065517,0.521654378216299,-0.425961943667285
-1.48503,-0.939311955155249,-0.365236869706316,-0.896652235374147,0.554974997293076
0.498654,0.317971757929352,0.164456954662022,0.33723263541834,-0.657178607142668
-0.336457,-0.265842534162944,-0.234548133171456,-0.143939848400769,0.550779337209982
0.934003,0.562238810106944,0.145347355680981,0.600220094231627,0.0655728801993401
0.367191,0.171830702904243,-0.0972761118611433,0.267632972987022,0.603535648081245
0.761463,0.479376674665053,0.162815125567304,0.488468588591218,-0.443289070454413
-1.61162,-0.939715399205431,-0.385840456545909,-0.869455690997396,0.548412250803577
0.479286,0.32441487362581,0.156769384929351,0.329912867037526,-0.704622043013266
-0.366143,-0.262232316868454,-0.182043002709534,-0.143612961707322,0.660216290815053
1.13447,0.690293958894418,0.10144844933661,0.690380353881241,0.320623930966789
1.04741,0.590656576901966,0.000928886778793423,0.712010389085814,0.559842289098985
0.365483,0.27894084811161,0.229077770799338,0.22769045950669,0.136061874657982
-0.946619,-0.577647842718152,-0.216831696636567,-0.525653729984233,0.392654750787638
0.659904,0.397595592503735,0.170395036512197,0.380056883971133,-1.17011490794863
-2.08003,-1.26097396630156,-0.463784851509628,-0.93403401263011,0.7682437972782
1.14429,0.755666936522618,0.338262183178389,0.469511240893451,-0.473955571880927
1.0852,0.615254387717044,0.0425995965213622,0.683650664300779,-0.207037031364726
-1.20925,-0.534841370408737,0.251276872570811,-0.526445745273451,0.169518698689307
-0.721795,-0.421010249895918,-0.270296400304391,-0.376908322914897,-0.694974866288565
-0.344635,-0.0658563818800639,0.35430557045224,-0.263947742983476,-1.11799799774202
-1.84552,-1.03899217547316,-0.575785374179122,-0.732853500051003,0.0556566804394833
0.532696,0.409432651449489,0.358923877248887,0.176926929649606,-0.604776172452861
0.519631,0.295097874010301,-0.0627487885045464,0.273143318658984,0.0317049329564714
0.0440126,0.155625560307369,0.393100365210603,-0.0968096781615325,-0.371649204326297
-1.28764,-0.674399869219417,-0.382369194312739,-0.604871245201796,-0.351565321263302
-0.923792,-0.354313641074579,0.278422114940682,-0.539376044844565,-0.626581322846547
-0.0995905,-0.0703260573821906,-0.164162812720694,-0.0698893848791827,-0.774145537457829
-0.427568,-0.121632121835908,0.338262625520112,-0.340302218455115,-0.906741728534542
-1.96016,-1.13530211313335,-0.581360992373625,-0.81394594003518,0.0660757372519538
0.546928,0.40706501800272,0.397257643859003,0.169373508016554,-0.647236136236127
0.531825,0.272566183251753,-0.0536919745890348,0.273075450246138,0.0344172761487825
0.0689483,0.141291085940841,0.395543990944116,-0.110454439924324,-0.411234301354525
-1.39517,-0.780032836084721,-0.397130251709226,-0.730768639468526,-0.333253748035554
-0.925378,-0.379449750688303,0.298821232447999,-0.594817864827767,-0.619880934513152
-0.276597,-0.150555735962229,-0.180291651366059,-0.138036924670627,0.0582504757917555
1.14067,0.741651103332126,0.333158920849197,0.505730502318996,0.171428489366224
1.07968,0.601830348326952,0.0472184665144846,0.642050206453453,-0.195519588319582
-1.39121,-0.668187726214212,0.181034146301255,-0.672121852904492,0.123255746516064
-1.03791,-0.585828809331783,-0.308752161212653,-0.546788185467127,-0.26535848591018
0.51966,0.38851545734092,0.357109752354046,0.114451741325088,-0.345122607538479
0.442927,0.231588569620126,-0.0728148317744741,0.200694541554129,0.0404947225867464
0.0246215,0.134477194981936,0.379114801091588,-0.17426114132357,-0.544472428448473
-1.62779,-0.891715291016401,-0.436274081431335,-0.86259309100453,-0.373829161756658
-0.967555,-0.390918046306371,0.30394311134178,-0.616440529954013,-0.715528664025268
-0.26077,-0.143187242996619,-0.197970287179301,-0.178388918113966,0.0248086096264495
1.14349,0.746577903106631,0.347865051358308,0.514133659876702,0.163791272299584
1.07201,0.590173862095244,0.0403871094349851,0.625412079547995,-0.234537300562902
-1.4873,-0.678053247887436,0.180736953614778,-0.744321289916473,0.123213671614751
-0.830793,-0.473684002615772,-0.263911830279937,-0.545106152535231,-0.873227146689264
-0.479995,-0.146958285208312,0.340301502729024,-0.42601514046213,-1.20775341745873
-2.01287,-1.09445630561269,-0.520057624751625,-0.997263328794702,0.289779839345769
1.14276,0.754295438019808,0.361424125561168,0.53827402320887,-0.406354776698668
1.06846,0.591877210156468,0.0335472287942738,0.541406271994507,0.587727872872846
0.496121,0.390417271999804,0.419064904545481,0.00778687844904968,0.677379260348208
0.444055,0.246130424024114,-0.0699674669664024,0.165877269336586,0.165066557464364
-0.051347,0.0923112124601021,0.389091065299427,-0.250573645674204,-0.435290077379782
-1.40908,-0.748716709129637,-0.340053118749189,-0.858053176891238,-0.441627536906084
-1.00136,-0.440070663067117,0.277065384706992,-0.717340440328993,-0.790940369618693
-0.198303,-0.119898177764665,-0.164650259542498,-0.218875469320329,-1.24652748306246
-1.56916,-0.746083165650302,0.155364257505993,-0.836665676772341,-0.590893001548711
-0.876519,-0.445560155051555,-0.273370679492067,-0.585163220323049,-1.06937779657158
-0.559908,-0.202562642499209,0.290980681842892,-0.487810338536875,-1.41068870883164
-2.0365,-1.09307491160845,-0.515926517413948,-1.08634700522676,-0.768924454046041
-1.07988,-0.459766996983997,0.282329257307176,-0.726502042737743,-0.915958228776279
-0.197644,-0.117548951068471,-0.171405593799365,-0.224647666564687,-0.0625753864659098
1.13197,0.753359952764221,0.409198280073068,0.549934161435759,0.17339391109653
1.06835,0.583898671097197,0.0338388455304167,0.596758080133281,-0.260547829214062
-1.53455,-0.750889264964096,0.207809871908235,-0.894849256838982,0.0993418286907412
-0.865694,-0.466326515374849,-0.271017112967508,-0.614643467346438,-0.941061625886325
-0.578492,-0.247090842519565,0.280708433681388,-0.546760902482352,-1.26343988186759
-1.97848,-1.0726587428482,-0.455500456637401,-1.13984906975028,-0.104129216370649
0.436383,0.34328264677926,0.379216567654378,0.0672401953170346,-0.725541366213122
0.425876,0.229865353259323,-0.0929144450227568,0.177675074421235,-0.0711464498435349
-0.0879799,0.0534519753718442,0.421236650706521,-0.294659605945965,-0.384655099760388
-1.4191,-0.754216624489916,-0.415977939891807,-0.911867166263449,0.188129488521472
0.410921,0.342946597447899,0.38236746068386,0.0606397146915615,-0.454502711748423
0.40993,0.22112411123323,-0.103501538526213,0.157409152029049,-0.0772908735396157
-0.141002,0.0436153331754856,0.396626104340681,-0.276167527234022,-0.488973604592474
-1.41189,-0.751221008482361,-0.350417608034454,-0.917589451048891,-0.536943771768028
-1.18263,-0.506421763520008,0.318570887231368,-0.794321940766289,-0.620841526102295
-0.225476,-0.141447041542848,-0.190872475007116,-0.253514615831641,-0.0609718268604459
1.1336,0.752800485960089,0.382633388394148,0.558333895266721,0.1517800745666
1.05873,0.583441900116116,0.0399880783443268,0.64897795760539,-0.301827051628139
-1.63596,-0.788149724375924,0.19863524083389,-0.947651121617245,0.113929108069769
-0.806489,-0.438011948155751,-0.243473405835766,-0.58846521448381,-1.02680147371175
-0.664148,-0.27891840584416,0.308571727067481,-0.586545921839542,-1.2815766903507
-1.8561,-1.04168484460917,-0.469266835623077,-1.11428589504013,-0.729573212888041
-0.630647,-0.256952126799802,0.331435426158654,-0.595737348739631,-1.60098235600703
-1.85803,-1.0369779256828,-0.444279736758164,-1.13773464784734,-0.195703173184714
0.410063,0.334354292943975,0.386320207446406,0.0340350263465482,-0.687196537014998
0.440507,0.236384792868769,-0.0721931982998036,0.143178922373975,-0.123562542086165
-0.179306,0.0352638816588148,0.399637096180889,-0.326643779897946,-0.434452144819122
-1.31035,-0.728597355772531,-0.322352879784607,-0.892995673895859,-0.526119664349355
-1.1257,-0.534891478569614,0.262394224816232,-0.862705548316591,-0.568517798014037
-0.197818,-0.137374949681551,-0.192107965441074,-0.265435130028802,-0.033147745089549
1.13124,0.76360748052594,0.42321896347879,0.577836361400306,0.158170893380654
1.05198,0.578750883548332,0.0110745407050452,0.622458877253466,-0.34738806953528
-1.72168,-0.811530567828412,0.214805344227848,-1.02887961235882,0.0408092244489191
-0.83571,-0.456293738121574,-0.249060383724691,-0.646830242974453,-1.45047172584356
-1.72814,-0.871355230245456,0.127153349127065,-0.944625078265179,-0.863422813602095
-0.820701,-0.445753686544637,-0.271225727673373,-0.626725257002962,-1.21089161005148
-0.707066,-0.2815211946597,0.302242058450922,-0.62424663995306,-1.1882022982239
-1.88634,-1.04384494227346,-0.416240510449227,-1.18784135689766,0.180960680798104
1.1312,0.752150486716115,0.376904196446748,0.601804185471023,-0.383571032403398
1.05006,0.579641175880544,0.0273164496159923,0.535996777298909,0.5350413046897
0.378969,0.336586484369154,0.374395158231775,-0.0459016241444559,0.644120205380909
0.395852,0.218298739525082,-0.0776440121471224,0.139730098654945,0.0807018453679451
-0.134079,0.0292484190355329,0.376937964902976,-0.343913182601212,-0.45137486515851
-1.36261,-0.710198711914171,-0.258646124005714,-0.986266654924251,-0.532695235547574
-1.1879,-0.5843210599039,0.235585705044316,-0.888032577788032,-0.592800986191764
-0.209225,-0.113345525088955,-0.156324561337428,-0.259841418921746,-0.0640751877234739
1.12792,0.760545829152239,0.411717145293779,0.63160827130679,0.147964372020125
1.04975,0.590780107486473,0.0197447733980002,0.585587300110724,-0.349955854904607
-1.74806,-0.831891565478321,0.21564554924022,-1.02993269837757,0.116224508250939
-0.786244,-0.419090893887687,-0.197811632999418,-0.635274874235801,-1.09044742139559
-0.732546,-0.286333569511595,0.332534424641598,-0.621908794728286,-1.18944641268774
-1.84158,-1.03036052968279,-0.403053935914021,-1.17221002468358,-0.19472861386349
0.374107,0.308570319533511,0.37239087076923,0.0570761756862884,-0.68786466231717
0.426765,0.23580362662658,-0.0707973987774402,0.191946029909187,-0.166960627350296
-0.220705,-0.00101408944386831,0.348127726665621,-0.308706543931314,-0.521788544192731
-1.47256,-0.750533917341946,-0.306424515276606,-0.999756315610659,-0.614610057987684
-1.25658,-0.598831133477861,0.227978458340743,-0.899876391638946,-0.734046276929779
-0.290802,-0.139643429700389,-0.165366281735793,-0.282131574570236,-0.461056316943912
0.346899,0.29961034889469,0.382485606355789,-0.00316761326480716,-0.0788300616084284
0.394311,0.22620948712494,-0.0834273856773583,0.181754103579253,-0.0743952749294712
-0.213723,-0.00766392287972571,0.340009890962877,-0.347546014041254,-0.470176695427184
-1.35676,-0.741427562936422,-0.289908005287533,-1.00942420778161,-0.585587685327354
-1.21223,-0.583059664956303,0.290717420838752,-0.930680867446877,-0.634813032533564
-0.300557,-0.1697251013362,-0.151827030576165,-0.282417772582034,-0.0764990848550372
1.1222,0.756990011208266,0.38542739409899,0.636311113400411,0.112482891656616
1.06498,0.594543073716189,0.0165056777587134,0.674301616579904,-0.368462142941011
-1.75858,-0.851277051811337,0.187514593376571,-1.13030922741311,0.0846294984353499
-0.871611,-0.465897416137319,-0.231741050428667,-0.675694609092539,-1.09787777054633
-0.74092,-0.301343793041467,0.296852767118202,-0.628530730091601,-1.22735967485562
-1.96607,-1.09756107956913,-0.403361831278071,-1.16098536463417,0.141872154185771
1.12575,0.749369871060822,0.359736159440287,0.590047952814703,-0.567776503206337
1.04681,0.596454596218429,0.0197767610170307,0.706679032628177,-0.450134056040506
-1.71049,-0.868537691631913,0.186970134086104,-1.11854519305986,0.0464639585088805
-0.904605,-0.47883141448722,-0.227182114562259,-0.64038747422006,-1.09051827651537
-0.738114,-0.317198289898697,0.289718663499053,-0.631977477765603,-1.3113665003905
-2.01424,-1.07629198142075,-0.455703110302943,-1.09774203918392,-0.205702232030432
0.377316,0.31091435723505,0.367369739177137,0.0435099411030665,-0.781208635662333
0.38252,0.223005037228359,-0.0621088815890665,0.206261130023088,-0.175179589139894
-0.220088,-0.0172210110150249,0.353839514489652,-0.323238376408259,-0.533394780909144
-1.44995,-0.774136742665528,-0.295792650522941,-0.998193822713438,-0.623464058641172
-1.24258,-0.612655855588051,0.26110495251445,-0.943102739975182,-0.804659244799996
-0.264556,-0.159005347034199,-0.145963679279554,-0.291295731291686,-1.05991179138353
-0.746665,-0.336485196478525,0.277925738687409,-0.643993938193593,-1.00941511696357
-1.95485,-1.10201391750778,-0.393478458247013,-1.16026881856732,-0.167010225155535
0.375791,0.309001058830532,0.383484114373308,0.0422039998427095,-0.739826206076899
0.399509,0.224722238122073,-0.0558741243068634,0.2039173959301,-0.149306354020008
-0.176588,-0.00340120604754573,0.365450518034954,-0.308886931196892,-0.502867508423609
-1.40174,-0.770624604621086,-0.264602079469147,-1.00566839321964,-0.589493597194256
-1.25865,-0.589765155441148,0.286239474093172,-0.895922455640955,-0.640437158351087
-0.274678,-0.147671318042317,-0.149131520772414,-0.270600887180365,-0.0958703908889019
1.12922,0.759200361514446,0.382074951940906,0.632998711672285,0.119809634227849
1.06513,0.602420105930597,0.0312425474846487,0.706697606713738,-0.367296530225108
-1.79165,-0.901901458201599,0.173060588306306,-1.06345672699145,0.158704792796765
-0.907734,-0.488361432020467,-0.216344151829011,-0.650247561774806,-0.520100075257277
0.338982,0.294265363695646,0.374181903128912,-0.0112040912275146,-0.359756930605512
0.374219,0.214320878829216,-0.0669691362024765,0.172074018329504,-0.132356250657472
-0.236823,-0.0390948308883563,0.349903187019871,-0.36941372334023,-0.513738355443866
-1.41123,-0.745198414391945,-0.213284429198266,-1.00388502373344,-0.63271963904134
-1.29996,-0.622898633000835,0.226069484718872,-0.909112839409413,-0.64422300601155
-0.264913,-0.142484476770088,-0.151534983278382,-0.275057476670662,-0.114839642061725
1.12909,0.763562698485553,0.399326340898497,0.585536856570929,0.119769021280835
1.05647,0.592912105547742,0.0194867566050444,0.705287104571095,-0.351486504489403
-1.73535,-0.884238458935167,0.202815356046194,-1.08037481689388,0.100479824196025
-0.827655,-0.475397197856748,-0.1962856076439,-0.681277426931372,-1.08705732768129
-0.738319,-0.328431613681616,0.328422355644761,-0.649234821250924,-1.20507145039608
-1.96715,-1.06310294827333,-0.364949919680029,-1.15023938587062,0.163834544254054
1.11434,0.768829158518343,0.395705787563587,0.658666968707519,-0.416822663262564
1.06041,0.607575131727511,0.0295291495765001,0.776038352498977,0.522163302312336
0.354393,0.312896927233485,0.40769639786126,-0.0751328630542111,0.730364819137846
0.409163,0.228925952843322,-0.0358665606302998,0.191501399806312,0.45182141823176
