1000
-0.133636,-0.20821158266666,-0.0201243840887286,-0.321793545866834,-0.532283330478533
-0.948213,-0.655128754519702,-0.475011977817569,-0.394043208215093,0.92513068173947
2.24666,1.02080372347864,1.16415467080922,0.210618976066869,-0.70177289986594
-0.861194,-0.51299746916526,-0.406669667209254,-0.355539763399221,1.45352904129359
1.4243,0.592605724606049,0.752029834045839,0.170296752357294,-0.548389862924161
-0.759066,-0.410907663953243,-0.344399707915414,-0.304364254155156,0.613513013234442
0.211886,0.000206979722348047,0.207438329324565,-0.132426093847624,-0.551260499511213
-0.829721,-0.581432573307224,-0.417557241106931,-0.423869967873497,0.31090528688616
0.668928,0.283653767526501,0.496749277485955,0.12815510469807,-0.530954364983185
-0.55008,-0.308854990286272,-0.204533412545132,-0.250587804311754,0.548615179028908
0.840144,0.506775406210448,0.804409739894556,0.397021160210411,-0.473343894398075
-0.723944,-0.383718504811719,-0.283221128269343,-0.349991314038274,0.549370343144495
0.605786,0.356294307446203,0.633827075522014,0.279510995833311,-0.494590422984152
-0.515269,-0.0438158652508767,-0.0326741618823549,-0.251975320944485,0.1057560443654
-0.155696,-0.152319769635843,0.0781828708001228,-0.146095183186417,-0.498253379899161
-0.774229,-0.471905874611888,-0.342116661460537,-0.409397623845768,0.0193603861843259
0.333108,0.1493979438011,0.390442220892248,0.118330977562363,-0.530936289393851
-0.539008,-0.0666346075198595,-0.0799287271434315,-0.27105200434406,0.366194630530068
0.777605,0.486565423062873,0.772613519577697,0.373317890568307,-0.578649186586513
-0.736736,-0.349233304950064,-0.277107935912069,-0.361152035876294,-0.0346066753797399
-0.675328,-0.388925502337514,-0.161783954796856,-0.409277211756406,-0.573607072924913
-0.879068,-0.577128951189298,-0.410992099182346,-0.470076065507577,0.129014725827617
1.18122,0.776333819709489,1.03630988680702,0.416604985524381,-0.72799201882893
-0.687828,-0.23792531002368,-0.206816868454602,-0.338770252544307,0.352792848651319
-0.0908733,-0.119129685983805,0.103243410209505,-0.138790857678899,-0.541718398244617
-0.795535,-0.497338125028753,-0.363430221374723,-0.420201941660141,0.0804986499912337
0.429812,0.195415315879935,0.414095530375331,0.134355355478697,-0.546510056792281
-0.577164,-0.138932312531327,-0.127959506490901,-0.281112957307272,0.449280798210614
0.881767,0.553057176350528,0.807480590200961,0.380787171782045,-0.598361927712636
-0.760636,-0.371322969731709,-0.302854222986783,-0.347179615969015,0.0126040775144644
-0.665712,-0.386511608890175,-0.164246057485744,-0.391252736810127,-0.574801958915317
-0.884531,-0.593208152058321,-0.4260335375425,-0.48193558209011,0.16480340373019
1.24356,0.836998652859306,1.08342820813129,0.390182976090353,-0.691411196282562
-0.709382,-0.297673706557936,-0.23416706183057,-0.313572865004574,0.695758349415315
0.647665,0.395065880427367,0.636219412032567,0.256068539475067,-0.528057169096434
-0.574823,-0.0577780831914673,-0.098809512751766,-0.271519128392673,-0.1055970887308
-0.679285,-0.408776981758494,-0.174298035316402,-0.38720749125389,-0.591083313073462
-0.888187,-0.608275124337828,-0.435070107957721,-0.479067743052487,-0.355450213528246
0.0258156,-0.0787420145356414,0.141657652743087,-0.135071654269963,-0.73570444907582
-0.787117,-0.483205971482289,-0.359688300244144,-0.421827528159476,0.109949324690125
0.451076,0.212331329811034,0.441272606969459,0.156204078001209,-0.53556578923712
-0.575049,-0.137607593106233,-0.137356540195698,-0.300339063619438,0.482802900611515
0.897179,0.552971925664953,0.785081564077099,0.385764267530285,-0.48274853872044
-0.760677,-0.378522513115966,-0.308205843265306,-0.356147378187201,0.774048357166841
1.09682,0.73030544069789,0.915018317837704,0.376808178525876,-0.537924588316394
-0.713149,-0.247007938215268,-0.232877121546938,-0.345760432741424,0.667536842464443
0.639517,0.392453406576789,0.601623804189963,0.282867700988039,-0.438270331812072
-0.57467,-0.0675655484392013,-0.102612118910546,-0.281815673887041,0.538065886349026
0.843985,0.549013478424053,0.756334319542991,0.37434246568479,-0.586342816579978
-0.772098,-0.388823433862989,-0.305647048404358,-0.334605326380419,-0.00101635897960374
-0.666125,-0.380774717883865,-0.166411357896955,-0.404926943581234,-0.58123722625265
-0.886919,-0.582781722870182,-0.422819878462063,-0.492618527147072,0.173829564186515
1.26833,0.792122181296325,0.98803240032502,0.344208895840418,-0.694484601734132
-0.714962,-0.244715581842346,-0.234100284843151,-0.34991101162803,0.709545957571153
0.642273,0.368391981046442,0.554793906500354,0.266696622395654,-0.490619792225628
-0.576176,-0.00835228591974237,-0.086680231027252,-0.242441839856572,0.15075153902912
-0.0923955,-0.124333449308702,0.0663238904451663,-0.139462810617033,-0.529963193267489
-0.806026,-0.504291115316806,-0.37075514062323,-0.332217503963509,0.0746701934481275
0.434535,0.189112636041596,0.39925553909027,0.118782361464106,-0.616050715563088
-0.593127,-0.151153761410391,-0.1556228356582,-0.313748247492995,0.0603799506564092
-0.0569158,-0.0920177443999996,0.0969494119735982,-0.124507864388095,-0.546926816064626
-0.798509,-0.471679045107916,-0.358648516725152,-0.382870446450032,0.106327431085001
0.459292,0.18064234043132,0.397793670729811,0.0595101283821116,-0.547501504712545
-0.586166,-0.145887294027281,-0.15027940003228,-0.31519237279623,0.475822230582666
0.915192,0.556340908033688,0.710716459079478,0.326760911144116,-0.602305103144708
-0.766187,-0.386250720538716,-0.314533995761901,-0.320374316486118,0.028674547697122
-0.661572,-0.39074048011055,-0.17401944905607,-0.390919251895726,-0.572454172677331
-0.886071,-0.589710208586474,-0.41687307211323,-0.498433867104237,0.188641687957242
1.29459,0.83228009102042,0.943920090560811,0.302859998258923,-0.688875040564018
-0.710499,-0.256119877430628,-0.237578037632399,-0.376871630665391,0.740089001777697
0.670264,0.371380863287058,0.568026026840989,0.276505352918568,-0.437990085816673
-0.574922,-0.0999947050213398,-0.113793667928361,-0.257663795029809,0.486693395792712
0.646686,0.384144732429896,0.558038708750565,0.281290287631386,-0.465031326124609
-0.578374,-0.0795061409805546,-0.112710326521971,-0.280548702644465,0.161096521036441
-0.0827408,-0.100189570414569,0.0964838524383294,-0.126766596487105,-0.526876793535259
-0.804146,-0.462734590274056,-0.373198546131589,-0.426630738611551,0.0946468486725711
0.449811,0.0946246151297793,0.409067635122629,0.119978580419894,-0.551978020845177
-0.592618,0.0391235780519991,-0.148139320217925,-0.343349592583819,0.483340187773947
0.943802,0.354638475125364,0.798211439130201,0.373909384922808,-0.606226059422169
-0.767693,-0.254556661036789,-0.321993806072328,-0.38557437495975,0.0414387288219699
-0.659396,-0.436728481617376,-0.170383613711404,-0.448714599575389,-0.570080112954984
-0.884761,-0.590524890561808,-0.43395434697661,-0.542344840954835,0.194466260167569
1.29638,0.542703256412267,1.00065544707832,0.43040930431741,-0.661672105790534
-0.711135,-0.0793052871943308,-0.244206850034372,-0.383664358550104,0.919179329880832
1.1121,0.458618873116409,0.941342190391064,0.407412853671963,-0.501971994416139
-0.723595,-0.07959220666645,-0.254065363885833,-0.36685410223014,0.670043444637952
0.651519,0.196546895562198,0.617908685255995,0.237542078604649,-0.543283955358329
-0.58693,0.221394143111215,-0.108743036574742,-0.282617823225242,-0.106141115186403
-0.680803,-0.468915393914797,-0.192736354397271,-0.413321115887162,-0.596569618671668
-0.890609,-0.595572035824018,-0.438793731677519,-0.517977708001676,-0.351994698314747
0.0376304,-0.177998931121662,0.103844405318221,-0.157207703834597,-0.737860510886139
-0.795658,-0.414420155907351,-0.368913316120349,-0.428127609881875,0.132499093557573
0.493757,0.056683289197089,0.424755905437348,0.0792900051723551,-0.541356055464056
-0.585877,0.121275950475615,-0.146816758739233,-0.317759260480066,0.512102431043826
0.965197,0.339289253339176,0.795361924425632,0.344083289642291,-0.600163404407585
-0.767564,-0.235150585201512,-0.314903655406875,-0.370095967197033,0.0523597693174513
-0.657542,-0.473451390644512,-0.172955665244028,-0.435173046974016,-0.567492115539711
-0.885721,-0.616466639761298,-0.4347149340502,-0.51670845133666,0.204982512601676
1.32835,0.543811888241306,1.00757960619143,0.412468743361386,-0.689256298497511
-0.714049,-0.0408887326923539,-0.239918364561446,-0.335806896701443,0.759050630522099
0.698479,0.186194895170109,0.629703740121924,0.21981925480149,-0.486954502335021
-0.5805,0.303639950369195,-0.100255664789205,-0.261245395196521,0.183923869809957
-0.0731522,-0.247856847392458,0.0767683851623379,-0.1883370506543,-0.52499526760829
-0.808954,-0.424314692785945,-0.370865071431127,-0.429727903820001,0.112162533333422
0.479498,0.0285669851665515,0.411214715143581,0.0419966314621289,-0.549897669205349
-0.591204,0.182162681071717,-0.146284971181889,-0.303328310207213,0.514831166687033
0.975321,0.334397477205498,0.799882636567479,0.332995958761149,-0.565850154103421
-0.770428,-0.215710202568508,-0.31998113611622,-0.356484203713691,0.315692676478182
-0.0420049,-0.232987105037743,0.0885721303952901,-0.189666063554331,-0.582008249581609
-0.798356,-0.42457519083184,-0.371536448514767,-0.43292277620913,0.126364909736427
0.503371,0.0251594210976499,0.41327013857004,0.026105246982645,-0.542920915477019
-0.585923,0.21944951524626,-0.143568590605389,-0.284143927181106,0.523492244704364
0.983667,0.328754367407094,0.827578655105233,0.33966431191933,-0.600628886476536
-0.770915,-0.207264190803953,-0.309404837671559,-0.35365067820778,0.063480419801988
-0.651167,-0.513114508335663,-0.189752919520659,-0.45895253522112,-0.56443967330691
-0.8865,-0.648479690973201,-0.431942943819483,-0.526032357521593,0.231582729018016
1.38334,0.547537573980318,1.05552205054779,0.381603267548679,-0.685411721290398
-0.706049,0.0228350342434806,-0.23909902452757,-0.288597064575276,0.784721293168669
0.721848,0.167229139180605,0.607566050136771,0.193853302404701,-0.530431632190351
-0.573083,0.407493972823013,-0.0959006035999583,-0.193619506872889,-0.162382148814426
-0.961014,-0.700088812855574,-0.367020585744484,-0.371938750897968,-0.385628509438373
-0.403003,-0.40819952870985,0.133271553746357,-0.168690058100183,-0.517795232973473
-0.493144,-0.185046448473404,0.407978666214051,0.0517441579628895,0.633731016265454
2.11277,1.49217183324074,2.32448729552499,0.0911293770937262,-0.425995451564916
-0.713577,-0.453094276272416,-0.0894256684284109,-0.151792941337338,1.67775752792462
2.02513,2.71515053153799,4.40407713544909,0.0996947631999894,-0.46868933411495
-0.755691,-0.595406651090992,-0.256907015748677,-0.363903188835911,1.01212190157049
0.475694,0.0925530214505101,0.580452509410856,0.0950699118672912,-0.360846580947397
-0.543326,-0.427928836946359,-0.0857633433137025,-0.238132134217536,0.613505754591677
1.03105,1.29233176865025,2.10469122250301,0.293509659219927,-0.188713151322116
-0.0570069,-0.123706695374384,0.212218419938292,-0.0488021657558666,0.678160037211576
0.6296,0.368057457385303,0.640605761716324,0.147769297421718,0.0572116580323131
-0.126441,-0.211776413214281,0.0455773150596869,-0.140847903433362,0.767721852726317
1.24062,1.26848341468901,1.27618006581963,0.382528275474589,-0.231055144279863
-0.535533,-0.494861677885819,-0.216880705165485,-0.363061105063255,0.587968497973127
0.158318,-0.0912891376905278,0.00186734224656828,-0.089339912788109,-0.180545240116406
-0.355656,-0.386978393903113,-0.0870879976736508,-0.24576030701141,0.841248137322615
1.89755,1.2526868874859,1.13113332152999,0.308887953261244,-0.212741021796186
-0.307417,-0.253848402307934,0.0938988262022541,-0.0930364029885052,1.20092414565856
1.13357,0.598976791543422,0.986337965595217,0.205625993974629,-0.45137321718618
-0.941441,-0.737778853403102,-0.377750036941436,-0.458833023958528,0.224905637930943
-0.59721,-0.581552367571045,-0.257086453675044,-0.351625455154224,-0.33585059091706
-0.226926,-0.184233808218622,0.159256320022549,-0.0362344394058681,0.28902548698073
1.48968,1.07232593868176,1.52655948004504,0.288800934419021,-0.415931867405869
-0.690891,-0.588297344146183,-0.264165714010531,-0.363573423477198,0.743266884558577
0.356096,0.0136324246313016,0.330249004627246,0.0384827111234345,-0.335183017846043
-0.51605,-0.457052251710262,-0.141114705943345,-0.228640724375433,0.69468572580371
1.3614,1.24758340045297,1.57030578754024,0.38428472682837,-0.234800794066549
-0.150413,-0.207173858211266,0.0834882509869474,-0.0821447501576124,0.750562947699778
0.627587,0.373486772284956,0.561454445056082,0.160648597775395,-0.412786680463392
-0.914223,-0.754558147610853,-0.356209546524299,-0.457761077720631,-0.0136070383857274
-0.700577,-0.662251522416262,-0.35725048573891,-0.41941996340697,-0.250687435206486
0.092386,-0.0816548333933137,0.164709764633383,-0.0314651589815388,0.0378984586124821
0.922338,0.747426120338474,0.998132474763225,0.285033764432312,-0.0410389722108585
-0.215276,-0.312841834782309,-0.00942286362484543,-0.185838011931947,0.814961099664756
1.15312,1.2913011133862,1.19225792802428,0.45238347814246,-0.467684544195387
-0.902714,-0.760981455100353,-0.356199619037816,-0.469472513137899,0.145472422354572
-0.732623,-0.705707314468911,-0.387395253400498,-0.4411516607874,-0.49973983312489
-0.463564,-0.522740310794652,-0.212845948720552,-0.350082014501348,-0.303455863453069
0.158873,-0.100281931645952,0.0363510283099317,-0.0701049680215793,-0.337134343846861
-0.346323,-0.432361462596784,-0.117239197515073,-0.243383670476521,0.435585333607833
0.939293,1.03097443469568,0.993818301894364,0.376196336152884,-0.09987525920859
0.0318288,-0.170229442552991,0.107176630825371,-0.0962772121472021,0.573722758398372
0.43236,0.261603886468622,0.312967841410028,0.110968612811332,0.150954965408695
0.0836816,-0.106193968977301,0.15837524556577,-0.0491136963015324,0.495447706614033
0.71013,0.624664623152662,0.619892120460269,0.273532595214368,0.0598722630870094
-0.184193,-0.321277463845965,-0.0198370377678897,-0.186327551553404,0.801057445694157
1.14786,1.29558006629017,1.10359777132697,0.460858728457162,-0.0206421647324156
-0.00316602,-0.20245195619944,0.0756229302110574,-0.120281271417235,0.565221544957789
0.342851,0.204755318438574,0.243440410896292,0.0842517915167706,-0.353185361809787
-0.895224,-0.814690911166121,-0.350774925064876,-0.468314039627107,-0.13539858218796
-0.737233,-0.74093511201697,-0.387315430299698,-0.433107024876525,-0.213419503697781
0.233671,-0.0401643235461283,0.171543878687068,-0.0500150749282536,-0.0714079039047184
0.698223,0.651446841742026,0.675121757537416,0.299950011825298,0.0356953339727767
-0.1464,-0.263898988355621,-0.0109600560153048,-0.164309475220059,0.661429012719091
0.918374,1.16757144685701,0.926249545347491,0.444089956991925,-0.232255210839917
-0.490986,-0.523813786624762,-0.21979776032242,-0.333137953696125,0.342205685504805
-0.0852189,-0.212902744639266,-0.126961340531952,-0.105834149689398,-0.213418223458063
-0.271975,-0.368077859702155,-0.0977744613258499,-0.227725576594182,0.292455796645964
0.901775,0.951416062305664,0.770551353523757,0.386406703870264,-0.337929060923064
-0.486415,-0.506887517133966,-0.222181790927762,-0.33297209891286,0.319685652833637
-0.0866482,-0.20199331812641,-0.132290602270942,-0.102963323421781,-0.206321990774143
-0.252378,-0.354375659876435,-0.0944390036217452,-0.23204797332209,0.293708901995792
0.813138,0.924729214267808,0.776577280852064,0.374935653402882,-0.0646335402213356
0.116928,-0.0761153246145266,0.107875573271208,-0.0602117091697719,0.340795436903959
0.17759,0.155698551481303,0.135339589044519,0.0768013303864527,-0.320264785681725
-0.879459,-0.710352527260786,-0.333975368494147,-0.444824357641487,-0.211900304225352
-0.782104,-0.702714866099818,-0.413744554069433,-0.428431434873283,-0.159012981362335
0.409527,0.0799655387206953,0.181305666996443,-0.0110581181733395,-0.205162270811971
0.411204,0.531369939974079,0.459212211919081,0.231324586007474,0.159379590608912
-0.0317206,-0.163360365865221,-0.0186035948479263,-0.0918144177485557,0.570756710619431
0.888225,1.02230394001175,0.630115794827408,0.353120241927666,0.0223036519038789
-0.075812,-0.161106846957074,-0.0286972382619455,-0.0766850756509066,0.641235755473619
0.686593,1.01849628384513,0.670285106661167,0.374159094566686,-0.178130830369619
-0.44334,-0.438454172947068,-0.219273519525448,-0.264737555753843,0.19903597573597
-0.212791,-0.234827600846553,-0.196263654496833,-0.0974845031340646,-0.184633936719601
-0.193511,-0.276472752140613,-0.114216718653027,-0.148289517945168,0.165988498236116
0.630366,0.779049666469739,0.581493432821669,0.330755490689932,-0.0315189513391173
0.162867,0.0143766438181056,0.0799909234093232,0.000483403344835228,0.242107667903688
0.121958,0.132763278284839,0.098168778586787,0.062558336505317,-0.311413588603291
-0.878418,-0.607710269198528,-0.334540358730191,-0.372138673507532,-0.233455975762534
-0.778412,-0.622404497961159,-0.407452711489341,-0.390987655440011,-0.166710030048188
0.395392,0.160896620072861,0.145768696619645,0.0250915937270737,-0.195839741787579
0.401968,0.51174160819296,0.456664050955596,0.195962458650941,0.234239793205859
0.235719,0.100315055002105,0.150537495839751,0.0327474207958227,0.345975138047827
0.368283,0.422533620483286,0.30489341545224,0.186740056092453,0.141977093193639
-0.0645284,-0.0729856280398469,-0.0139590230121121,-0.0442227994175525,0.449857717207432
0.796072,0.904492923221209,0.656604836149675,0.307899448083905,-0.429760927186658
-0.880113,-0.574745223420537,-0.347084012731709,-0.347993312202764,-0.0260678862905839
-0.804461,-0.586088372515529,-0.407404977426246,-0.354356089088066,-0.472210277253867
-0.326126,-0.304852785250347,-0.202207125364231,-0.20336648154417,-0.458672107824313
-0.140527,-0.152275157531006,-0.135468282591822,-0.0767004101281593,-0.254109761855478
-0.208724,-0.190264297118034,-0.114530492413069,-0.101935768973361,0.122492683441274
0.467161,0.647944135912877,0.515992193893241,0.232296883701037,-0.0137665660632979
0.232771,0.102432908187452,0.0790961205977666,0.0229643333359445,0.112889579433219
-0.0197326,0.0370470244244781,0.00254639330503775,0.00419820316958454,-0.286815969508317
-0.863608,-0.528950108794086,-0.330764397613093,-0.345880719885029,-0.297300889876794
-0.806232,-0.611743850364713,-0.428248513932754,-0.37601385566072,-0.133681180877798
0.500031,0.257798659328966,0.147864983668065,0.0308035246108583,-0.269154177331435
0.288742,0.40716631117306,0.328624395673733,0.112533447130273,0.190245520728293
-0.00343565,-0.0275410724945784,-0.0274041444819541,-0.0402618610860509,0.404546999520245
0.682031,0.718155229608057,0.502995702290914,0.221159908291682,-0.186163931083673
-0.449148,-0.311894775975994,-0.222204200127469,-0.21155074442493,0.188643212633819
-0.231604,-0.215547549698861,-0.18764664060637,-0.132607846418854,-0.186276708587246
-0.188133,-0.148522683981883,-0.0888911394543031,-0.117659869661336,0.150217274074094
0.609354,0.668897941207755,0.544891269187656,0.160149687106782,-0.019961777925019
0.192383,0.120434194647063,0.0919698200663637,0.0325166780932196,0.219840268553987
0.0100183,0.063531500316648,0.0535963195696234,-0.0397560648765775,-0.0729470072760212
-0.403707,-0.29964774236514,-0.204513308741235,-0.244280074558906,-0.109617016805511
-0.301944,-0.262204922782651,-0.203723981736355,-0.179121716704356,-0.190545774560224
-0.136858,-0.125506515651599,-0.0801844925517634,-0.129786840259034,0.0855861147401193
0.539184,0.567296643915582,0.451575051582364,0.0417057468650782,-0.0145453207692022
0.172075,0.117652773404539,0.117073943495309,0.0128434635588654,0.174000022583293
0.0463877,0.0557094176725352,0.0732776036157721,-0.0626518138208019,-0.312300412459024
-0.874052,-0.545143289053343,-0.347250776846405,-0.417814812909529,-0.274159237263642
-0.806689,-0.600498783347228,-0.429915573467308,-0.430560402606665,-0.145447003323221
0.465594,0.28672603928348,0.225512623027732,0.0666035494918525,-0.245894509632294
0.347319,0.398767919085571,0.394464376961999,-0.00531963417163397,0.166920677217207
-0.0222679,0.00242060941803921,0.0155577299538834,-0.0339370118289651,0.422673229883222
0.716976,0.758102712361423,0.666968416501128,0.0463531631300037,-0.320160315727257
-0.673927,-0.451130826025954,-0.289329939750773,-0.404034487514216,-0.0230875881490376
-0.925019,-0.578083579759161,-0.461859309567793,-0.395216111574592,0.17922418682825
1.1128,0.400998891316014,0.441174116863212,0.181057743921862,-0.78547923642686
-0.91092,-0.294852323891887,-0.408188195307811,-0.282879918205038,0.614798697717311
0.620779,0.121081196266853,0.214435141851951,0.0723935157244239,-0.710288113358764
-0.856349,-0.0894645763014013,-0.339124813184917,-0.309575542057424,0.0789591363370718
-0.185056,-0.2586844305787,-0.121513974380317,-0.232055066897202,-0.714128003028355
-0.938492,-0.509471970616229,-0.46160466304132,-0.35397925134007,-0.0184008849836097
0.370426,0.0132542788411978,0.11684122734833,-0.0132038143845975,-0.734785531141584
-0.872085,-0.186901622990191,-0.356977691934501,-0.393418343250493,0.455127536180872
0.977208,0.345564241921838,0.428936535169141,0.216805339575121,-0.723092147005382
-0.950537,-0.413061496761379,-0.440474860051422,-0.390808119415805,0.611259817831167
0.724035,0.228565564055367,0.313133234174248,0.128050517199327,-0.739107626664931
-0.877634,-0.116191713457047,-0.339307010644169,-0.381217494884939,0.146418287906238
-0.121984,-0.209735750901899,-0.079772175926666,-0.207468071493853,-0.71524575418524
-0.945414,-0.518580680571904,-0.461474308584653,-0.404169564740545,0.0399856236365761
0.44632,0.0782121434299085,0.166126881905513,0.0339777126116651,-0.735269194672752
-0.878985,-0.215821861766331,-0.356011269700217,-0.440019470370764,0.497420271662036
1.03123,0.449155005578403,0.515186591759352,0.255255757394704,-0.808356967633792
-0.950872,-0.429011149151283,-0.437361369349541,-0.430239880046134,0.0540705843370294
-0.666455,-0.425916155013898,-0.247264580298754,-0.411181580127086,-0.665353828342746
-0.935164,-0.610720351063788,-0.472231531253319,-0.42676357871702,0.188206144463158
1.37519,0.686721494176854,0.73034208688857,0.269250389971486,-0.855309616001934
-0.922416,-0.339879464247747,-0.399322448160282,-0.412746775774771,0.414341775080889
-0.110027,-0.171417631402941,-0.0483131289985848,-0.180927825095487,-0.689733024612025
-0.931135,-0.52496433860355,-0.450354527151868,-0.394717203860535,0.0427149383384426
0.431994,0.12432262445319,0.191340169200881,0.075908982669557,-0.723291281464343
-0.861882,-0.251402678042257,-0.342961931156736,-0.450605485970977,0.474888816125724
0.989625,0.485126960051674,0.527792524095045,0.293748890557151,-0.800923742704055
-0.948899,-0.462203193102988,-0.434341640795331,-0.436158611221048,0.0381761910626338
-0.664547,-0.405949497207544,-0.232393604560163,-0.385076774868589,-0.666999758475409
-0.939673,-0.619399417402656,-0.478263469347925,-0.44201725990721,0.201452114976543
1.38859,0.748596742358721,0.72242646169487,0.296900743916735,-0.810557640157049
-0.937075,-0.390385221220477,-0.4055243829527,-0.437625271457076,0.771645583556909
0.735863,0.350251463365566,0.388393706794348,0.184463420759367,-0.74612524464539
-0.880725,-0.250404560669669,-0.336308521870169,-0.45144764752357,-0.0810031803332253
-0.669228,-0.432655298939691,-0.239090060376762,-0.405823627572986,-0.743920685032489
-0.943194,-0.631085560658836,-0.488198668373436,-0.452457904964994,-0.390635801238969
0.00048593,-0.0990137347191526,-0.00415244017620466,-0.142381866436052,-0.826263463917416
-0.935708,-0.550017315497923,-0.451496191356158,-0.403408539681559,0.0832758337619076
0.465648,0.172618012796341,0.19949989840927,0.0955657716746307,-0.722768209171665
-0.882482,-0.324930835291246,-0.353848282019537,-0.504943585137245,0.53798814208829
1.0623,0.548904800382699,0.530272332223459,0.313518824984724,-0.69000988026522
-0.957909,-0.509744845595195,-0.439792223643497,-0.435134424053232,0.876427405720749
1.25327,0.707339747269124,0.623679133279678,0.315006837458889,-0.711681806174656
-0.948712,-0.458128253751434,-0.406823945743519,-0.486891725545556,0.740056762066932
0.725624,0.398233401823985,0.345363004790769,0.288833302479897,-0.657754599377859
-0.888395,-0.361680709548998,-0.346458041931134,-0.509563748132429,0.599059997768581
0.962204,0.600210175248966,0.507684973429873,0.347499516307089,-0.796859919474979
-0.960852,-0.557983235271915,-0.429793951835389,-0.41441448024092,0.0273254501091801
-0.664542,-0.426702887698765,-0.222117479592905,-0.327944954578497,-0.677557549617205
-0.944217,-0.665648389647087,-0.463981091036704,-0.41605917166392,0.187499040694184
1.35902,0.88496716322979,0.726694164460761,0.269885427516295,-0.815234313307229
-0.944338,-0.4932472902565,-0.378834613244462,-0.502195911748386,0.762198402115067
0.73122,0.421168739464384,0.375913767413303,0.313093620193619,-0.715084631404041
-0.882301,-0.376076981276334,-0.319422845654633,-0.53157708416518,0.161018617383289
-0.102867,-0.134824592649507,-0.0553825055192432,-0.119269716003018,-0.718174075132424
-0.946155,-0.607200292344151,-0.442993267815932,-0.398570736689234,0.0370224030235733
0.444945,0.220151289134494,0.208975549158222,0.149816585662582,-0.803495237266299
-0.883583,-0.414413484937157,-0.346215913602023,-0.5435887088551,0.0492815766572274
-0.048293,-0.108020936782479,-0.0265334369097133,-0.111675560276343,-0.736070313811955
-0.946674,-0.60109964868037,-0.430328806655923,-0.428474115023402,0.0783185740034322
0.469779,0.232468671540361,0.209188994849953,0.14025821438842,-0.729461174133067
-0.878669,-0.403028980559669,-0.34687714722628,-0.539875282409743,0.521064172741086
1.06226,0.638416837884889,0.505640080615474,0.278003415550277,-0.807114943818703
-0.954031,-0.557798782816358,-0.420087001865075,-0.426961080795157,0.0734481933498388
-0.652058,-0.42268843494419,-0.222312358891616,-0.308030609658804,-0.665931120520558
-0.941498,-0.670450277474014,-0.459446387267641,-0.424667490214337,0.204107907340307
1.38131,0.907166889539423,0.715666771138399,0.319954506741033,-0.809871027422551
-0.939598,-0.497508688729553,-0.40009911014494,-0.492028519811916,0.779792889079327
0.731494,0.4491765025953,0.35816229022581,0.308410545478641,-0.66041699848051
-0.885537,-0.383942260945476,-0.323277494361056,-0.507064869381919,0.512176542030379
0.724316,0.428103834626019,0.348884954345671,0.304397427228351,-0.72650661155769
-0.885276,-0.394227906788955,-0.343671149531181,-0.550461629993061,0.16901614315087
-0.0734732,-0.125888221503489,-0.0344890367240276,-0.12203594770434,-0.718590103946956
-0.946543,-0.598149779644167,-0.423718862038416,-0.428328158008707,0.0609043818543095
0.447953,0.230556817579723,0.209885861845107,0.176969718295916,-0.732381775516547
-0.88215,-0.393201044614617,-0.326990238452938,-0.535868837676198,0.509683600304961
1.05797,0.673365704994117,0.55479326641135,0.43032656190705,-0.810725911210758
-0.956072,-0.562090264749862,-0.428554191432048,-0.440398271011358,0.0723786705011662
-0.64924,-0.42916834188971,-0.230646762758681,-0.362869878757447,-0.667203049452505
-0.941522,-0.675420113350091,-0.466454738638494,-0.455286225077427,0.204745430932255
1.36991,0.953074495731268,0.771947399956268,0.372824356744692,-0.77995578467068
-0.940864,-0.484049575957934,-0.392934508074687,-0.526233733873916,0.976910846818368
1.21659,0.857688505605646,0.700213135512232,0.454141913985206,-0.689942798803003
-0.946459,-0.495353013715013,-0.401023733695425,-0.513777157678755,0.702271955145547
0.701138,0.457951757640107,0.392706418573194,0.357790669470309,-0.761815695634387
-0.890223,-0.370852020747453,-0.323330279267792,-0.547599666298566,-0.094954201784073
-0.663112,-0.433651300548782,-0.23576082619261,-0.349222738026799,-0.750401113985687
-0.944755,-0.689940798835376,-0.476565776109911,-0.400511849548178,-0.38388902627762
0.0120069,-0.047735750630114,0.0115153778224498,-0.0602754754600302,-0.825088003790757
-0.93234,-0.595327964953391,-0.429456507906893,-0.392969213132638,0.0887699353897812
0.467222,0.255274095562533,0.243122061630604,0.206448463799222,-0.720672910897296
-0.874887,-0.419556032009213,-0.342130132594495,-0.53922875601342,0.517194146397055
1.05262,0.68596188457854,0.568462540056554,0.466102922856086,-0.804461300003719
-0.952944,-0.552267503536166,-0.425114032776692,-0.49615427984359,0.073180171943885
-0.64438,-0.426502169364745,-0.227396192796331,-0.369594934820258,-0.663943658547665
-0.943301,-0.680224158816086,-0.472622355399594,-0.45621797472342,0.226323106333246
1.42593,0.961990034257488,0.851598000166256,0.485178574037955,-0.81013149979811
-0.937307,-0.480242084618889,-0.395512518043384,-0.530044958343483,0.792473153309142
0.734468,0.47797899578682,0.431266756839176,0.295759023013503,-0.706634068297374
-0.886091,-0.373881586997026,-0.329983514983217,-0.544535966374362,0.182181970476195
-0.0603317,-0.111104641590063,-0.0077389999254857,-0.127953243024671,-0.715347148113122
-0.948122,-0.6046867376491,-0.442276874003203,-0.478455325978155,0.087493370903353
0.496078,0.259940438438125,0.26904971516433,0.152664992874214,-0.729362632803991
-0.876874,-0.393721986695739,-0.343080267205876,-0.559717109181674,0.534073860012963
1.05301,0.700164668060468,0.615270611980504,0.459371875701168,-0.765279295875593
-0.949429,-0.553726803755644,-0.425759923182873,-0.522998678497579,0.319763086749884
-0.0450884,-0.0919686981951811,-0.00754607885253372,-0.127929390237116,-0.718500883764298
-0.939735,-0.603253738183218,-0.435899847895423,-0.489151854561219,0.0970761741357234
0.505463,0.262601510105949,0.271589387302542,0.16265085920939,-0.723494487910488
-0.874709,-0.376422753015622,-0.324492332365999,-0.562564246958366,0.542564413827363
1.07511,0.702835607650336,0.60624746826768,0.459082251130158,-0.800683162229507
-0.950204,-0.551330322901632,-0.425801300628118,-0.510465511647156,0.0847841057283725
-0.640334,-0.426476339617472,-0.225600833317063,-0.405038856311502,-0.661480929503084
-0.942344,-0.689196108094083,-0.471939823676978,-0.46991724677209,0.2243301080618
1.41572,0.999995473230511,0.879121142201111,0.529647227875066,-0.807883031946488
-0.932591,-0.484653592154388,-0.387565558232887,-0.525070048923127,0.785234396799507
0.739009,0.484247575362023,0.446335249695987,0.333206439142172,-0.738194397367988
-0.877289,-0.366406029406691,-0.319907967954138,-0.513352852950183,-0.0602237811561941
-0.655524,-0.432171480215564,-0.230419341075462,-0.390529537188858,-0.655037683667072
-0.943883,-0.679831280029364,-0.480535455318,-0.477543694961187,0.198098690237805
1.36507,0.964771703252657,0.82656439126532,0.526766722790253,-0.807933405480791
-0.92905,-0.474667786915063,-0.385318610466591,-0.552895513676535,0.76240123630732
0.723348,0.473664342890984,0.430563056192059,0.347637059347376,-0.70284502100722
-0.875691,-0.509375104144224,-0.366266356499537,-0.332463839526487,0.17569115057831
-0.0647295,-0.115454814744642,-0.0108068165421201,-0.124630704043585,-0.710553539830837
-0.943285,-0.603339996650502,-0.438728118485083,-0.480909817891118,0.0799179722055456
0.480309,0.263751911433085,0.266659704313132,0.19695458571012,-0.724549625756425
-0.870569,-0.385623407382734,-0.328071475193065,-0.555636858627221,0.529344134562296
1.03883,0.699678847557596,0.587128358881624,0.494197681516714,-0.712105924886171
-0.948478,-0.547126368959283,-0.407409107972264,-0.528550089055082,0.654214486023079
0.758703,0.497234946675293,0.42980578480116,0.358689340695106,-0.728384433070699
-0.873189,-0.359048043504563,-0.312408979047345,-0.546291862913348,0.187629485841112
-0.0625171,-0.100835980284027,-0.00622623766048643,-0.10686579063631,-0.708006753406899
-0.943161,-0.614415787708159,-0.442066001236538,-0.477857198508198,0.0797207117324847
0.476477,0.263696734650927,0.266800934490358,0.192479881637272,-0.723688451567572
-0.865589,-0.399173555419663,-0.330801837567815,-0.580036916948468,0.517942672212452
1.046,0.697004145152999,0.621664598987092,0.49857000237377,-0.7959613716801
-0.943817,-0.559001852932749,-0.419074179275577,-0.497304110563378,0.0726724201765478
-0.641044,-0.424698919601356,-0.227035388479465,-0.385043001684798,-0.658810036887489
-0.935867,-0.675905128697996,-0.464641104285094,-0.488119988697438,0.217838313283321
1.41707,0.979639070674377,0.846646597231746,0.551924681584002,-0.851133927470899
-0.925335,-0.459924475359414,-0.380200471865467,-0.545797573855016,0.459055204068621
-0.0466948,-0.096804680384825,-0.00247055457620056,-0.110910234543066,-0.689715294985682
-0.942813,-0.611044857493562,-0.450428138573948,-0.451932649148972,0.0933284042747621
0.486692,0.271529540516793,0.278480251241264,0.197287922212128,-0.722664966820918
-0.866416,-0.371129346155183,-0.32517073352804,-0.548787234684194,0.520988630811652
1.04215,0.69770565464135,0.609860783825593,0.446086045590593,-0.794978141567625
-0.942498,-0.545248887222901,-0.419588267930816,-0.498269439208253,0.0719769224321409
-0.638854,-0.413140945316729,-0.221528663090459,-0.363008386665786,-0.658731282340972
-0.937813,-0.677330647090091,-0.483260451484188,-0.525533688177933,0.222465321916789
1.40789,0.967025801284601,0.851339971670268,0.490167150619104,-0.801499486744306
-0.924361,-0.464330362082782,-0.383269032284853,-0.550865311691179,0.787510101027781
0.751033,0.473191337774928,0.459306055836508,0.331309779157387,-0.73390568254605
-0.870714,-0.330169899540668,-0.314621168437256,-0.54684279632282,-0.0650499975799725
-0.650419,-0.440274369695247,-0.241323116798662,-0.38864214801131,-0.73515980736209
-0.942193,-0.681215349663994,-0.480007077376996,-0.549690425179161,-0.362073320617784
0.0437931,-0.0445937654074567,0.0323904610539073,-0.0842579675225708,-0.815478479226547
-0.920125,-0.587293910974508,-0.440392172715998,-0.413444071743726,0.118061633167925
0.499745,0.26826103047981,0.28188514605803,0.184486314419018,-0.702506677002035
-0.86105,-0.364266328663593,-0.323221984900435,-0.529237329286902,0.565424856025629
1.08589,0.695328621483694,0.613948745785636,0.464547633840782,-0.668478818609507
-0.938376,-0.537434384191111,-0.420750511440343,-0.470801700784611,0.89974530516547
1.27744,0.879034048539811,0.774140001708336,0.498697919430876,-0.69298576040665
-0.93121,-0.477273333791753,-0.394310089929152,-0.541649862533106,0.759801841943779
0.740371,0.47173556396812,0.453333139503241,0.346472597245395,-0.6372476159674
-0.865536,-0.332439843064511,-0.319690695219366,-0.521181721179291,0.617279365772151
0.983386,0.646585881840171,0.598396511445647,0.440685917192454,-0.775536025727735
-0.939514,-0.543844728959311,-0.426194041800135,-0.471540729274347,0.0472374028934071
-0.6434,-0.423578933623753,-0.229442062478645,-0.404771232567356,-0.664928244608731
-0.9386,-0.676574928966606,-0.473349952859076,-0.511148838939634,0.195279383271792
1.34816,0.939717615566854,0.827782937698342,0.489536961296555,-0.799182766147242
-0.915261,-0.452335038025544,-0.377774775880683,-0.543780166145054,0.756302836875269
0.72292,0.456509351447293,0.429285805198694,0.356177959068513,-0.692305802665484
-0.860027,-0.32068198949986,-0.305597011085385,-0.550027200595092,0.169633541637756
-0.0803214,-0.121455983083275,-0.0327282514513895,-0.130413442414986,-0.703652909282174
-0.936762,-0.591030770564502,-0.447173171926519,-0.44172829197334,0.0568339914781029
0.460893,0.222046792038651,0.233608688547875,0.168765015561795,-0.784047981144506
-0.852713,-0.359921573796449,-0.322483816212306,-0.545943495740118,0.0615001636108617
-0.0395148,-0.117602691341702,-0.0538541843147713,-0.108957523477075,-0.716037955762109
-0.934764,-0.585307617734313,-0.440256277849351,-0.440589632226784,0.088896278482741
0.47604,0.211298859512978,0.208677189132095,0.155696822661296,-0.709874294605809
-0.846617,-0.352717264241952,-0.329926474676184,-0.550286487148146,0.524771927741857
1.05927,0.573524249863231,0.474167864682235,0.404139154155555,-0.783444275041042
-0.9338,-0.526612461551182,-0.423122716259533,-0.448955512378136,0.0804130507228205
-0.639462,-0.443117901222292,-0.253825978815755,-0.342652748325314,-0.652135834184283
-0.937188,-0.66190719864289,-0.463506252606928,-0.449514527395845,0.232348047978175
1.42791,0.812377644572424,0.660676854569752,0.399551128299517,-0.795225505482916
-0.91504,-0.462511941535829,-0.388002803573793,-0.504247266891075,0.809195137653344
0.750179,0.359208951584955,0.315747032925035,0.303701469343129,-0.638742202331302
-0.864628,-0.353314418436565,-0.312778746042309,-0.501451183607327,0.517571830993885
0.710377,0.328394957807844,0.294442107297171,0.296812515944353,-0.7070692184294
-0.860498,-0.353113387243442,-0.330210121162811,-0.534974082091704,0.154803449455693
-0.0962215,-0.179986230141109,-0.0893657307473149,-0.168725851060673,-0.709888173330819
-0.94844,-0.588771651640234,-0.455001201244374,-0.44601279738475,0.0502694390105249
0.440545,0.133118984150946,0.140118856702449,0.122924135960242,-0.729737047409694
-0.862916,-0.367269001460597,-0.349553220871606,-0.509439496822176,0.482915918380521
1.00125,0.47561974995463,0.4147957719877,0.397256162927394,-0.797766143421829
-0.941565,-0.512670264153994,-0.428935277253252,-0.4119955186546,0.0436590275752971
-0.661399,-0.441107086177614,-0.268418673498704,-0.398934946586572,-0.668422026346688
-0.943013,-0.639359538356668,-0.482439527635604,-0.447285342248237,0.177925560835401
1.31535,0.695763889214408,0.617526586845861,0.421565394617897,-0.773769977717683
-0.921294,-0.421690780108945,-0.399717289756854,-0.48428594026433,0.948285111972097
1.20316,0.609517833181706,0.574812777337822,0.469244774549566,-0.681966403095297
-0.934142,-0.430996858434019,-0.406451662786724,-0.480707617190472,0.683477132017416
0.666187,0.276311582665092,0.291400642409794,0.322191895075192,-0.750347219608864
-0.872056,-0.314682068303309,-0.345978878906411,-0.504532824970775,-0.114083770474602
-0.673069,-0.416116943262458,-0.264505422084884,-0.318612339229995,-0.749570579940602
-0.948109,-0.599960178775174,-0.4769719842536,-0.417967716392516,-0.409560294132961
-0.0377021,-0.131475602618212,-0.0611835522935795,-0.102640265355512,-0.834686390054776
-0.943297,-0.523987762092954,-0.457399319660225,-0.395602671463896,0.0473014831023106
0.418625,0.112625583970055,0.14307792464312,0.164275398336908,-0.724507129467488
-0.85734,-0.326246072954779,-0.363299740009838,-0.474368086083145,0.472514067508408
0.997196,0.416534453770496,0.404635251835504,0.40263097605575,-0.795521357045707
-0.939923,-0.464613822578741,-0.436430876949763,-0.394384769049324,0.0450616391367063
-0.653985,-0.41678740572259,-0.260375769337256,-0.384788063764684,-0.669221657771981
-0.946735,-0.601644842536981,-0.473196079255364,-0.452914228385046,0.183108612885916
1.33171,0.61909512434802,0.590122086298008,0.427123144849242,-0.80815848063978
-0.923246,-0.402255296070381,-0.416015112387944,-0.457815218271728,0.738901353626853
0.70265,0.255373805634987,0.265575122656324,0.279793501018332,-0.704689331586274
-0.871298,-0.26757407038223,-0.348963555444507,-0.485072890867087,0.140171719465416
-0.124213,-0.189184446589046,-0.0974963889435799,-0.135690513981916,-0.719910202851966
-0.955129,-0.53013670646122,-0.465662972065656,-0.387639920784166,0.022018827989438
0.404486,0.067348299202646,0.112196262037554,0.104834685708754,-0.736531807898694
-0.863898,-0.289340126932178,-0.370023888049925,-0.456099209934005,0.455864645788727
0.963104,0.378561365957904,0.369213379701443,0.39344589254549,-0.765914022688754
-0.940447,-0.463226699315737,-0.446537639333939,-0.349894994448773,0.254968875563832
-0.103124,-0.18249234772358,-0.0891444590559235,-0.139412943856394,-0.732701190093029
-0.953703,-0.519179093025815,-0.466373885064024,-0.391431341258484,0.0298467752057422
0.40768,0.0650939712635237,0.115061479716946,0.128644867091247,-0.737927269983158
-0.869091,-0.290997543482601,-0.371093706107319,-0.43754993668864,0.451893044994979
0.962468,0.375378239534603,0.407394368448618,0.371147886622565,-0.803287759960366
-0.942552,-0.443133930290621,-0.44305654397829,-0.367942971734433,0.0243081464369012
-0.664294,-0.409875653494085,-0.255309607310204,-0.392756546912636,-0.677538041783329
-0.945909,-0.59189083515993,-0.503203666496353,-0.456552688630659,0.143350589987302
1.25046,0.544683490603136,0.552632505556062,0.380653850894043,-0.810678240711717
-0.918728,-0.375105328706097,-0.420833523456291,-0.40114271103468,0.677410721699491
0.653445,0.206089493420265,0.245560641749433,0.259235682924711,-0.747853041477837
-0.862922,-0.233608020662879,-0.357112392664049,-0.428114822760606,-0.171028875640869
-0.835544,-0.485899902451889,-0.366052320105401,-0.426571977215461,-0.635896537881002
-0.857759,-0.579761297352838,-0.445653094378181,-0.443343281405649,0.00160386634700703
1.06933,0.453316404245222,0.271302727758343,0.2193544699231,-0.745171925486529
-0.820328,-0.314114804898533,-0.351989009487492,-0.335809449130726,0.583179317217526
0.56059,0.171434896996775,0.0265773405834421,0.189473041214959,-0.595640086895192
-0.698164,-0.242175051783826,-0.292151246678017,-0.290865734115213,0.136244882946111
-0.0331966,-0.179097613769587,-0.197747463557278,-0.161173539429344,-0.563859264667598
-0.762982,-0.511696523856291,-0.413455591225889,-0.350580832085765,0.13213144179183
0.502047,0.0626342125870423,-0.0573721298239328,0.077590584805567,-0.512904850030018
-0.589809,-0.278231647007688,-0.260750438537655,-0.304312722885456,0.631791678641066
1.20001,0.388589022520103,0.179636660541403,0.283186622249115,-0.504972456389032
-0.737151,-0.429601536185243,-0.363413435885507,-0.307904125751147,0.706319489678091
0.634261,0.188306420936285,0.00284674116029751,0.179209295719195,-0.504662920481774
-0.586767,-0.220795432002951,-0.233058801510974,-0.310781646385016,0.144314731124582
-0.103479,-0.198017587337914,-0.224313976741457,-0.174763986528666,-0.514713799870896
-0.75532,-0.496780536020161,-0.410900278571574,-0.365046927421452,0.0619236123254047
0.376698,0.0139768628335366,-0.1010514700334,0.0384326727759984,-0.479742467848965
-0.44987,-0.202697298834895,-0.215165581832892,-0.300103115703234,0.40354400053926
0.801507,0.279936159939881,0.102384090538215,0.28040893220026,-0.490676491937669
-0.601942,-0.357935681704394,-0.299601039675185,-0.29746108953947,-0.0865173551569698
-0.838999,-0.494433883855185,-0.371165118688607,-0.490939453562895,-0.50478924383836
-0.837851,-0.567403699093834,-0.440581895972114,-0.483494097691147,0.0121058639020088
1.02763,0.394225423050308,0.163978411411122,0.302176825569294,-0.659666312010881
-0.520911,-0.253602833327031,-0.211956513391935,-0.291528295366238,0.215103158956758
-0.281191,-0.247875898690869,-0.248271379176323,-0.187723887201941,-0.432203566116427
-0.640269,-0.445653861220755,-0.363391287214756,-0.33456291202852,-0.110028584331716
0.119661,-0.0484179007832603,-0.136811454208255,0.0256303547986422,-0.404652392682007
-0.353796,-0.137491599550309,-0.147505906474607,-0.297730898738077,0.270205660128253
0.732057,0.242935997006202,0.0643070997815018,0.262318904175839,-0.467937546315236
-0.608934,-0.357397786571962,-0.302403922472432,-0.307460377154267,-0.109421933641836
-0.830404,-0.502727816907085,-0.373665670053224,-0.462485479292168,-0.517107350736634
-0.860915,-0.59061664572195,-0.453121061091382,-0.492919261693421,0.0432571727251476
1.07952,0.384521493616047,0.137007970781823,0.295727066929071,-0.626039427513402
-0.510559,-0.241592360342089,-0.215283274226478,-0.288425118323761,0.493082865270081
0.305487,0.057308685910123,-0.0579495256752556,0.0945919315565194,-0.371500415673596
-0.357697,-0.0680373159204717,-0.13311360188734,-0.281442824148001,-0.305315971921305
-0.834026,-0.510074080869955,-0.376488356027399,-0.487275041574253,-0.516344530280893
-0.865356,-0.59429761638483,-0.452344815157539,-0.485968854707642,-0.457812591897291
-0.105729,-0.214088432431796,-0.232237273074396,-0.172394360174958,-0.677545972885597
-0.615363,-0.439534218474094,-0.355932558474186,-0.304523858764464,-0.054552691657679
0.163582,-0.0581112983134224,-0.13333060632567,0.008023093969823,-0.381598096500922
-0.341993,-0.101014002157335,-0.147597723044121,-0.274973494009783,0.305243368170927
0.723961,0.246344037815937,0.0817458242311759,0.246372747514839,-0.343391487626248
-0.576886,-0.345580999649594,-0.295316215198631,-0.293272640038047,0.573048144322366
0.74242,0.311906987000659,0.118565400213341,0.300041582775118,-0.396105469248915
-0.489466,-0.230439388618707,-0.2214083205331,-0.285477558289476,0.379332883663353
0.254227,0.0459754638605247,-0.0705401542059302,0.0987591333284582,-0.258531394220092
-0.285149,-0.0189925141027141,-0.096367369397898,-0.263306008247943,0.269653028995171
0.545354,0.177403148884638,0.0231060385671982,0.206810618335133,-0.411604969549094
-0.570332,-0.341260615919329,-0.299307046601571,-0.309843274689879,-0.187549194282253
-0.83925,-0.523162493876355,-0.374629121920077,-0.474750057207353,-0.519125752211496
-0.86801,-0.618497394730096,-0.458402452866554,-0.479704616604431,0.0111624363832941
1.00134,0.349774129945759,0.111430386149408,0.270540671182018,-0.602180717226027
-0.442901,-0.180662626312112,-0.184457667142823,-0.262224141064126,0.449811650980762
0.260286,0.0435479205750676,-0.0605377215575144,0.0781359452189679,-0.283114870617519
-0.294848,0.00356498497139932,-0.0862423289894794,-0.246424234719865,-0.0679140903379537
-0.27773,-0.275458839174177,-0.252077546391732,-0.199339993660773,-0.381269864696288
-0.641845,-0.47414667148843,-0.373478110787099,-0.301861492649406,-0.11309783652993
0.0982645,-0.0808902850831322,-0.138358593355108,-0.035373520724927,-0.427047846029402
-0.263223,-0.0389089132812393,-0.101661559986975,-0.244742419301093,-0.149481351135102
-0.253125,-0.253841334014872,-0.247196248060435,-0.179369949643148,-0.377113316579978
-0.642016,-0.470649926140449,-0.355836109447743,-0.288170595578226,-0.0714047786644423
0.152781,-0.0557086394451481,-0.133947475653833,-0.022148618091528,-0.371271361771535
-0.269334,-0.0539052089170416,-0.104685742596948,-0.234494957610923,0.253015992595141
0.65033,0.237044008172689,0.0712662799753563,0.182834423350062,-0.408881345617652
-0.558272,-0.326222894491695,-0.27916130522438,-0.249272784718379,-0.142231972742149
-0.83618,-0.546061099082312,-0.378109028150935,-0.445114928860439,-0.508723522723288
-0.879113,-0.658760327996145,-0.464297131522533,-0.483606881128749,0.0365624694667439
1.0543,0.360795455759726,0.117051013610267,0.158740671477216,-0.607606192151779
-0.454624,-0.196312391602232,-0.194989155053733,-0.25369622335264,0.497010546038965
0.294282,0.059327420020474,-0.0551702729222764,0.065843964727667,-0.21238059216028
-0.217065,0.0173744283062249,-0.0899489731934856,-0.214723226530526,0.20888805850038
0.29173,0.0450157640264237,-0.0775736009992698,0.0650594183223788,-0.208861857606218
-0.255572,0.000125573833699292,-0.0796006856965827,-0.207764767681247,-0.0454116458923287
-0.276358,-0.290719503270827,-0.251738551749717,-0.202079270740849,-0.361864322057581
-0.649362,-0.478591901997779,-0.36940460454557,-0.281574156248593,-0.0919662609724739
0.117758,-0.0796349335077668,-0.143758500186752,-0.0312150902164169,-0.367906867974349
-0.246728,-0.0490568983458857,-0.112366758806557,-0.216735732612847,0.223599206464741
0.615617,0.19657142935948,0.00557468319900814,0.149645001519522,-0.395856921339808
-0.54404,-0.306919626724537,-0.268853294379475,-0.258498299032836,-0.157806002677703
-0.840155,-0.550746830362737,-0.370123406480148,-0.4171880357278,-0.506241765461877
-0.877509,-0.622856449606783,-0.449165526145734,-0.361127635840024,0.0207879564766949
1.00569,0.349625043086258,0.103813031418213,0.152195629548056,-0.567232287430733
-0.409451,-0.184118391152972,-0.181318629143391,-0.24572303086418,0.613999912058166
0.650518,0.271226824619444,0.0818102421200919,0.146392152335167,-0.288575479683457
-0.422432,-0.209785113568047,-0.211835930074479,-0.24492587508948,0.329189187133742
0.214394,0.00587165021116171,-0.0894752261240399,0.0533045036893484,-0.277526874070906
-0.173957,0.0728647229757661,-0.0345932737952095,-0.191358937347847,-0.34896863315172
-0.848742,-0.537301389243676,-0.371495017883773,-0.439827180780622,-0.451973536815764
-0.880463,-0.657345306940357,-0.466569785461959,-0.439035197764735,-0.465344333148267
-0.137622,-0.225532691706428,-0.225913382616181,-0.184631218609978,-0.673914886019626
-0.58202,-0.452196781580948,-0.344482960346513,-0.279543292500708,-0.101487881702892
0.0767611,-0.0823466791909516,-0.147234566802855,-0.0314346084541496,-0.340457099462865
-0.255409,0.000640340046636327,-0.0726397205912957,-0.207730376148065,0.219151094266846
0.638523,0.198704097199295,0.0527224226067384,0.145350383741286,-0.409699777777188
-0.564031,-0.348770057114358,-0.29173193442079,-0.275094081313767,-0.147311542165858
-0.835718,-0.529747561640051,-0.365572804392534,-0.426357131979874,-0.515411172555135
-0.882199,-0.650640869595054,-0.453239058377624,-0.447742641091699,0.0214049586791591
1.01301,0.333971903217143,0.0794698200298622,0.167902227933588,-0.59121919815536
-0.407923,-0.175480022906413,-0.190563966145358,-0.229696704247085,0.465259664845846
0.272606,0.0548409488381568,-0.0619723080581991,0.032915807126214,-0.226995196232089
-0.196593,0.0367570392562081,-0.0834164803869011,-0.18912888014959,-0.0676717884428411
-0.299994,-0.280560071438417,-0.258483695548421,-0.179558504028777,-0.324038657623219
-0.609883,-0.450806302044415,-0.356659983174153,-0.290408835880188,-0.11121152587384
0.0800389,-0.0431511640073941,-0.143937714812258,-0.054915424065986,-0.329590719717778
-0.186435,0.0386267610215464,-0.0648507937618839,-0.202187813699285,0.189220438582836
0.551853,0.216072763308964,0.0411679036453045,0.170397191361134,-0.329678838261937
-0.530334,-0.313137421457645,-0.273778755809173,-0.276872938117394,0.0637661470266336
-0.279613,-0.266040410167684,-0.247750010142754,-0.21497096857644,-0.458031332324767
-0.639049,-0.464930195021758,-0.365879119420352,-0.285813743426747,-0.110407873422997
0.108335,-0.0516723290617657,-0.145797764374698,-0.023533112105993,-0.35278594306427
-0.20454,0.0360031992968604,-0.0830728120723645,-0.202473010765181,0.18828824557568
0.535973,0.19371474469173,-0.0137163270942641,0.145716240741475,-0.363432273675626
-0.508626,-0.316822703721985,-0.271615880956854,-0.275328193122116,-0.189086139221978
-0.839858,-0.538695281841638,-0.37539958393461,-0.550621235506965,-0.496935620544466
-0.876124,-0.655214087742122,-0.458938878529689,-0.547997950632048,0.0112463464517774
0.980328,0.372338584504843,0.115215449307216,0.250950904122735,-0.569494793179294
-0.356373,-0.124541598447208,-0.147945637372761,-0.24097815357541,0.432650892660755
0.229152,0.0657047687707733,-0.0623080565095569,0.0610814272246792,-0.211507667842589
-0.12168,0.109758002440161,-0.0285483180837386,-0.186399130009812,-0.324848279466691
-0.848064,-0.529362654852726,-0.374770855416396,-0.508291641376519,-0.352726080182339
-0.877734,-0.653889810247366,-0.464492429996837,-0.4960184384557,0.0312001081839964
0.990162,0.372923621340866,0.117899622201933,0.235088697021498,-0.583711429189623
-0.398792,-0.138765651565719,-0.164549292969333,-0.251080660971244,0.44889720340079
0.255199,0.0626811411154333,-0.062651640571181,0.0697611651921846,-0.224221159918394
-0.195452,0.0900279391360012,-0.0570506258931451,-0.17670923841424,-0.0764063447755564
-0.301303,-0.270270124539622,-0.248732081797277,-0.219547623613368,-0.332252398348218
-0.630554,-0.470459169620971,-0.365655405248817,-0.326727233787345,-0.1041215691315
0.0966826,-0.0605710344453712,-0.140232246408124,-0.0277832192355337,-0.333979765809872
-0.177766,0.0370572646422415,-0.0895632453276538,-0.192917690367858,0.20025848240632
0.548264,0.237881686134412,0.0342028481851794,0.235360387738443,-0.279740588159663
-0.518525,-0.299855458273122,-0.273024337098977,-0.290687816506902,0.331975484664038
0.289451,0.0876393173361971,-0.0533700237949509,0.0992597989972942,-0.271856159089581
-0.140329,0.109791532590973,-0.0424612545182374,-0.179731169187768,-0.0720967908772135
-0.302945,-0.276074746105913,-0.252383588266335,-0.218142290589969,-0.300925184575579
-0.610476,-0.452803543724987,-0.354429696243454,-0.349735433812452,-0.109427272729929
0.0802689,-0.0606056982633149,-0.140466327853469,-0.0302493528584002,-0.333202227161156
-0.196296,0.0380333155257745,-0.0733799653170175,-0.187300201704524,0.1927317756414
0.570958,0.239255343226382,0.0277195957108394,0.222726672552288,-0.365386192661818
-0.518286,-0.305155796779428,-0.277699237586108,-0.306805776432108,-0.173278817360975
-0.837645,-0.529815786876389,-0.370586457829161,-0.539114429740624,-0.500848528774685
-0.877352,-0.658816893376033,-0.467530288576897,-0.515268806679335,0.00171212271638127
0.969695,0.388707719142949,0.110231164722865,0.279051033164733,-0.607635137649359
-0.358769,-0.116789753513511,-0.156809448492631,-0.245963729416749,0.183303311168786
-0.29496,-0.264116974698503,-0.250168700502415,-0.211539456088244,-0.359908555756265
-0.622199,-0.467194694380862,-0.363216954214306,-0.310755481982143,-0.10781761485966
0.0954027,-0.0498813770373649,-0.143428712796811,-0.0062288034779304,-0.338749694319444
-0.193769,0.0254231587099038,-0.079743169318456,-0.182757071181393,0.191948804548908
0.555845,0.236008057224683,0.0358910816510468,0.2060650732835,-0.363190132543659
-0.51818,-0.311652369610634,-0.269629094400377,-0.296524812564258,-0.177560273975805
-0.833408,-0.517446118984871,-0.370087388958756,-0.502392741275778,-0.50129716601495
-0.882537,-0.655188404786825,-0.46522429359075,-0.505252392830592,0.0207155412565548
0.999267,0.410608591934201,0.101793360269859,0.209992016340116,-0.57797625278529
-0.373686,-0.136006446362201,-0.156247004551815,-0.23809194611745,0.448455332377896
0.260964,0.0843481338025266,-0.0527388613276828,0.0930917869823837,-0.253814942671115
-0.203428,0.0777459488842964,-0.0495851795867434,-0.165796983018956,-0.321337577636661
-0.842097,-0.531816994270005,-0.37582584488923,-0.516152620812439,-0.46302424041685
-0.890622,-0.670347234380701,-0.464751058582196,-0.532506759014157,-0.450756615417514
-0.109014,-0.219963468429273,-0.221663900245962,-0.180807330768899,-0.672049661870886
-0.570269,-0.442137851202626,-0.339526602817776,-0.32959941645803,-0.0831617992545996
0.0842233,-0.0457700779437904,-0.131656159817401,0.00649775461232004,-0.309549396411665
-0.196696,0.0408090866947551,-0.0608861849432645,-0.1814244113687,0.218019093172388
0.582192,0.258261993320623,0.0494845868116396,0.232317624652926,-0.259862974899188
-0.503448,-0.310084525576679,-0.268462310216897,-0.30066306001272,0.489326257372982
0.651641,0.344170833209603,0.0995103982930428,0.291357374670819,-0.32896381412276
-0.386296,-0.144239009941443,-0.173088533856826,-0.255328757574219,0.343136518925359
0.229529,0.0722207400786498,-0.0712480241987015,0.103832661860446,-0.157491090794863
-0.127715,0.125468735432493,-0.0117127697185952,-0.16435601146178,0.235141069051806
0.465632,0.215227588278156,0.0309555567330481,0.201686188386581,-0.318129222918803
-0.505069,-0.313326904401115,-0.272053228821376,-0.305229434958896,-0.214680055753609
-0.84353,-0.535382253997549,-0.37410041751553,-0.492170687749092,-0.503995528806562
-0.880705,-0.659162988518676,-0.461697665216971,-0.525944924936693,-0.0111924667359114
0.926664,0.389313793727677,0.108163183511855,0.280789231915896,-0.556734059632028
-0.321466,-0.0946627958852374,-0.12324635551399,-0.236604003640439,0.410347840748641
0.225731,0.0754045910596486,-0.0566924576040712,0.09800063004818,-0.184770244576854
-0.170959,0.106353199277827,-0.0225039030096439,-0.16193030004019,-0.0826065115768166
-0.297892,-0.267890825418247,-0.252848686442238,-0.206899026575565,-0.319387213318386
-0.618281,-0.469810255146412,-0.362720884088194,-0.351072320801169,-0.111538649428066
0.0853071,-0.0582563120749976,-0.132232689570852,-0.00666913083869936,-0.364398518892685
-0.137134,0.0420996811854889,-0.0505430740400768,-0.176139647370468,-0.159090068183146
-0.271721,-0.237707858522216,-0.231003505132356,-0.194848284681106,-0.308628337002779
-0.600591,-0.455354681910957,-0.350057148529783,-0.286851298119627,-0.0854377656797063
0.103688,-0.0426538971916276,-0.12936188462707,-0.0189416450613875,-0.308376105474416
-0.148923,0.0660374285595393,-0.0571743397662155,-0.180510028762595,0.195464133168191
0.550062,0.246758324695544,0.0566107356692761,0.195653331099138,-0.338484933997801
-0.505439,-0.301517698437655,-0.263808576160066,-0.302647268394717,-0.180953594208404
-0.840816,-0.548191774796003,-0.372912306138052,-0.447129988438166,-0.500862578126245
-0.89313,-0.641228507967704,-0.456588167496594,-0.391709938174705,0.0149266132843837
0.990063,0.390392256624999,0.09246355081759,0.055806624952859,-0.579683201587496
-0.37475,-0.0860331000178855,-0.139153466064534,-0.219793867088564,0.467755812802503
0.27863,0.0804812051539,-0.0526819269944065,0.0970101630530215,-0.145422886588107
-0.126564,0.114878761074489,-0.0391269590235996,-0.16696365783234,0.198472501625748
0.26041,0.0767508122800959,-0.0520362364868076,0.0911725560749898,-0.136763296090766
-0.175569,0.122195470956235,-0.023775710471042,-0.155839794068238,-0.053294286989762
-0.279499,-0.268088672395015,-0.249331116487025,-0.209161457413528,-0.322029899586125
-0.631694,-0.468943325195559,-0.364642986669832,-0.30788663544739,-0.0919898477162484
0.100273,-0.0596640031241397,-0.128371815437462,-0.0162430550801198,-0.334422078213908
-0.179657,0.0429981979857336,-0.0692477091060162,-0.166497447819489,0.196887167096126
0.559974,0.228273471272818,0.0371663578699447,0.120955783253929,-0.347165211865307
-0.49367,-0.290065604692146,-0.257790104060787,-0.291844284664906,-0.179271122411952
-0.843004,-0.519233544311568,-0.365881237447067,-0.387961969717502,-0.492665687595964
-0.884483,-0.651308417530856,-0.461366657951902,-0.554097897007033,0.00940754377301145
0.964946,0.388840410231088,0.132821420472772,0.270154056807192,-0.540770307816343
-0.338096,-0.0995837068415264,-0.136868927867726,-0.235438510035665,0.588692132453339
0.623676,0.30171120441376,0.0922941524319456,0.265043775266973,-0.23537439251465
-0.364336,-0.138396084591905,-0.175758455864733,-0.230053798720641,0.327517144131101
0.2167,0.0608378843927481,-0.0559505613920304,0.111986403253734,-0.223200730484377
-0.100918,0.078704030999275,-0.0337268905037362,-0.161129293514866,-0.346592451508333
-0.851929,-0.533648793641154,-0.383505702764809,-0.453178402853315,-0.425505589065513
-0.895017,-0.628527585846507,-0.463493879136422,-0.425189135786503,-0.455751188485876
-0.126705,-0.218224139218924,-0.2319668814111,-0.162016562560726,-0.669239901862704
-0.558242,-0.418159216049601,-0.3342769231312,-0.318563371871069,-0.0960785474309455
0.0731193,-0.0534099296798974,-0.12898192724717,0.0059899045948227,-0.308650306211847
-0.198245,0.046798920169475,-0.0532572365716576,-0.182122470918434,0.198107348199723
0.584168,0.231999891299286,0.0550966869402165,0.199437850929789,-0.371997613334856
-0.532161,-0.309437245129435,-0.275922493233304,-0.2537566291857,-0.167756698806191
-0.836432,-0.527027733358517,-0.368523638470045,-0.495353709696097,-0.509338286718804
-0.893833,-0.655341161097487,-0.471494325706212,-0.547391667385554,0.0252977330300551
1.01122,0.38542712080577,0.126807311484885,0.267610498310665,-0.573543516685173
-0.354722,-0.105327248043458,-0.148196964451447,-0.228851981398334,0.462547204863697
0.260333,0.0692679052842862,-0.0391752536767268,0.0825512765697049,-0.178060463386126
-0.132849,0.118861540736164,-0.0316609254005851,-0.165329221139283,-0.0732133295673703
-0.309806,-0.270475419983588,-0.253029668363177,-0.205425931036006,-0.293968494663189
-0.601903,-0.439200148292564,-0.35078693481696,-0.341997441246952,-0.112266251178136
0.0693413,-0.0685821752583998,-0.139893573525516,-0.0383942596837932,-0.301952428137668
-0.123819,0.0905950902347454,-0.040603725075424,-0.181322946309907,0.169541431070391
0.510743,0.207210652089984,0.0238630831214619,0.178779942060875,-0.291410432265794
-0.502015,-0.28257071496768,-0.263819865063582,-0.273816974694319,0.0516803557068552
-0.277686,-0.26644874188538,-0.248994696755721,-0.203568204042313,-0.443566387470048
-0.628771,-0.443486910196729,-0.357078820169449,-0.295193563834276,-0.107450745922878
0.101462,-0.0690543892891762,-0.143693116543645,-0.0279273994831416,-0.324339395819276
-0.144694,0.0432518261563415,-0.0865930979117978,-0.182942805380949,0.174698425162442
0.506929,0.170966014745225,0.019699487393515,0.162195559246399,-0.331849626898699
-0.493371,-0.282732241781108,-0.262316258188993,-0.291233478274181,-0.197708983591098
-0.840382,-0.535393220106386,-0.377611766403513,-0.525308345356157,-0.490531573306114
-0.876282,-0.646790307461529,-0.464746443889566,-0.566681307401687,0.0203137802184666
0.995402,0.338400325986459,0.083035122087619,0.230740813260754,-0.55544556599423
-0.325554,-0.109745542115823,-0.154725466948939,-0.225163393446809,0.445356478976841
0.235265,0.0273163040552929,-0.0688190287521395,0.0567997069670698,-0.17281285231191
-0.0760475,0.147025385783379,-0.0261478388274353,-0.162960914501095,-0.285156858650204
-0.777239,-0.499047054037011,-0.350443081550825,-0.490652014987375,-0.300136162962688
-0.85034,-0.632057869674965,-0.458640680398325,-0.542578937731158,0.203319060569756
1.33395,0.401364557675605,0.204237589243852,0.120940888541822,-0.614579194640874
-0.548299,-0.168437115344441,-0.183737381653334,-0.200508281327315,0.704654350648971
0.542658,0.115928124592139,0.0228877089547097,0.128018298737191,-0.365751841610394
-0.453336,-0.0157793864572512,-0.130701551925914,-0.156596491159944,0.101867592184188
-0.150123,-0.243962430866679,-0.214224952496579,-0.191618233554489,-0.437630203067139
-0.679795,-0.486259731842587,-0.384068361915281,-0.291125022388955,-0.001922106834519
0.247392,-0.0381155705471065,-0.0893303981313104,0.00104663134905346,-0.429251829540806
-0.417772,-0.0341560896180126,-0.123751620721629,-0.165924603683184,0.396412638908517
0.874096,0.285255212572857,0.137727554971696,0.226037905645282,-0.40170908721131
-0.595563,-0.333360661159407,-0.295114226509044,-0.240111715203637,0.479813433959282
0.361869,0.0732544099135718,-0.026261013149681,0.106422624835023,-0.336143129942993
-0.259817,0.0946751972229082,-0.0625660984443925,-0.141323071112811,-0.0396875375967612
-0.299502,-0.29281533705644,-0.253832455614697,-0.228686761079626,-0.332244096426541
-0.576732,-0.429450617040213,-0.343428848688836,-0.313691363344191,-0.109406719024445
0.0980895,-0.0999073345656045,-0.131137708860171,-0.058514278877307,-0.333363077092885
-0.236177,0.0534895628263472,-0.057667075178977,-0.145402649625879,0.22419006133747
0.61148,0.191230335658013,0.0596572135647799,0.181521277489904,-0.349996762242258
-0.443255,-0.25123200055012,-0.228970437678366,-0.242226997170044,-0.164985231626652
-0.855859,-0.533398853101466,-0.382359326452255,-0.497298632745373,-0.459129789149457
-0.837544,-0.628567398429184,-0.448290380909541,-0.55715130869376,-0.0631201294730662
0.810941,0.308713971716966,0.114849445170099,0.212473782779111,-0.555971506388235
-0.267055,-0.0306525593396579,-0.0702574752862079,-0.186259317520624,0.0926675047895825
-0.370762,-0.304613819565601,-0.264188975629856,-0.2223695197625,-0.286801740116671
-0.498845,-0.39754986675131,-0.312366629434492,-0.273901742567165,-0.192682429224157
-0.0539006,-0.125110255992053,-0.156959574294153,-0.0492144936537341,-0.247621161212086
-0.0825228,0.127497029941646,0.0194293801563891,-0.12541102997541,0.106290160117628
0.47113,0.147911721022791,0.035578408828323,0.154167758027808,-0.280510500693334
-0.411018,-0.232437537677853,-0.216003856767271,-0.240976627468548,-0.219256140183614
-0.861523,-0.535979868737134,-0.38619117398809,-0.492023397103606,-0.457340326282136
-0.849025,-0.625221704978323,-0.452695663458486,-0.493443344912328,-0.0604854436768479
0.806314,0.267355927039178,0.0910504553530717,0.182142978633307,-0.520518123513848
-0.252767,-0.0444201487293964,-0.0646611683400224,-0.176738620341825,0.319657501004139
0.123719,-0.0274340922752954,-0.0843934812546979,-0.00141228897655662,-0.150761762842616
-0.0510533,0.212656355946089,0.0530931407964681,-0.10404778587894,-0.381174985379952
-0.863466,-0.55513538391066,-0.38307778221888,-0.506731223040714,-0.394937170147592
-0.850185,-0.632507827370481,-0.455105583791539,-0.562412063009838,-0.491340828082414
-0.222757,-0.274064995749227,-0.242640659613116,-0.223446466232572,-0.599519307611797
-0.42227,-0.366345349360597,-0.297752079556389,-0.262312499279441,-0.178878128643988
-0.0546714,-0.139216316108049,-0.1628365158491,-0.0665869925158845,-0.192806880441874
-0.0355677,0.181986100480581,0.0405842258431635,-0.107586746322291,0.115455900042238
0.443619,0.137688868370235,0.0174199313639782,0.178999039085617,-0.152473785682788
-0.372869,-0.217209243974271,-0.210269444694967,-0.224255706581207,0.379511902617136
0.4903,0.202334240273349,0.0578602475233801,0.205893215741675,-0.224050037442687
-0.22993,-0.050040512130627,-0.0917947424313231,-0.184078718280665,0.217851217782819
0.0520737,-0.0521097715653471,-0.100287589550323,-0.0130638371322011,-0.0234698241872586
0.076577,0.268366766026897,0.106511166576944,-0.0890718363336003,0.101120747796473
0.286342,0.0564220482368067,-0.0334331590614284,0.0698957780919611,-0.18112367903422
-0.360009,-0.222238649197191,-0.203262919726633,-0.225925549656121,-0.289127184099543
-0.867354,-0.559891784164573,-0.386272355201165,-0.511994411045109,-0.449553794645921
-0.838233,-0.638763682985416,-0.452001668212751,-0.551996880005925,-0.11733283620664
0.661443,0.232469988017242,0.0327125928633336,0.187257289709728,-0.479501647656213
-0.161294,0.0330230684969005,-0.0386169913144169,-0.170299090920228,0.243217729918022
0.0609272,-0.0323577407039553,-0.111667044368199,-0.00651399770100177,-0.0465202045768007
0.0436479,0.300006446557919,0.085208324181703,-0.0638219870796965,-0.175192887887111
-0.386223,-0.331860703154866,-0.276997224300179,-0.268138958670997,-0.189007378658598
-0.485964,-0.404650437898049,-0.321571249964845,-0.283172642973631,-0.188353555156438
-0.0655802,-0.144217379339115,-0.16932618367575,-0.108759396097254,-0.228019197403053
0.0739697,0.201465154943011,0.0356455521779306,-0.080915786358005,-0.254098064827517
-0.377646,-0.318176162738911,-0.271841666499654,-0.268158858372085,-0.185427945553631
-0.482144,-0.395655531807017,-0.318098913806417,-0.298219397080769,-0.174505899126559
-0.0547172,-0.147072132069855,-0.171555020932173,-0.11396764609232,-0.188985319204552
0.0523292,0.209423198797497,0.0503154336996252,-0.0803663554139174,0.0577650363795751
0.348423,0.109314377394847,-0.0140953831133411,0.11450251466759,-0.205171320437943
-0.36888,-0.214588977750904,-0.208083194620431,-0.231153072864191,-0.263189888490126
-0.861056,-0.56011984172189,-0.38007668745824,-0.545778972128728,-0.449865307421595
-0.85022,-0.656394817032668,-0.453716834394403,-0.53270581251058,-0.0810150899657849
0.748743,0.240318794854653,0.0551798659267336,0.113830937288558,-0.506980678590062
-0.225814,-0.0116404125267876,-0.0657739647565823,-0.163717622935968,0.310475902800431
0.115123,-0.0550376526497,-0.102477118581087,-0.0370602214427016,-0.0164702726475792
0.0839476,0.22559764377849,0.0325566189586316,-0.0722754515461507,0.0771925031378008
0.0905003,-0.0494863606673029,-0.109088332485502,-0.0302203999057738,0.0313368981027622
0.043343,0.323177742265861,0.0691327261734142,-0.0491114652091602,-0.14741480835826
-0.373881,-0.326735084588356,-0.268166268704355,-0.280225206110015,-0.196694606162437
-0.516236,-0.417233461171819,-0.331813559968453,-0.268318992419659,-0.171249794650969
-0.0468538,-0.153000275920906,-0.176065984618361,-0.104111080422924,-0.217526287267096
0.0178796,0.212189209394831,0.0184140399418604,-0.0383891198020285,0.0609364619896292
0.352785,0.101293477719023,-0.0264458176170929,0.103748105043649,-0.218810466658874
-0.366719,-0.199431279832757,-0.213779969365595,-0.195805208266472,-0.264037035237832
-0.862285,-0.556367068264534,-0.378120015621406,-0.508741460605529,-0.449124327322668
-0.846729,-0.634907275847178,-0.455039108007454,-0.489824209830478,-0.0921747538321971
0.71194,0.245574299200455,0.0505000649407691,0.148803625014427,-0.473047542374124
-0.187693,0.0418828438917911,-0.058691052789977,-0.103997349374107,0.403644872466409
0.417922,0.163484921683887,0.0206793762936972,0.159907483657963,-0.13667443676051
-0.224858,-0.0122594795805202,-0.108992589930614,-0.0791342251129832,0.18899774693047
0.0451557,-0.0530682258240638,-0.101108360551692,0.00802989662913828,-0.0784222292517838
0.130988,0.342268377266874,0.0960299822728208,0.0265976819583054,-0.419362634616754
-0.871164,-0.547774613555421,-0.391814653496811,-0.479309604610389,-0.328557883702669
-0.860504,-0.633187597907084,-0.460597678646034,-0.490333725606553,-0.493485280436296
-0.245245,-0.28481042122132,-0.254098588452147,-0.197426445225437,-0.603609278969934
-0.423875,-0.349253666606902,-0.297025429633909,-0.22275572615925,-0.190313757620829
-0.0586484,-0.162695642996382,-0.174070319498461,-0.0486033154285118,-0.193128522263722
-0.0203638,0.222114518931509,0.01823637466356,0.0177113913488908,0.0829386887276128
0.410912,0.100892954259031,-0.0339375594038634,0.119490315342049,-0.256985317135176
-0.420454,-0.213519695633462,-0.23235405565608,-0.112306006136145,-0.236470632001743
-0.848878,-0.555626396312667,-0.374983120550768,-0.382742645818901,-0.471533887617747
-0.862046,-0.644006425693851,-0.456889084267197,-0.453795567588609,-0.0655227678962496
0.776666,0.251892349009865,0.0242278324638018,0.183752678684654,-0.503472917614931
-0.204149,0.0218446679382872,-0.0747176687368228,-0.0208902618381867,0.314832907957933
0.111753,-0.0438641056130098,-0.109921669303392,0.0424204099541928,-0.0413312630051907
0.0848364,0.312128231615209,0.0506886852484347,0.0861771889480348,-0.163331879152698
-0.404796,-0.333834683571042,-0.27087885956645,-0.206947125042132,-0.169732287459954
-0.488665,-0.386506171590153,-0.320396341408314,-0.242776003277848,-0.193733708916646
-0.0841145,-0.160957431121927,-0.167646441782564,-0.0642804353852217,-0.181240385852269
0.0832718,0.25408190950159,0.0449517997070129,0.061322732131733,0.0356571358719271
0.315414,0.0716694647589149,-0.0419693098119329,0.161282769602637,-0.160346349306932
-0.36851,-0.191576726461056,-0.210711283212973,-0.0971398937910137,-0.0522364049202799
-0.369098,-0.333724065334932,-0.265692778552025,-0.213818504880453,-0.35692572719569
-0.514642,-0.391754013695189,-0.325193153448311,-0.213961091622881,-0.192355928593249
-0.0470991,-0.155212158230632,-0.162917290261014,-0.0390470717140704,-0.212721265074567
0.0391158,0.215409837859831,-0.00400973594518731,0.0694210149337005,0.0498493257527056
0.324223,0.0798283394390109,-0.0386368214289458,0.17504831828017,-0.199510201452017
-0.342522,-0.180109473041999,-0.203447855980986,-0.0886029589823019,-0.274418054846696
-0.860969,-0.568176441450879,-0.381780385305623,-0.426820308716414,-0.441411876990346
-0.845143,-0.65512402516507,-0.45328371972094,-0.491018011918232,-0.1013232769938
0.685891,0.2372742658998,0.0355272320166925,0.292854035137586,-0.471884245626684
-0.140565,0.0642360674571312,-0.0514702395227572,0.0436423094186511,0.261558380183401
0.0690034,-0.060649843602257,-0.106103919060245,0.0886339082806541,-0.00390582434478619
0.157642,0.381415881740644,0.10255173537215,0.191178375274512,-0.277275162837834
-0.664423,-0.274700520090263,-0.168148365029735,-0.160691178124029,-0.0652535854713343
-0.870212,-0.669827353683258,-0.456913894031422,-0.465062640833386,1.28682245942536
3.68525,1.53258585849189,1.59408543916603,1.47772163221345,-0.462693914571169
-0.493306,-0.0584678868358799,-0.12353474680042,0.0123156556293795,2.55607847260773
2.5205,1.00379919137223,1.02930994328435,1.19017361154417,-0.117210808878924
-0.446059,0.1414685727755,-0.102454413243308,0.14161757781041,1.45007104883886
0.94622,0.270449917148971,0.227255011970444,0.341248596866174,-0.200635450303101
-0.72746,-0.461078316564331,-0.387948682244854,-0.131959730497725,1.31233265342337
2.14123,0.738069353833364,0.689448737639665,0.887109790339111,-0.22093538358366
-0.476258,0.0411760367823555,-0.147861810689425,0.100659635749783,2.41360996302219
3.65943,1.39416378958727,1.29793326551705,1.66100126413463,-0.167956813729605
-0.633331,-0.31041864996906,-0.304113041324772,-0.0644632667346281,2.69731868359535
2.75145,1.0608170153606,0.982480647634518,1.3886865461454,-0.149505970686055
-0.384801,0.145900105754401,-0.0855329841841133,0.16516790952957,1.50831990628038
0.8696,0.275992301338073,0.250356440329788,0.423129223920004,-0.156747131361538
-0.695695,-0.475841848555654,-0.368335159560215,-0.190105552129162,1.22438059462281
1.99417,0.755609305805416,0.707761303313002,1.02250713541804,-0.203460475249839
-0.383797,0.0529967718065022,-0.10964010784319,0.114723208964795,2.14432734094495
3.22983,1.35739706067963,1.30768097199661,1.86819598555085,-0.308511016257485
-0.514646,-0.252030564223755,-0.252434897802412,-0.0686557066128734,1.04475125540986
-0.712129,-0.30119015702372,-0.176999501849045,-0.161220182325905,-0.141537702825402
-0.871513,-0.670878503904972,-0.451661888718867,-0.429596042916775,1.31343148928653
3.84819,1.56167326898444,1.48336710389047,1.88322943735479,-0.532582443877144
-0.359221,-0.00312243651706593,-0.0984813039129026,0.116163655447279,1.81582351825779
0.620409,0.230738664495541,0.205534076379743,0.519099863195357,-0.057310903592054
-0.597932,-0.425121925381941,-0.321303819417546,-0.142417384080457,1.03361589405539
1.74778,0.696457781510615,0.683416136608838,1.13005616338223,-0.11578897178317
-0.237301,0.132889571654508,-0.0234448994152268,0.175577041594879,2.0303112927888
3.19961,1.34693592117312,1.25822783472896,1.9186103859534,-0.265186872392029
-0.529064,-0.258170825092757,-0.255400758485912,-0.0525332650912284,1.05480796156911
-0.683501,-0.27942741866425,-0.160354518381254,-0.147427470568137,-0.124028138387853
-0.882983,-0.688580608598864,-0.460249855484461,-0.414513040884054,1.51983129354057
4.27365,1.74355955000475,1.57017308896062,2.04892841356808,-0.439600335374374
-0.421896,-0.0733973829720339,-0.149765761141249,0.0884111824429,2.81454660691421
2.55186,1.0872966345047,0.983833932774376,1.69986563053148,-0.0739524952794853
-0.251659,0.19143937089454,-0.0276356937576931,0.218838245946605,0.760275409409683
-0.682617,-0.278308662379288,-0.163613620130007,-0.159526237147492,-0.254235482185835
-0.905648,-0.698391442103476,-0.470017683304497,-0.328683630323772,0.206297925736236
1.19707,0.42488627539379,0.27916760051257,0.679434468813176,-0.567639510556739
-0.619984,-0.452792623283357,-0.3404578894155,-0.136393215939972,1.26659421796718
1.90303,0.792255878537976,0.717106208673996,1.33390777101584,-0.110112370806127
-0.286802,0.0993938212043294,-0.0722671769702854,0.176753517706389,2.17105566505066
3.27263,1.4702977079771,1.36156295392688,2.16315329403369,2.98914839471087e-05
-0.552297,-0.282268159640178,-0.271887166898811,0.0316991838644644,2.98930362162033
3.77098,1.70683844937127,1.47662406390604,2.30789120146053,-0.0513005220379235
-0.452972,-0.109286998109061,-0.183360487437664,0.0919169040053087,2.71520416756366
2.58824,1.13688593671265,0.910617098443398,1.82022889669354,0.155362883150658
-0.212542,0.186168512732971,-0.0339993985120572,0.25086916516212,2.43121568347846
3.2153,1.48986187179215,1.28255716907001,2.21807017501656,-0.208267315198623
-0.562373,-0.29685728858707,-0.273979201045996,-0.0306597232462886,1.07935878499211
-0.670564,-0.281867206411177,-0.157207902822962,-0.153386158001321,-0.123165544389308
-0.894299,-0.719093975520147,-0.469743642802617,-0.406186802874293,1.63960155862523
4.54513,1.98802492990289,1.4830976287969,2.40552008079753,-0.439555528556856
-0.421931,-0.0903591637591941,-0.162506875662054,0.0883827793415472,2.95837765823155
2.58358,1.19048781169079,0.971173586112308,1.92785729403399,0.0473408606584813
-0.240409,0.194593257019817,-0.0451750698324596,0.21038597865543,1.43821092206502
0.822272,0.380711479162819,0.230672685029136,0.78306229664064,-0.0988169421717024
-0.688939,-0.490491757511093,-0.370112654498699,-0.199362698616066,1.22087498597393
2.0508,0.916119856776541,0.693498028705182,1.45469182915766,-0.305981479529383
-0.275039,0.0989625294949088,-0.093583286601365,0.193480604520078,1.16988732335924
0.839088,0.408210196616787,0.227941015015289,0.792705406853367,-0.142132977072165
-0.669566,-0.47441639979407,-0.361050036423015,-0.166424801250472,1.25154283715951
2.06792,0.917952871708346,0.672406108698886,1.4397310033239,-0.13308954313812
-0.273626,0.096861274375043,-0.08605184249762,0.17904046921638,2.2729390772018
3.4615,1.59221137480971,1.34575316691208,2.24454415162268,-0.273989103179241
-0.565826,-0.292337249748111,-0.279761665835186,-0.0740366503336066,1.18153842344372
-0.658546,-0.272448012761914,-0.166474403039019,-0.172116741577709,-0.0953871797700574
-0.898579,-0.711221850885838,-0.464653820735919,-0.468808012344234,1.75868318033057
4.81022,2.08116705470474,1.53407448307879,2.50116522244885,-0.444429438651904
-0.45294,-0.103593891141749,-0.181250178970445,0.106216466012153,3.13102661718937
2.68951,1.24782016592615,0.931452877662316,1.94169411406921,0.1513663145717
-0.288401,0.159650885874368,-0.0893480469312625,0.21980684735587,2.28891660873122
2.68043,1.26897859159768,0.984224560811446,1.97682655526107,-0.0099670314577013
-0.262519,0.174770941993838,-0.0663474899371696,0.208901663608298,1.4833846391476
0.849188,0.402120022659365,0.220842664968652,0.774722685357223,-0.103382942878318
-0.710664,-0.49275334640565,-0.372946933237842,-0.158912724979196,1.29224092565123
2.14107,0.963521904530038,0.667625253394681,1.471274981994,-0.165350112415724
-0.314797,0.0621925876091204,-0.11009919009613,0.178299454483692,2.30801018058559
3.47929,1.65814779090705,1.33165503143456,2.33150916948095,-0.295270376251853
-0.584603,-0.299309984904746,-0.292047255663814,-0.0548929679495763,1.18679116120943
-0.658736,-0.260448330477266,-0.144798691589701,-0.191607884460543,-0.104211597744141
-0.903137,-0.729671825161046,-0.470579579741363,-0.449977695548072,1.75924916188948
4.78381,2.15203589750561,1.5119824925193,2.6394150986379,-0.360254268790411
-0.432818,-0.09271493909354,-0.171396339941609,0.106863779203616,3.63739069549891
3.93756,1.85735950183239,1.42448112188869,2.45368867419103,0.0744328542537762
-0.482774,-0.11278502071406,-0.210882735192364,0.117504473013073,2.81260660732331
2.69307,1.2621055604423,0.902995681381219,1.96238703969794,-0.100712589323189
-0.232495,0.198090088333665,-0.0565487966360113,0.232521233852876,0.81722980769946
-0.677775,-0.280281118875807,-0.160136862038067,-0.216474972964632,-0.23705533274183
-0.906216,-0.732589815849748,-0.470690513474613,-0.367856086358248,0.219060427954373
1.21791,0.534848199360334,0.268516205512797,0.801564657459006,-0.570977715339946
-0.635813,-0.461390069381136,-0.341694206965659,-0.219767053005417,1.29422956870381
1.9514,0.925411203625042,0.709300254164883,1.57398504702465,-0.127933532607945
-0.31371,0.112709465866292,-0.075731095115256,0.169033068423178,2.18467011397506
3.36302,1.65121754558447,1.3444690403955,2.36963089453406,-0.305518197305295
-0.582704,-0.28408145522845,-0.282368755913518,-0.0592188328432881,1.13201099704603
-0.664468,-0.275681544877572,-0.159018247798814,-0.244932275232853,-0.120134406325543
-0.919007,-0.73454021749994,-0.475493692561133,-0.41184328391471,1.73987813145451
4.77684,2.19955787970113,1.57694748651598,2.62885248779376,-0.453891771433581
-0.449614,-0.0598349616661644,-0.160716175033824,0.11779793157907,3.10565648349547
2.70602,1.27700435595218,1.00800426115333,1.98905356962401,0.0385745733579144
-0.272293,0.21549979696036,-0.0474989065048725,0.218396130012092,1.50461335882287
0.853701,0.364020238814109,0.2595698699216,0.786050837082805,-0.100561643403233
-0.684492,-0.467559532785214,-0.363703630492888,-0.291007332125758,1.24677720684196
2.02198,0.931472561266091,0.687065730321034,1.50180744362182,-0.13134208140165
-0.247352,0.175012967891171,-0.0640786620333413,0.164247211759763,2.2186514410985
3.34259,1.61054215215564,1.29341805851091,2.37641688547599,-0.15619451486816
-0.530879,-0.242198553223301,-0.260217977498445,-0.0761542764894181,1.76452193695443
0.856438,0.397394939563961,0.227181823557671,0.760963310406883,-0.165388082169365
-0.672953,-0.458555932363627,-0.355884727844865,-0.274677770066896,1.24730127873882
2.04981,0.948034251204245,0.681286412631572,1.5153909674837,-0.139608458330898
-0.275133,0.16246121223157,-0.06024799352319,0.140850058662964,2.23140541788642
3.37791,1.65068102216792,1.35930279256039,2.4587807835991,-0.263620566188151
-0.531496,-0.227084094480794,-0.258014396727639,-0.0408106837174467,1.12993180486768
-0.688969,-0.309357759265599,-0.180979585854521,-0.254477312969722,-0.105315012248899
-0.906779,-0.738346463412637,-0.467972122029681,-0.507353112605584,1.64198259498674
4.55545,2.13996181361558,1.59700140812161,2.87251077590313,-0.428902328111635
-0.367658,0.0122965396985662,-0.125417734226436,0.0987853070309527,2.91938201271378
2.50295,1.24217592725286,0.99563708336155,1.98643267382503,0.0161105322466675
-0.142808,0.323007003818562,0.0149136321101598,0.255206236770433,0.765859343752822
-0.709808,-0.318212207741483,-0.190055656399852,-0.21444533230141,0.00192371023955879
-0.907026,-0.733451043968899,-0.46974987365346,-0.543391298559385,1.61869972761807
4.48,2.11114738731541,1.59132039845897,2.84355107511566,-0.422354422343947
-0.377464,1.09526693182916e-05,-0.126417640705723,0.136336507310159,2.95166019660399
2.62959,1.26535016262765,0.936185636737973,1.9305751346323,0.0763306024194963
-0.212691,0.301078520297832,-0.0230375303744644,0.281472250472284,1.47747255699948
0.859554,0.397342698169717,0.241167234248935,0.75883524403976,-0.0725773346916657
-0.672678,-0.461288483000578,-0.359293671503592,-0.293383084562855,1.26764861832633
2.05202,0.936943553157173,0.661664339766186,1.44955075151741,-0.108650527172845
-0.206716,0.194992341583699,-0.0468964565691587,0.15775193348182,2.22901681830667
3.29303,1.61847759801899,1.35869878462325,2.44773351997506,-0.0183941961603647
-0.51452,-0.218144355305452,-0.244988569641871,-0.0267186160918415,2.48954512510294
2.56134,1.28391795450617,1.00346902779711,1.95464373376355,-0.0374050907257956
-0.174886,0.306802902795526,-0.00574726713984149,0.236640309124177,1.38716833937233
0.757747,0.386619802723374,0.242721236462646,0.774301571867419,-0.0606207362196566
-0.64336,-0.448319548001037,-0.348018391515757,-0.282917943666348,1.16259193014595
1.90703,0.918290419917459,0.675008544376857,1.41572069146987,-0.112375022061832
-0.218045,0.202682348561678,-0.0203431831002168,0.145001260199769,2.13506998671774
3.29093,1.64853404804542,1.37738531115219,2.35136686343167,-0.24800944841702
-0.531748,-0.237139108336195,-0.258622361630631,-0.0883312626837295,1.09714387094958
-0.684782,-0.295111039602182,-0.182509819670176,-0.256838335681188,-0.110020444780338
-0.912455,-0.733091186026025,-0.469163621363211,-0.549262312258556,1.66362661520234
4.64234,2.11015901411305,1.55931426880311,2.66582185670125,-0.53948394051142
-0.360395,0.0411851026753149,-0.124837797863839,0.144154733185745,2.21301858961009
0.768781,0.376402907963601,0.211861003301283,0.730477593538057,-0.014515110274624
-0.651334,-0.447761541769058,-0.35415072838411,-0.239469501944796,1.2089292503201
1.98911,0.960273407210205,0.645164801322182,1.47079520046492,-0.113177763334059
-0.232769,0.206126515827178,-0.0438151012261696,0.17002271511744,2.21651216678798
3.40016,1.68400519236621,1.36234640192543,2.33757426297441,-0.246802273351539
-0.526954,-0.228626738191841,-0.259135013689286,-0.105684988156794,1.14576747159191
-0.680629,-0.270710909337087,-0.181017584154195,-0.20970575455716,-0.0969846785560591
-0.91267,-0.737374155815178,-0.469899162862435,-0.544031239612448,1.69383119772501
4.66745,2.23042081186108,1.55496300791753,2.66093187736175,-0.429791906511495
-0.37733,-0.00126289826235199,-0.124209839992805,0.0962980800723089,3.00006592853614
2.59464,1.29379880062133,0.972335773155863,1.9258094549201,-0.018330721396656
-0.222431,0.29775915008562,-0.0134120651680846,0.25277326994953,0.780979619702891
-0.690496,-0.281487473051041,-0.175527424030186,-0.271823490103401,-0.244196400068118
-0.920582,-0.743715834751041,-0.4743354048535,-0.61509263670445,0.211398994817595
1.24875,0.548120504385244,0.265711790007517,0.731385609513475,-0.752480849029783
-0.61709,-0.432537569244999,-0.337277207739469,-0.287714259911153,0.931406694789636
