1000
-1.00118,-0.767388439977857,-0.462878236096347,-0.754534626082453,-0.423742853018737
-1.05473,-0.923663335729204,-0.545235925196886,-0.594106724297365,-0.295584348983543
0.400444,0.348193011350922,0.102902412784106,-0.453442196145014,-0.608067191724703
-0.369328,-0.394818797696039,-0.199444345250812,-0.471088437231987,-0.297571629032258
-0.0968718,-0.0774268772953371,-0.139159290557154,-0.286757384502298,-0.372698182434845
-0.0666322,-0.100207047728439,0.00967461970385427,-0.426951481495317,-0.451793579111728
-0.813923,-0.51801984201939,-0.337282604439953,-0.438961107053822,-0.347070971200555
-0.71129,-0.590277538486173,-0.4507482177941,-0.346133990087902,-0.430728855655795
-0.717598,-0.288828929162326,-0.142338972761941,-0.526381366026183,-0.408810389104788
0.160391,0.104570757739422,0.127081910633807,-0.636431125296242,-0.618080418736988
-0.6716,-0.201682958223508,0.0982373109568294,-0.632215717705614,-0.434018278001388
-0.488654,-0.159235872974823,0.0323046143462928,-0.315348355128343,-0.551620075641915
-0.778046,-0.29478354242712,-0.0189847137085836,-0.56167726825761,-0.483461552394171
-0.0474034,0.19388831666409,0.807289768524387,-0.727013667321806,-0.715784588480222
-1.00797,-0.489706240530147,-0.302501565823973,-0.708042618602671,-0.524695163775156
-0.774704,-0.375072524418696,-0.198356348021708,-0.74482231084532,-0.65961496703678
-0.880505,-0.383026188567683,-0.113960036363728,-0.72718991254274,-0.617494120055517
-0.208429,0.129609643652453,0.712118352997883,-0.7575494951673,-0.775708203678001
-0.728861,-0.21346466289887,0.0938850768364911,-0.739237802357748,-0.649936619153366
-0.536833,-0.209893758429005,0.122571392105776,-0.81043937028101,-0.787938051700208
-1.14669,-0.616501056325481,-0.436615287278006,-0.800695599189918,-0.678828528105482
-1.02438,-0.612515956009313,-0.498378446987121,-0.86498273350719,-0.711462164469119
-0.560493,0.00200494660656688,0.259968886111085,-0.781809370595796,-0.757084342123525
-0.330301,0.0246786721299949,0.414855533572351,-0.88603380121136,-0.797082974323386
-1.00332,-0.536500889919772,-0.295218658897658,-0.778455532754781,-0.622244348369188
-0.726374,-0.379296374204553,-0.241748259785373,-0.684385598651748,-0.702465279319917
-0.876658,-0.365870682488458,-0.101756174164554,-0.706926388947485,-0.610297899028452
-0.13751,0.154885412086217,0.624011452705845,-0.721768534638255,-0.761977678348369
-0.715431,-0.161382959623553,0.107998530811095,-0.704728633766393,-0.618432674184594
-0.464934,-0.187575555630914,0.0907698346545733,-0.778076903163387,-0.760806235600277
-1.14898,-0.634898387539549,-0.465498545100254,-0.760344401398185,-0.611578182512144
-1.00911,-0.638787081776154,-0.526729960325758,-0.837322211134435,-0.640051019430951
-0.539946,-0.00775537641188797,0.283207698633079,-0.726888696493913,-0.680897498265094
-0.254346,-0.0460483288309815,0.333429069894073,-0.610393043975022,-0.713626078070784
-0.802496,-0.284030375671343,-0.0160744778566516,-0.604212346312102,-0.555918739417072
0.039077,0.308419234735254,0.893102168879129,-0.630268314031085,-0.84243996148508
-1.15416,-0.65777771521363,-0.447891472066023,-0.843370395935912,-0.610132195489244
-1.00657,-0.691908887439141,-0.501160199500966,-0.898461992860377,-0.725800421235253
-0.976201,-0.481026455504172,-0.282486257228212,-0.86974163247466,-0.720923869188064
-0.669603,-0.436721817712672,-0.20393072914758,-0.934810710073154,-0.746820938584316
-0.880639,-0.377943074501425,-0.136590953139967,-0.775376681097775,-0.58104720888272
-0.0654454,0.194956269717215,0.679801415337629,-0.701945177059821,-0.728467614850798
-0.718779,-0.269015038442005,0.0945884460475722,-0.61146867609078,-0.483798573490632
-0.4338,-0.148103496725888,0.153838284427623,-0.458899038294527,-0.537050691880638
-0.618594,-0.323505961028306,0.195602869906133,-0.580604736719448,-0.449520013185288
-0.238463,-0.0333455018957371,0.484346186846539,-0.462983134499501,-0.548648968771686
-0.810321,-0.398664285603361,-0.0404195871507815,-0.551597438659001,-0.393331775641915
0.0859352,0.14782814060869,0.92969299361318,-0.513204072461876,-0.661630759888966
-0.736085,-0.26619644967484,0.0537659594127434,-0.640363594925145,-0.495562738376128
-0.420425,-0.180934485617002,0.143560733779531,-0.768758768430494,-0.692760682512144
-1.15329,-0.624785656242852,-0.449811944740284,-0.746004602765911,-0.558788156141569
-0.98786,-0.617624886227654,-0.509787314762803,-0.83333523991139,-0.609055565232477
-0.548321,-0.0542691367353592,0.250005436827801,-0.706055540426508,-0.62916610888272
-0.175402,0.0370980758148729,0.483939843445698,-0.647267760938455,-0.672755836224844
-0.812133,-0.35243042013453,-0.0689340295222941,-0.600412463179236,-0.449528670020819
0.121972,0.301174699617691,0.936733625530952,-0.57296184898404,-0.721786257807078
-1.01776,-0.514700161105295,-0.310301075462321,-0.65777551105811,-0.464793246356697
-0.644742,-0.345639702389254,-0.268599189113024,-0.680183553554456,-0.614617814712005
-0.88869,-0.369804743249881,-0.139571007905289,-0.789871516227606,-0.520855183865371
0.027033,0.27643230938118,0.711568070855509,-0.827871100442556,-0.76189331592644
-1.01846,-0.522842386450809,-0.315611525835573,-0.725264006599951,-0.494061990458015
-0.618261,-0.32379772808629,-0.184469091501517,-0.704463005524941,-0.63751271426093
-0.891756,-0.427939341903293,-0.210471528103305,-0.644407008441888,-0.515712761797363
0.0548591,0.233189547336038,0.705772843157354,-0.678440697960847,-0.731201202290076
-0.723827,-0.213524344541403,0.0353752810443972,-0.649460800408482,-0.531274924531575
-0.354861,-0.141677424554798,0.147853656652017,-0.735572998948903,-0.724907694482998
-1.15969,-0.636013837664866,-0.488551553424529,-0.711804301647046,-0.546987772900763
-0.966465,-0.614999249410407,-0.535654988195534,-0.814733006942201,-0.585525374219292
-0.54038,-0.0542227792331961,0.21469854786349,-0.684301618545638,-0.567842351457321
-0.117578,0.0857545193980761,0.503231442178036,-0.625009954983288,-0.602372738376128
-0.815673,-0.385936412590495,-0.0834781711803294,-0.68846823138944,-0.34436139555864
0.224462,0.273796296220936,0.940239572069973,-0.134040210588744,-0.600019695697432
-0.825486,-0.410231063999905,-0.0497915152968224,-0.680187943693631,-0.297396794587092
0.195306,0.328702530504149,0.931611868485234,-0.219592689756324,-0.622459551006246
-1.02987,-0.53707666083068,-0.312191542170568,-0.658138276796541,-0.372921580499653
-0.607496,-0.332120838415349,-0.193894292833225,-0.683025655319526,-0.56091822796669
-0.900673,-0.40591317344833,-0.146702844222681,-0.678803873997783,-0.461077347328244
0.106093,0.298379980227663,0.786528732580187,-0.675181622240963,-0.719547304302568
-0.730791,-0.163230516833267,0.110960110530003,-0.646092903430758,-0.507139031818182
-0.319877,-0.111744170841529,0.202157864380509,-0.733654336706034,-0.712735147987509
-1.15912,-0.622483075515101,-0.454667633938436,-0.682141327918555,-0.53359251370576
-0.955942,-0.633567709440545,-0.502774080016697,-0.790698150861974,-0.578242218424705
-0.54608,-0.0223398021881687,0.209580108742661,-0.627079248929054,-0.556847796148508
-0.0843247,0.129868156369321,0.528882396205497,-0.254406302151376,-0.608563801526718
-0.640497,-0.177688689569197,0.19189038875526,-0.55078259728476,-0.422243966863289
-0.113986,0.0687029678704173,0.542395586494565,-0.152793115633509,-0.581286873178348
-0.822328,-0.283160092879445,-0.0150436050968773,-0.456055663566734,-0.40439250537821
0.233141,0.452332175279869,1.01142720639368,-0.601387151246669,-0.767304676439972
-1.16442,-0.67318812328789,-0.475643565174814,-0.801519616784786,-0.514025192123525
-0.957923,-0.67892943266907,-0.508607018097957,-0.865585672806927,-0.677783244274809
-0.983781,-0.503686751761801,-0.300168728597159,-0.839716946451836,-0.648959339694657
-0.550851,-0.380352191854781,-0.174430638928355,-0.907756260105295,-0.718230608258154
-0.891913,-0.39075510561019,-0.155217319610919,-0.742946579507619,-0.536547387925052
0.150037,0.344267752565277,0.831684414844901,-0.645313484492098,-0.765954491325468
-0.726998,-0.163526222489691,0.0817446904616045,-0.622932265669612,-0.515123891464261
-0.296486,-0.0882480589399592,0.221118407338171,-0.717505453619112,-0.702883520124914
-1.15982,-0.622714546825637,-0.438475248753382,-0.668112863956681,-0.512095404233172
-0.952453,-0.625264334856945,-0.503127859491487,-0.780174038220809,-0.562360656835531
-0.535569,0.000626769197944023,0.208115355870079,-0.659629344501244,-0.561133119708536
-0.0334462,0.144939077710514,0.553658271662803,-0.530284581132595,-0.629065761276891
-0.812262,-0.295062123076134,-0.0388917990530897,-0.553988050935759,-0.354255346634282
0.328891,0.468980594048216,1.09987227569742,-0.484185125033304,-0.672532454892436
-1.03034,-0.542342947677521,-0.346935308418549,-0.597256487571998,-0.344768668285913
-0.539153,-0.299609633796942,-0.159121912424503,-0.651912610999948,-0.52104819777932
-0.892016,-0.384529285327852,-0.153260185227084,-0.623500483873974,-0.389917021235253
0.224982,0.397560096400829,0.874568334572017,-0.631086643465312,-0.667291243233865
-0.722555,-0.197907273349897,0.0634203863573373,-0.603749643782297,-0.406059401457321
-0.237104,-0.0471204545358051,0.235140249187025,-0.580368482017945,-0.615401543719639
-1.02039,-0.501164678537362,-0.320202713463741,-0.5599179411406,-0.428390904233172
-0.501028,-0.281645097590757,-0.151086674173893,-0.584778069500149,-0.580617609646079
-0.894866,-0.37410950466542,-0.15622525723052,-0.617580502966077,-0.419276544413602
0.268749,0.429257184629282,0.843741779031967,-0.612591197719109,-0.701624651283831
-0.724924,-0.154158254594966,0.0878151981970798,-0.582154272372303,-0.43929089056211
-0.196153,-0.0397811272398877,0.241877067242323,-0.683496436704609,-0.67531907425399
-1.16207,-0.619353430532988,-0.481705254692156,-0.635121296394206,-0.457082382373352
-0.925978,-0.61970824563068,-0.522915964312344,-0.760796592903518,-0.520773614156836
-0.514495,0.024555194690075,0.205128703381267,-0.619180316181517,-0.520164190492713
0.0917704,0.225906595368137,0.590059410454503,-0.485279011971881,-0.604776411172797
-0.807776,-0.258357115641887,-0.0631819211409488,-0.47280819146178,-0.231460119014573
0.470687,0.629619573885009,1.1627073388079,-0.478537929965362,-0.557863999653019
-1.18957,-0.727920316412265,-0.61502905240815,-0.436833077904468,0.023035212352533
-0.791646,-0.656527183881936,-0.489125658121174,-0.559003558246346,0.102503835530881
-0.303968,-0.242015357787453,-0.163809058788961,-0.589109821680892,0.41363696925746
2.72456,2.31658106630515,0.512273129490182,1.19426322964558,-0.0395416689798751
-0.759212,-0.65827899563005,-0.403825968701652,-0.614462846688757,1.13972751977793
3.66878,3.70482156939546,2.14533058650998,1.03811997722467,-0.090154212352533
-1.02183,-0.909990091205164,-0.570254526821555,-0.54315143474946,0.949181976058293
0.284038,0.0961474764210679,-0.0591599653598704,-0.316856617873847,0.321535066967384
-0.830739,-0.719071879379528,-0.416295998064842,-0.503941763997827,0.623436495489244
1.66493,1.62901326414204,1.37874894327102,-0.158610181784582,-0.0894519888965996
-0.507735,-0.37614043866477,-0.227025399683534,-0.34038531563996,0.489422002428869
0.584331,0.479519840224789,0.384824534750379,0.106847173794631,0.0577181089521166
-0.649844,-0.479318022573852,-0.33016068326925,-0.325298041410363,0.510924407702984
2.03468,1.88134980061467,1.28170625862506,-0.162497743579863,-0.216927010409438
-0.978235,-0.771403285853617,-0.523684088444477,-0.40500393685649,0.526040124913255
0.136676,-0.0550064772050271,-0.0651482014037551,-0.400043810961168,0.0993811537126994
-0.796695,-0.622314102778717,-0.421082320757861,-0.438307822468565,0.454345070437197
2.27378,1.95890073250941,1.01162034992504,0.0357278767103955,-0.309389807425399
-0.604335,-0.479320401284341,-0.324401026741203,-0.321902007718879,0.413021290770298
0.90861,0.88078788262926,0.416284576584317,0.168819243390668,-0.272868055170021
-1.21179,-1.01269466921807,-0.641225758589075,-0.427695027873592,0.115806309854268
-0.764188,-0.787377404293899,-0.524384447730207,-0.668789148399909,-0.099778141221374
-0.421276,-0.358261120121712,-0.256377183317733,-0.53746449792921,0.00210413948646777
1.47939,1.44036690126086,0.792037223264086,-0.558937430885842,-0.445482847328244
-1.01621,-0.836245019075294,-0.559755700920999,-0.612114594422338,0.250647267522554
0.213609,0.0147542565984394,-0.0641469236292722,-0.282395215580283,-0.115699864677307
-0.852308,-0.709780598231169,-0.493251483735653,-0.503966915790114,0.29927457702984
1.90783,1.79952014076453,1.13986496000713,-0.171125063598035,-0.359186086398334
-0.565826,-0.41987475511657,-0.307540460502919,-0.306156825964429,0.248645567314365
0.62835,0.558957123723225,0.325645492061156,-0.350207408374058,-0.314254163775156
-1.20049,-0.994230301044905,-0.603447162772641,-0.477429426326823,0.0788246648160999
-0.784326,-0.806510729628604,-0.547141687451116,-0.703487639489947,-0.0724809760582929
-0.31516,-0.258441956479791,-0.212220694114692,-0.394716638239487,-0.0167393473282443
1.10616,1.0736911214598,0.699950860547847,0.254156617345341,-0.287655361901457
-0.694105,-0.517646041750751,-0.391957941595935,-0.380333647427889,0.295327704024983
2.07831,1.8686034935377,1.22355542152692,0.0731864339375569,-0.548020683900069
-1.20565,-0.997184580918311,-0.633096035936472,-0.636085237471507,0.151375003122831
-0.781474,-0.810572731811012,-0.595083196263888,-0.784345052021518,-0.164895532269257
-0.933222,-0.750154259366117,-0.522832446653664,-0.680762290162839,-0.0824596231783484
0.254373,-0.000861692756415535,-0.0619664928997104,-0.663634306511241,-0.285796794587092
-0.791811,-0.641816086550798,-0.446699467767992,-0.506155351670104,0.247089817834837
1.76345,1.52747589888233,1.06710431342648,-0.126700693394359,-0.318082108952117
-0.502819,-0.367367705235868,-0.274969053084935,-0.238827660318257,0.415378990631506
0.597866,0.437863382946048,0.305813205043824,0.23541720918983,0.115409713740458
-0.424907,-0.313753156597783,-0.235212821802279,-0.285493448844628,0.460454646426093
1.01954,0.94581831749541,0.664591199288481,0.425440208210714,0.0852318213046495
-0.692108,-0.535316125473396,-0.399399146502924,-0.241117990584734,0.597321459750174
2.14392,1.88385810916997,1.25544210685517,0.241087882506635,-0.221626681124219
-0.561463,-0.411160638595005,-0.307336605491602,-0.36075322974085,0.37731522241499
0.582453,0.427655357096572,0.289256670261401,-0.351213602393298,-0.214220575641915
-1.20363,-0.981659440182739,-0.631667593388946,-0.438406351719961,0.120404370229008
-0.788073,-0.814418627319321,-0.568017066228842,-0.673397231491219,-0.051493175572519
-0.286006,-0.24132462962787,-0.238140359485542,-0.358108214135535,0.0205083098542679
1.10873,0.997400241835964,0.698397344208554,0.220715257039231,-0.222357256766135
-0.684772,-0.521062576645752,-0.392930173835548,-0.372700201845162,0.441497246009716
2.03418,1.74015505988861,1.1542754516475,0.203073526458435,-0.293397630117974
-0.977214,-0.789466617555751,-0.551961240836149,-0.381574386081088,0.434171554476058
0.150204,-0.11238393902043,-0.127597395519203,-0.404091698330555,0.0191929430950729
-0.791701,-0.665201288535988,-0.46736666647517,-0.580797300614331,0.360359679042332
1.82093,1.54706470438995,0.889616578454534,-0.423283503185448,-0.329419638445524
-0.96776,-0.795787930704573,-0.528905904492359,-0.451480302582689,0.385288780707842
0.168378,-0.0758132604241146,-0.116580576275445,-0.40441543747715,-0.0326919826509369
-0.767947,-0.662132646445516,-0.456216628591297,-0.359801444727632,0.313051114156836
1.81108,1.47961711456914,0.831919588050606,-0.164806966708783,-0.329787595419847
-0.495986,-0.372490936523897,-0.294441742096948,-0.196262384596789,0.231263525329632
0.552806,0.394499048104481,0.232101594541783,-0.266472910054786,-0.303310828244275
-1.20281,-0.96309258314582,-0.640686527794967,-0.399289395003107,0.0723947928521859
-0.778288,-0.81025465296097,-0.580789744835745,-0.654006717322651,-0.0567811828591256
-0.236844,-0.20101045314844,-0.236875744821798,-0.327315894551123,0.0669465232477447
0.993365,0.899538651995189,0.51340512033004,0.0871034188156196,-0.0851102508674532
-0.642717,-0.479629235479103,-0.401527342078,-0.420335277165119,0.569139711658571
2.10099,1.78945701567521,0.905866740751064,1.22755691099607,-0.0698930749479528
-0.659152,-0.517363971143616,-0.402484356061433,-0.441632879031969,0.752652606523248
2.00903,1.77132430282138,1.01740801316922,1.18176022682974,-0.0593772418459403
-0.966752,-0.767365942638683,-0.543251562382644,-0.332032981071,0.577841454545455
0.166468,-0.11679420543139,-0.178628753872809,-0.379730001696734,0.0969000322692574
-0.775672,-0.623678598862431,-0.483890301673658,-0.339103812546533,0.380602790770298
1.76175,1.38563751995337,0.825805666519018,-0.144494866192519,-0.313695801873699
-0.479637,-0.35797297125154,-0.321822370719285,-0.219313464811909,0.228345992366412
0.563587,0.399672490415331,0.181644430059228,-0.203714425446034,-0.297434172102706
-1.1999,-0.933424800199862,-0.627117744245976,-0.39702691632434,0.0564269927133935
-0.788767,-0.791447286162502,-0.566296007211254,-0.642977575153695,-0.0790570062456629
-0.211374,-0.181911096791646,-0.238255352843363,-0.237247336442164,0.0190455881332408
1.01148,0.851216159046512,0.599851042075338,0.437378332778645,-0.17008889555864
-0.382642,-0.274244481690109,-0.255404675768508,-0.228002548858192,0.30485735426787
1.00495,0.858919698125335,0.457264952426793,0.736597300845411,-0.0688982984038862
-0.65566,-0.503893886537587,-0.396747461259456,-0.102697839295282,0.407588176613463
2.05913,1.75143754955424,0.891920488120747,-0.0576926185357811,-0.444437528799445
-1.20642,-0.980899296737124,-0.612025827131019,-0.588564593132513,0.19200993407356
-0.779767,-0.794767964218348,-0.581568126069969,-0.73679168476207,-0.169908726231783
-0.903176,-0.707810088354166,-0.538904134301603,-0.618830105572619,-0.0962020496183207
0.218967,-0.0848726100291933,-0.165924614853359,-0.657064532063441,-0.306991269951423
-0.755464,-0.58283750209437,-0.464573649293537,-0.448469627494039,0.132682193615545
1.66256,1.28717874622214,0.72132493474093,-0.155919434263448,-0.44578112074948
-0.457812,-0.322869242551632,-0.300687844101552,-0.163250662046141,0.12720352463567
0.499873,0.308624926163673,0.143139723945515,-0.278972437019382,-0.302105991325468
-1.19816,-0.903025088874952,-0.623103073118389,-0.320449117741978,0.067688654406662
-0.770233,-0.809081170078667,-0.600551755150567,-0.54701233903502,-0.0584646183206107
-0.20047,-0.17376581716278,-0.241267787026041,-0.296636860933963,0.0102112244968772
1.03552,0.8689861256854,0.484856753531068,0.164879607269913,-0.1746733462873
-0.634851,-0.502293098834339,-0.411479589855454,-0.298636303951356,0.46410322796669
2.14565,1.65749175770635,0.882935676845596,0.150363941053057,-0.264231457321305
-0.952966,-0.774680193643661,-0.537920003466636,-0.32246960550768,0.499698165857044
0.142574,-0.136445927167216,-0.227002640150409,-0.352414951784945,0.0996294108258154
-0.774797,-0.618885431832625,-0.455893762405045,-0.314429684330769,0.413934018736988
1.83871,1.34133920022618,0.702668830503654,-0.213086444731633,-0.260144399375434
-0.477445,-0.349856873279009,-0.321679109713918,-0.173772031628948,0.354014946217904
0.565602,0.321703998419107,0.215494735390505,-0.158925018146863,-0.113188706453851
-0.948123,-0.752168749063597,-0.549595806436556,-0.252640645528471,0.250573179389313
0.133977,-0.15964958257403,-0.185498670876632,-0.257086825698095,-0.0558585208188758
-0.755958,-0.570953654943101,-0.464501467179658,-0.315145587943353,0.311948694309507
1.95499,1.22576395759607,0.766239091713664,-0.150890765316318,-0.363353476752255
-0.451216,-0.331797941368523,-0.322218739603591,-0.187210881134877,0.243774183553088
0.590394,0.271271280724062,0.142947469146681,-0.221147018353999,-0.260218362942401
-1.20219,-0.896577268340602,-0.644727886560702,-0.346937858993469,0.128602681124219
-0.791358,-0.785286050409419,-0.611202875492691,-0.591652995653604,0.00275681540596802
-0.140365,-0.150317488400291,-0.241630567569882,-0.255430160741834,0.0287992612768911
1.17334,0.748021910537957,0.519095397186861,0.219931688548622,-0.187459501040944
-0.629009,-0.4654649407335,-0.412378433708884,-0.166496222507598,0.408177784177654
2.34966,1.53399560504681,0.923855153799483,0.0449469406698412,-0.480936871963914
-1.12596,-0.808098620626141,-0.490098579843515,-0.558775837663455,0.230850017002082
-0.938114,-0.776409415506232,-0.513094682268203,-0.734364826192928,-0.0586474861207493
-0.449856,-0.0441482473715942,0.0257371541943725,-0.355398958849275,-0.212193534004164
0.169145,0.285539890555219,0.422273721128153,-0.353381444253473,-0.382038929562804
-0.78072,-0.322466414036973,-0.235159253637065,-0.51916684924433,-0.0504432442748091
0.914262,0.846192096732747,0.987542529835051,-0.342325427106082,-0.55398243684941
-1.01181,-0.561239577472069,-0.441484590368389,-0.501596863716661,-0.057798022553782
-0.294365,-0.326199090654913,-0.250806473938903,-0.542055733825641,-0.280501849757113
-0.845661,-0.423968119232064,-0.324352791995187,-0.489045497308445,-0.00221098716169327
0.972495,0.844174589896131,0.761706796345105,-0.402059481065127,-0.403424028452464
-0.632543,-0.244347615954718,-0.131814527639076,-0.479290898605729,0.0749614424011104
0.260808,0.124462007913019,0.123872364074017,-0.0871340391995533,-0.204884115891742
-0.723975,-0.367277925096296,-0.230565378596981,-0.370951420241321,0.154725504857738
1.37619,1.16910371271922,1.07173255632171,-0.384174920592455,-0.411013229007634
-1.00775,-0.650725348702053,-0.439106774281856,-0.381029457730171,0.163367304649549
-0.135645,-0.293269876944408,-0.240475952086154,-0.435384792032818,-0.1833833407356
-0.819552,-0.476692072062945,-0.316525842944685,-0.408703120235993,0.0558598580846636
1.2131,0.947859300220661,0.824393734865466,-0.325515669987629,-0.450408772727273
-0.604735,-0.206081601229863,-0.123764857028521,-0.30872208548361,0.0131061353226926
0.381947,0.153835699396433,0.146403675825661,-0.437262750123672,-0.444916048577377
-1.16058,-0.789342528211173,-0.532947938729392,-0.448153496434245,-0.147353080916031
-0.864577,-0.790438792701316,-0.579177343438332,-0.608220438892105,-0.265958879944483
-0.281648,-0.0400362832195466,-0.048843380720483,-0.361012871834762,-0.247420078070784
0.877337,0.627746963138261,0.499561416676803,-0.620007972491118,-0.504814757460097
-0.992012,-0.651112955196458,-0.433817335612927,-0.470044651581203,0.0112006710617627
-0.0670882,-0.267216512270432,-0.255686977265061,-0.277656417320847,-0.256588750867453
-0.819658,-0.460006972555754,-0.319598803780883,-0.372708232139629,0.0584546183206107
1.35026,1.02085176261301,0.818704217365673,-0.293251500402499,-0.441104928868841
-0.602161,-0.212639150149238,-0.133028943060803,-0.293050458346144,0.0519143702290077
0.452077,0.191657038045051,0.145784523918158,-0.424559792432736,-0.412114473282443
-1.1604,-0.791401525183154,-0.533920434618959,-0.420284850152739,-0.052462406037474
-0.865583,-0.793625246416477,-0.593544786186336,-0.582448486843273,-0.148419095419847
-0.265172,-0.0500463116630713,-0.0504017609880958,-0.368569908895604,-0.136955075641915
0.915863,0.63272474691446,0.495069176506855,-0.0478693922216406,-0.352146127342124
-0.716198,-0.36931618470789,-0.247071554323474,-0.219847987583085,0.155431402706454
1.6715,1.40526601989414,1.09093281838449,-0.102753394520028,-0.589131472241499
-1.16856,-0.869788892921199,-0.546914695096474,-0.616930980630513,0.00179504406662045
-0.870788,-0.817046872261136,-0.587098612569653,-0.690474781705743,-0.261959249826509
-0.918898,-0.646766164515012,-0.408671332056057,-0.653408273848084,-0.213879860166551
0.0403876,-0.259083908155557,-0.233257291891334,-0.737146639214666,-0.364748477099237
-0.802429,-0.475760937410542,-0.316250395509171,-0.519254416784772,0.101251766134629
1.44409,1.03020753391055,0.822737709216997,-0.221850558217206,-0.376395862248439
-0.588726,-0.237055945199839,-0.155965652092991,-0.197223364258177,0.304675297362942
0.527055,0.249087052268718,0.148079530260855,0.223948536072781,0.0335946151977793
-0.416883,-0.217595159023794,-0.163667522443187,-0.17009603745697,0.379802685843165
1.05372,0.710288536223505,0.455257457728474,0.300151509909437,0.00676583483691881
-0.71091,-0.385563044705424,-0.261465989471633,-0.149022766636823,0.510442337612769
1.82388,1.43851438660055,1.00359075122228,0.205240415272314,-0.236987875433727
-0.593797,-0.264497773343119,-0.20006679727167,-0.258423474871276,0.301040510062457
0.54193,0.257731060420966,0.102606943913275,-0.423911028581576,-0.257590078764747
-1.16394,-0.795764801507674,-0.561790734456768,-0.40917496441624,0.0715268632893824
-0.855348,-0.75895615136363,-0.598470597246031,-0.566512710025445,-0.0607443129770993
-0.225116,-0.0431629188338029,-0.109393032698668,-0.306812501102797,-0.0198662470645385
1.12816,0.745626345776925,0.441471373499296,-0.0298404081386408,-0.253557671894518
-0.705789,-0.372771200977817,-0.258949451704779,-0.224048176526759,0.389211115891742
1.86189,1.48070807860452,0.981569221671442,0.0913821203333327,-0.331007432338654
-0.99725,-0.661758439273079,-0.439206164907737,-0.257654081754962,0.336002303296322
-0.00513684,-0.197636146737815,-0.260563645337668,-0.321019653579165,-0.052485021686329
-0.796205,-0.517139174631851,-0.342230785286516,-0.492942319129799,0.227931385322693
1.55117,1.19202747153323,0.736286855511943,-0.515228786098413,-0.402654904406662
-0.994535,-0.648782310102541,-0.394828726429567,-0.385708045911386,0.249184908570437
0.0274381,-0.184263659707799,-0.272688029688538,-0.345362926650576,-0.128169300277585
-0.808005,-0.46874420170766,-0.316320400223849,-0.307839082430046,0.188174359979181
1.54851,1.12223560634971,0.77795812656811,-0.22258980921575,-0.384868601839001
-0.575983,-0.220964529223916,-0.177526837114682,-0.214531598277885,0.158790219465649
0.585358,0.296418008537447,0.11582205365904,-0.358708896607553,-0.36289661814712
-1.16033,-0.780394763202763,-0.534204990655508,-0.37514891622066,0.0243168064191534
-0.862658,-0.766858965690858,-0.591415498322444,-0.538711827954554,-0.0649228070784178
-0.217398,-0.0426360134809811,-0.117529589794364,-0.313596505069091,0.0294046374045801
1.0862,0.766563726516936,0.447259522418822,-0.00336839793633004,-0.150958810895212
-0.702902,-0.35913154269092,-0.255910872831415,-0.474076273255622,0.503740579424011
1.85002,1.5204244952711,1.04064711726967,1.28476042832747,-0.122623284698126
-0.7218,-0.384912134816437,-0.249770163880849,-0.45709728909338,0.633780386710618
1.79696,1.46002690425823,1.00685904792845,1.23358811723941,-0.135067920714782
-1.0076,-0.643812161440809,-0.407043658684307,-0.256947909308033,0.472478301353227
0.0479099,-0.1865858652646,-0.250318698502976,-0.318147411035398,0.0336768539208883
-0.796843,-0.458425123006676,-0.34145477924403,-0.30492719268385,0.314316878383067
1.73153,1.15972014669227,0.821695504137698,-0.202234241558864,-0.35054847519084
-0.561187,-0.19590652911253,-0.166201326689893,-0.204244485394014,0.235982218077724
0.678407,0.298672452304451,0.139407409675342,-0.340867143262447,-0.312170460964608
-1.16149,-0.779813793368809,-0.554407851717555,-0.352507524617743,0.0830504690839695
-0.871094,-0.759514527759668,-0.601908366047841,-0.499427121794957,-0.00372501249132542
-0.152613,-0.00702954064640749,-0.0823713840807094,-0.252478585447335,0.0926401526717558
1.29082,0.761449824946765,0.476875406024986,0.691292895097184,-0.125055429215822
-0.38458,-0.0971127970230218,-0.11808066435645,-0.109624810527039,0.431429647120056
1.27208,0.766822669427103,0.517760619775361,0.990615258649319,-0.0279123299791811
-0.691688,-0.344186845107,-0.25561029812694,0.151184360371501,0.507156224149896
2.15384,1.62212973576533,1.11040422148554,-0.00744674996548972,-0.405219472935462
-1.17242,-0.832742943067453,-0.545017760424181,-0.530693347294738,0.22754707147814
-0.868029,-0.779524870297511,-0.611642538217507,-0.587460801062315,-0.12553566759195
-0.895415,-0.598336919252512,-0.439844403896951,-0.584512497035183,-0.067173685981957
0.261897,-0.13944185777797,-0.241451966689771,-0.682673401380922,-0.274212669326856
-0.784573,-0.406408095302746,-0.347782108352443,-0.431337053563499,0.208897752949341
1.91922,1.17622311928273,0.784897032305309,-0.111159402603858,-0.425277548577377
-0.528569,-0.167844095864673,-0.175205121891974,-0.142507151430002,0.255601750867453
0.794667,0.310320170569743,0.180166316171071,-0.331778388557441,-0.266098028452464
-1.15783,-0.76680794479323,-0.563167941065761,-0.296958209420894,0.160951194309507
-0.870761,-0.751880081491327,-0.606009482066553,-0.43538080006029,0.0608070131852879
-0.11685,0.0192357974532681,-0.0884401515159862,-0.214548800231473,0.102771815058987
1.39292,0.829513655148636,0.523229889393687,0.179709596378424,-0.146793437196391
-0.668133,-0.320828344031363,-0.256874861990086,-0.113620214909781,0.585108945870923
2.26077,1.54706933461371,1.15056585568973,0.278572442831183,-0.214339639139487
-0.9866,-0.613546175716483,-0.452960381848733,-0.134637045185487,0.583414882026371
0.199911,-0.174226860486743,-0.233501923871363,-0.205305259513183,0.159186680083275
-0.773517,-0.427833664050646,-0.350204045740852,-0.192885647453497,0.502391103053435
2.02255,1.19852939505804,0.867874645993186,-0.0775452262800954,-0.212524215128383
-0.52105,-0.168049199511428,-0.193554234333555,-0.115108327056258,0.483660948993754
0.892126,0.359047859348813,0.163260604263021,0.0482330423525109,-0.077649639833449
-0.973408,-0.557791197812218,-0.453098901119262,-0.0509366946037332,0.382327308119362
0.291379,-0.115731781357818,-0.248953271331287,-0.0457211554669383,0.0151096696738375
-0.76943,-0.402432268866757,-0.3419454077046,-0.177592031967944,0.422172222068008
2.10786,1.22723069412313,0.8772162640708,-0.0511460242994798,-0.302612441741846
-0.517837,-0.150784444894121,-0.184514290809515,-0.0623708333546847,0.385561159784872
0.924746,0.343245294976942,0.147111032495098,-0.229932586490831,-0.220710679909785
-1.15624,-0.741166681538709,-0.550081372914407,-0.244305761718056,0.243277207321305
-0.861676,-0.729125980481166,-0.61637762221929,-0.386607116263266,0.140362774982651
-0.0786291,0.0533079757804884,-0.0860874591085336,-0.164220349809766,0.163795790076336
1.67919,0.867617119210689,0.5468264536187,0.233417610271207,-0.143564003816794
-0.660204,-0.308051016184124,-0.28618817382895,0.0178337463369897,0.621177378903539
2.50239,1.71317178152259,1.12386682168197,0.223963271059914,-0.322244230395559
-1.17479,-0.785812433860876,-0.553389693844836,-0.319334247444441,0.523038167244969
-0.877258,-0.808787497526344,-0.603358875895802,-0.492965248586312,0.323252707286607
-0.0892945,0.0270194737082524,-0.121562564946397,-0.0836281177209252,0.288141254684247
1.62075,0.89174684272198,0.547954011605247,-0.104889196020182,-0.0348193346634282
-0.661702,-0.30606262796455,-0.256832518691778,-0.101079344893682,0.739573470680083
2.46919,1.58265526430933,0.964452712751022,0.216425165525786,-0.165584149722415
-0.996838,-0.62716345570086,-0.470569700526437,-0.121292099810969,0.681214586224844
0.290196,-0.158259938600597,-0.212828744508528,-0.227343305912237,0.22713059351145
-0.776016,-0.427762156870401,-0.346091994852818,-0.201920819917696,0.659325397293546
2.1641,1.23614114664391,0.881127624939463,-0.0415746496982464,-0.0566960811936155
-0.507427,-0.182267961268466,-0.174567649203612,-0.227437781513664,0.6968009944483
0.960648,0.358946794411521,0.182000738456548,0.422864931599777,0.199690112421929
-0.65508,-0.295641683254828,-0.248771439063067,-0.0629652908264807,0.754020220680083
2.53224,1.58216717417695,1.08451987434282,-0.0677916665971701,-0.121835151283831
-0.990449,-0.58594710204249,-0.453001598548198,-0.115003651638057,0.721400352185982
0.309941,-0.156789825275189,-0.230244864767299,-0.139371700457726,0.192056951075642
-0.763873,-0.421560981417482,-0.36394243372691,-0.182420318175041,0.546888488549618
2.21549,1.23551836792526,0.879697132957753,-0.0098230912909355,-0.21419579666898
-0.51221,-0.15260248699567,-0.190832294033519,-0.0347078763256867,0.477058396946565
1.01911,0.360525991236602,0.185306403236683,-0.178102815530341,-0.21327897536433
-1.16006,-0.744123731048015,-0.562205369941373,-0.262902562724489,0.199670156835531
-0.871444,-0.711670535906013,-0.615576612511671,-0.411875544871522,0.0489611991672449
-0.067111,0.0722102482316022,-0.0806122750307894,-0.0694594195613138,0.0767981263011799
1.71271,0.89175110263921,0.606321198854316,-0.472934443686398,-0.320099714087439
-0.979983,-0.566623079426558,-0.448162846325732,-0.304399145337398,0.426878440319223
0.331776,-0.125489211497586,-0.214419171853111,0.0594751842457076,0.0422921616932684
-0.772941,-0.402042965542088,-0.326567447657558,-0.148633902039498,0.489567668632894
2.32282,1.31034086629668,0.964408886737225,-0.00869539487528082,-0.232910213809854
-0.499561,-0.143951101658335,-0.161633368273798,-0.0168299667664659,0.47474964018043
1.01754,0.378353166470625,0.205087500615552,-0.173087437567175,-0.192271055170021
-1.16194,-0.741458219874413,-0.537954317036059,-0.231654017029756,0.276257607911173
-0.87848,-0.730353713243324,-0.611266460444841,-0.386896126079712,0.156833630811936
-0.0886342,0.057334691691486,-0.0440708470742248,-0.144153791664624,0.166924112768911
1.66205,0.864549634905727,0.590093767597871,0.237437556904948,-0.170878472935461
-0.657383,-0.306564555735258,-0.231495139931176,0.00945310337790756,0.536095039555864
2.46246,1.69750908048656,1.22234798476678,0.225615207958294,-0.449235213046496
-1.16463,-0.841210096789535,-0.557232227391242,-0.523148716879592,0.293335842470507
-0.899907,-0.801646438405164,-0.609175527167021,-0.572741698616433,-0.0243227197085359
-0.890633,-0.612350392268439,-0.426551448402376,-0.55880951128344,0.0158926367106175
0.394999,-0.0903348742341485,-0.188178842080409,-0.658604620780818,-0.199468990978487
-0.765669,-0.403340044526711,-0.299861290606906,-0.398105910355504,0.406453617279667
2.13526,1.23303997497774,0.942623834439837,-0.0137086706162097,-0.229438314018043
-0.523168,-0.164191280196976,-0.154279125356388,-0.0868840097986575,0.632380268216516
0.932019,0.365028708047024,0.217197053911371,0.590255988474787,0.254372777238029
-0.348029,-0.0811973950449779,-0.099364191102751,-0.0972185902281903,0.686695403192228
1.45293,0.78332254790919,0.600166291310969,0.587838974845153,0.210157632199861
-0.678691,-0.319093910090527,-0.247166467113575,-0.0263128228014062,0.809292239417072
2.37129,1.57162956038303,1.20799980242573,0.413792268340229,-0.09822680222068
-0.546883,-0.196434325786035,-0.154067810279948,-0.150938339060222,0.556389999653019
0.868963,0.321582813549271,0.207457482665852,-0.333273416300455,-0.126142299791811
-1.16242,-0.785297713757168,-0.541381913310455,-0.307018347513819,0.263055975017349
-0.898616,-0.752283622528845,-0.618301101352096,-0.428225652114833,0.126311193268563
-0.124661,0.0391890229290225,-0.0560232908702394,-0.18600026501202,0.174798072866065
1.63424,0.875058675198513,0.588965543849676,0.199881228685593,-0.135538921235253
-0.682764,-0.32373826752656,-0.239839035972722,-0.0910069963436731,0.665798816099931
2.38709,1.60749975004486,1.2080580086947,0.366469478251856,-0.197630759541985
-0.999795,-0.62305969671734,-0.449585040910486,-0.124104243044906,0.597389499306038
0.247681,-0.186953923164796,-0.220778327456625,-0.224410616810667,0.121698975711312
-0.791498,-0.469338004392304,-0.337702933985101,-0.417081509210294,0.479564167244969
2.06204,1.33246431457756,0.888217239530213,-0.411558565308878,-0.294133448299792
-0.993374,-0.587281766596055,-0.461183167504319,-0.311378808396332,0.480716847328244
0.245093,-0.168647229738611,-0.228519827139842,-0.253078718316872,0.0147457581540595
-0.797661,-0.425170694557299,-0.335640724840489,-0.255406088958117,0.385192771686329
1.99024,1.20340359129367,0.866065090490642,-0.144811294153226,-0.320363121790423
-0.594394,-0.177825574945823,-0.198666592067379,-0.123975176545369,0.309862128730049
0.712734,0.296585117952071,0.156996232971937,-0.291953084937395,-0.307952378556558
-1.16738,-0.757195573859834,-0.556925305487046,-0.35867412614845,0.0707948795975017
-0.882498,-0.760055586255912,-0.596528839030774,-0.540638161570971,-0.0573140628036086
-0.264129,-0.0562928123024894,-0.0880952915167395,-0.313481883428314,0.0100961849410132
1.07047,0.682918675594347,0.481713442216383,-0.0918855089766991,-0.212669685634976
-0.741336,-0.37184742002944,-0.287053232646142,-0.569512366097496,0.414670709576683
1.62138,1.33807391032096,0.98690940965463,1.12847804195105,-0.191780893129771
-0.760573,-0.380402854298468,-0.257688034493686,-0.561326387825531,0.485259308466343
1.52986,1.31148230710872,0.960806199097198,1.10042250668392,-0.233554809507287
-1.01721,-0.666190532928553,-0.448159257737514,-0.381927653236309,0.290987129424011
-0.142349,-0.279237353063166,-0.237360859558999,-0.457686330062831,-0.113183458015267
-0.838639,-0.478982570644817,-0.324927344159414,-0.431106211876366,0.098897174184594
1.23427,0.963706651031376,0.7147432032123,-0.354988064525973,-0.463898168285913
-0.628127,-0.240393806957326,-0.177463326262659,-0.355513514747594,-0.00230569951422623
0.330657,0.169440390049506,0.119880496199429,-0.461376329591115,-0.452094369535045
-1.15873,-0.780008886402041,-0.548678190589539,-0.472919554837678,-0.147930929909785
-0.879874,-0.762546295682225,-0.58899702778235,-0.631532871801132,-0.244618457321305
-0.338228,-0.0552587782049251,-0.0967920016135199,-0.43646207451133,-0.190289214087439
0.658699,0.515059907374732,0.433891260054292,0.259362470136741,-0.350991159611381
-0.513173,-0.108002309767351,-0.099466003515828,-0.324383556562951,0.0278185225537822
0.585354,0.460976263687229,0.404007632402539,0.466279733282644,-0.292463981956974
-0.757125,-0.314135341724207,-0.251858799005545,-0.176746080403891,0.0601378730048578
1.20636,1.10029455773349,0.937401077942345,-0.29795834522131,-0.584446330673144
-1.16713,-0.752578903187978,-0.543988962834238,-0.686968112866437,-0.147011790423317
-0.899435,-0.77185701387984,-0.571609372088539,-0.761887918649808,-0.419262424705066
-0.932996,-0.608147306851661,-0.424239276911442,-0.750546116396805,-0.393275702984039
-0.238761,-0.337043039871931,-0.231519888353567,-0.816418314496576,-0.524048808119362
-0.837552,-0.412852872192527,-0.299588538152815,-0.626371995560115,-0.234874797362942
0.855421,0.7722281987805,0.716241731138257,-0.435198103084547,-0.631815768910479
-0.65087,-0.178470947870985,-0.152195896136445,-0.437883794569575,-0.215775261276891
0.1046,0.0621412129935005,0.0950587271670256,-0.559761852512963,-0.532820905274115
-1.15819,-0.706118725469114,-0.531318620554288,-0.550190135241123,-0.262425527758501
-0.905321,-0.725242309951759,-0.583443295399624,-0.688908722025305,-0.341808402845246
-0.390401,-0.0206847505772549,-0.0469507594242537,-0.504017021892809,-0.331117192574601
0.437742,0.376503573835558,0.385053794806273,-0.313402267253135,-0.464754426786954
-0.755743,-0.298944507210754,-0.218764365256565,-0.442602976147974,-0.0483059295628037
0.96407,0.916657010011162,0.92666204915906,-0.246009645043638,-0.530014936155448
-1.01114,-0.549612997672522,-0.435844790925054,-0.492404625768219,-0.0622043138098543
-0.3665,-0.315962690105177,-0.291221034165997,-0.562722244656257,-0.311180232477446
-0.851073,-0.395088953140413,-0.311378446574229,-0.536266245760488,-0.141382066967384
0.730436,0.696662199184352,0.692068985330868,-0.497714293909833,-0.545883729007633
-0.656326,-0.184119663019247,-0.145429168052254,-0.4918886394832,-0.176211361207495
0.0197656,0.0261523760958396,0.0492448742853816,-0.445664344968294,-0.476772008674532
-0.997575,-0.539653623548717,-0.432371916052395,-0.463838983437666,-0.243409813775156
-0.367229,-0.312746711449643,-0.252603872665363,-0.501515571705686,-0.436411854094379
-0.845489,-0.381559560049563,-0.292622849880025,-0.539506245742163,-0.241374149722415
0.668767,0.649798020822672,0.681512918167274,-0.506827350066413,-0.619101185461485
-0.663564,-0.165320533749311,-0.114876385559649,-0.502214328339563,-0.281857484004164
-0.0224693,0.00792728051810684,0.0808937063067343,-0.591031790478404,-0.585118486814712
-1.15663,-0.665239597453458,-0.506694073526234,-0.595365631557796,-0.346033886710618
-0.925708,-0.694984982964496,-0.552386588013597,-0.734501894418249,-0.425361443962526
-0.429554,-0.0227477364763017,-0.00308292836686534,-0.571747008515963,-0.449084116759195
0.20392,0.260050363240618,0.383095301647027,-0.413050741450946,-0.544948113983345
-0.772869,-0.261594490256615,-0.21565609377267,-0.458518611922345,-0.215608031679389
0.705305,0.78508940216163,0.856687361743278,-0.437096212573306,-0.652663426092991
-1.18998,-0.712273898193542,-0.529564340355656,-0.63219170651886,-0.166464810201249
-0.952599,-0.728121496773313,-0.596248584217648,-0.74790079470203,-0.225104205759889
-0.28401,0.0104278587083197,0.0225711933595312,-0.448051319967045,-0.23833852185982
0.451886,0.447410510629344,0.495436380523199,-0.120375716075267,-0.284583754684247
-0.681924,-0.352984389327684,-0.223036210736829,-0.352373266751496,0.197322668285913
1.83472,1.1825325488717,0.991586434078771,-0.21996630570388,-0.450805152324774
-0.920337,-0.625340752366659,-0.453332218410382,-0.385054810876588,0.201747689139486
-0.38793,-0.444817195729358,-0.282273902758217,-0.377323861182078,-0.0460791361901457
-0.650357,-0.459986438112903,-0.30488960082921,-0.353725107194956,0.115785955412908
1.03852,0.685244717830249,0.451795183834655,-0.387263718412842,-0.271063926266482
-0.330484,-0.207979169109244,-0.142646537283452,-0.326172697750134,0.103666421755725
0.0194361,-0.0288864357635171,0.015676642551977,0.0647607604290157,-0.0825962290076336
-0.511274,-0.353933662190696,-0.224076226410379,-0.186829147702864,0.134323305863983
1.27689,0.997612159924122,0.694077809073931,-0.374023233525857,-0.355640781922276
-0.897709,-0.679490020845985,-0.451636037170964,-0.382515099345916,0.135991617453158
-0.37082,-0.408611707250878,-0.23285194255142,-0.335221585794796,-0.125652394344205
-0.678135,-0.517634432586568,-0.335390957713367,-0.403914017060211,0.0163125659611381
1.21018,0.90082986704473,0.554291059142042,-0.340774239930818,-0.43371062352533
-0.450984,-0.295782033636478,-0.160698277548241,-0.352481911950336,-0.0351819753643303
0.202184,0.0825410771668792,0.106416488556202,-0.354929185749736,-0.42586167869535
-1.19161,-0.898830624743468,-0.593619282360625,-0.543305745869138,-0.191002281748786
-0.942024,-0.805595371011625,-0.512650054553853,-0.690437066441603,-0.290242717557252
-0.181643,-0.13309819720111,-0.0864981918733586,-0.432448654626713,-0.334026613462873
0.675392,0.441516799523273,0.336268634106429,-0.652117446775064,-0.520518056210964
-0.941029,-0.714876147666111,-0.477832817982963,-0.541425599821186,-0.0960361902845246
-0.326711,-0.389893527713306,-0.210977035321699,-0.318181588225358,-0.281912721721027
-0.721282,-0.571328601724152,-0.374007822289187,-0.437398156730353,-0.064668093684941
1.13543,0.841075639843492,0.54295618142719,-0.399740892906329,-0.476209026023595
-0.448579,-0.327463929317598,-0.21542796810413,-0.390602292114434,-0.106368988202637
0.0670026,-0.00288664919240934,0.0353304189740335,-0.434692570592365,-0.436062999653019
-1.18689,-0.909618005215683,-0.604669131997099,-0.568893278749894,-0.178993622831367
-0.946947,-0.827403883447098,-0.528835544758511,-0.716329647878536,-0.243375977446218
-0.169455,-0.14257334948943,-0.127452333983306,-0.450387498786111,-0.296566234212353
0.484819,0.352491943031963,0.317908824585013,-0.11187227035508,-0.383369240804997
-0.616691,-0.453897751299005,-0.3210630479867,-0.321393109634502,-0.0331429262317833
1.3383,1.04098786734418,0.725133907694784,-0.237252826902317,-0.646188517002082
-1.191,-0.980183596768674,-0.611624128088421,-0.677017292945778,-0.133111770298404
-0.942602,-0.870263523079257,-0.509015236267511,-0.784229577753466,-0.362499391047883
-0.873089,-0.729743202357011,-0.481812397192875,-0.706912034885779,-0.364984421929216
-0.333064,-0.418839262109007,-0.243773738774857,-0.742159482338997,-0.405846076682859
-0.707751,-0.598639660183355,-0.404106712501677,-0.566400679637138,-0.0834653823733519
1.09517,0.804288921764624,0.521163894053977,-0.362174587231547,-0.432176238376128
-0.40993,-0.294367851670776,-0.221707846438497,-0.270729560520626,0.0926719094378904
0.113957,0.0212767037814839,0.067212901622457,0.0893687230094116,-0.0280125794587092
-0.305307,-0.232298942182262,-0.16486243293901,-0.259330157295048,0.151721126995142
0.547073,0.398849079851743,0.296424225639271,0.123443579828883,-0.0541267161693268
-0.614934,-0.461308592400784,-0.327164362059106,-0.175059794413669,0.292636229701596
1.48586,1.10476147405735,0.717291179856844,-0.000237986938177837,-0.311238002081888
-0.45498,-0.3801781436037,-0.257429993637417,-0.336625252431598,0.0909901970853574
0.143897,0.0140329702196146,0.0435535771529077,-0.429713373777544,-0.309809484385843
-1.18661,-0.931636949551246,-0.617559716274723,-0.525151354722993,-0.074133626648161
-0.904826,-0.839987036511776,-0.551631990679401,-0.68661614083447,-0.16822320610687
-0.145092,-0.157676909678791,-0.178488765984514,-0.403154542807607,-0.18309890943789
0.633116,0.427547047039316,0.32417509096811,-0.0234357501253398,-0.269486888272033
-0.596972,-0.487368041610898,-0.350037381223085,-0.305172856792271,0.215125375433727
1.59851,1.09155614106204,0.694738802593352,-0.0512805182523226,-0.372399141221374
-0.910821,-0.755935495231995,-0.520035433389067,-0.339747542030845,0.213226905274115
-0.210397,-0.38368932166818,-0.266979517696604,-0.352053787079951,-0.0745996641221373
-0.682097,-0.610549029216762,-0.427041087828515,-0.534224289774284,0.130214613462873
1.39182,0.853940248672534,0.512005772210546,-0.547183565105769,-0.402063775156142
-0.90018,-0.690857986372652,-0.51717761361015,-0.403691651374519,0.175788709576683
-0.180343,-0.353891031828218,-0.291196648545661,-0.329194886041783,-0.109514995142262
-0.658135,-0.536045015170625,-0.425494282504144,-0.273291146538875,0.116459912907703
1.42079,0.814540741364048,0.401720036152851,-0.275323967306401,-0.369689754094379
-0.364603,-0.290714582508632,-0.264484927604777,-0.274481210945616,0.0583142718598196
0.276561,0.0554231921380315,0.00187465875495354,-0.319746472271988,-0.340947591776544
-1.18583,-0.898285480682371,-0.638877062786444,-0.416358106867724,-0.0378339852532963
-0.882984,-0.838405433107544,-0.595457112342251,-0.610207094672212,-0.107342147293546
-0.0791003,-0.13772048976691,-0.227926899060821,-0.35448513988065,-0.06739253296322
0.708867,0.447715151569549,0.212349026783015,0.0171042467315922,-0.11384744777932
-0.590442,-0.442254265489985,-0.356966043650338,-0.335443128951682,0.415612970680083
1.73282,1.2915434251407,0.640621760381955,1.14300274806269,-0.114751555343511
-0.566141,-0.534978760096686,-0.381933454298216,-0.36850791001801,0.572851875607217
1.71797,1.31354504872512,0.587523832298026,1.09053664463621,-0.132349123629424
-0.911954,-0.782506422824561,-0.524699837089822,-0.279755747096007,0.396654382720333
-0.164997,-0.345722967056118,-0.278914333594832,-0.335236399009628,0.0228162120055517
-0.7086,-0.59215890248813,-0.442548943084017,-0.301147186085484,0.194575400069396
1.39635,0.893245524966845,0.408517857809727,-0.301004405975331,-0.368501535045108
-0.383545,-0.321149360674223,-0.293428346321689,-0.292674636713617,0.0512305968077724
0.254129,0.0823646312926721,0.0368536379321855,-0.365988388812235,-0.34404352741152
-1.18519,-0.920909173445563,-0.629456888750706,-0.408795037754988,-0.0654807876474671
-0.872447,-0.7913298276134,-0.584579523193894,-0.573952086373422,-0.146658800138792
-0.114643,-0.151475909116612,-0.208981027081122,-0.268873764856285,-0.110239288688411
0.72998,0.414471132695352,0.247441457785369,0.347037330225697,-0.207090813671062
-0.305092,-0.220869454424707,-0.244409599727493,-0.140192597649107,0.15050925260236
0.695587,0.473273894606805,0.195606721470155,0.595590029399838,-0.123553209576683
-0.609722,-0.557227011856162,-0.386308366308814,-0.0408572779539074,0.240235119014573
1.69739,1.27731083957211,0.759972080082916,-0.162082144337584,-0.497359225884802
-1.19397,-1.00319593920481,-0.640696689202447,-0.59796950313054,0.0491499410131853
-0.871418,-0.884210611604713,-0.604808695359047,-0.716842212313593,-0.257074799791811
-0.84846,-0.723072415651675,-0.494293633580872,-0.629591118943859,-0.232943867106176
-0.1061,-0.337127228151852,-0.256422620317731,-0.687105896729306,-0.3433403407356
-0.685601,-0.555082858696446,-0.42639164784572,-0.469506477131199,-0.0114426526717557
1.41008,0.87556508846872,0.567275580725434,-0.263542823312617,-0.485398594031922
-0.360611,-0.309376627838071,-0.271661081892307,-0.284863361910954,-0.00849904198473284
0.245868,0.0534438402819388,-0.000489795194561901,-0.320035343927198,-0.33657791741846
-1.18381,-0.88022804013359,-0.620995880086295,-0.41403679633809,-0.0418063150589868
-0.86794,-0.817609992508054,-0.594693976039511,-0.604300758251385,-0.123582093684941
-0.106958,-0.167095029559357,-0.243358679192807,-0.372439489781515,-0.127682855655795
0.744354,0.495679894627847,0.294217864284668,0.000288026695641763,-0.228208767175572
-0.582348,-0.446011103192583,-0.377622559743102,-0.250257213081473,0.280417747397641
1.71194,1.20793899152982,0.645398167135167,-0.00270562318921203,-0.326015245662734
-0.920248,-0.75677462759663,-0.537919397659725,-0.293180542488236,0.307735315405968
-0.126405,-0.305644671379891,-0.27669631282663,-0.319459701094102,0.00250950659264401
-0.702301,-0.577709219546438,-0.428977092791585,-0.297068032934786,0.218989964954893
1.43975,0.918040412242596,0.559996522289345,-0.281945866734362,-0.318850153712699
-0.387738,-0.338430665301052,-0.288614673093262,-0.29475686332465,0.159260237682165
0.288159,0.0930788378305047,0.0558821596644732,-0.165704898776661,-0.19288846148508
-0.901414,-0.699191637615455,-0.533976931916366,-0.211801061054419,0.0728177182512144
-0.113875,-0.29611469855497,-0.284653995571553,-0.226768385228888,-0.158045605829285
-0.703755,-0.534015319478402,-0.423123334268888,-0.275175171047659,0.103947140874393
1.42067,0.931542732349366,0.621018147569139,-0.26151448746745,-0.416918833795975
-0.385318,-0.356556880770545,-0.3348389795046,-0.280922552647049,0.0307492859125608
0.292789,0.0948462601007762,0.0336872727390348,-0.291554751664394,-0.344901674184594
-1.18687,-0.913410860427063,-0.621080313849166,-0.421286411565542,-0.0364320853573907
-0.856885,-0.829553154709485,-0.585627192528822,-0.621019701466056,-0.133960440666204
-0.122636,-0.149741375145952,-0.193699298460358,-0.368471907331135,-0.161090731783484
0.740973,0.501868777901012,0.341053007232813,0.00897229294990942,-0.274974498265094
-0.598941,-0.472933004079402,-0.353567017222442,-0.218378239738497,0.190134692574601
1.68844,1.2248117330777,0.825298178185943,-0.12078783567401,-0.477296028799445
-1.19211,-0.95748239487036,-0.633843934035029,-0.450314676710712,0.193986049618321
-0.864659,-0.879144028390713,-0.580213599075588,-0.626245080487574,0.0289048396946564
-0.119016,-0.191463152124052,-0.194593690356247,-0.280924140576723,-0.040226321998612
0.77211,0.485254261300245,0.359660635084359,0.0116378182145283,-0.171464020124913
-0.590435,-0.474929788850046,-0.356681920088384,-0.267799562567909,0.325998941707148
1.71194,1.19681209412593,0.791548556103322,0.0126251739779909,-0.324088599930604
-0.908011,-0.765224749733736,-0.508670793943659,-0.319221370489411,0.306110535045108
-0.139513,-0.31967999797695,-0.242251732510196,-0.313979825339891,0.015567482997918
-0.698105,-0.601983796694813,-0.406964942180665,-0.32914565316803,0.284416818181818
1.43811,0.966385749453111,0.667304505043025,-0.268054485807712,-0.21366840943789
-0.39162,-0.312028129816037,-0.248952123124457,-0.327744920537342,0.293351802324775
0.300246,0.160567795998713,0.132221103129981,0.157969418889927,0.0171763048230396
-0.577113,-0.494197710323475,-0.338727559514171,-0.198905215401245,0.339676162213741
1.70079,1.30466893375884,0.884265528190199,-0.265848507250807,-0.278197720853574
-0.910241,-0.748365776358901,-0.515236416799959,-0.317800534807531,0.327723001214435
-0.0903247,-0.279463355192955,-0.187805379742358,-0.31726284580748,-0.0380235669673838
-0.687314,-0.581574552026901,-0.417525118773773,-0.327352986497454,0.167748748265094
1.3775,0.99814430776969,0.694208837918181,-0.257110385795789,-0.350231183726579
-0.391244,-0.312792351545633,-0.230394449665757,-0.283998609332996,0.0672495529146426
0.294122,0.143936470950113,0.130005038091797,-0.307626630403424,-0.354423155274115
-1.18653,-0.920957499767273,-0.620927991782347,-0.393724161445135,-0.0971432194309508
-0.840236,-0.83201093750489,-0.590782798916729,-0.594279414800673,-0.225078024115198
-0.115391,-0.122544988092075,-0.174581513915121,-0.377871485437216,-0.246751338480222
0.763129,0.503262709114861,0.401236084882088,-0.553254646557436,-0.433606611901457
-0.904978,-0.663459100985939,-0.500033742030047,-0.4346046727315,0.0236158579111728
-0.0990517,-0.290071532450393,-0.192423421265327,-0.219568475578064,-0.199544859472589
-0.700142,-0.55551616649295,-0.390601149698771,-0.343096175595907,0.085748087612769
1.39801,1.01428953705099,0.694983191246153,-0.263714984331303,-0.387031198646773
-0.394279,-0.319532456089379,-0.240648266918868,-0.296077828090701,0.0405321774809161
0.283008,0.142820371596365,0.148028618960935,-0.309924495278219,-0.345141499132547
-1.18895,-0.9132420338508,-0.619398746862497,-0.410717363511855,-0.0345109863636364
-0.848608,-0.833010839954398,-0.597540846370161,-0.613129789017634,-0.129617420888272
-0.103386,-0.121580077840893,-0.16591780204519,-0.361000531936513,-0.155018894170715
0.766989,0.543267006043369,0.427008655805226,0.0405443205252697,-0.28954694517696
-0.583703,-0.447858467238554,-0.338253781428226,-0.207325597477092,0.139347159333796
1.6652,1.24820057593607,0.853387189505589,-0.0859289243208501,-0.561613300138792
-1.18978,-0.999470106518179,-0.624765105784136,-0.567437871579913,0.0311122890353921
-0.848708,-0.867328355154765,-0.595434266913363,-0.689543494225482,-0.232634383414296
-0.836362,-0.708358874241461,-0.487648680555322,-0.60320544792689,-0.201124935808466
-0.0147258,-0.269507255530907,-0.203569869824569,-0.66419072190136,-0.302349133934768
-0.681478,-0.534009063081025,-0.411053227963037,-0.455423182755033,0.11443002185982
1.44836,0.946393724709869,0.67642765208202,-0.218294218008612,-0.325185858084663
-0.358932,-0.266574285401066,-0.253816209768002,-0.175589634121526,0.27848935704372
0.324746,0.13369459512423,0.0919107847010522,0.231027586523322,0.0991405510062457
-0.252991,-0.227002366197012,-0.186000121479322,-0.169420144501789,0.315320084038862
0.738093,0.556743271617504,0.393236405285745,0.280394005220947,0.059292238723109
-0.577498,-0.474214484449996,-0.347306854977501,-0.1076322485538,0.44712978556558
1.74938,1.32596834320721,0.869252258567586,0.126906855468138,-0.22698436592644
-0.430967,-0.382051143617984,-0.258176918079745,-0.262975321330051,0.232723574600972
0.339762,0.145595601562219,0.0989626819675564,-0.344484471591639,-0.233004743233865
-1.18927,-0.942944251745751,-0.615671477007411,-0.383065072697364,0.0455214583622484
-0.831883,-0.826425151103273,-0.594591973112729,-0.587386833745169,-0.0769107081887579
-0.0744226,-0.123517357280731,-0.173383366918241,-0.332537586109713,-0.0795892886190146
0.821392,0.575484647178053,0.408230684726556,0.0995469034835768,-0.196224349757113
-0.571469,-0.458587697509701,-0.34803711980882,-0.240903073089027,0.33554547258848
1.79248,1.25685455230899,0.84932382737294,0.0734714286486845,-0.304701017002082
-0.902558,-0.746758876466652,-0.504111015513434,-0.289465507096932,0.327512126197086
-0.0490208,-0.27393006785725,-0.213907829649715,-0.295439207048164,-0.0119548060721721
-0.688156,-0.619808051721136,-0.419091570741556,-0.509300305154206,0.231734633761277
1.52932,1.0515187595321,0.643141225214139,-0.475809466139436,-0.348893765267176
-0.898316,-0.693533185397886,-0.50071810194601,-0.370812599699804,0.263045702463567
-0.0446993,-0.248831332078529,-0.231113085563316,-0.283414096162456,-0.0666519399722415
-0.66736,-0.558973018044778,-0.416231548703494,-0.244480209576896,0.194647806280361
1.54887,1.01574819873196,0.673812602929452,-0.231691631098026,-0.336709761519778
-0.375105,-0.316710402226168,-0.255932943618901,-0.260838053044687,0.125427036606523
0.350072,0.135692657818795,0.118589502805585,-0.295035258355296,-0.30345025277585
-1.18723,-0.914857192125089,-0.647199311089691,-0.322976359617459,0.0223275127342124
-0.83104,-0.780281587218187,-0.586928806832293,-0.507775348568916,-0.0585324861207495
-0.0327282,-0.112071290023123,-0.199185305582203,-0.284794156407901,-0.0035195628036086
0.851489,0.599953116439859,0.431663707018064,0.130909937111844,-0.0720927824427481
-0.566712,-0.458573007646605,-0.343554277624441,-0.357199349082366,0.489522966030534
1.82753,1.37106847191763,0.846612416954157,1.46659832576336,-0.0671089866412215
-0.57594,-0.538757712990847,-0.339811909186252,-0.359284020445745,0.649860102532963
1.8244,1.40963719199736,0.905584514437974,1.44546038650029,-0.0859836855308813
-0.904469,-0.777267904062763,-0.522988137577586,-0.271306570174488,0.475710279146426
-0.0594269,-0.278949246053207,-0.242336259913211,-0.282163428121091,0.0788102716863289
-0.684703,-0.589405997824789,-0.419694166926156,-0.297337419993694,0.281724824947953
1.58132,0.991600562309093,0.568763389146822,-0.234594517940222,-0.321128041741846
-0.367875,-0.30931062917682,-0.302491745754505,-0.180656520089298,0.142256830152672
0.380708,0.132340617311852,0.11126048316061,-0.319118522111827,-0.294581778799445
-1.19298,-0.877830392162047,-0.609775518780806,-0.307006275961397,0.012383638480222
-0.833312,-0.807722372784975,-0.600708674485966,-0.5128918952123,-0.084933427480916
-0.0411098,-0.102358219460239,-0.181787211067087,-0.248256587806402,-0.0491709993060376
0.8468,0.49420999598828,0.402365869043082,0.452723299982672,-0.159497382026371
-0.292331,-0.190401289910969,-0.217612017778984,-0.106220965388335,0.222705355308813
0.769415,0.529876861775538,0.388194931549379,0.689632233976756,-0.0728489833448993
-0.581845,-0.526202594641205,-0.350835746406457,-0.0396397921822381,0.307950338167939
1.82961,1.32295740237309,0.664236807141589,-0.172125592686872,-0.459938253920888
-1.19221,-1.01475452402341,-0.644124442635964,-0.566983850429286,0.116598112421929
-0.835719,-0.85095457559288,-0.598149834194172,-0.69259077958796,-0.204191580846634
-0.837,-0.717280873156521,-0.500493044806119,-0.590951916111895,-0.163931843164469
0.0416666,-0.248092159601308,-0.222092864193618,-0.653478861455781,-0.303829156835531
-0.671695,-0.528050000166313,-0.413902720943362,-0.444718623581604,0.0666661908396947
1.55531,0.943344257800506,0.616432001053666,-0.205270391894964,-0.448664418875781
-0.371175,-0.297660017078311,-0.277285052779489,-0.225568866443375,0.0649515558639834
0.339798,0.11555910850377,0.108744206861108,-0.27952872347726,-0.299786550312283
-1.19169,-0.894350105077723,-0.632450461073089,-0.383679292838597,0.0194499027064538
-0.835833,-0.822567734951153,-0.607829710114623,-0.598730701990868,-0.0742734781401806
-0.0694142,-0.123965616851554,-0.184014801542968,-0.316248008790665,-0.0673549590909092
0.867455,0.562678857318853,0.405575125071397,0.0861566135841413,-0.183813440492713
-0.557814,-0.449404851730854,-0.336795581371608,-0.232450225819664,0.361003412734212
1.83684,1.28355147503923,0.85363199881449,0.0888734269669989,-0.272013062977099
-0.902424,-0.751720684596392,-0.511948760579623,-0.271205938664021,0.393684419673838
-0.0198091,-0.253075804740422,-0.202940825257038,-0.271826486703952,0.0652741095766828
-0.679852,-0.58019984551356,-0.422400347308861,-0.290015839127432,0.309414128313671
1.63359,1.01822715663579,0.708318476118932,-0.216117437723355,-0.277663152671756
-0.39192,-0.317789411431726,-0.269800215515026,-0.249043095200739,0.246500069396253
0.3744,0.163405096714575,0.118782753908665,-0.0835797107199834,-0.143833929562804
-0.897611,-0.687640211820545,-0.525530195691162,-0.24122007986887,0.139409020957668
-0.0347287,-0.246808282662701,-0.245955833108886,-0.221768582712017,-0.116541190839695
-0.69671,-0.550272508434574,-0.428926886381487,-0.335529278375505,0.165249754857738
1.55973,0.995936863299103,0.640313518108889,-0.234394501789175,-0.39910224167245
-0.410025,-0.342210928876818,-0.28689023792544,-0.27130874229021,0.0829170289729356
0.345178,0.148591485284618,0.122827435535262,-0.285528354640537,-0.32602915111034
-1.18948,-0.910811774500907,-0.639042064471881,-0.380297568284388,-0.0122316879597502
-0.830239,-0.820991809213115,-0.593819402676328,-0.596221310467809,-0.127341178001388
-0.148673,-0.148929523085778,-0.188135552044523,-0.357861195485747,-0.147862502428869
0.7563,0.529222888022065,0.438444215593153,0.00871721045091173,-0.274330656349757
-0.592333,-0.450283097698728,-0.338248991543388,-0.24429144727598,0.199168169326856
1.64383,1.27929831485191,0.949149709495184,-0.11468717235994,-0.446731981956975
-1.16324,-0.903342369771686,-0.57447994925019,-0.43322073574862,0.223619551006246
-0.903977,-0.871781131250742,-0.607853539991069,-0.556634783059182,0.107714859125607
0.0669514,-0.0170989947242952,-0.0912229041671697,-0.165429511456282,0.0136124767522553
0.983572,0.521801659634002,0.354373350694177,0.144191535192953,-0.108013726925746
-0.504127,-0.326122980309365,-0.235293857675723,-0.106796868362124,0.408410438931298
1.76528,1.12788919153786,0.792078693287266,0.15127136974774,-0.25618276092991
-0.880598,-0.663036996323072,-0.436647081950078,-0.229987706123638,0.356085809854268
-0.181697,-0.350360261337653,-0.258184703992776,-0.260563662569114,0.0729288797362942
-0.624628,-0.498092085026431,-0.317965406703622,-0.273047179183194,0.311674246009715
1.43966,0.939571278437915,0.618646277976219,-0.258451618825965,-0.165610740111034
-0.323287,-0.197671054952092,-0.153618344072401,-0.243973225543475,0.328392092643997
0.276337,0.113141516087151,0.0615185495346832,0.200422804922184,0.0885835936849409
-0.496887,-0.407106366535655,-0.254628498479019,-0.100743103745787,0.408311031575295
1.97011,1.41334127177649,0.919674662998345,-0.257061074375521,-0.249044812283137
-0.911636,-0.703814070622899,-0.447603330224822,-0.269861353843223,0.412732281401804
-0.110284,-0.303834774526637,-0.206906717445641,-0.302446295307424,0.0355193070784178
-0.67101,-0.55000835092504,-0.353744854575613,-0.291448472295309,0.233322970853574
1.55973,1.09124378061072,0.752053518148185,-0.237351092072626,-0.322501807113116
-0.374026,-0.257746751935165,-0.175367123543911,-0.226275141504057,0.132987421408744
0.36388,0.193022039604777,0.121912574217822,-0.278032838081579,-0.321915932859126
-1.19083,-0.902826774823864,-0.603767508965517,-0.403322670082359,-0.056391569222762
-0.87695,-0.843909585066287,-0.586378480410652,-0.588809056741887,-0.177866815232477
-0.0700631,-0.0840859419541522,-0.0915886021499354,-0.321530539858541,-0.208104066620403
0.917057,0.608896586290657,0.47715194528124,-0.546653332472314,-0.420887018216516
-0.91481,-0.666998044558347,-0.46455409227016,-0.442974750665959,0.0737459748438584
-0.118231,-0.295430989794239,-0.193830070465431,-0.229097355835173,-0.15306950815406
-0.681084,-0.552737812195836,-0.376714501583746,-0.34657502593145,0.131109583795975
1.5509,1.1432450568887,0.746744567191142,-0.258649456224553,-0.369725661415684
-0.386128,-0.291437642825397,-0.175742616799927,-0.257760972002705,0.0917566656835531
0.329952,0.182315172845011,0.155247613929874,-0.309069210071571,-0.317929474496877
-1.18829,-0.911441232238249,-0.602339373770258,-0.401693037824684,0.000153335010409365
-0.856481,-0.835827288695892,-0.578240174592601,-0.594808325344413,-0.0937780539555865
-0.0894121,-0.0997289245664698,-0.102449396833556,-0.319163130024261,-0.118092673837613
0.870667,0.620605861133693,0.501071830852443,0.0804580631444065,-0.272268111207495
-0.577608,-0.434825985796524,-0.307615071299421,-0.228904141079706,0.182316649375434
1.75923,1.37942201604575,1.0156973193494,-0.0384490597381394,-0.550000128556558
-1.19501,-0.967044394656777,-0.602630650712356,-0.584706737238112,0.0558800140527411
-0.854726,-0.862392579650078,-0.575105947734965,-0.720905518189569,-0.2226675555517
-0.838971,-0.704715246599462,-0.464194378103926,-0.630166816269375,-0.203514384802221
-0.056976,-0.257552510468254,-0.161726783542682,-0.672593249055685,-0.304152073560028
-0.675773,-0.546963267639772,-0.38644009302549,-0.477918822697828,0.098745977446218
1.4388,1.0844293905866,0.757493776624415,-0.232943563608212,-0.340794782789729
-0.38716,-0.266418155327535,-0.190340584765736,-0.224991737742982,0.266186104788341
0.308541,0.183237332190869,0.170117985942953,0.194801737058989,0.082816447258848
-0.311773,-0.226638406962176,-0.139610143048087,-0.219938535616716,0.315282054476058
0.796972,0.607828329533833,0.484337262918569,0.257113187458334,0.0354330437196391
-0.600794,-0.458791619907263,-0.308769730196782,-0.126219936298952,0.446435652324775
1.75916,1.42573858670501,1.0024175206431,0.132081881652804,-0.239925522900763
-0.463148,-0.361761503793299,-0.228470557615983,-0.26360436873991,0.230174798403886
0.333437,0.182234562452862,0.192691795426643,-0.367941522862001,-0.243275867106176
-1.18655,-0.936245574417463,-0.619610125654107,-0.432676037015193,0.0327049087439278
-0.850575,-0.831698612477559,-0.578041778285002,-0.622219301000502,-0.088064524982651
-0.107997,-0.134924732275592,-0.125538248643807,-0.355375040347708,-0.0877322036086051
0.857808,0.641345114542159,0.48571221112446,0.0669096575993221,-0.225244911866759
-0.610406,-0.438564011019084,-0.311883236498712,-0.291477137829191,0.319091350451076
1.75044,1.360817838763,1.04020462026095,0.0670945793416581,-0.327606198473283
-0.926037,-0.736416764265371,-0.487178057880125,-0.344809372951043,0.295637451353227
-0.0905018,-0.257946968889333,-0.167710837366917,-0.37094754001907,-0.0411596561415685
-0.710525,-0.60463105875235,-0.382299578667931,-0.552171055379262,0.192902764746704
1.45763,1.16889961787526,0.784300550892442,-0.500104780064653,-0.376207031922276
-0.904919,-0.729470945748453,-0.484299987000405,-0.424000972263379,0.220764607911173
-0.0668942,-0.241865067899409,-0.191572655987141,-0.384940147193329,-0.104327845246357
-0.68981,-0.56164138729385,-0.376773539412446,-0.330607226839061,0.151069968494101
1.42405,1.09652937681515,0.795003920979103,-0.239576257294732,-0.356262828244275
-0.383955,-0.293003199227999,-0.208364322174091,-0.273854977145275,0.0804710711311589
0.335485,0.192719175442861,0.183266550382191,-0.310774301563886,-0.338167586398335
-1.19016,-0.916707791397101,-0.605309212824133,-0.418546548632843,-0.0175409698820264
-0.85233,-0.833489589734643,-0.586037704524085,-0.615037676503459,-0.101163031575295
-0.112816,-0.122948685917396,-0.128092911888365,-0.34467866490736,-0.0436293736988203
0.782082,0.601149968625994,0.501499813836143,0.00345746949140069,-0.11883810444136
-0.590533,-0.430007061067187,-0.317430109422406,-0.394330829010198,0.427865159680777
1.73641,1.36602165323885,0.961086922273003,1.08143811695284,-0.112857860513532
-0.590212,-0.460186991601819,-0.326199681758329,-0.42316551031322,0.577704708535739
1.67794,1.42746352393208,1.03228279111173,1.03917048735356,-0.122297119014573
-0.920452,-0.736345604487633,-0.492720654480212,-0.320277571995104,0.41218751908397
-0.0656608,-0.253562680101348,-0.171396465574917,-0.357933844920453,0.0198297959750173
-0.703481,-0.554870387793053,-0.398542932061128,-0.34759372947634,0.219645037473976
1.42765,1.08833348171456,0.787116548310661,-0.25551841729807,-0.3551708462873
-0.405541,-0.311505984133661,-0.223855702794545,-0.291772873010215,0.0790435926439973
0.303613,0.18910988482346,0.176476327206639,-0.311258154974532,-0.335137261970854
-1.18536,-0.916330930428423,-0.610420151484642,-0.411670898467073,-0.0431745405274115
-0.836732,-0.828397148445389,-0.582272945338253,-0.611447966534394,-0.138296209229702
-0.143752,-0.125846137284868,-0.137513908367091,-0.282276421490798,-0.0849994725884802
0.800894,0.576963023685377,0.489163614676283,0.207182300482355,-0.20958286814712
-0.336039,-0.186726920816304,-0.182899798970354,-0.190474488929882,0.173922498265094
0.728229,0.549451258583547,0.506846562691546,0.546922846586483,-0.120811823039556
-0.608284,-0.451666850448567,-0.320366185719072,-0.11363633902498,0.252704196356697
1.69157,1.38584197026867,1.01889577165229,-0.166490068384522,-0.484351564365024
-1.19001,-0.9620754001647,-0.620241821284388,-0.602652069547599,0.0645111715822346
-0.848148,-0.853489544414515,-0.586380928356129,-0.721354939370061,-0.243247054649549
-0.852869,-0.688811905244806,-0.473535447554713,-0.638888119553009,-0.201725672623178
0.0140589,-0.207413878540482,-0.14928607520304,-0.680515451482456,-0.3428978240805
-0.714423,-0.556456243169773,-0.388840231459844,-0.472989425694057,0.0243735088480222
1.44,1.09084998171898,0.790895256518853,-0.224137848107084,-0.472373838133241
-0.391755,-0.288457989374296,-0.23174095219473,-0.25355032242816,0.0202022378556558
0.31494,0.198539793463807,0.196667816081357,-0.305118702399565,-0.33471430759889
-1.18925,-0.901815415440688,-0.608652346478662,-0.407213654052496,-0.0231529368841083
-0.83523,-0.814623843194913,-0.577615910773661,-0.61599481817375,-0.123645597154754
-0.126804,-0.117581173383098,-0.168248820607116,-0.353411760238803,-0.117296783067314
0.752865,0.60208864422032,0.480547874451242,0.0651326442347349,-0.230883783483692
-0.598562,-0.420795145739338,-0.315486952950126,-0.305829590332779,0.282937300485774
1.67449,1.31074259055889,0.971497862816805,0.043105563583217,-0.317290271339348
-0.913658,-0.713804453973212,-0.50495121025409,-0.338857262888965,0.31631251908397
-0.0515148,-0.242536301551536,-0.177121494021492,-0.359512021496922,0.000719981609993092
-0.709281,-0.559574602802966,-0.39350121674736,-0.342475063688458,0.242626185357391
1.4668,1.1247157281774,0.799866520999939,-0.240542199620534,-0.305355763358779
-0.408802,-0.318280465334388,-0.239870252391408,-0.296109495984577,0.18896105482304
0.34852,0.229408597675985,0.186280102481137,-0.131852974194551,-0.180532701249133
-0.905319,-0.708577191408694,-0.496573375081065,-0.273788843989908,0.106677060791117
-0.0310798,-0.229330233141877,-0.141896743058036,-0.283095174078085,-0.14899272241499
-0.700215,-0.54867601925403,-0.389146513136193,-0.355031311596807,0.129610258848022
1.43591,1.10025845129015,0.76787935480884,-0.233523527532849,-0.402839281054823
-0.408829,-0.305699494715156,-0.217066872715022,-0.286030210366823,0.0534625027758501
0.332498,0.226867422750206,0.207436987703197,-0.295171098824509,-0.339950755031228
-1.19242,-0.917825608319262,-0.607822224397853,-0.408916621346459,-0.0178345051353226
-0.833969,-0.825360596539403,-0.580919348002242,-0.618242438762973,-0.12144455759889
-0.126201,-0.11892107908653,-0.13901984814382,-0.3637602868817,-0.136659471547536
0.792878,0.635860018605684,0.579550493820773,0.0385451389614738,-0.218123603053435
-0.595724,-0.39971473333682,-0.325125524491591,-0.240770364332545,0.31947370333102
1.71171,1.32253283043474,1.07320630347993,-0.0873310265911854,-0.258249993754337
-1.11195,-0.612286592106475,-0.291678577463412,-0.07080778535017,0.5609509944483
-0.846507,-0.77140911528959,-0.628244094679489,-0.015485323954995,0.651976888619014
1.41244,0.910576840402275,0.331946091196714,0.481734571075199,0.429743011415683
1.7424,0.506717746126293,0.26334955695422,0.864392323812133,0.593308553920888
0.341663,0.374751864778436,0.131466641147859,0.945342797765074,1.13500540215128
2.93416,1.00940324498528,0.597797986063199,0.827850427848048,0.373429272380291
-0.492151,-0.129952240836813,-0.126475841383864,0.705905170932606,1.11535745593338
0.0588039,-0.228511105680854,-0.312628095467045,0.803537060885048,0.839625845419847
0.0109629,0.13739822683237,0.0246627419906167,0.724777586601718,1.02035248004858
2.34994,0.751425016184617,0.478024892217282,0.272617039320961,0.550729644344205
0.761303,0.533482529244451,0.287842051919306,0.542461113073513,1.02278861165857
0.8143,0.120700488422759,0.00133315890098334,1.45189542788879,0.913145617106176
0.386139,0.352704790109077,0.158786638862684,0.997745142016154,1.14499624215822
3.10454,1.11887649245339,0.655731985743193,0.337762796257939,0.396270975156142
-0.517578,-0.120880002175496,-0.104565796347682,0.58323807882078,1.16433672015961
0.0988598,-0.231889818293038,-0.300467749744587,0.824380023299812,0.772771486988203
0.0206475,0.149544394190489,0.0539947845082012,0.732764506512297,0.858322877515614
2.45922,0.824789746104595,0.491852062454519,0.320663584660375,0.317110002255378
0.687703,0.561965351175835,0.294721566294378,0.470853546453442,0.720197414122137
0.968465,0.182607985827061,0.036847657396011,0.28681248534584,0.284054896426093
-1.14388,-0.491026356832649,-0.269770517626413,0.494324295467457,0.619820407460097
-0.851847,-0.715875762205335,-0.621595551534096,0.303993380324892,0.560811944864677
1.3504,0.894724333229968,0.381204113983083,0.195764490777244,0.281782748438584
1.97582,0.626705325733422,0.347972412987491,-0.240164078912569,0.190524555170021
-0.563601,-0.125989681367862,-0.0862189799775925,0.340837582521615,0.794963451075642
0.204378,-0.195623869869413,-0.266461307333753,0.834986599024713,0.535010929909785
-0.0753454,0.120229959034216,0.048272511927479,0.629795614664024,0.778790851839001
2.52056,0.945256049297391,0.586559467088868,0.25637252999657,0.248824127342124
0.589465,0.535268093111537,0.297230380724887,0.458007056808386,0.666726575294934
0.879696,0.17843536616599,0.0470984442671273,0.176216252122099,0.274921143997224
-1.14166,-0.485602382758102,-0.248065842090408,0.483114282366177,0.67350473074254
-0.863968,-0.729423586942293,-0.613513345874191,0.266493714786272,0.65393360777238
1.40074,0.91816955098268,0.371567472545154,0.272467385256276,0.342591146426093
1.58118,0.548149388639981,0.303498093549727,0.736094205020912,0.430505308119362
0.279138,0.40689608457269,0.214814880612056,0.937259088466555,0.782205961138099
2.69044,1.16934741311831,0.738770736487556,0.592188580703914,-0.0810015603400416
-1.14734,-0.522870580871287,-0.241281458990606,0.221206567859141,0.616635673317141
-0.859221,-0.73555977093772,-0.623515532844236,-0.072762385004076,0.28603972258848
-0.365682,-0.105586968964325,-0.0433875833770438,-0.0793453116254393,0.166059905447606
0.117079,-0.227989396485925,-0.264279202254781,-0.364869492301986,0.232593374566273
-0.0140549,0.16436555671969,0.0983111903450533,0.238287658084702,0.605689273074254
2.04638,0.821383120030187,0.551630711832387,0.249613013830891,0.302244175052047
0.671128,0.617177726612846,0.347334972737414,0.839255662026298,0.88998881037474
0.688895,0.118107218189724,0.0328522666643382,1.14791836878499,0.975174706974323
1.12114,0.82310931182851,0.442139018037977,0.793725812848364,0.961047709750174
1.26947,0.504529493256817,0.325723375036634,1.09847097181076,0.926383515995836
0.31765,0.397270554711216,0.207667787617409,1.03898334265238,1.16807545211659
2.52286,1.20551327507245,0.737551827417132,0.859466428194258,0.504566316099931
0.639035,0.595616049152977,0.325536873118542,0.615446809581732,0.784146151977793
0.654752,0.141213065912708,0.0914611759982714,0.122233739066224,0.39492733240805
-1.13723,-0.506885002407456,-0.212784146697009,0.436525744020315,0.636324444829979
-0.852247,-0.777752813677518,-0.605853146433689,0.200804517063356,0.582141554129077
1.30815,0.95895863216874,0.47663074074838,0.182720258386335,0.290268543719639
1.27919,0.562801095928587,0.382048105110327,0.591290572152633,0.454986797987509
0.276372,0.436658209233329,0.255268507131214,0.756970358176302,0.834394712005552
2.32896,1.22384572997543,0.802565011347257,0.595062238367416,0.214536395905621
-0.506336,-0.127192354592311,0.0155152130457034,0.543371459079349,0.791176641252602
-0.013147,-0.245738429318903,-0.24522571051033,0.607806151313655,0.503259696061763
-0.0172572,0.142003867949353,0.169624699961342,0.206897538885113,0.540203532876475
1.80847,0.923910401632192,0.638322665366597,-0.211280894372095,0.0660421288167939
-0.495927,-0.127643199966517,0.0186329535171589,0.200291645075839,0.616506367713393
0.00343589,-0.206798148020826,-0.227607258585689,0.524829549748689,0.388285366585704
-0.0445781,0.17903681296024,0.178936623796767,0.518104224249696,0.529393612161693
1.86349,0.947603789038459,0.644371575827978,0.15694796991156,0.154728051023595
0.621037,0.640204198034293,0.423840692379076,0.269650492668141,0.431156905881332
0.580998,0.184966145048684,0.118400596319462,0.0749822570932563,0.167430441238723
-1.13121,-0.515235776322687,-0.197308931081494,0.357889439230301,0.498997707699514
-0.858702,-0.786391411717036,-0.597311215978186,0.147628023881279,0.530622829250521
1.3057,1.02768094022635,0.526242324110232,0.163919942110077,0.322718844552394
1.13999,0.580212606440417,0.414109528626958,0.546379333977677,0.58330376925746
0.329041,0.479420414242775,0.287258643568704,0.407831209469384,0.953054365128383
2.15662,1.3505704456221,0.794597042943466,1.77356485415237,0.535970714031922
0.27107,0.394593628617727,0.289066403836986,0.439587325182501,1.06408934920194
2.0709,1.34621619648373,0.807719213227848,1.7258374805086,0.437611608952117
-0.520119,-0.161610815789257,0.0310789836727097,0.581935285940447,0.875076904927134
-0.0227567,-0.230604814537922,-0.239423273128045,0.567171927635027,0.556035143476752
-0.00760886,0.175204329260267,0.18407958363187,0.510422009113329,0.587450801700208
1.71722,0.901582889579076,0.64245822299072,0.15683223203165,0.184428775156142
0.652423,0.655607807786653,0.455793194044626,0.249237842909065,0.40799621963914
0.57572,0.18821035374952,0.116041636422751,0.073214792337054,0.175461069049271
-1.12995,-0.528184663166673,-0.18252731148649,0.374916527479457,0.492704233587786
-0.862312,-0.797265830290894,-0.596752207110632,0.176018989208761,0.531015324198473
1.32473,1.07879176380892,0.544450287955114,0.725026625712989,0.321864191533657
1.13725,0.568233220324353,0.410786159119944,0.832086314666922,0.575898115197779
0.973623,0.982229368459112,0.526978612009618,1.00941387532253,0.678490481956974
1.07206,0.627274879883073,0.434592171429965,1.19188734697023,0.598553334836919
0.302322,0.458026628147653,0.325262452297024,0.913321730849368,0.726610526717557
2.16868,1.33137146141052,0.891848210347377,0.334075426038216,-0.010872531649202
-1.14212,-0.595856852947533,-0.191783274525166,0.125148474416216,0.498012373228661
-0.856671,-0.775547355308223,-0.604760315456463,-0.0928409343085453,0.178126211684594
-0.366139,-0.109388732525225,0.031230708541402,-0.113118468882738,0.100989743277238
0.112625,-0.183638193601757,-0.178495240643362,-0.3772374386859,0.127251290379944
0.000593627,0.215228016376851,0.173556435405163,0.22978784027016,0.388487995142262
1.83959,0.952953555292967,0.700582451992041,0.247953638738497,0.0750695200815406
0.746173,0.684971260303089,0.436763523265004,0.320369922831742,0.403397036476405
0.665545,0.201307598700542,0.143842334735774,0.0824414814513081,0.22758927657009
-1.12853,-0.485785549795766,-0.201175653432539,0.42591022156341,0.581848082805344
-0.853663,-0.789951357676296,-0.607997307983347,0.24184888542146,0.604118284103747
1.4508,1.08875139526199,0.589154921707081,0.236146791198121,0.314290075884802
1.35249,0.622068654222305,0.466949953078073,0.655218951466231,0.52597383573907
0.376123,0.523634338057493,0.29798227166551,0.825202913016579,0.898460617973629
2.37528,1.28284771815128,0.870290890117894,0.680191940153678,0.324472146426093
-0.477594,-0.0939661458700315,0.0208399805661061,0.623029246301051,0.947984792852186
0.0829527,-0.194773215245469,-0.187896808838429,0.670732642268026,0.687322341603053
0.0409141,0.246945259313143,0.209530418519778,0.651960115497336,0.765983469986121
1.98622,1.03643682688406,0.724314813145973,0.248013980690971,0.336491472345593
0.779471,0.686766350659933,0.443878989338656,0.402318852143039,0.646754935981957
0.693311,0.257009752867232,0.170762535173135,0.40866283713036,0.456232096287301
-0.438039,-0.0615404124556363,0.031252655147496,0.573817780337507,0.649602887473976
0.117303,-0.174788360914805,-0.183360970286424,0.537426734066981,0.473646851006246
0.0615013,0.223250183687988,0.186539283059412,0.429414480733215,0.608068734906315
1.93679,0.996513186683489,0.733640612764238,0.27373281732217,0.209404548403886
0.686681,0.705889496716889,0.484331290396149,0.378994345468905,0.494772381505899
0.772042,0.263394317288759,0.173861629639787,0.169310587041695,0.228807078244275
-1.1292,-0.503759145803226,-0.204762694806103,0.437374889392828,0.608742058813324
-0.839131,-0.787726278485504,-0.606744874441095,0.226819751843693,0.597315282893824
1.37732,1.10565739528062,0.583809435610797,0.278598296942845,0.288953689104788
1.39199,0.709228920657783,0.503400546543211,0.701610145075188,0.479297087439278
0.399581,0.543329241419881,0.320004042975787,0.889138100946929,0.817021975017349
2.48891,1.41283266043722,0.951292513694644,0.546796125597117,0.136098061415683
-1.13561,-0.517059620558749,-0.223620555816734,0.516841703284847,0.942491342470507
-0.853753,-0.820643994892791,-0.611969905145787,0.330145403149372,0.842758653018737
1.44563,1.13195151600227,0.586763903348256,0.605847926740446,0.449935402151284
1.40863,0.716724573748255,0.528381210912077,0.729811948148069,0.618500407494795
0.368308,0.547709717098783,0.315043163549244,0.861011462418253,0.99555504129077
2.52473,1.42512389101997,0.976295329677283,0.710072362682666,0.331770323733518
-0.488947,-0.0912049172114572,0.0303795072561442,0.642104562297316,0.993323628036086
0.109854,-0.176648944979078,-0.14944700297679,0.687047922101507,0.736989595419847
0.0557614,0.254477935113089,0.217230003803217,0.657705454016913,0.89488036259542
2.02023,1.0397372348931,0.78462228965023,0.264489430066262,0.507846403192228
0.726258,0.695577705154953,0.487816537541135,0.545121504023109,0.894136496877169
0.760164,0.298662312648758,0.219178765422538,1.22138260538551,0.79607196592644
0.422524,0.50888714729144,0.348735877915216,0.89951614360745,0.960745297015961
2.45418,1.40630831534105,0.948178941372581,0.336969292202768,0.373333879389313
-0.474644,-0.0882739089367857,0.0440574829879101,0.536687265760965,0.979322022206801
0.104594,-0.179686325573467,-0.164011301509264,0.692611244002307,0.638920839000694
0.0406138,0.24217370514801,0.23352292438428,0.652334363767287,0.711620167938931
2.04387,1.05594294606169,0.750042617880675,0.251388215681495,0.27621076648161
0.722502,0.723471689456191,0.49093370452719,0.38860761785486,0.555992614503817
0.732923,0.259508255311001,0.203040345491543,0.155837642291907,0.227873909784872
-1.13771,-0.506866105129055,-0.20559419100719,0.452141907385665,0.515954049618321
-0.826775,-0.788509979583927,-0.596397783963965,0.229005118974414,0.46645083945177
1.40591,1.15247703383519,0.624309609835307,0.0546784727066423,0.143952743754337
1.4354,0.705994710241085,0.53935770956447,-0.249201681229663,0.203386154233171
-0.433258,-0.0552522654315734,0.0438779599368789,0.331494309832133,0.64113887907703
0.113354,-0.192500939745015,-0.163126659319771,0.740561537781016,0.466005231609993
0.0490165,0.24500498141216,0.232429975336399,0.593047952452945,0.638929420541291
2.01819,1.09800588940069,0.831300104702654,0.261689331679823,0.269528441186676
0.750832,0.735938233831932,0.474683981352921,0.383461002076973,0.525702391568355
0.728234,0.273360545536797,0.210178661446208,0.154725519612747,0.257390796842471
-1.13244,-0.48708705802214,-0.172938988358184,0.490079248566523,0.619154164295628
-0.823185,-0.781618999780372,-0.606858523222985,0.268982246247712,0.60364468129771
1.44487,1.14751853680392,0.588929936062097,0.255175874947455,0.277082237335184
1.37926,0.712870180591934,0.518350540170945,0.660546955293731,0.422852729354615
0.365987,0.55053487730555,0.342492289158718,0.878072862211258,0.679407765093685
2.35463,1.42435374446404,1.00945506881578,0.542671411855469,-0.0698701320956801
-1.12914,-0.527482281953842,-0.176625607115152,0.227794895954652,0.544114062265566
-0.834842,-0.787922286611047,-0.608615738380131,-0.162220076605431,0.179226913150348
-0.308466,-0.065068497902579,0.0459051749146342,-0.228197523908068,-0.0686846297192643
0.17981,-0.171614882556759,-0.142138304077749,-0.792146120328036,-0.286185637057599
