1000
-0.391978,-0.337960745781411,0.369759270886597,-0.444907393444713,-0.0170563650242888
-1.01891,-0.841548482969077,0.031131435825959,-0.361542534200702,0.391024603581801
1.77641,1.27887625479266,0.322892539118427,0.347500381487639,-0.389902202785744
-0.872697,-0.636305176941521,-0.105675887993737,-0.327566204476523,0.507067209302326
1.49199,0.867261373536564,0.547748815910537,0.243046613225536,-0.204100538736165
-0.728087,-0.493161979251842,-0.167107172874749,-0.153456090724419,0.36031952185982
0.400521,0.141474657859239,0.397973691951301,0.087732370803088,-0.0249980680083275
-0.892002,-0.611073856155431,0.0543445991162531,0.1993451564744,0.398196139833449
1.02115,0.515997330836552,0.444187814611783,0.238109144677311,-0.0650121811242194
-0.525034,-0.321597276407391,-0.391561821691168,0.0600338909116417,0.486106269604441
1.58167,0.79854189302141,0.32351723234525,0.674509419216287,-0.0777120638445523
-0.718962,-0.373593911596107,-0.257494796700612,0.435373385865312,0.56518568667592
1.33813,0.562417216591045,0.302968128697895,0.665563242757777,-0.0628496287300487
-0.380629,-0.020416799897823,-0.607988193021241,0.315160832165273,0.347194717210271
0.196744,-0.0364339157058683,0.267589161810646,0.124315350402117,0.0411265523941707
-0.821141,-0.415058488748572,-0.0740546373145559,0.414408600222321,0.298452144691187
0.844688,0.303156417703374,0.295657305990419,0.234962137227548,-0.155202524288688
-0.463458,-0.0652483344724527,-0.283674155067108,0.143526695828046,0.305340418112422
1.52667,0.627977966448096,0.251594236036288,-0.139087619863716,-0.303509743580847
-0.740462,-0.321341758096373,-0.25387885136202,0.0535649111450518,0.166231504510756
-0.616004,-0.394309815979205,0.193620211111932,-0.340781885458775,-0.0122039063150589
-0.959323,-0.628883441959896,0.0256669169295124,-0.219203928016637,0.211855690839695
1.85595,0.969206436509359,0.401243406097751,-0.514412814773692,-0.439324865024289
-0.662962,-0.182486592481047,-0.301432185876008,-0.0913607118311325,0.268107232824427
0.249752,-0.0504784583656971,0.283476779862006,-0.0263056223746832,-0.0887152009021512
-0.852852,-0.499892801040891,-0.0324051690552044,0.305325729481136,0.238770265787647
0.882383,0.344371955115006,0.404918426307472,0.185296833344455,-0.1766173351839
-0.543803,-0.145833049302848,-0.335168574107074,0.12361494358401,0.316532461832061
1.55515,0.692651592041431,0.433348675341733,-0.136736152286421,-0.332418577723803
-0.787312,-0.357644021822577,-0.187795683186692,0.011429477756288,0.196613385496183
-0.601445,-0.405875534676607,0.154476992397632,-0.348432462509403,0.0332873993754338
-0.966437,-0.661322244699127,-0.0608936706074902,-0.21615239505502,0.264285795281055
1.88417,1.04655289767532,0.476722265710778,0.0385094637251548,-0.372659602359472
-0.697219,-0.297611832676637,-0.543644902016832,0.178330438808181,0.367709814365024
1.2774,0.559239033602025,0.379240917997795,0.193125501510655,-0.309165822692575
-0.505893,-0.0479597352909975,-0.51981324438183,0.109603022480757,0.0162546825121444
-0.622471,-0.367519019345392,0.209666320283724,-0.313803971217642,-0.152233051006246
-0.970316,-0.625242531600288,-0.0286595129228845,-0.34305620942756,-0.0461061675919501
0.278715,-0.0295682151474684,0.376611418516961,-0.285167966595386,-0.355823285565579
-0.853059,-0.492634838390344,-0.0382411228296798,-0.283345409570507,0.149176641221374
0.870875,0.367189764753042,0.387897868606477,0.163537123687134,-0.18354594795281
-0.549201,-0.166074822748296,-0.341696025461654,0.122149272200667,0.4105878240805
1.52918,0.84830009532276,0.377167789193533,0.605473987158185,-0.0305785548230396
-0.790645,-0.417387892412399,-0.198301489348197,0.323516057606538,0.717586224843858
1.83711,1.06900762927855,0.313761776052252,0.669683448740205,0.0173722463566966
-0.707534,-0.293490992531597,-0.257019130034775,0.346174692842624,0.678633216169327
1.24121,0.642420119800048,0.307411441760644,0.88879073266934,0.0457255423317141
-0.514554,-0.095038399882368,-0.577267160678922,0.377729095763179,0.508059979181124
1.50939,0.671662385560784,0.183668540648376,0.338895683093101,-0.204495322692575
-0.806922,-0.372126004259726,-0.337411665012539,0.110229416659029,0.264131386190146
-0.615086,-0.379650541596154,0.146618140680809,-0.353777013028061,0.0411258778625954
-0.973041,-0.645873927218558,-0.0280812662493111,-0.229103208386861,0.283584559680777
1.88029,0.993987232459804,0.26281657073842,0.0256398033365721,-0.346492187716863
-0.7149,-0.24422504386411,-0.317248925907967,0.240285833109248,0.438909591603054
1.24716,0.558888962184802,0.354330630319628,0.347267189002083,-0.169571353573907
-0.520011,-0.0540901325792674,-0.614363455683113,0.249680946845077,0.235640240111034
0.199086,-0.0117140797873232,0.245576764672537,0.233448836320771,-0.0847279198473283
-0.877291,-0.465373084188611,-0.167116787194994,0.372313178190176,0.201222800138793
0.850418,0.288593256322827,0.361825707317555,-0.0853391875904671,-0.30841584351145
-0.576984,-0.169107705841674,-0.653069232426674,-0.122561051914815,0.111801188410826
0.209248,0.00116806300178605,0.259240191927625,0.0826444998891838,-0.160904290076336
-0.864954,-0.411960606754877,-0.156574540229119,0.302336043547558,0.175255485079806
0.847435,0.327826196328945,0.290487540165816,0.188465388865311,-0.233786654406662
-0.571656,-0.155452187247057,-0.582090865493453,0.0958555294818023,0.270769843164469
1.53271,0.682833486624838,0.329523468341798,-0.172286630270811,-0.351141534698126
-0.800843,-0.371760594312669,-0.339674056694978,0.0202326276132286,0.174785721027065
-0.622003,-0.406400200796842,0.147872273152642,-0.350551691752305,0.0151771884108259
-0.973957,-0.660843355283503,-0.0750577662539658,-0.224887420303844,0.294580064191534
1.86179,1.00014642006809,0.358262659756052,-0.00364736305222507,-0.291914829285219
-0.713759,-0.258154667817532,-0.346456834907442,0.213531270984396,0.509059302567661
1.24379,0.547972144262882,0.285571874287277,0.904529101900098,-0.0561178945176959
-0.530649,-0.132534431616172,-0.810154158548736,0.0351210863113325,0.448065906315059
1.20426,0.500834888945455,0.340855230314562,0.753979059097611,-0.0859271703678002
-0.533917,-0.133415978896932,-0.755664691683986,-0.0986669476587281,0.315418343164469
0.189925,0.00301474080296838,0.248856462321631,0.295167104306514,-0.0416399222761971
-0.879939,-0.457307912590873,-0.115509566485129,0.356045535756483,0.244200756072172
0.84192,0.324880510557129,0.434301920338354,0.217227001402685,-0.217385580152672
-0.585923,-0.158798827765708,-0.284290837878582,0.0831097084860777,0.270053483691881
1.50627,0.683040655251746,0.460034442416051,-0.158234537432656,-0.359984858778626
-0.813317,-0.36859697490525,-0.280885279898739,0.0135530972757124,0.178810248091603
-0.621696,-0.386995450237816,0.231586026170227,-0.313681387415777,0.0235402078417764
-0.974698,-0.669245845158541,0.0250564485614751,-0.204458569821567,0.317938396946565
1.83843,1.02011929419688,0.460461274997911,1.21910113167321,-0.240217270992366
-0.726206,-0.250212634675963,-0.376201926840066,-0.468653177828533,0.574547142262318
1.80336,1.01064665252837,0.394064998863049,1.3277548954941,-0.147362017002082
-0.734802,-0.319226517950172,-0.3489380820061,-0.344508301052328,0.481126732824428
1.21724,0.523615054745986,0.438080155793957,0.240456099121529,-0.213635815752949
-0.546327,-0.0439073864255933,-0.450313137388649,0.0764260269077968,0.0630267716863291
-0.637836,-0.362843299212356,0.215268165447263,-0.306858061165393,-0.179003465995836
-0.978981,-0.61236728418626,0.049481328677176,-0.347654758873115,-0.0780736328938238
0.24571,-0.0391610998762008,0.31447019395293,-0.287949578606201,-0.37989979111728
-0.874143,-0.48427945696302,-0.0540326087296792,-0.288712163751907,0.0525565804996531
0.842936,0.340296790929717,0.432288399405594,0.130887773430755,-0.331704931991672
-0.587548,-0.163312732487625,-0.373169933377412,0.0928085990620716,0.201507102359473
1.50188,0.673635762883392,0.441919324810607,-0.155714170576169,-0.370269660999306
-0.815081,-0.365307284173721,-0.193739196054415,0.00947313702375702,0.163034713740458
-0.62597,-0.396810207684974,0.224708453198532,-0.312988245908061,0.00199522553782094
-0.978182,-0.666872771944706,0.0347220897208287,-0.204603917166151,0.254569160999306
1.85349,0.974086433296047,0.480840439448491,0.0198239668857286,-0.359930979181124
-0.730342,-0.264339369004967,-0.257051208104465,0.184133393475734,0.423335160652325
1.22936,0.555964076819982,0.3964723422311,0.343729882022735,-0.184389764052741
-0.545102,-0.0897113670783488,-0.430555627682741,0.181870700113893,0.262006313324081
0.198801,-0.00901901004636765,0.320865673936061,0.193021315673563,-0.0355736367106177
-0.885484,-0.418049218084815,-0.12083929989344,0.361061749809233,0.279420435461485
0.846163,0.334025791466558,0.454075933794858,0.214354380992682,-0.179997715128383
-0.595649,-0.151727581798753,-0.399233404804669,0.0800982964354656,0.318068695350451
1.53315,0.738695965130174,0.432560900801076,-0.023843416775462,-0.289656531228314
-0.819059,-0.380214573648568,-0.24282728133099,0.0458527362896039,0.298413319222762
0.215315,-0.0101144947227535,0.328851592809821,0.11060743946617,-0.0886158410825816
-0.882273,-0.474441609042887,-0.0440424549885109,0.105740522706743,0.226015428868841
0.848745,0.334727797808537,0.371972329880906,0.123411386890003,-0.222649734906315
-0.594716,-0.148145601181841,-0.391115374082635,0.086300569398017,0.274752904233171
1.52873,0.718995491063354,0.393603659952867,-0.153980582731169,-0.366764028452464
-0.818805,-0.370932085506915,-0.283246660992271,0.0180674099664299,0.172020305343512
-0.617362,-0.414025556620977,0.236394604262446,-0.328159598909243,0.00914725052047177
-0.980737,-0.674614729308839,0.0432602143154248,-0.202876262887505,0.230956714087439
1.88973,1.03741605611097,0.527257012968679,0.0314035146819567,-0.372720672102706
-0.728296,-0.266565675341632,-0.407213265780782,0.191995717897077,0.409274533657183
1.24422,0.472483286222596,0.414406742037006,0.160246386336967,0.0158178174878555
-0.546356,0.0124440552579553,-0.415666781566988,0.272458295639015,0.555649904233171
-1.08725,-0.42155299848631,0.102200440985642,0.49788309009038,1.15397629007634
0.674399,0.0337321261261186,0.281646594974053,0.427453397153839,1.39962202394171
0.897231,0.395879482362919,-0.0300937095868091,0.253622744262733,2.37729682824427
7.88619,3.86725493823146,-1.92561573556207,3.53532960949652,1.3233014351145
0.175211,-0.299958606862092,0.065330543765876,0.671243880844554,3.68370494760583
7.81278,5.40141080509784,-1.49861547480659,4.01820983469228,1.45180406870229
-0.355687,-0.589873249881032,0.071031301522986,0.619683685926617,3.08859168251214
1.81618,0.36254625799561,0.0267230383924481,0.694449980105255,1.86498292470507
0.163446,-0.434188133875806,0.16302765466916,0.545021863797752,2.04668180083276
2.59371,1.82254960842779,-0.0295692388887484,0.918315073149027,1.10429314746704
0.823806,0.00479106862547247,0.246812740896279,0.796311454033363,1.45899443615545
1.37384,0.549911304727131,0.036217885681574,1.06882380698412,0.998234556557946
0.556038,-0.191621933298016,0.289934119646364,0.708577188208576,1.20866600451076
2.00397,1.62160069071991,-0.492114147559449,0.706404057078644,0.688209926439972
-0.188265,-0.416539688301874,0.20692544540809,0.503635714184333,1.19623314191534
0.448905,-0.0446146483429467,-0.0783382115997429,0.551671601078738,0.944778304649549
0.234419,-0.302624275508677,0.226155356142913,0.39254008302535,1.18749152255378
3.06797,1.99694309195985,-0.671779332867982,1.1870522883227,0.60790882130465
0.671197,0.0155900419692917,0.20762494179965,0.401279923132228,1.30239715128383
2.5525,1.36689812385172,-0.311415795048366,0.941720992395423,0.521398180777238
-0.998577,-0.686422904033571,0.0540240976157706,0.359479750155386,1.20130666377516
-0.414072,-0.520385616047905,0.0816840052518473,0.150783454787865,0.96722322519084
0.83729,0.147097280585672,0.197126645599661,0.178249933603875,0.951574632199861
3.32712,2.02044385537782,-0.649916298447043,0.183688760870645,0.429390816446912
-0.291088,-0.448891909043487,0.140863330641017,0.168254428294502,1.36800994101319
1.14024,0.265850704941889,-0.00962123516020593,0.823520944897539,0.857057684594032
0.134116,-0.334342380664219,0.148962541961454,0.464258801413987,1.2107986315059
2.68294,1.88538678949079,-0.580813843018807,0.735320555871809,0.580817861901457
0.705771,-0.0599872516136351,0.207885361555945,0.491363549305399,0.973180206453851
1.33961,0.618491100264864,-0.162717781894818,0.399634415943623,0.428743643997224
-0.949091,-0.708045892413419,0.112248253096217,0.033573254897641,0.810128475017349
-0.701892,-0.602157019064081,0.0460501757973591,-0.0777866691508706,0.680421948299792
0.936518,0.179665020467266,0.222779921665718,0.321351465895021,0.456083964607911
1.74036,1.09297532334097,-0.174402074662707,0.68642444584334,0.351685182512144
0.47686,-0.177563883146895,0.251983352759066,0.231387563882266,0.66292186814712
1.85524,1.63778194785403,-0.541941916232808,0.764188029815298,0.0546822931991672
-0.935361,-0.723912632892896,0.129488355641917,-0.179267441236925,0.525367617279667
-0.773909,-0.676638935726756,0.114092568145483,-0.250624102252226,0.320432608952117
-0.14624,-0.460929383578279,0.202338415712441,-0.231529195611359,0.232911514573213
0.423129,-0.0223375896759764,0.0895938543539738,-0.134639057204403,0.278094230395559
0.227595,-0.231504864518528,0.236170134658994,0.138243524429286,0.613772841776544
1.57047,1.16881466198026,-0.243710786262108,0.520405984183965,0.46494723907009
0.787366,0.0604633123786212,0.343123994703448,0.723198541092421,0.864788159611381
0.907115,0.358477613162961,-0.128353458439384,0.989520108213138,0.917988744274809
0.909452,0.151690273699657,0.335936037128253,0.782145893039566,0.985376812977099
1.30523,0.791828767861872,-0.307962959129667,1.02060028391379,0.8607391592644
0.482704,-0.0932822939030628,0.315289856442748,0.861925427111789,1.03008314018043
1.80024,1.47592038817549,-0.414299274586991,0.926624876547282,0.580820246703678
0.723681,-0.0152437907855456,0.313591825748995,0.443761765436276,0.682769639139487
0.737761,0.297688088957881,-0.118080067098069,0.287755080244038,0.362050947605829
-0.922683,-0.653990078040944,0.0956369638379888,-0.0572786017526929,0.571732041984733
-0.78619,-0.61892032873823,0.0588959140882013,-0.110376934660506,0.525716625260236
0.946755,0.185394909677035,0.338807807431262,0.226676597611772,0.302275860999306
1.30414,0.836141669667834,-0.347822235395115,0.530146307989702,0.372425854961832
0.493574,-0.0798779800077916,0.31736512276311,0.316860468730537,0.658061926092991
1.42691,1.24280212037714,-0.569982043874628,0.73333910112572,0.327327013879251
-0.17641,-0.389162198478089,0.249953219930613,0.374233067124667,0.628189805863983
0.0198044,-0.193617489755485,-0.0432180620463339,0.382849858133673,0.491297292331714
0.237804,-0.255031543922755,0.269530458449011,-0.033140194634664,0.463567939798751
1.30723,0.99059265137698,-0.433505713672498,-0.00326993721114011,0.189101410999306
-0.166408,-0.34050841445251,0.164308283093961,0.227591289604709,0.534891855829285
0.0340255,-0.178392171079133,-0.00454726203450612,0.314109502193465,0.422428446911867
0.262879,-0.20958660499232,0.277139980368092,0.25818843996191,0.437165892054129
1.21847,0.943912479793667,-0.356469820061101,0.318239945263933,0.266932625433727
0.785435,0.0399060053581451,0.286805655892976,0.125095509033891,0.319527924531575
0.482811,0.203736440362463,-0.214143413512584,0.21994580242597,0.169588940492713
-0.910935,-0.606558732563777,0.121708453224533,-0.108062160474863,0.385985834663428
-0.845968,-0.631123347318896,0.0222087086763395,-0.151079434441359,0.429815144344205
1.00197,0.227167139416172,0.326697891659228,0.170392069518901,0.206243301526718
0.797536,0.648588521696298,-0.405982982054776,0.425744966514967,0.454034644344205
0.544837,0.0421479281925856,0.285282463298871,0.539130082512321,0.628422128730049
1.28035,1.09542079866707,-0.986348467193542,0.941738708026092,0.48012236259542
0.540187,-0.0360774051155339,0.251126391933548,0.459067981652876,0.673129977793199
1.08128,1.1145599951851,-0.813662856298943,0.895977599125846,0.421733732477446
-0.154,-0.359471364950288,0.16183189337253,0.333237561188571,0.569795602359472
-0.174836,-0.227878869776204,-0.133582982547432,0.349627095519077,0.45751453296322
0.269354,-0.180278477253146,0.242037803358932,0.220653903678803,0.354370253990284
0.915619,0.770921500681923,-0.527944880829556,0.261841717728246,0.230527363289382
0.788562,0.0791358637174909,0.206498982063113,0.0525156693922406,0.215582289382373
0.411645,0.174932960886903,-0.344646121375475,0.181166368408096,0.130045393476752
-0.912298,-0.569833354203898,0.102615743605586,-0.139471375018216,0.34056690666204
-0.852303,-0.616079837220656,-0.0159288718922684,-0.162915323676474,0.406256921929216
0.983074,0.253451782002378,0.159714325530506,0.438089679950967,0.199037076335878
0.795923,0.621878221524705,-0.237248741079519,0.559537425191232,0.438788889659958
0.928559,0.295270757845563,0.261131160270802,0.618887683377448,0.452874717210271
0.739606,0.502743546351443,-0.547746844328958,0.846463982972489,0.462514482650937
0.520175,-0.0508660793914048,0.254573078521337,0.510917949197842,0.41951457480916
1.14677,1.1199158966862,-0.782488966958211,0.286461756051466,0.0298591273421235
-0.912982,-0.64604238381416,0.082079510272231,-0.27167598583371,0.262717831367106
-0.881785,-0.66024042245292,-0.0382985848722738,-0.311437327983935,0.0987642744621791
-0.108328,-0.361501756913457,0.178069253711497,-0.288141138008201,-0.0541488029146426
-0.0681554,-0.163862680263633,-0.102503627378739,-0.223913127196247,0.0602787581540597
0.27711,-0.13499545069745,0.225051203920254,0.0318911184293666,0.102587312977099
0.725717,0.655823764764293,-0.730616298937887,0.220913682977607,0.0934284951422624
0.815505,0.108247648369379,0.241440268196826,0.0320064748189188,0.0775485746009715
0.179919,0.0647312509124694,-0.430598654815063,0.120867316425301,0.102713281748786
-0.895614,-0.550618631114679,0.0430108968082829,-0.080904806781845,0.258639737196391
-0.880479,-0.649987181214384,-0.0206390059404455,-0.0880261826851295,0.325081587439278
1.01493,0.304227815497627,0.277239684792947,0.0925664103643117,0.0440428147120055
0.640587,0.541755063826964,-0.532138370234555,0.378830428153085,0.308177487161693
0.554455,0.0596967109275737,0.275287819435869,0.265901722212882,0.392824733865371
1.02071,0.901904476603198,-1.09444679364057,0.447457508090176,0.249737706800833
-0.14607,-0.298606634027663,0.176862239773368,0.32404234496796,0.4815006648161
-0.17901,-0.242607016483954,-0.211842660808249,0.355936340750376,0.45638720055517
0.282908,-0.125501601063772,0.163699002203557,0.225235540508345,0.378581147120056
0.919934,0.752610790754968,-0.676897440652096,0.216830035944038,0.287614387578071
0.82243,0.170380310502635,0.187416668713481,0.15197306998769,0.298674630464955
0.244065,0.0762730986719115,-0.0855094275862566,0.267768338645255,0.333463899375434
-0.115973,-0.293416564590604,0.274868003604441,0.284948763500283,0.333794994101319
-0.262946,-0.267708414075636,0.00453123431291615,0.319027394821623,0.347850515961138
0.31387,-0.0473854107846944,0.355982930997341,0.20446170183846,0.24987373629424
0.799875,0.56774295383029,-0.353603850299466,0.234640760759666,0.196950785912561
0.825638,0.116029052278893,0.380459692815011,0.053287825178491,0.147139122484386
0.315733,0.0820516765595849,-0.058592106307285,0.1619905933146,0.113689137057599
-0.903751,-0.564495589096019,0.145683817637034,-0.141476032837307,0.305882489243581
-0.877281,-0.628021686714529,0.0756169444554013,-0.149597725992578,0.351696744968772
1.03617,0.303823012126121,0.463703536214461,0.15003162394266,0.0348066655100624
0.747661,0.503968083263828,-0.113051394142594,0.40833680853225,0.262992864677308
0.564176,0.0089601020032503,0.387356452738995,0.248426298434809,0.271443633587786
1.09765,0.985234576741392,-0.525684292123429,0.323569144091229,-0.0191582359472589
-0.768421,-0.563655863868471,0.200005829738333,-0.350885104021973,0.223486607564192
-1.01061,-0.650522769320307,0.00323111840606579,-0.341820523728061,0.159279407356003
0.966188,0.466269057851049,0.40985938749609,-0.0797207894591945,-0.439291170714782
-0.995711,-0.45442595237884,-0.422581354067612,-0.206685684986375,0.0319746908396947
0.574965,0.229694605759531,0.367942164763775,-0.11634076986311,-0.497589751908397
-0.923831,-0.360358927221406,-0.645433002841276,-0.2812514176066,-0.176221301526718
-0.237553,-0.178847677120662,0.27572264853,-0.141188404085284,-0.426304479528106
-1.02845,-0.535203354091036,-0.10559872185159,-0.0470388893243946,-0.153494124566273
0.316663,0.131763165599238,0.386551380179807,-0.166551956550088,-0.480078408396947
-0.94706,-0.362061028174972,-0.520483069449324,-0.307346075397153,-0.0275556162387232
0.96536,0.467082095182989,0.465500886614144,0.132285662172104,-0.52092282130465
-1.04408,-0.482475742278436,-0.261154733490504,0.109871390114862,0.046227057945871
0.74454,0.379715255257029,0.428267440082213,0.221940294090398,-0.501098876821652
-0.944697,-0.36029412463881,-0.620745466294585,-0.170689957151232,-0.0837397022900763
-0.146591,-0.139212533349596,0.293308752953668,-0.102277727052246,-0.396063613809854
-1.03877,-0.543702890529643,-0.0924376503260037,0.0291887651431421,-0.1384006592644
0.419729,0.19620411934359,0.392150939797794,-0.112851115582847,-0.526538534004164
-0.956993,-0.36921264178878,-0.478003503722811,-0.260666946339975,-0.0504392487855656
1.05883,0.553483995437676,0.479867737421245,-0.443544680544444,-0.631165958362249
-1.0457,-0.524782060752158,-0.274989205929402,-0.228568602713796,-0.14564968296322
-0.71951,-0.482589836728678,0.210858182568438,-0.488605956307936,-0.326603437022901
-1.02705,-0.704190755257043,0.0464169344155618,-0.370244647448917,-0.114053926960444
1.39459,0.820945791337906,0.548681434918566,-0.743001142823526,-0.69163118684941
-1.0132,-0.404347614869315,-0.431199043073798,-0.286677371087694,-0.0373133110687022
-0.0883113,-0.185326481388696,0.22226092781007,-0.230620362970139,-0.39681465648855
-1.02645,-0.577890136105855,-0.110563461804822,0.0247175076093691,-0.11810627741152
0.455051,0.222491439385348,0.424073653142947,-0.0850004834365154,-0.48289442314365
-0.935995,-0.398074739149412,-0.535759358236015,-0.233056247226355,-0.0153833388272033
1.07862,0.580777689536251,0.476347918006639,-0.399166454724981,-0.617589021686329
-1.04379,-0.545194746845221,-0.280277595814668,-0.197971600921214,-0.10395874056211
-0.707099,-0.476394448812448,0.199869862281178,-0.459995580633035,-0.272832705759889
-1.02885,-0.719071087083685,-0.0228017759025399,-0.34828687474723,-0.0611823525329633
1.42152,0.851132025116578,0.522256089586819,-0.22943217601788,-0.623876368841083
-1.03061,-0.503698291899244,-0.435532596159645,-0.108249797585103,0.053341403018737
0.835,0.436881826516504,0.444324913043724,-0.0225591036944851,-0.590863149722415
-0.950428,-0.376273449062334,-0.633613099535725,-0.238522454037272,-0.235543449167245
-0.712311,-0.466935002471076,0.174935967591479,-0.480120047496492,-0.452073809333796
-1.03394,-0.715475571717081,0.0432440131263639,-0.475443019707116,-0.336256177133935
-0.0231265,-0.105371366079466,0.348957268160289,-0.44575563651332,-0.593859510756419
-1.02984,-0.626325623819008,-0.0929841507640337,-0.419689724882368,-0.159294008501041
0.484556,0.204153527129645,0.422097320056784,-0.111272275591897,-0.476679217730743
-0.956561,-0.402284374601724,-0.463219642385126,-0.233667164361919,0.0880469443095073
1.1035,0.621681714192546,0.47574481530789,0.313906689997151,-0.36855977463567
-1.05405,-0.553056805442055,-0.314696374501569,0.0737243992865345,0.326457816967384
1.40631,0.760777239848122,0.354225907078956,0.394245817577697,-0.332812149548925
-1.04119,-0.548882239898258,-0.647676230041962,0.00145885058694681,0.301194085357391
0.855537,0.456923134364134,0.320436376268611,0.650476535500305,-0.307862092643997
-0.954033,-0.485789879112281,-1.11525111268183,-0.0605690838805108,0.181563265093685
1.10558,0.599972117485503,0.339117048653842,0.0989403595611743,-0.502450740804997
-1.05736,-0.569333989554122,-0.437428990234459,-0.0897012329561531,-0.0241507900763359
-0.703637,-0.479716633284835,0.0452351510079363,-0.480573165074615,-0.250356801873699
-1.03254,-0.718959944687081,-0.0545247653817004,-0.359893292759262,-0.0220673699514225
1.46578,0.878285779299561,0.394305293390084,-0.267297279550487,-0.594813528799445
-1.03296,-0.524553414430693,-0.695982746890455,-0.0942158931946723,0.127786848716169
0.838898,0.460890687773264,0.297749980508046,0.0543460022550002,-0.477258121096461
-0.949873,-0.45184178992451,-1.04127947677709,-0.162290716753907,-0.0655326205759888
-0.0721762,-0.0892190477128308,0.143045722152034,-0.00539670550393431,-0.406578869708536
-1.04498,-0.588413945923319,-0.302915173651867,0.0828716344434261,-0.136964841950035
0.494873,0.265748673599763,0.301043083783617,-0.340014136743676,-0.59899077463567
-0.957005,-0.430119799743923,-0.832694625718663,-0.385878259905392,-0.17586228296322
-0.0543505,-0.0910196023177526,0.178217222139951,-0.121014480788841,-0.465783452463567
-1.04082,-0.57382853676874,-0.273238198123101,0.0165510771029422,-0.143691826405274
0.504568,0.275352425634942,0.284722057852123,-0.052176612094969,-0.516730635843164
-0.9555,-0.443430624565804,-0.803557729057483,-0.224506136858827,-0.0128521407009021
1.1358,0.630561995772931,0.352792242570655,-0.398753841225065,-0.611285602879944
-1.05036,-0.559644381080668,-0.535281000704231,-0.200305827823946,-0.0830355286259543
-0.697539,-0.474724594204879,0.0846689577697832,-0.461530405823379,-0.258465063844552
-1.02964,-0.721580076354919,-0.181330613664612,-0.339338781211877,0.0020597619708535
1.47173,0.893938186126308,0.269367190479437,-0.229691719532517,-0.541885304302568
-1.03301,-0.525756125031663,-0.768183628101307,-0.0964487138809401,0.198135801596114
0.875412,0.488749746202448,0.328315694595138,0.629121271068243,-0.379701277931992
-0.954274,-0.528498064582424,-1.03386090335773,-0.599363603967082,0.12078913740458
0.836511,0.46959615173993,0.263214185991081,0.504155137371699,-0.432491363983345
-0.951647,-0.513701294835935,-1.15225265495337,-0.676619113321306,-0.00288626474670373
-0.0613108,-0.0680640399531486,0.166709046696331,0.034893163926476,-0.369902279666898
-1.0435,-0.600418176767592,-0.268429264786077,0.0886640626883325,-0.0838538237335184
0.511593,0.286348436956175,0.268717074573948,0.00857711024912305,-0.49675790388619
-0.958771,-0.449462551869021,-0.719481414739262,-0.216621476132844,0.00388868181818183
1.15989,0.672534052310913,0.374711479723021,-0.354459707251372,-0.609741042678696
-1.05293,-0.573185420671747,-0.420983968037822,-0.186515177847573,-0.0577974756419154
-0.689042,-0.481423630339962,0.109305702251338,-0.464162576072992,-0.227650489243581
-1.0344,-0.732690623442634,-0.0663794832891812,-0.335527900466361,0.0558077630117975
1.50469,0.938764570592133,0.464374680782095,0.662143435830369,-0.469137690145732
-1.03287,-0.446799286696816,-0.525147427780763,-0.599785703158041,0.307829534698126
1.45925,0.858905520895314,0.343428151707788,0.838886152231062,-0.416308610340042
-1.03884,-0.527090743320508,-0.682373399342847,-0.484808130031604,0.199022297328244
0.890925,0.449526086440603,0.377624119927428,0.0705154039594774,-0.480024633414296
-0.955437,-0.348350156960124,-0.875635470915978,-0.222246559258274,-0.148666416897987
-0.692321,-0.433469726719819,0.0893705940552788,-0.42886031535236,-0.433706960617627
-1.03523,-0.705339535754824,-0.158341049156482,-0.433761306740101,-0.305602141741846
0.0341659,-0.0554763070049783,0.206363095083426,-0.408702236011274,-0.573659219292158
-1.02769,-0.622055112245294,-0.29297783533207,-0.382318492881492,-0.177043222935461
0.561349,0.271011025101285,0.260375143327193,-0.0315979865479941,-0.550398650069396
-0.948578,-0.469436788269141,-0.910372927288452,-0.173956973619373,-0.0108062555517002
1.20512,0.691631085085226,0.50549946630543,-0.322653717650118,-0.594182823907009
-1.05263,-0.564434599353519,-0.433683832608465,-0.137774093114623,-0.0490954219639139
-0.678556,-0.475925156776822,0.184773345021511,-0.408587007723333,-0.235854353226926
-1.03193,-0.736071608329443,-0.00297659683898884,-0.290157090108737,0.0074838832755032
1.54402,0.93609335827274,0.486242910181696,-0.22142881845987,-0.574965672102707
-1.03104,-0.49081474824489,-0.564879789574374,-0.0857072002698638,0.169714735600278
0.908001,0.498610248971452,0.420518920809501,0.117426438289426,-0.457081910131853
-0.956976,-0.428059701726094,-0.845866240848864,-0.152858216372781,0.00829579944482994
-0.0202704,-0.0571886135578259,0.284622321361968,0.0278087047117335,-0.327951339347675
-1.04562,-0.552615096414317,-0.16011587581616,0.127858678509802,-0.020278015128383
0.559623,0.310388815977506,0.382609149618563,0.0198780868157338,-0.450901481956974
-0.95603,-0.432654167697828,-0.812368417282657,-0.204090604372443,0.0588784240111035
1.20793,0.693385600758066,0.456920457373014,-0.22070712460991,-0.549848603747398
-1.04603,-0.551921140733499,-0.391480629418204,-0.187110894071006,0.0341402871616933
0.0135184,-0.0603598892849743,0.300484090852398,-0.0165109964499053,-0.344467168632894
-1.0377,-0.579640682160869,-0.160374590090647,-0.0728020750951433,-0.0400694708535739
0.575162,0.279242189729833,0.366203531436395,-0.0388430160693952,-0.465688771686329
-0.950031,-0.409235321955333,-0.731555407927132,-0.187748705644898,0.0453232668285912
1.21437,0.685192911998032,0.474726009166541,-0.337707098729188,-0.592670068008328
-1.04954,-0.54565759733082,-0.415355013117727,-0.156271909399411,-0.0442637163775156
-0.672563,-0.456925717357847,0.179914952314967,-0.408835453449485,-0.230574527064539
-1.03178,-0.730337001033804,-0.0141827218498722,-0.284726421148926,-0.00325380222068
1.55341,0.950630340583798,0.53486737100643,-0.182608808883224,-0.598952528105482
-1.02459,-0.479228298137661,-0.510141415868273,-0.0664237489172905,0.155170844899376
0.930459,0.481437486094248,0.410072217710513,0.0309196139476487,-0.493092723802915
-0.944737,-0.356219998218306,-1.00693724336904,-0.199988013656386,-0.0627758556557945
-0.68505,-0.442994118477394,0.168934566408697,-0.411250171598417,-0.207725329285219
-1.0303,-0.687160367300162,-0.0100825301112831,-0.257277174947358,0.0225031391047884
1.52908,0.966747535402029,0.476376276114996,-0.117223971793883,-0.577299093858432
-1.01911,-0.468521253945545,-0.543899962730666,0.051587607736614,0.167260396079112
0.914452,0.495370292392858,0.385657770352622,0.164641043535507,-0.449400952984039
-0.942569,-0.486437281081615,-2.07463976080462,-0.0323327204280592,0.0116059793546149
-0.0195901,-0.0773276596929832,0.287856041003613,0.0583435374042774,-0.321221328938237
-1.04015,-0.570817947920259,-0.193393182418323,0.156890293612102,0.0105895567314365
0.565425,0.30683527555858,0.396608546093712,0.0361188074524855,-0.400238132373352
-0.946402,-0.418110638545148,-0.659021696887261,-0.199327492771091,0.121162788237335
1.20324,0.675494416929561,0.436956156167076,0.303675809509772,-0.447906419326856
-1.04547,-0.533248882536871,-0.375624885615227,0.232884290093515,0.180116632859126
0.939735,0.507465502480805,0.381129847261407,0.38698616221837,-0.433892000346981
-0.94097,-0.395454669696469,-0.777099056530455,-0.0778515364170038,0.0289627550312283
-0.0116348,-0.0573327370991185,0.217599583368219,0.0270070800063922,-0.332502778278973
-1.03785,-0.553090599161008,-0.136252881443648,0.138148676807913,-0.0420261908396946
0.555744,0.304344729157839,0.368505410978857,0.0389024653367293,-0.473820978487162
-0.94386,-0.419920009828724,-0.734971697012093,-0.205309516357562,0.0375434941013185
1.21318,0.673018388727345,0.467930100583306,-0.341572507018507,-0.589732440319223
-1.04042,-0.547910190374533,-0.342081618371006,-0.159827307098527,-0.0712483059403192
-0.674687,-0.459972597383451,0.158361921835181,-0.427069813386682,-0.273185289104788
-1.02282,-0.718451542532321,-0.00271858202767535,-0.298018412823469,-0.0440317286606524
1.54802,0.951624334438232,0.489099722809786,-0.713928374499735,-0.660625853226926
-1.01695,-0.384091817980854,-0.41813257090997,-0.23862475656263,0.0367365423317141
0.00744168,-0.127711961192474,0.336675073307896,-0.154798699834696,-0.356006407009022
-1.03737,-0.59623064252982,-0.103025240400014,0.095955509324093,-0.0477135582928521
0.575211,0.297119977238227,0.455419816727333,0.00430842835906348,-0.447974873351839
-0.942319,-0.375109763087694,-0.453881298210451,-0.192806439149347,0.0557052716863289
1.2107,0.680525240056835,0.511452232735262,-0.339936441749805,-0.589047620818876
-1.03955,-0.536920536866078,-0.292706200102975,-0.150022851941604,-0.0459974347397641
-0.673888,-0.455061642296175,0.233225596789356,-0.403177817008942,-0.230592133587786
-1.02479,-0.737453866181134,0.04626861157674,-0.285620362263835,-0.00858549826509369
1.52332,0.937881730738805,0.516481500163876,-0.1946219578056,-0.596622091950035
-1.01552,-0.465185634745057,-0.415373594939984,-0.0717481903074003,0.105433756315059
0.913107,0.481954957744117,0.474441866653344,0.0147990678851316,-0.561889006072172
-0.938194,-0.335344332925815,-0.698545133197047,-0.204889667933732,-0.1922010796322
-0.686007,-0.441158059758069,0.203003239172796,-0.429983739142336,-0.416546868320611
-1.03076,-0.714714302050623,0.0335513031088627,-0.423512323215847,-0.290153640700902
0.0569597,-0.0519245389331455,0.348507445081674,-0.400339162326275,-0.564560355655795
-1.01602,-0.635724056009538,-0.0624679144503331,-0.371227552670777,-0.106262904406662
0.568214,0.289555074521963,0.417298527869867,-0.0424722202157894,-0.440440893997224
-0.937277,-0.422108224758261,-0.488224276324712,-0.179888645944471,0.144564955412908
1.19387,0.718113688398998,0.478561518996516,0.616473897011492,-0.331579028625954
-1.03527,-0.536644257820216,-0.253287348190588,0.0101035969985566,0.381319856245663
1.47182,0.865725929489415,0.510476842225341,0.602444649878756,-0.295362498265094
-1.02266,-0.509731099173315,-0.350059820282637,-0.0520644901098549,0.348457440666204
0.905806,0.497172355330586,0.479391513962599,0.723493407096212,-0.273203029840389
-0.932845,-0.423100297134346,-0.699851244500889,-0.000552889939704371,0.223252314365024
1.16929,0.643629071195762,0.489843657350235,0.179331613180066,-0.475477916377516
-1.03574,-0.539795882091867,-0.241921651415171,-0.03089861697975,0.0104189358084664
-0.68022,-0.455272786915443,0.229504381999843,-0.407230057000518,-0.221663481263012
-1.02522,-0.734369308671067,0.0325771643511378,-0.297035543678985,0.00988762671755727
1.50285,0.934123592288949,0.549724669226137,-0.205360470197763,-0.570084213393477
-1.00626,-0.478642524392642,-0.37866529179019,-0.0766219323189714,0.156502503816794
0.881138,0.487920597586375,0.464325414083323,0.126643319398737,-0.453676548230396
-0.924568,-0.395510562194363,-0.710247779552447,-0.151069072086615,-0.040491873629424
-0.0476968,-0.0665040897633283,0.289479668490971,0.024374282430168,-0.38583676370576
-1.03009,-0.56566760211547,-0.0837055696435552,0.11756649766054,-0.119915001734906
0.495976,0.283290310165115,0.407521874885943,-0.314519002433391,-0.582677346981263
-0.928372,-0.380030085720301,-0.608985251001273,-0.375297111556814,-0.174826242886884
-0.0601258,-0.104852106135284,0.285657585256738,-0.0816837291292054,-0.462624823386537
-1.0268,-0.554536782048334,-0.115677034734099,0.0206398420647096,-0.155556830256766
0.45787,0.250637898157275,0.425803673816258,-0.0571332917571573,-0.520991790423317
-0.925989,-0.372716822792344,-0.59645315170931,-0.245934782379149,-0.052173767869535
1.00299,0.557822701957776,0.40688930462969,-0.402992429513148,-0.613653802914642
-1.02409,-0.518258571423449,-0.305050817399622,-0.205780626838052,-0.132784362873005
-0.711224,-0.460502805385199,0.14853053692401,-0.462894088751449,-0.299950046148508
-1.02197,-0.69036893255912,0.000460894584300226,-0.353432525997076,-0.0664670707841777
1.26367,0.740836099260688,0.474989923110127,-0.290142461059774,-0.567187239417071
-1.00062,-0.441510614943703,-0.469814071807195,-0.141888148421064,0.0990521339347676
0.699651,0.346685350161592,0.414519069712409,0.512441497681845,-0.421030421582234
-0.929303,-0.493685732014475,-0.731646527813668,-0.636716987229239,0.0196614569743234
0.650767,0.361608150810885,0.372891281195848,0.437976489065906,-0.474050537126995
-0.92486,-0.43722620516161,-0.842777276212056,-0.708829390958433,-0.103954964954892
-0.177915,-0.123859940627855,0.246428229468749,-0.069609029063886,-0.427354795281055
-1.03827,-0.538683157033916,-0.127804280253005,-0.00698717900343818,-0.183325958362249
0.322898,0.162302594976289,0.366548442581735,-0.126183901114548,-0.547401222414989
-0.934193,-0.360906443173794,-0.634249685483531,-0.302505348153476,-0.119077367453157
0.882446,0.454760560449268,0.398781127754109,-0.448327509407021,-0.64816223629424
-1.02532,-0.498587040617247,-0.296945573638973,-0.257879126326284,-0.176779137751562
-0.735623,-0.479615050836902,0.191596451079637,-0.505654241712916,-0.320656594378904
-1.03087,-0.703698091786368,-0.00398171150343992,-0.396053533273123,-0.0786318678001389
1.16275,0.705318405230161,0.438099595276371,0.573975323543849,-0.530607119014573
-1.00023,-0.420197092296549,-0.426550400925172,-0.688570400684052,0.133971571131159
1.12339,0.639192248915143,0.42716420974856,0.690047437475485,-0.483450381679389
-1.01069,-0.505170090688268,-0.486288156590882,-0.59274790580579,0.0396457227619709
0.630879,0.324947055520801,0.372900311264421,-0.0682343537584787,-0.541995733865371
-0.934714,-0.35964330370089,-0.788670229173315,-0.30788094734687,-0.269335688410826
-0.746328,-0.463926850354594,0.142532770303956,-0.507814953473324,-0.511675539208883
-1.03357,-0.698534263009976,0.0207929049204797,-0.523255723607008,-0.414245178348369
-0.147719,-0.172836352822527,0.281239753763604,-0.538931134597482,-0.642226989937543
-1.03057,-0.603562809656959,-0.0742643833307083,-0.485437748282156,-0.314482722068008
0.283666,0.094464605856842,0.366412129626971,-0.232338615702446,-0.622255303261624
-0.929714,-0.359474177822933,-0.604530550112636,-0.302481597683397,-0.182335731436502
0.828316,0.429029018866436,0.371127813326592,-0.473370197316083,-0.656692078417765
-1.02397,-0.495826730803175,-0.235585503494193,-0.273941397030118,-0.21069006592644
-0.743219,-0.472760596743826,0.166251669487964,-0.529673220362658,-0.358582268563498
-1.03258,-0.686684429557342,0.0289938483045843,-0.422747345780938,-0.158470116238723
1.10884,0.644839860611476,0.434978781892353,-0.344321698606886,-0.639866994795281
-1.00031,-0.454516306503934,-0.402859990481633,-0.192144090790176,-0.0278685287994447
0.596124,0.285840205017487,0.348569726777924,-0.0750924660368605,-0.544028156141568
-0.932888,-0.376996133950513,-0.635642181599574,-0.260489457161827,-0.168908261276891
-0.223996,-0.156763513262301,0.176504614512533,-0.169053309251993,-0.436547446217904
-1.04152,-0.540010328352548,-0.142407416835184,-0.0603446669569415,-0.196306792158223
0.253109,0.118059402599083,0.360276517853905,-0.194369340081166,-0.5440160166551
-0.934296,-0.366533653064722,-0.534578050556502,-0.327325120596485,-0.140413431991672
0.809915,0.421269267374624,0.407197702723175,-0.398374427886053,-0.632406278278973
-1.02091,-0.519788545398735,-0.290185143650641,-0.302777140828503,-0.164367159958362
-0.210715,-0.178026188039155,0.279182726998129,-0.239121689294151,-0.464043560027759
-1.03814,-0.563812133701433,-0.103429621573795,-0.226901904809898,-0.227350693962526
0.24645,0.0882232558344054,0.322192757984324,-0.251711611622468,-0.564280558986815
-0.938676,-0.371790704231906,-0.579108825432133,-0.328516604543574,-0.160481705412908
0.796626,0.414081546290448,0.411307922651556,-0.490329557177314,-0.669200575988896
-1.01897,-0.500075604081698,-0.297203523906388,-0.297220397194638,-0.231479930603747
-0.753049,-0.468962482037303,0.177716665783871,-0.541294827629655,-0.373444928174879
-1.03073,-0.695178645147998,0.0237284837784285,-0.439970903291594,-0.198978313671062
1.05186,0.608950865820017,0.387517129115013,-0.351491072975614,-0.677748328244275
-0.9938,-0.46331428327308,-0.500147178710958,-0.200579254463166,-0.0844308060374739
0.53613,0.255552183464723,0.308168110242527,-0.174088949145313,-0.600636475017349
-0.927653,-0.333101428323148,-0.720150463170367,-0.321019925588357,-0.282772046495489
-0.90496,-0.532710347157685,0.153400318767446,-0.501358400516206,-0.355691543372658
-0.962306,-0.605378068732705,0.0441664669672409,-0.478765450970772,-0.229053987508675
0.920591,0.43529995714448,0.391342735795792,-0.358150546469882,-0.654267528799445
-0.948916,-0.310573943559468,-0.57440822931742,-0.179024243116009,-0.0964856190145731
0.414286,0.143961786900213,0.373102069078892,-0.0936513869940723,-0.519756064191534
-0.833068,-0.301610154786591,-1.11859002812117,-0.251585273958159,-0.192972641568355
-0.229712,-0.16144263122001,0.275555237623242,-0.153268696672645,-0.393084685981957
-0.886283,-0.503654368425899,-0.119111706220912,-0.0723790341831562,-0.159398315405968
0.217921,0.0473845933960972,0.370879323361504,-0.168344023770784,-0.418185150936849
-0.733999,-0.289866022070021,-0.835408866984665,-0.261782997510852,-0.0620281925746008
0.775697,0.344653960495169,0.317191125013691,-0.0637432047894966,-0.453589493754337
-0.836414,-0.419208566917188,-0.310613020321016,0.0526433038334396,-0.0176161283830673
0.423939,0.193952878189377,0.382248025654069,0.00863030048492031,-0.422306432685635
-0.715339,-0.260577750871747,-0.829609947220178,-0.199976667668046,-0.157007092643997
-0.271462,-0.218900749822728,0.27402156536851,-0.185691827043294,-0.359058694309507
-0.875708,-0.520797678228309,-0.101993153874049,-0.0850945061330386,-0.19441813462873
0.14175,0.012555651013568,0.338318398779087,-0.163338050635769,-0.459484936155447
-0.628546,-0.231604816597672,-0.758473327934554,-0.279405477891117,-0.166422965648855
0.668143,0.243379406571268,0.354586335441568,-0.424893235032397,-0.545660417418459
-0.720798,-0.364155524967455,-0.344284395794818,-0.267943278144998,-0.267139210270645
-0.908796,-0.555366077643838,0.153547588393107,-0.507401118163572,-0.317664245662734
-0.944397,-0.660977248479012,0.0706653167313137,-0.491380223355141,-0.222576417349063
0.841469,0.370693139917,0.423382832023716,-0.67677306294025,-0.615133890700902
-0.630814,-0.183237863161943,-0.642344302693724,-0.360735110384287,-0.196290447258848
-0.314677,-0.322924474517593,0.213978832172736,-0.300781020043809,-0.353265456280361
-0.780648,-0.46643073058928,-0.0764755994808647,-0.0725915248599624,-0.213378612074948
0.0826942,-0.0510161373566956,0.307897609399624,-0.192603898708515,-0.401753386884108
-0.520149,-0.144663571855767,-0.699500122573095,-0.271581446138879,-0.161810938584316
0.632333,0.215899442032573,0.396764009249143,-0.433092162321342,-0.520380560027758
-0.707142,-0.375674732025918,-0.266515882364261,-0.266936581226035,-0.246823737335184
-0.906074,-0.561370509081394,0.150963114035916,-0.523704399798368,-0.278209926786954
-0.959484,-0.681517226747277,0.0613890549914879,-0.503175200637348,-0.187324885773768
0.813461,0.340534606420279,0.394750309338098,-0.364412468352625,-0.56412071443442
-0.60028,-0.230244226810796,-0.539811124298935,-0.187884563292393,-0.155171320610687
0.307206,0.0262190835355386,0.300360046366411,-0.202786446143281,-0.494940935808466
-0.489383,-0.032554357630329,-0.826898127385693,-0.284077010946932,-0.39407074184594
-0.907551,-0.583610759324869,0.136861003042857,-0.553184279177023,-0.413537290770298
-0.961275,-0.707899342456022,0.0620229087260566,-0.572112341454386,-0.395077746356697
-0.274229,-0.296437882991569,0.287908590601597,-0.505838320520841,-0.542243903192228
-0.75687,-0.523689231390464,-0.0435138466561028,-0.485183546770526,-0.266364607911173
0.109376,-0.0961512405196262,0.298156619846196,-0.260246862515504,-0.380954086398335
-0.481798,-0.127389907207707,-0.579591613131035,-0.242820392847989,-0.0668466970853575
0.664229,0.274255062253936,0.409994173070975,0.298466633714351,-0.274333483344899
-0.661679,-0.339675619648339,-0.264349873448082,0.0249816268279348,0.159617553088133
0.762714,0.356107881768531,0.385305951454792,0.323596248231582,-0.216966259195003
-0.563389,-0.284146806366125,-0.45121890567209,-0.0434984858437145,0.112847930603747
0.311515,0.116699782457694,0.324229679009683,0.330207336484141,-0.194661282789729
-0.408664,-0.173739536861731,-0.777617760824356,-0.0708876840546133,-0.0179053362248439
0.555342,0.209569007441056,0.353684149638735,-0.0950162513937455,-0.388960376821652
-0.661849,-0.375150649817866,-0.235636629902324,-0.193514501141745,-0.187884204718945
-0.90935,-0.564215938546165,0.165904470032519,-0.509856163109741,-0.244550342470507
-0.960999,-0.695608251286764,0.0366485429796316,-0.489531825624006,-0.14485732685635
0.794167,0.324408343988008,0.432224379607497,-0.318191978640704,-0.496602405968078
-0.510132,-0.18304585327044,-0.401382066384319,-0.157266114701228,-0.0727681457321304
0.342758,0.0577069281325299,0.334474845945094,-0.0816270112907147,-0.334363216516308
-0.401768,-0.0684288327145783,-0.638552697882321,-0.161243721455603,-0.180985361901457
-0.294981,-0.247138940696951,0.23791394428906,-0.0993031154724643,-0.287419302914643
-0.765585,-0.476123259159805,-0.0251496779415689,-0.0476367421676538,-0.168503147814018
0.116507,-0.0616204320075156,0.310085213105355,-0.379496365636339,-0.416172693962526
-0.392186,-0.0638597505299149,-0.590266386338227,-0.417098684186447,-0.249430462873005
-0.267048,-0.265839377837379,0.25091861767458,-0.199787710992552,-0.314156403192228
-0.756417,-0.461642300800479,-0.0887948711214449,-0.079137767072585,-0.161770394170715
0.163886,-0.0186803645554199,0.26361207195998,-0.110510746300555,-0.361615543719639
-0.389217,-0.100372004519041,-0.732204657599408,-0.216151294172787,-0.127962336224844
0.672793,0.250450328342485,0.386936152617172,-0.36645430466083,-0.451671513185288
-0.633336,-0.340349395196748,-0.253881734073832,-0.210509771209882,-0.205751076335878
-0.908205,-0.581497969470338,0.0678920295278947,-0.451411989192818,-0.225788787300486
-0.971297,-0.699224254507314,0.0179886707225536,-0.442038433730992,-0.0991705652324775
0.84581,0.33271876189421,0.337042990395222,-0.3110785425927,-0.437807710617627
-0.507805,-0.188332738310778,-0.495838940902277,-0.115648249008576,0.017146593684941
0.363826,0.0756084309643363,0.354599675903608,0.250993241503376,-0.219735538167939
-0.314138,-0.098071961210574,-0.913462729444382,-0.19645782807813,-0.0144778001387925
0.364865,0.0856175292567219,0.256198784370168,0.128738138051192,-0.227912356002776
-0.35255,-0.0932329905436098,-0.981356226815219,-0.250484585216421,-0.0877786564885496
-0.292815,-0.250546893651018,0.194598638949665,-0.080340710927731,-0.219422588133241
-0.76868,-0.463159369554344,-0.168461084286203,-0.0355556723914402,-0.114192319916725
0.117455,-0.0430479972293153,0.264819245640276,-0.132444407359767,-0.341656968771686
-0.382088,-0.0935313118606627,-0.713760944423105,-0.226276127643894,-0.138485119361554
0.634372,0.210537365213605,0.229819543027762,-0.388038940811705,-0.451236794240111
-0.610504,-0.316750618047904,-0.269375198746134,-0.23386974762071,-0.205521929909785
-0.907217,-0.586131273042156,0.091911399173659,-0.433623462825409,-0.211832530534351
-0.964931,-0.656260285559589,-0.00645026853829916,-0.405983477989875,-0.0766123476752255
0.821001,0.329820567801331,0.361405821716766,0.177674155424931,-0.38606625815406
-0.452096,-0.149668506882,-0.508758929377425,-0.325037731839391,0.0584625947258849
0.749583,0.28897137532124,0.285496265325605,0.351228831706392,-0.278474278278973
-0.477963,-0.252593463928557,-0.543962591766075,-0.194380369926221,0.00901556904927145
0.330449,0.0267933251250961,0.309932233103517,-0.084915438573991,-0.316490956974323
-0.275123,0.0828815763272696,-0.801381846253432,-0.247717994774753,-0.304537196738376
-0.914719,-0.590302100462029,0.0901108675608672,-0.511105695953966,-0.335700152324774
-0.970931,-0.728965036142297,0.00815653837706251,-0.542253028610012,-0.347112786953505
-0.252068,-0.277420287954573,0.299049817006391,-0.483912817530777,-0.504783428868841
-0.715897,-0.495313385016638,-0.0498688830973891,-0.46512541870954,-0.282370692921582
0.124258,-0.0928447272111693,0.340138145086019,-0.217266453002198,-0.430641967383761
-0.380583,-0.0297017274000185,-0.481448920443676,-0.220429384494478,-0.189896311589174
0.658935,0.218123100835812,0.386538909071107,-0.376325029497932,-0.467071502081888
-0.634734,-0.354934914009353,-0.277874974105675,-0.234468868773626,-0.207615328938237
-0.907131,-0.551613569670853,0.113145106366123,-0.445701210402486,-0.226122597848716
-0.973777,-0.683076416548969,-0.0348492754329645,-0.425212166678615,-0.115393136710618
0.829104,0.307577776579556,0.344388381827163,-0.295772817460522,-0.467656749132547
-0.457128,-0.159408330396544,-0.571856429720416,-0.114635348168885,-0.0422453913948647
0.357155,0.0574629621294646,0.298075336928999,-0.0301482206673072,-0.287817097154754
-0.2827,-0.0142071093036423,-1.04583345101123,-0.129198476991227,-0.135312643650243
-0.289998,-0.253029555569733,0.172798476357022,-0.0889735090363215,-0.195942847675226
-0.738108,-0.435318646743428,-0.125111681157722,-0.0282942264039832,-0.0723391228313671
0.115182,-0.00789188540865018,0.301454166690899,-0.106269685447013,-0.282990992019431
-0.31803,-0.0220024733565457,-0.559557252781145,-0.228422904552235,-0.0903256533657182
0.637982,0.258707283919368,0.394305172819452,-0.280102826324526,-0.362152238723109
-0.599985,-0.337798194089752,-0.214637764856798,-0.196144362425428,-0.0837510628036087
-0.275316,-0.233055244947093,0.246768209675312,-0.102484485916053,-0.248989140527412
-0.758081,-0.480762292178514,-0.116502436145415,-0.119760624482872,-0.120716009715475
0.117412,-0.00659867798273533,0.28950886906059,-0.142912494994676,-0.33081492297016
-0.334232,-0.0506016469371583,-0.416520761393552,-0.226941894342453,-0.135891219986121
0.6349,0.208587942145008,0.326949431457956,-0.359019957338269,-0.438910231089521
-0.577575,-0.333585947634421,-0.34662707622984,-0.215991134097451,-0.209261578417765
-0.909922,-0.561962829237349,0.171700383564923,-0.450960932602684,-0.210889570437196
-0.964613,-0.703955109951559,0.0513805496124359,-0.435353555493764,-0.122870784177654
0.805682,0.349488712158975,0.445401874623985,-0.277067754102222,-0.483487113809854
-0.410656,-0.118619124276623,-0.325113745027317,-0.104997432594002,-0.0780989965301874
0.348737,0.0456567659763351,0.343137365465809,-0.1208671234838,-0.335488374392783
-0.222966,0.137519691926402,-0.739947697646134,-0.209328454859701,-0.256697957321305
-0.913382,-0.547215095657806,0.145906016293064,-0.436415998393429,-0.154075622484386
-0.970775,-0.673257255697796,0.039317093784817,-0.417194827208177,-0.0698120409437891
0.822132,0.375949853968266,0.454513688144376,-0.22171743832058,-0.449298591603054
-0.44912,-0.135750501337465,-0.349140859499231,-0.120690148648395,-0.0332291745315753
0.363404,0.101595521795126,0.35055550573833,-0.0525643235276411,-0.27730573074254
-0.287371,-0.00377174687639077,-0.652597608235662,-0.132057197544501,-0.135259478487162
-0.288804,-0.231307468989716,0.266105781992037,-0.0640597244402695,-0.198867741498959
-0.75561,-0.479615597776801,-0.0397622302155048,-0.0215253509622382,-0.0526519118667592
0.116422,-0.00607147201341452,0.3405849624035,-0.130384614886768,-0.240079276891048
-0.30617,-0.0365614268077846,-0.463589111961743,-0.229344487616922,-0.0307241620402498
0.6238,0.319829110452761,0.392005211378916,0.0209443458540033,-0.264521407356003
-0.590571,-0.326071583492962,-0.170343131407847,0.152253277842004,0.0562766089521166
0.373068,0.165988884783124,0.352651550096496,0.137775407620742,-0.239035589174185
-0.239846,0.00508155976337119,-0.64043661795022,-0.163536675294243,-0.108140723108952
-0.291219,-0.250551101870391,0.218094098491138,-0.0926846322426571,-0.190195023941707
-0.739365,-0.468580071866978,-0.06315083808682,-0.0227272745367748,-0.102298447605829
0.104281,-0.0112539076398954,0.335410163586402,-0.11738530353876,-0.325903431991672
-0.345098,-0.0248810411563178,-0.368627227025345,-0.234527290689175,-0.132771974323386
0.624464,0.236491915027403,0.388322942325298,-0.37183406884113,-0.436286770298404
-0.596684,-0.312565173485485,-0.285330992075606,-0.230867629022278,-0.231467270645385
-0.905271,-0.558119671814492,0.146975587735102,-0.427641937133232,-0.26378276370576
-0.969485,-0.707969806244311,0.0441138050656589,-0.413449559837842,-0.173334759888966
0.804387,0.356798888001949,0.439326896709275,-0.60297701164058,-0.546862781401804
-0.416696,-0.0509484517279526,-0.33480290828638,-0.363435160348457,-0.184477025676613
-0.289,-0.304440506011929,0.240409652171936,-0.242975924544235,-0.285795596460791
-0.752545,-0.482301771662826,-0.0596033072720142,-0.0160294026997352,-0.153761713740458
0.095986,-0.0134892789974642,0.329195888034812,-0.130719339480265,-0.332956551006246
-0.340433,-0.0251419563952983,-0.454903238874169,-0.239952344953004,-0.134220739764053
0.617283,0.227892510791228,0.420353474793248,-0.374976275762557,-0.443193623872311
-0.599825,-0.309995183268413,-0.214261899448691,-0.230530106329721,-0.215936232477446
-0.904643,-0.549348367488758,0.148740397353161,-0.444316753127345,-0.22386392574601
-0.972785,-0.704305064506999,0.048715409020875,-0.427119427808773,-0.131305311242193
0.808836,0.370944072047441,0.481574750105595,-0.278996491761998,-0.496066697085357
-0.427193,-0.122004501541899,-0.36581446954086,-0.130400746139218,-0.118051858778626
0.355768,0.0648736615069054,0.35839771976687,-0.125737705294785,-0.413539386190146
-0.301284,0.0997929691372587,-0.703747642376988,-0.218603242127826,-0.358479156141568
-0.907288,-0.581131761495193,0.13472688779653,-0.505570332569189,-0.343263475017349
-0.979933,-0.740020715498995,0.0525576642522342,-0.53367011300937,-0.33506318667592
-0.2392,-0.265524588323501,0.289851106732021,-0.450205222670174,-0.495035002081888
-0.706626,-0.482596646934982,-0.0493221658759898,-0.45220970841268,-0.219295607564192
0.13659,-0.0533762869161751,0.329987720742835,-0.196640903080825,-0.314658745662734
-0.32056,-0.00794201874714981,-0.424808924035736,-0.198452597383554,-0.0310006811242193
0.660735,0.309467259169174,0.422985330460662,0.309400203931088,-0.188208399375434
-0.571483,-0.30879203889757,-0.233851532994294,0.102247354264838,0.224947312977099
0.793666,0.407906384695007,0.425172576505516,0.343751733321172,-0.125320551006246
-0.421226,-0.207514850411623,-0.374035440827669,0.0317897896366943,0.183385558986815
0.36433,0.160846123597217,0.352757935036387,0.409289854690653,-0.0943654035392089
-0.215889,-0.0428737140512523,-0.608093893394278,0.00699851420635576,0.0395040916030535
0.600926,0.253475075477511,0.391356307762434,-0.0207221277010491,-0.30282639000694
-0.577247,-0.327079005195277,-0.229279415129123,-0.143325090628341,-0.133920186328938
-0.909869,-0.565160123012971,0.150153292615259,-0.418501959523071,-0.182261116238723
-0.971278,-0.706564834743392,0.0745321811296345,-0.406150247461675,-0.0882565919500347
0.813482,0.365759467395605,0.457186246963041,-0.265013873916858,-0.438427423317141
-0.368148,-0.0855538944324371,-0.375329628249225,-0.109305199616283,-0.0385756544066621
0.365307,0.0961796868878041,0.367248388781443,-0.0300817792147419,-0.260596540249827
-0.257096,0.0267748152083755,-0.569118886030271,-0.106179846785496,-0.143811085010409
-0.279638,-0.230306776034045,0.256657762429723,-0.0469543832189011,-0.224872095419847
-0.74513,-0.4690499306168,-0.035286687831889,-0.00688633953641209,-0.117421126648161
0.126013,-0.0271955175896685,0.330698285705086,-0.346908284629099,-0.360298215475364
-0.267702,0.00619128595570019,-0.584259257042257,-0.404209350590794,-0.226340287300486
-0.258668,-0.238722877468296,0.271437261554633,-0.161853163071433,-0.264662423664122
-0.729571,-0.45165022296152,-0.104436986394922,-0.0510421554851533,-0.126471219639139
0.156956,0.00656594841493923,0.288675017365538,-0.0497254445481246,-0.316394048230395
-0.273829,-0.00311268543520633,-0.47983022670353,-0.203473414581088,-0.114895992366412
0.658,0.256488194234221,0.443557612712409,-0.31926282519635,-0.40665056037474
-0.574854,-0.304098209736,-0.285959801039468,-0.203948997774156,-0.18865962352533
-0.906177,-0.580597851913474,0.101005657107683,-0.383870908645535,-0.196248683553088
-0.978017,-0.678945035897137,-0.0182713064028281,-0.36134892405361,-0.0682952588480223
0.848602,0.37476946267396,0.368110179380753,-0.348989059250984,-0.399080303608605
-0.423853,-0.0876870065989811,-0.364393927734001,-0.0978216654026023,0.0444363400416377
0.385798,0.124153905056658,0.370602245293712,0.25505296582899,-0.165764605482304
-0.21257,-0.0428857670392641,-0.640375521527357,-0.179803958963303,0.0221987265787647
0.392203,0.150743440161994,0.354777231001283,0.177408481097749,-0.169193604094379
-0.262536,0.00472215244048186,-0.703664309150127,-0.189373581542769,-0.0491067068008327
-0.266303,-0.213245618485457,0.255600205167318,-0.0162781273295879,-0.170235929562804
-0.756774,-0.46390022344537,-0.0798500019671658,0.00539773448811905,-0.0688688327550312
0.144467,-0.00842222136509138,0.326944351442695,-0.169043697440352,-0.300610035392089
-0.304805,-0.0196379843393808,-0.703769684367383,-0.193391175787686,-0.111596268216516
0.661894,0.250039037841581,0.301553369964972,-0.40718402011593,-0.413416459403192
-0.561721,-0.308764906919764,-0.196102729990291,-0.211358369744521,-0.181485091256072
-0.907059,-0.561755793102151,0.0633123136387591,-0.369597027320873,-0.180308264746704
-0.975757,-0.712242342139765,0.0257864928787544,-0.366894596437931,-0.0425401641221374
0.842557,0.379365468813496,0.463727341938177,0.299266576419011,-0.351062992366412
-0.378085,-0.0778273651703574,-0.344615783799888,-0.283730191120802,0.088239371963914
0.77895,0.358332622424527,0.410125663349597,0.449588227616507,-0.23101012630118
-0.402545,-0.194195095600275,-0.488752400994847,-0.151194340612157,0.0464946235253297
0.36717,0.0975304150871205,0.376663911394871,0.0845030566577734,-0.268834108952117
-0.183284,0.0926335859832815,-0.977837580845608,-0.208636670490573,-0.277937750867453
-0.911549,-0.609622832150146,0.121582763652841,-0.506773839294572,-0.296832666204025
-0.984313,-0.732969131566904,0.0446207015877069,-0.528933754754911,-0.314162700902151
-0.224811,-0.279554853336927,0.25391455757271,-0.447348565366899,-0.483323112421929
-0.700395,-0.479819876975281,-0.0562853738905812,-0.448287926193645,-0.256514195697432
0.147635,-0.061424635921973,0.334041326441403,-0.192787061067183,-0.403918519083969
-0.313714,-0.00631657590040461,-0.475654396250305,-0.199685143939546,-0.174526390353921
0.666131,0.255769935955788,0.35138342771978,-0.345052982131384,-0.43729309611381
-0.5999,-0.335032172022038,-0.228490616439872,-0.208897557611944,-0.188855234559334
-0.902107,-0.566131114881172,0.140192447080847,-0.448373693593041,-0.202059783483692
-0.983118,-0.711334954809214,0.0110271992466797,-0.421841137750592,-0.0868059344205413
0.852062,0.370520435978067,0.476245071041988,-0.277229994833314,-0.441082297362942
-0.40126,-0.108173000990692,-0.319464550881808,-0.0861229706821126,-0.0175290194309506
0.389105,0.0953333063709948,0.353355779557548,-0.0353125924428969,-0.250505047536433
-0.211496,0.0345997051218988,-0.604396235594417,-0.100481738378425,-0.109313177654407
-0.270923,-0.236640244126534,0.244238729058126,-0.0340553561992784,-0.160098368841083
-0.727967,-0.445300939598939,-0.0329293632925933,0.0123357981104514,-0.038097419500347
0.135425,-0.0107209773686774,0.323683572375908,-0.0948099370618924,-0.251783410825815
-0.244717,0.0255518835835318,-0.433748830652928,-0.215906302333429,-0.0757026946564885
0.632094,0.260634852068373,0.418227167500968,-0.249405075288222,-0.331275418459403
-0.571871,-0.320922229538611,-0.239798209403541,-0.170358276259478,-0.0699936474670367
-0.26475,-0.235400918495999,0.256544238204792,-0.068862450292289,-0.235394355655795
-0.755305,-0.47983689055801,-0.0655294431584183,-0.0918772358627088,-0.109911638445524
0.112244,-0.0192340243262031,0.353041083273466,-0.141355405053434,-0.320996380638446
-0.29114,-0.0391932189165868,-0.56537702954777,-0.231785893047965,-0.145365539902845
0.586361,0.187256607535983,0.399088585785592,-0.35315099518873,-0.428412439278279
-0.567361,-0.306989694942335,-0.238483307243165,-0.222297953493828,-0.218144832061069
-0.905077,-0.558396543568823,0.154884620492781,-0.425131718822803,-0.219482865024289
-0.971427,-0.700262896014932,0.048139692071749,-0.408548601075439,-0.13179447814018
0.75043,0.302340560102858,0.495166061257525,-0.283718976949572,-0.479746416724497
-0.389379,-0.103965582203845,-0.44911353306588,-0.116961565286564,-0.086469006592644
0.319039,0.0131354082808705,0.368589387718007,-0.138712748276425,-0.32488389555864
-0.197907,0.163549440620702,-0.712771284804923,-0.212851545309457,-0.249612764052741
-0.87883,-0.524205359940435,0.171000858289422,-0.384177320334465,-0.14922614573213
-0.951978,-0.650096515886529,0.0753071384403653,-0.386435385419263,-0.0605766273421235
0.986087,0.420643032372354,0.434562295365401,-0.200360231766154,-0.497962676960444
-0.658341,-0.186680452013236,-0.552743729142161,-0.141029690794604,-0.012378341776544
0.445776,0.13591622525027,0.381103066071828,-0.0131399900444915,-0.368275218251214
-0.5911,-0.129153345221492,-0.802432188728883,-0.169502823259974,-0.135188851145038
-0.259605,-0.183789691043897,0.251980403401,-0.103391490990747,-0.284153803608605
-0.805446,-0.459417577815232,-0.101265997307048,-0.0436090994223181,-0.103568662387231
0.170665,0.01506289901461,0.327447541903653,-0.147475948932226,-0.329117740111034
-0.566002,-0.103441070631264,-0.56377489974204,-0.225285075438311,-0.0362107557251908
0.725831,0.311940495882938,0.434730256930186,-0.0411042947803472,-0.363275279666898
-0.688604,-0.320327742131812,-0.261338562485598,0.12032992887212,0.0182502263358779
0.362578,0.117644643463216,0.331298710446989,0.0739341758068021,-0.312769825641915
-0.420566,-0.00874727181443685,-0.848802895438378,-0.160496204540104,-0.138711901630812
-0.334599,-0.26158224411734,0.232685880706477,-0.148167047448178,-0.244984357911173
-0.726511,-0.409733976365439,-0.0938404306302796,-0.056686093480316,-0.149548986988203
0.0868133,-0.0491990728477945,0.293236840163966,-0.173738990015143,-0.35856459056211
-0.414647,-0.0196589201344129,-0.677968796321076,-0.217846312095996,-0.143162825294934
0.606572,0.21504886834531,0.321412050514385,-0.393557562128607,-0.444963058119362
-0.5363,-0.27391798369719,-0.305758800509506,-0.215185322915882,-0.245250006072172
-0.918744,-0.573636537797159,0.135721380872847,-0.422478398219054,-0.249328433553088
-0.938211,-0.696340982043855,0.0680131617485023,-0.412503478404992,-0.1710321944483
0.785942,0.32821377353042,0.396145682671222,-0.590863432548131,-0.526413200034698
-0.350255,0.020959959247622,-0.567990453900657,-0.321801809086295,-0.185794022380291
-0.349201,-0.348655913272971,0.217763180283746,-0.259206533837782,-0.250003116759195
-0.65204,-0.379027759640551,-0.0296967870480562,-0.0157761839000259,-0.161460155968078
0.0198393,-0.0952532605135001,0.257302934025301,-0.162119920207819,-0.290340264746704
-0.246356,0.0783165215368754,-0.542085676019234,-0.208975827307565,-0.136819275676613
0.576573,0.165196223285873,0.304802517098434,-0.378260248651649,-0.403266498785566
-0.494835,-0.255001087960883,-0.20360561071177,-0.204500989868919,-0.218886416204025
-0.918943,-0.578675786794647,0.105984045035239,-0.408778609944125,-0.197365645905621
-0.943607,-0.695796365573831,0.0618457431246061,-0.405106944414372,-0.128550843754337
0.732713,0.278517339252063,0.371182945894992,-0.307405024435974,-0.465787741498959
-0.323317,-0.0429589682152744,-0.519375763452805,-0.114409939369312,-0.139680748091603
0.247172,-0.0242807214323421,0.26990286575803,-0.160989497268826,-0.373472740458015
-0.195292,0.21950402169746,-0.685144013955114,-0.201481748771552,-0.376534903782096
-0.92111,-0.604605067577686,0.142653113854514,-0.51229431373845,-0.325365830846634
-0.94954,-0.705639691196034,0.056231828858087,-0.532759176517636,-0.337624006766135
-0.316059,-0.323263598956028,0.242855840921895,-0.486466987136692,-0.465646267002082
-0.602518,-0.418867561281652,-0.0563891700672641,-0.447387605080357,-0.241610490458015
0.0342363,-0.151791752869711,0.259624975427355,-0.250474836300278,-0.274206710617627
-0.186973,0.132608398725703,-0.529194667016134,-0.187458004274393,-0.0581146375780708
0.562957,0.182744454777275,0.335567283212598,0.301475574079889,-0.149593291256072
-0.451207,-0.201742096247994,-0.210219812440677,0.13386953471253,0.197478128383067
0.664827,0.239468373458304,0.333522911914361,0.331282779248029,-0.0839975176960444
-0.294243,-0.0886720917570633,-0.457446244226075,0.0619012779335195,0.15280316370576
0.227932,0.0278254906966437,0.237083929211288,0.323808060196693,-0.0482433849757113
-0.0473209,0.128148313114279,-0.75340944659954,0.0108264518331237,-0.0014049004163775
0.451409,0.0918940743439866,0.32536141228752,-0.0957569569323951,-0.253011111554476
-0.454321,-0.227824683725514,-0.21553539840649,-0.155164611894763,-0.161695674705066
-0.926895,-0.591375092841765,0.157496265180076,-0.423024433636025,-0.169063430395559
-0.939855,-0.692852370167628,0.00150270487475812,-0.419993276552275,-0.105038227272727
0.657205,0.239893460013205,0.366174534948458,-0.280891408159916,-0.403181685773768
-0.219694,0.011583692644948,-0.376461639819347,-0.110705444720785,-0.0866377969153365
0.218981,-0.0138785743999009,0.261634706787857,-0.081089032737638,-0.216780219552394
-0.0991639,0.196887991241331,-0.718325254753122,-0.0964637207123784,-0.182529460357391
-0.38189,-0.291725899780441,0.218728363535889,-0.094958884217717,-0.190080009975711
-0.651873,-0.395282277372068,-0.074406459101564,-0.0651149346457268,-0.141203480690493
-0.00525441,-0.121777917522344,0.27196346588242,-0.395451931984954,-0.313755915163081
-0.0980069,0.157364552741424,-0.499607003657799,-0.422830966621577,-0.26312846851145
-0.356706,-0.323494662886534,0.213654657698282,-0.19210961084909,-0.225415775728661
-0.636005,-0.393712658590043,-0.0785165348554285,-0.106670375743169,-0.147655287734212
0.0275279,-0.0950031356179341,0.24570188162925,-0.143382218806039,-0.273622596408744
-0.106995,0.147497477382934,-0.437492754776524,-0.213042731431744,-0.156305218671062
0.502083,0.131153526031929,0.329220470702514,-0.3479611920044,-0.356506276335878
-0.452986,-0.23284453176295,-0.25501231159922,-0.194683581476785,-0.218771312109646
-0.921332,-0.592342147417719,0.136312256299261,-0.417957728791848,-0.186642224323387
-0.948857,-0.693281811575272,0.0519919244848677,-0.417036755173432,-0.0888400558986815
0.693876,0.249009963861026,0.383456565463844,-0.298014872290226,-0.368956428348369
-0.287307,-0.0058587181810732,-0.399912914680999,-0.0906791296142954,-0.00616794083969463
0.230872,-0.0222382334408289,0.326626458367756,0.176253366486829,-0.128135544587092
-0.060312,0.0928365462897126,-0.917106718368462,-0.0160542348109525,-0.0251312808743928
0.236724,0.00537849275492541,0.296667887603515,0.0813570149207761,-0.125535203261624
-0.0912065,0.213278177030763,-0.927331797843243,-0.0879393490879887,-0.0956739179389313
-0.376186,-0.273682296909952,0.238547601484596,-0.0804239317619484,-0.13989496703678
-0.680601,-0.391582041224943,-0.0798146573196486,-0.0583927904289926,-0.0995192224149896
0.00482942,-0.0847292967080099,0.277781391476561,-0.156504149220787,-0.269614113983345
-0.151718,0.122780865409739,-0.520960695451659,-0.235488391582743,-0.166069592990978
0.485253,0.143494913323572,0.368028436857724,-0.366156473062558,-0.373880090909091
-0.457758,-0.229742234945084,-0.260588766957987,-0.219184020110348,-0.220839452637058
-0.923776,-0.58761334126391,0.166804726592904,-0.415034466309132,-0.181334096217904
-0.945362,-0.694916834874855,0.0545969301860852,-0.410585831969432,-0.0717244323317142
0.681779,0.28262267744167,0.390222806616216,0.143636057739823,-0.326959449139487
-0.247168,0.0394463079578312,-0.422287025330954,-0.159376783397947,0.034053296426093
0.620439,0.239733276807129,0.345982475794572,0.299255741433778,-0.197400766308119
-0.281791,-0.103076318245872,-0.388888768284627,0.034383832235159,0.00681469205412909
0.225153,0.0123495229149541,0.279570032782418,0.0469630487047158,-0.22384867574601
-0.00532882,0.282786004733899,-0.64570387531535,-0.215151127694007,-0.312149780360861
-0.927912,-0.612434983030094,0.131670965806506,-0.509858121808345,-0.275581508848022
-0.956141,-0.729746082018374,-0.0235508554927034,-0.537531609999379,-0.326810084836919
-0.336544,-0.330936897933598,0.260953480624485,-0.502997327634855,-0.463090923837613
-0.613179,-0.412586490826591,-0.0465653234481538,-0.470332352675013,-0.296560015510062
0.010859,-0.150865348788517,0.272556159655359,-0.277677916020963,-0.380573223948647
-0.189778,0.120037799712686,-0.638997113543001,-0.228587091218718,-0.228878204371964
0.502004,0.153451222541942,0.322300174552237,-0.381561389264814,-0.40978046981263
-0.510497,-0.254728413013799,-0.346315881185354,-0.22880182696015,-0.227552827897294
-0.915862,-0.567495188109497,0.189389675748365,-0.430399562453072,-0.204908443199167
-0.958972,-0.693716267256012,0.00733875789339326,-0.41707827465046,-0.111604227793199
0.700057,0.275141654092509,0.320745994362642,-0.307177858606951,-0.415367251734906
-0.269533,-0.00371738487348955,-0.453091223764287,-0.0886503297242063,-0.067611031037474
0.248214,0.000936772983648686,0.299138842972521,-0.100308142607973,-0.213663747935462
-0.0600403,0.182004745330525,-0.769443380696969,-0.102071421085772,-0.151815628296322
-0.372928,-0.282355589990653,0.236855963301294,-0.0838743264591222,-0.131532335791117
-0.649224,-0.398261170878252,-0.131572767509548,-0.0469548683432681,-0.0637010066793893
0.00596305,-0.090043959687818,0.297649092114163,-0.141958542533259,-0.213548852012491
-0.0794848,0.150418793708485,-0.555314466980433,-0.224675837834576,-0.11862896981957
0.499623,0.142135975065407,0.295435118826859,-0.27886689684084,-0.288569786780014
-0.454981,-0.238601534850633,-0.315575616516946,-0.162631149642326,-0.101678147467037
-0.358887,-0.282527718807912,0.219927672975776,-0.094467544739278,-0.205864115197779
-0.677316,-0.406571814515721,-0.092598216217069,-0.0985165113100463,-0.129410850173491
0.00361783,-0.0919921162581707,0.25298419172116,-0.185819708185431,-0.282194733448994
-0.149122,0.107719293582045,-0.603167714392394,-0.230303735415007,-0.173819245055517
0.476939,0.128915033923582,0.280366717666138,-0.36411668330653,-0.377849072085357
-0.438249,-0.217148677951326,-0.216257201369863,-0.219403889647259,-0.231526173577377
-0.922168,-0.579430713008172,0.104704621312576,-0.412179851866443,-0.186089802238029
-0.945338,-0.695367058632449,0.00876813471126819,-0.407521009504244,-0.111842832501735
0.664849,0.249926573482179,0.429020197728834,-0.265455663507314,-0.416600155621096
-0.206816,0.0435902661672643,-0.330756685589613,-0.0720619191816675,-0.031698930777238
0.240183,-0.0324722421227138,0.282493475693883,-0.102610578129559,-0.145112710097155
0.0283469,0.342627362924129,-0.698778458989342,-0.163640825202608,-0.0481801710617626
-0.801829,-0.358161232497902,0.270650548178866,-0.0103601975670746,0.209098279146426
-0.946099,-0.731345980098577,0.0631497945275944,-0.0487282671476118,0.517600535218598
2.75339,1.79661505761346,0.697478232850616,0.428842515109324,-0.219825344725885
-0.511699,-0.119340413042721,-0.33439776193072,0.225087927620757,0.777777739243581
1.81245,1.19045491510851,0.668472925175492,0.660794304363994,0.0630115065579459
-0.525564,-0.0363783408556548,-0.755389762761574,0.459421388799165,0.608477797015961
0.449781,0.262641274943289,0.473383038799957,0.432378835893734,0.225604191880638
-0.813765,-0.525122452250518,-0.0501740845270931,0.494378780915377,0.63958519777932
1.30329,0.802355651777806,0.629526214456281,0.437786907800555,0.120262907356003
-0.559562,-0.11485731070065,-0.509148075826502,0.327010680512842,0.801445586398335
2.37342,1.66609939037362,0.6868193919379,0.932067157273178,0.0502316637751562
-0.6862,-0.448205764692177,-0.191844593545543,0.675653524516566,0.901802515961138
1.86924,1.23910020170666,0.671475446565902,0.925902439344718,0.105348045107564
-0.453172,-0.0490775840964189,-0.749731802156666,0.588741022726215,0.660573558292852
0.46729,0.30795127141674,0.507910894530548,0.376627118984522,0.25055580499653
-0.771641,-0.567233783125543,-0.0205258453758467,0.551735725792463,0.585000040943789
1.31265,0.886226351686257,0.650702817527961,0.489674709948193,0.0288195999306037
-0.460024,-0.0981315030344403,-0.487895486307935,0.394253792832745,0.666819932338654
2.38079,1.48992920961473,0.688548144585717,0.0627057386382951,-0.159987803955586
-0.545583,-0.323804065931123,-0.208857357086255,0.0592496284491647,0.444786823733519
-0.817987,-0.403687150832635,0.280231421602211,-0.00229262017243453,0.320255582928522
-0.948128,-0.785338827713198,0.0745904041293201,0.0030500134464162,0.539569434420541
2.76553,1.83651836690942,0.622190301920791,-0.390902726817961,-0.286686071131159
-0.380924,-0.0639289245501675,-0.347439852285274,0.0387852706939913,0.607243284177654
0.411556,0.253720498873347,0.408500244806827,0.334498309353177,0.24068259611381
-0.671304,-0.559292907630451,-0.0466061164479389,0.534545247031327,0.560048110340042
1.27644,0.915261795787847,0.5772918320479,0.456315191551606,0.112540695350451
-0.318823,-0.0562724123528637,-0.539196344279986,0.452392628025233,0.693329460444136
2.37509,1.58962392018004,0.689047147612317,0.072923568138315,-0.131088795975017
-0.560515,-0.360306984921034,-0.226916588154817,0.108462514764167,0.501981017002082
-0.805549,-0.430252871280618,0.264676988759391,0.0356875335550859,0.401020062803609
-0.960443,-0.812248739992516,0.0437686337407459,0.00190821253348467,0.612466285565579
2.76082,1.91711804862286,0.656048399255171,0.368235947914993,-0.190414847675226
-0.432946,-0.157853049090483,-0.296203144969105,0.317194349746635,0.729341899375434
1.88673,1.22025987715745,0.617940025015639,0.500978086213889,-0.101280111034004
-0.28558,0.0962712506741601,-0.65781659913098,0.389876942638065,0.244414556210965
-0.8034,-0.340843095063596,0.291989897285421,-0.0136849594718759,0.106158255725191
-0.979413,-0.753503339454665,0.0564340257165002,-0.232958448572849,0.172047999653019
0.518824,0.337579748974101,0.553781487016707,-0.0423130451573922,-0.168870580499653
-0.69464,-0.497677785846418,-0.0548787408838467,-0.270048991355433,0.448483030881332
1.3299,0.906485849790199,0.589252855561434,0.474678682607324,0.112012616238723
-0.324179,-0.0432042566366242,-0.44390175954019,0.444963933887959,0.868734908049966
2.42134,1.81541812752503,0.652067028246303,1.42036593598232,0.327749103747398
-0.582277,-0.431226337278055,-0.183005544631726,0.484914937430744,1.31691335149202
2.79286,2.0680539365872,0.554628791683994,1.43677820340898,0.427236333795975
-0.457335,-0.242136304772437,-0.358974907918998,0.542218799169546,1.25222030360861
1.87556,1.33221153994551,0.536042324754931,1.45661062083659,0.46966043684941
-0.242495,0.0423937336203988,-0.691538974931513,0.847485756519831,1.01749542158223
2.38021,1.52703306682432,0.652284049928043,0.727562693330124,0.0837850187369881
-0.584966,-0.356019854465486,-0.197746357116046,0.168760421139145,0.641582329979181
-0.80136,-0.341723654721568,0.31275394705586,0.0741885679137796,0.443333099236641
-0.972287,-0.809083379161599,0.057122844531268,0.020406613496748,0.682584500693963
2.82813,1.84803184839117,0.718337900062535,0.371646269126662,-0.124174122137404
-0.422194,-0.131476672954479,-0.362497331231527,0.322920254245442,0.873683249479528
1.87638,1.27824303939058,0.548820239835011,0.70407666194924,0.142503235253296
-0.272483,0.0601305544101259,-0.626885760747174,0.574187866755894,0.61018371963914
0.469521,0.347864220276781,0.434387797929107,0.520716349008915,0.242481940666204
-0.76046,-0.593915167434036,-0.0836460043714206,0.596870458059021,0.560214647814018
1.3324,0.892320408287957,0.615204567933742,0.123977525213277,-0.0605657984038862
-0.323355,-0.0587867927190194,-0.600595292087308,0.183410286606263,0.432113476752255
0.488385,0.337326998190813,0.442862732589827,0.448542216897876,0.140619156835531
-0.741925,-0.525956189494046,-0.0900668319943726,0.506549380597532,0.528410366065233
1.33065,0.889368144585885,0.588147724977817,0.512197268266037,0.0483590215128382
-0.331982,-0.0140175076533529,-0.496799020608722,0.429501536419819,0.668028213046496
2.41151,1.55701473206494,0.690676357929268,0.0947699296577455,-0.135157222068008
-0.600592,-0.336856404322046,-0.222713053203509,0.067116879041106,0.512176778278973
-0.801676,-0.334717560735195,0.267500974790213,0.030827156441223,0.395705854267869
-0.976055,-0.808836508294104,0.0507659626206492,-0.00692707141302862,0.692470201249132
2.81281,1.91901199723544,0.67504943052082,0.360362585115334,-0.0603499347675226
-0.468564,-0.163765114075245,-0.351834106896095,0.267859555248025,0.97413916759195
1.87703,1.32497293331055,0.608043954690862,1.72321127254126,0.290167729007634
-0.322338,-0.0314615216153082,-0.637506409980383,0.029045777250936,0.911982216863289
1.91732,1.40870725957399,0.614989028389665,1.55408405475151,0.229770531575295
-0.298045,-0.0610345676834317,-0.599734010256618,-0.0719047219580022,0.733179420541291
0.471361,0.326608200156873,0.460735105716798,0.589272726510572,0.306257370575989
-0.781588,-0.57921713471246,-0.0521215275826896,0.576720919736666,0.630555336224844
1.32866,0.904322417525932,0.617476876782251,0.511221235861963,0.0744323664122137
-0.363733,-0.0440564208482427,-0.449407831265808,0.389453216536705,0.682011407009022
2.43595,1.56762935132794,0.616279044853296,0.0742926950527323,-0.148324921929216
-0.614454,-0.3430469631896,-0.241139333431233,0.0456962825497639,0.536993652324775
-0.798076,-0.310967065270023,0.329226517622655,0.0417859696380445,0.429411328591256
-0.982447,-0.817517882083714,0.0115998537117597,0.0109860280777558,0.754975863983345
2.80575,1.9104634085995,0.715230745309228,1.84467290656505,0.0466194882026369
-0.449815,-0.102380593916158,-0.34605686750404,-0.268114813515906,1.1105850482304
2.79727,2.01843702511025,0.511295446093171,1.97401705455477,0.185140097154754
-0.501908,-0.237927077160031,-0.384442162943044,-0.0367219443030203,0.976755783830673
1.87544,1.18470639284105,0.551131045808538,0.523944902867429,0.089352705759889
-0.266302,0.157744272103295,-0.60312570076779,0.399007252487558,0.361501521512838
-0.806976,-0.312089337164738,0.270805510939732,-0.00208541723459493,0.120390366065233
-0.983016,-0.74932780205632,0.0468614820206027,-0.228275829580664,0.174506495489244
0.535405,0.350283074652773,0.470259778919931,-0.029326226418765,-0.171410784177654
-0.713645,-0.471127151157314,-0.0618261717547413,-0.264967745747538,0.357266713740458
1.36856,0.89048310023146,0.547135261578211,0.467374055638409,-0.0766049833448993
-0.3547,0.0233096459584565,-0.410290603205539,0.46150922334864,0.604141885496183
2.46053,1.59018647561381,0.574420566749145,0.0891565341338067,-0.147125855308813
-0.606947,-0.329740645254355,-0.19825026077088,0.0673893451301555,0.533758487161693
-0.799551,-0.323968387189249,0.314721225909655,0.0315768237662396,0.415705680777238
-0.99188,-0.813640267377897,0.0314089247338399,0.0118693434025778,0.685799379250521
2.89613,1.90457598349571,0.708444264618313,0.3792408805298,-0.122202070090215
-0.447599,-0.0966302039527029,-0.31170412507879,0.320753254727706,0.908777364677308
1.96287,1.30412532604781,0.588784279907343,0.689818350854172,0.149238578070784
-0.281943,0.0947940656096493,-0.622662755517736,0.578180567438237,0.697987371269952
0.511051,0.364570805786037,0.442201386031359,0.517057360570828,0.355585570784178
-0.755421,-0.568983155989231,-0.0681911614720373,0.633880290513438,0.721392718251215
1.35104,0.981784237013941,0.515458216474887,0.548466686231381,0.173351772727273
-0.293446,-0.0113964936550083,-0.52252739300734,0.476632020759147,0.776661811242193
2.45927,1.8471429591313,0.542697348248983,0.295832602949722,0.00492261034004163
-0.56133,-0.389596154044633,-0.214782466325836,0.237840701043471,0.745059665510063
0.464879,0.343212781814814,0.436675396619869,0.425348343441727,0.309829378556558
-0.746702,-0.593358071866498,-0.0845274776667472,0.277647813336948,0.645128088480222
1.36997,1.0174890959655,0.518196135590904,0.445911163644043,0.107472682512144
-0.316919,-0.0492670106870154,-0.441362484870434,0.444002418661111,0.718201950034698
2.47985,1.85939832252625,0.642567296861111,0.108667861961633,-0.116945734906315
-0.545255,-0.354550925360409,-0.214061719341014,0.109072089161292,0.543006651283831
-0.810984,-0.468230000439857,0.285002314641894,0.0526318154700238,0.447911251214434
-0.981998,-0.848579743152166,0.0315847749772184,0.045167948240408,0.677443866412214
2.90403,2.12256201528638,0.642067445191719,0.385852187533079,-0.152685747050659
-0.347853,-0.0736903523433225,-0.366483905333205,0.408744224397025,0.857791778278973
1.94392,1.29117385915416,0.55075736797137,0.528696152458602,0.0843211443442055
-0.134077,0.229152959865237,-0.633803770601376,0.484997259143372,0.489975314365025
-0.818227,-0.398401400394702,0.264244616890837,0.155701983519079,0.520773072519084
-0.981894,-0.804612652194837,0.0256026710347759,0.153280465976238,0.750385758848022
2.87142,2.04641665419211,0.610074224314945,0.433549921367316,-0.0938009007633588
-0.371282,-0.0803145163242037,-0.357321521750161,0.374462289813287,0.909234422276197
1.92731,1.30358960022265,0.535393439623437,0.702887003835105,0.186966704718945
-0.225757,0.133225034285503,-0.745513660280473,0.614330266253491,0.696924206453852
0.494567,0.354542613828235,0.432375450732829,0.544305759348428,0.372863046495489
-0.747683,-0.553920135688924,-0.0641553945559365,0.644487873693649,0.771371842470507
1.33926,0.918812845300888,0.526774383074339,0.54678256722064,0.274899715475364
-0.2541,0.0606622879234237,-0.474936077924158,0.475156603810125,0.898663154059681
2.47169,1.81930779371016,0.590624493335901,1.02078961170627,0.203057058986815
-0.531456,-0.350423922735989,-0.186052746524761,0.866562166227685,1.02597669222762
1.93096,1.383735941517,0.521651890885332,1.03780594398261,0.25598763185288
-0.177663,0.141397848207899,-0.599459129747346,0.710183918478416,0.748875435461485
0.4986,0.352840105249171,0.440054304258621,0.487198742114237,0.385223733865371
-0.712814,-0.538252543984092,-0.0366616782219021,0.659168703823273,0.690830471200555
1.36677,0.918089240440597,0.539236491371575,0.565187663168976,0.134371505204719
-0.248137,0.093426757000469,-0.449105107518713,0.492999409041595,0.729552087092297
2.49449,1.66272680903947,0.640010028558502,0.119931835950937,-0.0898611356696739
-0.547279,-0.293667208408626,-0.198243955557492,0.126125233807981,0.512074060721721
-0.808787,-0.360402186946196,0.286022489473502,0.0626490343998897,0.362521939972241
-0.986286,-0.823419073014516,0.0527570596713223,0.0430022909551306,0.589087099236641
2.86832,2.02396298154525,0.613085073609743,-0.377562802367728,-0.273230338653713
-0.357215,0.0125198377897063,-0.339808415474217,0.0099851299524229,0.638135589868147
0.448318,0.299257350942386,0.406909417178518,0.344260120474548,0.259996798750867
-0.72694,-0.570040717992698,-0.0737667680676608,0.535082829441189,0.603287586051353
1.33977,0.965721145233395,0.522255863148694,0.46504029484061,0.129972034004164
-0.289044,0.0421150921587537,-0.381023703301591,0.464988431894385,0.732235353920888
2.46971,1.7838802063715,0.524922120168843,0.100667544517941,-0.108077842470507
-0.544097,-0.321802553591095,-0.216834991553793,0.103459301173662,0.542709152671756
-0.80835,-0.410844487977697,0.294046250044733,0.0832706310253906,0.444995760235947
-0.988922,-0.83543367616546,0.0364777739823095,0.0596474640120887,0.675281439278279
2.91874,2.1391580095463,0.677724998516308,0.384155864396972,-0.163359980569049
-0.365422,-0.0995208437082677,-0.310809277628083,0.368957808750221,0.784327698473283
1.95019,1.32599576669801,0.586315662023552,0.513619257644826,-0.0556008646773074
-0.222984,0.174079759881441,-0.61136146965228,0.46045557019437,0.245408677258122
-0.810347,-0.358279671561425,0.288522715737121,0.0403190166385478,0.09282540060015
-0.99428,-0.767837502812015,0.0410787201260261,0.0819343654481939,0.0455480725112659
0.538977,0.371184061001771,0.509056364084134,-0.73034319000436,-0.569982784123911
-0.697255,-0.458888476344365,-0.0330258462183009,-0.530042550343506,-0.0627757807078418
