1000
-1.1489,-0.600849969469752,0.0370372669351783,-0.486979170235132,-0.991289582684717
-1.19826,-0.821516624479907,-0.0312371600365175,-0.489650475349325,-0.429674263806606
0.276904,0.351149140531093,-0.000130311575850056,-0.0370795169785957,-0.770251196055569
-0.395892,-0.408226666939777,0.00857508474485941,-0.350170087476372,-0.0418564639283063
-0.139744,-0.0136288681863378,-0.0152668353409982,-0.156711776021726,-0.248289713793406
-0.0609825,-0.16614907512992,0.0372464752285493,-0.235580777330144,-0.47458118324018
-0.800307,-0.424560994307273,0.0288020784141212,-0.394375819286786,-0.374906594800793
-0.743107,-0.643045823546822,-0.0267069101286291,-0.501061778240101,-0.483166714253457
-0.44315,-0.20004742090814,0.00829278073841122,-0.242194970436481,-0.0269394937121787
0.785867,0.209713711602479,0.031971418141839,0.00768960816674862,-0.198476985174343
0.0751227,0.0810359615869703,-0.145849594312438,-0.0679662010922385,0.384731174038763
0.200522,-0.0145324448577225,-0.0199724771713637,-0.0612939444295007,0.0898290328098353
-0.156111,-0.057316047199046,-0.165931829922281,-0.139940962325355,0.627798106117277
1.37226,0.994342909020576,-0.156650555938207,0.353871219315306,-0.399762605529404
-0.769519,-0.450386401366407,-0.0558599682574913,-0.462142025585708,0.436384615173121
-0.28776,-0.307164400835032,0.00259699263015963,-0.303125476520546,-0.353060877057555
-0.424664,-0.223360196369691,-0.0727508158885943,-0.285869014184973,0.296081223019748
1.05669,0.811201498617406,-0.00910836024172412,0.347908485798243,-0.168326930658641
0.0782753,0.0769141737634488,-0.254095620240168,-0.060312735826265,0.436423293397124
0.242518,0.0826572532228366,-0.050653784034062,-0.00724494335461454,-0.471818033173769
-1.2047,-0.634959897934602,-0.039105328450575,-0.628399563835294,-0.254431244186355
-0.940106,-0.663754765650121,-0.0756465107358466,-0.561314317338988,-0.310225371935119
0.3598,0.299993748836662,-0.213533083926519,0.0115314493763269,-0.265189587336163
0.616373,0.386271496231319,0.0235479465241569,0.208398738717489,-0.274462964949979
-0.787625,-0.452767716126791,-0.0419912845327323,-0.441714294390109,0.130760999381047
-0.289084,-0.36078371820601,-0.0245965600836782,-0.319921724880286,-0.43136467232668
-0.465358,-0.229893327819164,-0.0309618474867789,-0.279241807172109,0.23334636610952
0.933972,0.66529113916175,0.0170564638963756,0.300760779260204,-0.201022032103219
0.046129,0.0970078839680376,-0.191826091715444,-0.0682402753729522,0.378111206361139
0.236431,0.0346503731371658,-0.0322338591794174,-0.0308296953173648,-0.498710988053936
-1.21678,-0.657802124900694,-0.0776076948819754,-0.597288400138671,-0.259132180532459
-0.938023,-0.692034033103075,-0.0828430954532568,-0.548539423062598,-0.314519676784206
0.340511,0.30384471899999,-0.168453385558577,0.0077344325482946,-0.199480450239346
0.652732,0.3482925744564,-0.165495158134313,0.19364702854176,0.0523034330946069
-0.21606,-0.0746020301152836,-0.138478029216034,-0.169005376498757,0.758416430143289
1.31322,0.96282968190204,0.0440778850760255,0.38962074763298,-0.636812246274326
-1.22625,-0.675135357204409,0.00501810469672515,-0.571633863474944,0.104150247971799
-0.928761,-0.713726225895173,-0.00857284789291277,-0.548552392532108,-0.785264169896823
-0.773448,-0.432000128705818,-0.0214990606329094,-0.416007517154236,-0.580452114222111
-0.231995,-0.331762990217681,0.0146546303890001,-0.294734481553701,-0.539802962445742
-0.489352,-0.231979131392458,-0.0706742602511854,-0.278210285165998,0.282077103436917
1.02445,0.716621154208511,0.026876401474125,0.356204899383352,-0.198975000773027
0.0257887,0.083041266652661,-0.20400026802359,-0.0647088210284439,0.546576860735518
0.285388,0.05075363139613,0.0386106712767472,-0.0230882062909927,0.234962802167479
0.282351,0.235210572084353,-0.328804470004748,0.0106848123232726,0.424445674534722
0.693452,0.428351348237108,0.0720647305395806,0.244272194370571,0.124334681826151
-0.240851,-0.0744423124639928,-0.207949264395863,-0.132387924780722,0.894798881620542
1.35971,1.0169891852884,-0.0140721118499744,0.458361638018091,-0.0473059858153447
0.00347113,0.0604689390977208,-0.343245009324945,-0.0426939991980416,0.611566814478725
0.302038,0.0633699209290797,-0.0510374901751834,0.0303485237526657,-0.489623428706149
-1.2291,-0.642962572295185,-0.0670846304795422,-0.605326495265373,-0.219176335127324
-0.909833,-0.683348442079588,-0.05886172303701,-0.543423176092167,-0.327212347878292
0.302063,0.279654159110627,-0.277568784497652,0.0223636314195691,-0.157792599812986
0.726548,0.444818959229599,0.0269354779256239,0.276064312894386,0.0275123119086871
-0.26278,-0.0952225947575202,-0.270588665584654,-0.120636032311657,0.852181591262399
1.38846,1.12669469824549,-0.0857375002917435,0.327908081003182,-0.435057955666477
-0.834637,-0.468782500301223,-0.0815865111117868,-0.412305240955503,0.472131218094687
-0.199279,-0.321651353005481,-0.208840368287822,-0.188675857595747,-0.426021472086005
-0.516742,-0.253845779424059,-0.078562617605769,-0.253240772392381,0.283671647711998
1.09298,0.783864541368743,-0.0609311419741467,0.446795077267024,-0.611889637477487
-0.843467,-0.436629705786013,-0.128956871006561,-0.348173395628741,0.328842464629345
-0.180965,-0.291111435402691,-0.0242418451115017,-0.2387277535662,-0.448122305021756
-0.529478,-0.270485487916813,-0.237142041129027,-0.202468125810184,0.353106442365623
1.11414,0.796632953040028,-0.11234708347608,0.427497630335314,-0.239240923972352
-0.0119473,0.0597657792946117,-0.383193300556369,-0.0262335348138488,0.497443124879796
0.347972,0.0966775528398554,-0.0784855970358817,0.0709232659409156,-0.523209150998029
-1.24869,-0.660975025655832,-0.118650837462388,-0.562964065490832,-0.195528203454981
-0.887824,-0.692625192337273,-0.119115138330027,-0.547500660206823,-0.341695748643881
0.27636,0.255396650672285,-0.295679896574682,0.0088410969400908,-0.132966151205232
0.764736,0.467384919223961,0.0323579529383618,0.322900865931562,0.0186264389433166
-0.286493,-0.134970034017221,-0.252276458709515,-0.13037090453337,0.938954951533038
1.44094,1.0898703250187,-0.138530800389408,0.361238400020828,-0.111639548525404
-0.287573,-0.106186438946484,-0.215969355936815,-0.132962178281679,1.15194984084135
1.43013,1.09398258891803,-0.160976368681984,0.425700747091842,-0.415960233554173
-0.86902,-0.454217322702324,-0.119187386581192,-0.39282334581627,0.505434360860372
-0.171507,-0.320261646950641,-0.019532922830015,-0.249704033615502,-0.444000410429761
-0.559016,-0.26602967862495,-0.0312231704632088,-0.300822506760067,0.368605047300779
1.13997,0.829656756636954,0.102050304300627,0.453776022630835,-0.262753127979875
-0.0433116,0.091495032469623,-0.0887324271745852,-0.0851252941519812,0.516545763246397
0.371019,0.0716616258474118,0.0878780856533233,0.051113884182982,-0.534497093541635
-1.24827,-0.732364952158406,-0.011183801591269,-0.701169154271468,-0.1843898950675
-0.878984,-0.788981930921234,-0.00999286159987587,-0.581731269613899,-0.34446594962305
0.25597,0.295090001199967,-0.183185795816397,0.0115607414465988,-0.0988789369252102
0.779238,0.476032528256329,0.101672606058528,0.326866413979825,0.170192284018255
0.190353,0.239371607404103,-0.177528106397849,0.00697859157423523,0.656845653441965
0.769368,0.474066552145182,0.134037361515648,0.319241254377835,0.0808966610314471
-0.305312,-0.0987526425051725,-0.0531380748077616,-0.174606440652219,0.874469930786151
1.4532,1.13712646101623,0.0606317906183667,0.520605608587818,-0.677571950180904
-1.25984,-0.755462773188501,-0.0397405805590171,-0.636305686400037,0.177063543223126
-0.880386,-0.792458931351382,-0.0137739072005573,-0.560422752474754,-0.809506433081856
-0.828018,-0.49925214915359,-0.00436731137923148,-0.430530885986533,-0.527293670050101
-0.145011,-0.351978591673247,0.0150808966801697,-0.23478630249442,-0.583500507865754
-0.56062,-0.270497980692875,-0.0358603495623235,-0.288965001395881,0.361295079518226
1.14784,0.835769618680387,0.175788243320336,0.493883979246466,-0.271832080115928
-0.0596592,0.079861025120047,-0.140624766943529,-0.0884163286217067,0.519563108707317
0.371579,0.080589858777162,0.113082643434946,0.0391317935268053,-0.542876648710824
-1.25145,-0.742739888634945,0.0176872771389869,-0.687351902910574,-0.189050032437932
-0.884596,-0.799747179573555,0.0012779066222546,-0.588760908850847,-0.356381227578219
0.237657,0.296072994055957,-0.151303792963189,0.0241633221993757,-0.119626880581869
0.798854,0.48025417688122,0.146154684812796,0.282315276026517,-0.0143735724579085
-0.312276,-0.100231099205584,-0.0832767087494321,-0.187867188387877,0.912679513335388
1.47422,1.16619343906359,0.207328956616494,0.51589503512906,-0.470592547042838
-0.887772,-0.543207337112683,-0.0606793605226893,-0.466606975369909,0.533233362921778
-0.131812,-0.358014544359305,0.061331802688993,-0.273272275408514,-0.453419622536805
-0.570308,-0.287617650650947,-0.017121974175592,-0.334013504282204,0.395253744885002
1.16718,0.865268032057552,0.228438571713984,0.479964296660386,-0.270928047672683
-0.0717519,0.0830692551376901,-0.155137211894064,-0.0757602696807431,0.569862425260731
0.401367,0.0876480958559213,0.104742912980285,0.0323540085158149,-0.350229186682676
-0.887144,-0.527951089170101,0.00248611580766476,-0.466122300868652,0.101446572728335
-0.115182,-0.359577175705411,0.0692703980165073,-0.284932305337177,-0.523763607509258
-0.584206,-0.281300486348168,-0.0388558189904823,-0.2991540381619,0.399301835302649
1.18659,0.896214409264658,0.133130160747778,0.47544269064451,-0.286911845930847
-0.0864652,0.0741374191131584,-0.0915463226666238,-0.0762185027252061,0.554397943364449
0.418551,0.0999333449838151,0.116365404591196,0.0107722985741849,-0.555815493972511
-1.26057,-0.772563723803909,-0.0140295343541411,-0.733267924838784,-0.170072275946892
-0.882349,-0.819201018832657,-0.0140734337481516,-0.646205958385378,-0.361405135468412
0.224438,0.29347896949238,-0.103429040596909,0.051883601649113,-0.107774021248957
0.829589,0.518202220894917,0.187094734951483,0.262376911517584,-0.0331047275134815
-0.335858,-0.114396829566842,-0.0763958892755089,-0.180888297459133,0.904220873454078
1.505,1.21679846234103,0.292035397290664,0.493939345011274,-0.704099776648195
-1.3344,-0.950900934817084,-0.0743477829138117,-0.557819416762217,0.309654934016396
-0.844769,-0.63749534320433,-0.0855482097303738,-0.379986643501406,-0.190866055891744
0.00764897,-0.133043947469956,-0.122320427361408,-0.133185949906378,1.43051356075571
4.34397,2.54533028087112,-2.63494654947865,0.295965450393745,0.0333827303435856
-0.614943,-0.550399775970893,-0.0901496934254727,-0.379537122699429,4.21118836697287
5.73716,4.48767467937598,-2.7070186158368,0.270350935362333,-0.415504196601336
-1.06735,-0.807584395751695,-0.110663758449542,-0.606546975373996,2.60083859862821
0.447129,0.0996667893214288,-0.237162549563421,-0.0100750674431634,-0.286663277919121
-0.794106,-0.614358135602871,0.00793458428971968,-0.515884928916129,1.10006248585439
2.2122,1.97154743886733,-0.159725460640503,0.545461612781404,-0.425400519636491
-0.392689,-0.305013637499634,0.0387451578186452,-0.32121366187527,1.24448732645693
0.86365,0.541367432806795,-0.0913192780519144,0.163047544848207,-0.141218462594503
-0.605393,-0.445658550856631,0.0237913158676273,-0.437340704144717,1.35700737444015
2.49657,1.99413154138665,-0.352793345465763,0.800327374259506,-0.644913941332264
-1.04503,-0.75187991957031,-0.0409487251924076,-0.675926863765218,1.04606321029534
0.0979381,-0.120467495178181,-0.022640511606975,-0.222251305716354,-0.465010659594307
-0.80138,-0.602860105546172,0.00823224328540259,-0.562993830301492,1.09960642319667
2.63548,1.85582645784922,-0.503033010639175,0.598142208299599,-0.465983145887016
-0.467957,-0.402234744644459,-0.0629688095148504,-0.383207069762449,1.56167465399716
1.38365,0.876506740788181,-0.425518829856781,0.340434759204285,-0.675307328103665
-1.36811,-0.97643093146184,-0.0751446809726855,-0.718387775121338,0.214417419528374
-0.866949,-0.764667266768331,-0.0961475068430839,-0.587595833967896,-0.490581285302915
-0.289831,-0.291963452467599,-0.0561898075015484,-0.297123943196987,0.402922653290547
2.14731,1.61346098742241,-0.875569596939715,0.530479490994922,-0.637604800569543
-1.08015,-0.810982974953371,-0.066370707132971,-0.667150367136289,0.958786700984481
0.253376,0.0184567229553069,-0.161508973761838,-0.0939860903911207,-0.547787721030066
-0.861302,-0.664922520778147,-0.0855990413823888,-0.53233617227674,1.02389407522009
2.32743,1.9202825049552,-0.521588158439764,0.737293635145083,-0.51796734605331
-0.477899,-0.38913417938088,-0.0178587645103092,-0.384695104657252,1.21860389573958
0.889542,0.581570672070121,-0.243854496853849,0.241430089198443,-0.69723502583665
-1.34939,-0.984008413997523,-0.0171572362237118,-0.735102960612865,-0.03650410064233
-0.942167,-0.838468890661003,-0.0422987733464572,-0.657909065079082,-0.550164621832846
-0.290032,-0.258145532149464,0.0392471325162179,-0.312154462630591,0.130613674709517
1.48629,1.13992070780584,-0.348163866600694,0.539784067038858,-0.348283390400115
-0.688206,-0.53380230667732,-0.0101012042918148,-0.520549071441311,1.53114728395795
2.41341,1.97197761277329,-0.436699178615954,0.914112983523121,-0.849717565473566
-1.35591,-0.991228883721207,-0.0473140560741473,-0.758288080968785,0.520924536961869
-0.960435,-0.873634844560805,-0.108949651142754,-0.683500965917471,-0.869417967392055
-1.03921,-0.767846660532031,-0.019652459907927,-0.684498340934819,-0.477216939411649
0.0729897,-0.109558915537871,0.0580730844673536,-0.233296683413131,-0.752599639479654
-0.83225,-0.64640973691064,0.00772473397765658,-0.572310306187905,0.712557302160758
1.83703,1.54721930441017,-0.0302331761438264,0.758685587240858,-0.510154137944225
-0.460369,-0.371254285642962,0.0460297234850385,-0.40662589321068,1.03528188473922
0.751184,0.452600416330291,-0.0258202936028022,0.145010488814591,-0.158299541368923
-0.362039,-0.300615701044256,0.0630973296848166,-0.357915895365897,0.854525593503647
1.34259,0.99045319367998,-0.121728236500175,0.532922285308159,-0.257790689136706
-0.698906,-0.541519787444977,0.000211459803696293,-0.528813197780184,1.53560530181011
2.37741,1.94017600981485,-0.185897717320568,0.953233314410963,-0.409692037038906
-0.53178,-0.415336938534451,0.0478972858616661,-0.441700560836029,1.18052602922628
0.700784,0.406485136652438,-0.0296278843649458,0.100134084386923,-0.717632313466616
-1.35271,-1.00292633894202,-0.0559672349751646,-0.774478768544559,-0.136214900090851
-0.973266,-0.869673823675743,-0.0259733630645963,-0.710421554155563,-0.58912124961083
-0.323398,-0.273382992862511,0.0762499693609502,-0.352817111394251,0.0427018115321882
1.32157,1.03853147493249,-0.0718961402307815,0.550911997053272,-0.382049931144771
-0.704027,-0.547349029874572,0.0144313378371321,-0.519106934270195,1.38860513827894
2.18381,1.84953544197267,-0.266826375039398,0.897481264793383,-0.683846768824945
-1.07086,-0.809448422666062,-0.0331410538610823,-0.684419863051445,0.835668234580626
-0.0478972,-0.176186642202702,0.0358073497145605,-0.313230976313467,-0.582631486311304
-0.855912,-0.660633421899417,-0.020075823537725,-0.596595856804381,0.611807831246248
1.76256,1.49314314730324,-0.2409896500053,0.783452356304051,-0.83331164380967
-1.0618,-0.797667315918404,-0.0139033084590163,-0.699902884893985,0.640455153904187
-0.036012,-0.164355828716134,0.0344286425067201,-0.305046680765366,-0.596307021766966
-0.831492,-0.646404320906982,-0.0144278264657771,-0.610026184457918,0.629177001433953
1.7039,1.46162448479727,-0.371037793315347,0.777701072721336,-0.547928985660474
-0.489272,-0.377563883252113,-0.00836843457018471,-0.41081173325432,0.826918448366548
0.595156,0.378275869486714,-0.116502012543914,0.0780680666632646,-0.74606778220018
-1.35118,-0.992186817942844,-0.0852251687462845,-0.771185648305311,-0.190778901429702
-0.984833,-0.869607821227289,-0.0672243659021881,-0.726270702305868,-0.599274821961949
-0.303888,-0.23431544399316,0.033636394361774,-0.345448948443732,-0.0412441663523198
1.1327,0.926028026425704,-0.417798684531343,0.483885049372723,-0.359715706010488
-0.683627,-0.499365108806514,-0.0713221402845749,-0.476719957185471,1.35061925221522
2.17642,1.77907480309756,-0.71449940280703,0.780899914919351,-0.391546367961067
-0.684717,-0.501842791790263,-0.0811016124604431,-0.488087427133256,1.7082541636879
2.08489,1.77248950215265,-0.4846210423907,0.831549771202638,-0.620953137782182
-1.06361,-0.764958968881016,-0.106050200843409,-0.643061828859999,0.785113589036293
-0.0900456,-0.191126087360943,-0.0878795337243396,-0.295067164752304,-0.584225281841559
-0.848704,-0.622306568528855,-0.109525390583191,-0.53702162467435,0.574602946982536
1.6212,1.3723125574975,-0.266079139368417,0.732064347484271,-0.559200731655873
-0.488965,-0.360487201370916,-0.0656836552192316,-0.39673600260993,0.782732034523247
0.577144,0.377363926347671,-0.273557389702105,0.0812433108015867,-0.750274815846797
-1.34752,-0.957350241976049,-0.0960373291580222,-0.69441214627492,-0.20198041122829
-0.992912,-0.843215206653675,-0.0842488662784281,-0.688063808035164,-0.594350895588165
-0.297549,-0.215742532598888,-0.0238912897686673,-0.30822295143119,-0.0316874657981842
1.14007,0.916934108539281,-0.167078329590188,0.457767564981442,-0.292161306695321
-0.377953,-0.298698264111074,0.0410156353003285,-0.373199572476334,0.923514825508312
1.16571,0.869640183289602,-0.491830296691407,0.445426235670798,-0.267685868261246
-0.691573,-0.497508483992826,-0.0537383242943215,-0.464324994383264,1.27342210878967
2.09232,1.74474224630288,-0.788595206681659,0.795336519146371,-0.871924941611191
-1.35541,-0.95244870362591,-0.0972261509078224,-0.662598195015917,0.36192845702658
-1.00172,-0.832075242576162,-0.109748552999543,-0.644156986243662,-0.903638376113717
-1.04322,-0.724668024485209,-0.0729946504098184,-0.596573441455208,-0.576245384688744
-0.100511,-0.157351331428403,-0.0925580242426411,-0.271675839593192,-0.78843754605756
-0.847981,-0.611813561104566,-0.0630128628925561,-0.511719995077762,0.475199603019854
1.46971,1.28391035555821,-0.401227548123789,0.632949329049072,-0.573069711984848
-0.495948,-0.338556228391977,-0.0440590501066175,-0.389356233302952,0.676541893279708
0.480367,0.286624494339725,-0.240983226863531,-0.00985109696663284,-0.762840227134592
-1.34508,-0.938959015287884,-0.1101554618001,-0.66501695947809,-0.251308439124752
-1.00076,-0.862027973067501,-0.0987744580978307,-0.663266725019614,-0.619606997335579
-0.325989,-0.198282136773417,0.000682683219901341,-0.325204637541754,-0.0879924025294734
1.04957,0.827242133893071,-0.291693649060674,0.350760230268735,-0.396039621792999
-0.705183,-0.493026076751172,-0.0870977952383055,-0.48745460622659,1.20308286885364
2.02171,1.60223415985541,-0.530252876171784,0.660529634162384,-0.705304132966035
-1.06363,-0.753276569459647,-0.0688923691262783,-0.612281784963969,0.719953018377333
-0.144143,-0.214658861599813,-0.173088191802707,-0.305407000698815,-0.61185060604024
-0.879759,-0.604264493430495,-0.0608260392935374,-0.550875040596144,0.493201466008044
1.49545,1.26489368020995,-0.347021192494874,0.513921711125888,-0.603293136788669
-0.540182,-0.364022965260456,-0.0356505306069144,-0.383871587928426,0.689630110534956
0.434124,0.254626553779001,0.0750420277630936,-0.113999319635371,-0.622842912679775
-1.07829,-0.784464769303637,-0.00388100039540911,-0.648783986550864,0.0202809158781433
-0.232443,-0.297707378375463,0.126331279412277,-0.406797186012508,-0.727524780760383
-0.889276,-0.637777775736505,0.0235200016909413,-0.577838210189417,0.397842291827161
1.4024,1.15686607613538,0.137879569570957,0.302247751693892,-0.631878469820052
-0.563685,-0.404411148060523,0.0833324195468581,-0.466123553902915,0.604575867538691
0.388838,0.214711825231031,0.0403929381921438,-0.156057956267615,-0.801982186557292
-1.34856,-0.984670403440498,-0.0663828987227056,-0.741357491904645,-0.321890993813124
-1.04995,-0.892315329585283,-0.0378572175301899,-0.693501537364075,-0.665859180527146
-0.399434,-0.261949632342459,0.152769978717002,-0.397908330670955,-0.156738854612397
0.952524,0.719061422660079,0.112408420482513,0.0710214863954206,-0.46629030118584
-0.759562,-0.53985746176921,0.0529713926710728,-0.523215572878245,1.07243515847063
1.86371,1.50181274099739,-0.0531847615688781,0.365458322864529,-0.849177432188757
-1.22208,-0.820662444734211,0.00214868160752556,-0.761876837710297,0.33880410413822
-0.968568,-0.803498898676213,0.00767081662144352,-0.682657967343669,-0.417106878520463
-0.112554,-0.0722889552422926,0.0189063800289774,-0.309423023203124,-0.223916374339208
0.650647,0.444407098576342,0.144424494130642,0.0485344107859313,-0.304373177961014
-0.620508,-0.38917543080131,-0.0177352950326353,-0.481188339309866,0.77985523493659
1.3896,1.17596377020858,0.263880160455241,0.348180410212971,-0.688582204977128
-1.03477,-0.692319566316568,-0.00841830658283544,-0.664547372703789,0.398390246901249
-0.273913,-0.384518762125343,0.0700552225389699,-0.427782634208461,-0.637076312621865
-0.814836,-0.51200902868661,0.0213524523264425,-0.549362035460892,0.267102696928079
1.09168,0.907111470878977,0.282300326572945,0.36553385823193,-0.552336600108383
-0.460326,-0.243838030166623,0.0483688941159808,-0.377827579921493,0.509176777963139
0.303572,0.101865531546689,0.166856078849952,-0.0753304475260937,-0.321941008458142
-0.632102,-0.373175851420815,0.0343133864746024,-0.461275528030447,0.650362379030501
1.43883,1.28180636013875,0.405334491230972,0.423668335875708,-0.719610100105727
-1.04867,-0.679609901366687,-0.0118768689761385,-0.662652357213329,0.42999826271245
-0.24055,-0.352529235037266,0.122222833759159,-0.406292400302627,-0.636556295620574
-0.810236,-0.495645485076888,0.0358232040788664,-0.563903695910416,0.29369939239511
1.12292,0.955262438648516,0.392761363315105,0.398583445500042,-0.550502647138205
-0.448548,-0.203213012954952,0.044825606224326,-0.369948285374361,0.475355256097885
0.342132,0.135168114719171,0.215117437944286,-0.0505377810742246,-0.742182189447511
-1.29159,-0.834943194962371,0.000910202691414666,-0.774118736843568,-0.31263306019254
-1.01778,-0.83546863814423,-0.00078843647167548,-0.672143208355879,-0.572771909422965
-0.198472,-0.0447301382671439,0.0461316452297608,-0.296782734933582,-0.234519221978419
0.815886,0.591391660818073,0.30208736914737,0.179376825693031,-0.622849255643632
-1.03973,-0.666402100630011,0.00762229020209177,-0.648320729440771,0.191171095313488
-0.213455,-0.332713229060334,0.103044939342826,-0.376543176972951,-0.665253221638393
-0.809831,-0.47776772673373,0.0190077138348033,-0.530619622240168,0.333326038699189
1.19958,1.00610475816411,0.338462903498969,0.424942841535083,-0.545468387509895
-0.441185,-0.202171929959751,0.0173513006870167,-0.380745397224074,0.512896327997407
0.35367,0.153362966944583,0.204164530947328,-0.0443713551837866,-0.734764212563954
-1.29227,-0.813413429970411,-0.0194481771601532,-0.746754347459579,-0.308511201738913
-1.02568,-0.828540464485681,-0.0155088743111271,-0.672186450208549,-0.563139973411575
-0.188219,-0.0409154933226687,0.0356919877583698,-0.297838972336237,-0.207283168004633
0.790558,0.590279384292206,0.277424156101803,0.210035332368764,-0.344004571235409
-0.633916,-0.348596071611531,0.0195859690619483,-0.454134243882075,0.864163029383012
1.52023,1.31595245080878,0.419582654388833,0.436602078860745,-0.852157661419289
-1.30256,-0.833710339584369,-0.0160579380896314,-0.750978319520217,0.106748550161778
-1.03321,-0.826131873254019,-0.000314471496679302,-0.673551295236594,-0.907807056175984
-1.00362,-0.628784121776205,0.0384238340396069,-0.611344222913286,-0.638713202862592
-0.209723,-0.313638151982744,0.159587441778369,-0.360172288280528,-0.777449894406044
-0.81129,-0.477360420898579,0.0218458598656224,-0.52339732695573,0.303826834258664
1.16186,0.997872291082882,0.397255485006082,0.437611683601793,-0.539390097486465
-0.449262,-0.215851807599591,-0.00606806651234897,-0.388957220951326,0.579542802928472
0.35261,0.166536566382094,0.21027071904308,-0.0463138327192237,-0.183679340336626
-0.249634,-0.116857280408491,-0.207780306382132,-0.30445005704794,0.44837651038407
0.810312,0.621858673128174,0.10683957698376,0.286580387701888,-0.267788671986654
-0.647758,-0.334253202810167,-0.115611420408781,-0.447413694399413,0.957619103394414
1.53755,1.35048946961653,0.0871382379396213,0.56334387579189,-0.408078311184724
-0.451195,-0.209761079187862,-0.169054208791113,-0.364723002422845,0.682047359133678
0.364985,0.190129445507035,0.0341926518340287,-0.0179012855576633,-0.71737471796452
-1.29827,-0.789555558630897,-0.143027692404927,-0.655030112233419,-0.304257826645273
-1.03406,-0.78082653917358,-0.128808396435843,-0.630764322875096,-0.564762555952843
-0.193037,-0.0350754490502943,-0.178584967297003,-0.275870152334207,-0.198683911120438
0.818737,0.639957663138177,0.0598974191552118,0.286556480707943,-0.343921169853523
-0.641206,-0.340082768071388,-0.129584118764883,-0.455038831372928,0.914762711639509
1.55451,1.3691306463953,-0.00367808967667908,0.582808551947502,-0.690596289972958
-1.05129,-0.625553694768958,-0.0927305648477613,-0.598018008458941,0.494986352117989
-0.21292,-0.269948887489174,-0.0186719179027112,-0.312912320956918,-0.6307860402479
-0.807967,-0.451786774950687,-0.103840384761143,-0.517042672891715,0.292526936571902
1.18969,1.03057617778595,0.0410247255420784,0.525670858673825,-0.829905654382349
-1.04892,-0.602741545488181,-0.0614718084341453,-0.591029603518571,0.323468940184676
-0.203916,-0.269907444020027,-0.0260037773249973,-0.325720828535941,-0.65048128293336
-0.814226,-0.432706629456074,-0.0671743722804466,-0.525906430866543,0.34857592144341
1.21904,1.05312723679447,0.110908659634504,0.497425184086053,-0.542161717390727
-0.435581,-0.1835476010529,-0.187847620829084,-0.343048176949236,0.533503620701197
0.383331,0.216070164133779,-0.00522077169415203,0.00868153504509959,-0.732163544846218
-1.29296,-0.76700626142255,-0.131818066947401,-0.631468274316156,-0.300012332964972
-1.04108,-0.782584902278378,-0.0736884489450376,-0.639647339068638,-0.548661389648339
-0.164411,-0.0256094124564049,-0.215398865691575,-0.293262391159995,-0.195149830730896
0.828314,0.654966430881942,0.00069539363505544,0.280423202871721,-0.318978658149197
-0.626029,-0.320398320276922,-0.142975928006418,-0.43752066005548,0.964917091679462
1.55785,1.35197214635142,0.123103505357361,0.521075841139516,-0.397254372224672
-0.630656,-0.32089598382839,-0.11391041996731,-0.451708252849172,1.21269573511989
1.53676,1.34376046993106,0.0825789372485741,0.636097239808939,-0.641406154456729
-1.05671,-0.609794375846181,-0.07740113874892,-0.612131061075476,0.502508927314168
-0.197385,-0.270228028870949,0.00585969743382155,-0.326178267898181,-0.626967211732485
-0.813209,-0.450136177290695,-0.122949314115351,-0.530548429388665,0.354391910759161
1.2178,1.0579906109111,0.248134827538846,0.503368797870222,-0.540125661169583
-0.433865,-0.182401570423129,-0.118423062834528,-0.38168773816031,0.533144968908889
0.384382,0.199953497759169,0.118293659761762,-0.00765715837065009,-0.734540552430388
-1.29645,-0.793265951544341,-0.090882548737034,-0.72600875330601,-0.310029537020311
-1.06494,-0.807127378468497,-0.0817676195917599,-0.680140970691915,-0.552885581683234
-0.177726,-0.017782493200495,-0.0750867520576831,-0.290290319220994,-0.186581072090787
0.831386,0.660974505917823,0.146498153330533,0.318780301236738,-0.208814573360571
-0.241428,-0.0733017092025473,-0.149739103890893,-0.304615067627402,0.657675796754879
0.83639,0.649284980556135,0.219802910067492,0.30503635939691,-0.239270461372535
-0.641531,-0.336468418537646,-0.0785855382081426,-0.46534382899784,0.924307984850256
1.5809,1.39377549494358,0.314444064760619,0.665868053899516,-0.855296193522508
-1.31004,-0.791375439611225,-0.0597831161295172,-0.712953534262162,0.119232734168876
-1.06526,-0.802687700084249,-0.123337689796193,-0.606375726873464,-0.906841603211119
-1.00737,-0.59577548435639,-0.0584038273708714,-0.591184554351161,-0.639627634073775
-0.181027,-0.244914702060892,0.0304042318153396,-0.291720329378819,-0.778571807346152
-0.818456,-0.445747219623834,-0.0763218375621051,-0.530200435740704,0.35205519947296
1.24841,1.08575066178052,0.143920553355303,0.549653240045223,-0.541997492575217
-0.430888,-0.192239417221822,-0.0591335029672275,-0.412096889157458,0.555203952510613
0.406924,0.217783013155686,0.237965792093998,0.0310730823972183,-0.730523786054691
-1.29245,-0.796089210350599,-0.0985762661647228,-0.735161903176464,-0.305705890965939
-1.0793,-0.813590925781231,-0.0527036779141487,-0.685609026384466,-0.54731521125698
-0.16766,-0.0217013204202575,-0.0535037864920967,-0.294129674714216,-0.20536109796994
0.844071,0.68522238140201,0.237410761159113,0.32070526446047,-0.328936947877761
-0.62746,-0.331703989865046,-0.0311206956225304,-0.475568410680528,0.934208916523661
1.57162,1.39383237604815,0.45151653617127,0.623557174567721,-0.681469024933456
-1.05162,-0.640189201247037,-0.0311261943925209,-0.63508657688195,0.514411174111815
-0.189972,-0.277084457059957,0.11839720672181,-0.326918033005424,-0.621356329102491
-0.811885,-0.455276277222172,-0.0437614068397381,-0.582574944485923,0.368623631985804
1.23941,1.07906085910435,0.403939605589382,0.556852611148166,-0.529880540380723
-0.426514,-0.176902075070633,-0.136818690478217,-0.387440734523523,0.582500007491194
0.423665,0.22568447476742,0.201306499246639,0.0638503694998275,-0.574698598883759
-1.05222,-0.638822672920889,-0.022047801147092,-0.668351718597774,0.0506531476960594
-0.170559,-0.275763755014473,0.0884163612312463,-0.319171151803737,-0.692170368967862
-0.814902,-0.466021586974633,-0.0179106263802711,-0.557606254252963,0.376438561000101
1.26568,1.11744120380156,0.404660407542472,0.573273509397521,-0.537787650012485
-0.431381,-0.182935981571139,-0.0725488853262248,-0.392948643725054,0.5654318116071
0.412637,0.225431289634084,0.17266893315222,0.0326729522910221,-0.730417827351889
-1.29233,-0.801012549374231,-0.0516228677396582,-0.818355963945784,-0.308969874240919
-1.09327,-0.831669227329962,-0.051624065846936,-0.708284772345387,-0.546239510979115
-0.172052,-0.015164890581622,-0.0189274433263449,-0.278051139357531,-0.194719675009696
0.88524,0.696409681051969,0.323366488883055,0.342488140009726,-0.33810872488989
-0.638164,-0.341265942639199,-0.0770321724625947,-0.459136891183695,0.938723333663619
1.59992,1.44766247997401,0.404420955011178,0.57049178158096,-0.847500765496411
-1.31453,-0.794481360070288,-0.0448958981665192,-0.801824323787813,0.177730308865642
-1.09804,-0.819973558903958,-0.0293608862849713,-0.716490013965093,-0.481031937036781
-0.168014,-0.0245588841434515,-0.132525837299714,-0.282495063835965,-0.189543838163648
0.878214,0.695564132487577,0.316790344445906,0.359767772733544,-0.331198071211501
-0.636995,-0.325203004073547,-0.0235967555658475,-0.466903833530172,0.959954534828738
1.60038,1.34371628423581,0.045343188542191,0.160355300462626,-0.690139113640348
-1.06823,-0.643595900760795,-0.0507969436801955,-0.680782080127593,0.528351809080814
-0.183126,-0.275810502142387,0.146963314801185,-0.310027384810965,-0.632584114418689
-0.827479,-0.459817534979469,-0.026557825198929,-0.552988148610768,0.375584644975853
1.25074,1.11281668509372,0.442841113910894,0.599191312240104,-0.536072765406092
-0.440327,-0.191129552110891,-0.0461303076065519,-0.366513185621907,0.625989728566419
0.416774,0.23138652531784,0.247985749675068,0.0928932046773611,-0.296411031064547
-0.641906,-0.323366217688675,-0.00112742813176844,-0.463086782764038,0.774996288469406
1.61333,1.45902816008181,0.264083723714319,0.645369663855868,-0.719116589450699
-1.06436,-0.634457819210249,-0.0241302328877463,-0.689941145497852,0.529342597459901
-0.184459,-0.285030605076208,0.1489346909852,-0.314607452374435,-0.626592889786475
-0.818746,-0.465965185732687,-0.0440693073517806,-0.58982120000434,0.378540303032074
1.26153,1.10275276711943,0.455663239995214,0.640753091655702,-0.541053473161868
-0.439807,-0.20094704939291,-0.0639560606315683,-0.38502019951793,0.572137933880917
0.433853,0.235695394879411,0.240612081915197,0.0651409547846143,-0.737134220118903
-1.29711,-0.801608601743802,-0.0645935856171034,-0.807201533006741,-0.306117811341455
-1.1041,-0.827714205077409,-0.051896058569015,-0.730892564245962,-0.55341407695475
-0.171918,-0.0263721913882568,-0.0194947515175331,-0.27394844871682,-0.242027622077239
0.885616,0.718330625149535,0.464140457632312,0.367675844995063,-0.623815140752095
-1.06051,-0.651200547920457,-0.00245251925102812,-0.688341243026208,0.235054775795474
-0.181078,-0.297129475668319,0.212125005146739,-0.307405499712174,-0.672141368736751
-0.827931,-0.477874494703288,0.0563518260192585,-0.556844355373975,0.38018164529994
1.27608,1.13729573260044,0.639185584581315,0.58508341369748,-0.543066974548536
-0.432828,-0.198594016706626,0.0318581078680485,-0.392024025631428,0.575048230954569
0.428177,0.229013492829224,0.320291527573116,0.0569236969161549,-0.734277712712715
-1.2992,-0.800972551450417,0.00568942818345688,-0.776689273758194,-0.308021504608944
-1.10726,-0.849571721156678,-0.00468611055988056,-0.751207248154464,-0.546145237144102
-0.167715,-0.0224783902840259,0.0790418314653746,-0.289692958621175,-0.19974504539876
0.887081,0.688990346666217,0.454052928919554,0.376876841641401,-0.33453103818915
-0.631919,-0.340854372635353,0.0460399393375679,-0.493048375279027,0.939523895909596
1.60108,1.44539741074481,0.640547145182241,0.666496432177454,-0.848818975236557
-1.30015,-0.823559413411217,-0.00513773515509902,-0.792228789074608,0.110425161591958
-1.10874,-0.855648763075479,-0.00656791263587122,-0.776785470333371,-0.8991055673198
-1.00679,-0.63053879660176,0.0500300795317153,-0.663087492023872,-0.645129037020311
-0.155473,-0.285945418940704,0.259206915959372,-0.320471279846699,-0.772277304687043
-0.801576,-0.462701984937389,0.0768000286193342,-0.54086352578099,0.373109958522163
1.26668,1.10337403717996,0.58329447481025,0.520510608626528,-0.514758925127908
-0.421358,-0.185317944309796,0.000428701265919632,-0.382126661719535,0.660705900138667
0.429865,0.223141044144967,0.362611282669242,0.0328163488342288,-0.147241223327896
-0.218632,-0.0695941149749626,-0.0426804309299152,-0.300954491421349,0.514357026625616
0.877726,0.663536346969733,0.470663480766356,0.343546401114607,-0.238037287725599
-0.632943,-0.34193747486982,0.0304748909834087,-0.493675859532487,1.02192137622794
1.60982,1.44717843423199,0.601473865385397,0.594497618377748,-0.382703544466345
-0.427822,-0.204153535367237,0.0225905136080001,-0.392588993020581,0.743982895840528
0.43605,0.20606943609959,0.317235505146813,0.0155299686752437,-0.706833097151753
-1.29841,-0.80472396820726,0.00964046339903041,-0.823434154743278,-0.2997256059207
-1.10565,-0.854162098486605,-0.0136897721590582,-0.7398447583955,-0.543041819278933
-0.166748,-0.02402303420166,0.0634244571710018,-0.292905422615312,-0.190080015941367
0.907331,0.69592342201357,0.431532913182437,0.344474866760303,-0.332830822931554
-0.641466,-0.337637058052452,0.0465437606957062,-0.490621968128408,0.983341887807418
1.62611,1.43392482208119,0.58207862373797,0.652631025934109,-0.688345548265071
-1.06555,-0.655169873693518,0.00983077279447785,-0.68104835456004,0.543777908883706
-0.170221,-0.30344260802386,0.185680202771964,-0.339799206954337,-0.63643836307054
-0.826404,-0.478499939396935,0.0240346352866647,-0.571021353317515,0.3341403434553
1.24684,1.11699093887499,0.451180160606818,0.564611581000854,-0.839192748298543
-1.06147,-0.638771811609912,-0.0419799725127616,-0.674036586338101,0.354952380074487
-0.181934,-0.284328703633454,0.156571084644653,-0.335977423886827,-0.661479058872283
-0.838623,-0.473538348750061,0.0262348132986089,-0.583783576931977,0.365512841842834
1.24222,1.098889065285,0.446425873511018,0.546020056254604,-0.564428720642224
-0.466089,-0.203109391405485,-0.0990197105161553,-0.375883135049128,0.540065101224093
0.38081,0.199514334789931,0.225388807247042,0.0124404695386256,-0.749648957435674
-1.30239,-0.797699034629318,-0.0438603419462549,-0.693239681314114,-0.314746934226255
-1.06373,-0.807835743276376,-0.0523210438030305,-0.682056165802189,-0.568312723659953
-0.195372,-0.049993567878284,0.00167515670353106,-0.308084507545909,-0.219186297039119
0.799875,0.617294920056595,0.247186171015989,0.280412405178862,-0.344733454845634
-0.639505,-0.346946289062985,-0.07251786364458,-0.464311914774543,0.91512622369183
1.47756,1.30681520704109,0.265044984630696,0.497687796611491,-0.414278689989427
-0.640897,-0.353240638685802,-0.023812446052451,-0.481779362894358,1.14536628054255
1.46139,1.28972018300916,0.215466284323882,0.574230176433761,-0.650980458856876
-1.0488,-0.643294344688988,-0.0236842389396245,-0.65641903693363,0.447086818710452
-0.246631,-0.330091299412078,0.0942256152164474,-0.374904445041402,-0.63535818068919
-0.812727,-0.467878537579468,0.0135158460659645,-0.553047856175061,0.286979047715186
1.11297,0.94708349876447,0.195592705546366,0.433757234590168,-0.554278410480233
-0.447381,-0.216480858643967,-0.0275283380072183,-0.379606867405747,0.451862062628506
0.296454,0.13191413938073,0.18092869730732,-0.0297564938249892,-0.739759445067235
-1.28631,-0.748768354949477,-0.0455486937618556,-0.765556318348254,-0.329545867443059
-1.0143,-0.769155671313599,-0.0453623787446136,-0.669007597160176,-0.566412819993518
-0.188461,-0.0490417681119864,-0.0925236454827723,-0.273491327797931,-0.214589474022559
0.71613,0.520685639030794,0.22037589209159,0.273130728419924,-0.212232245102831
-0.22648,-0.0767954056786884,-0.100155375589414,-0.276180071727617,0.552463687803168
0.704339,0.49448827452185,0.128021439188803,0.273670093576614,-0.239580619024976
-0.615397,-0.31780135886066,-0.0406471791706457,-0.433618618339112,0.798706348704448
1.41437,1.16867282636924,0.172361716134439,0.589762642676655,-0.842898570648334
-1.29591,-0.717713587794486,-0.0596344215305263,-0.643329706753832,0.0736639777708121
-1.00961,-0.746943694005476,-0.0407322431571562,-0.633376163545063,-0.903657315081739
-0.975917,-0.566657426961044,-0.0149525561503993,-0.617381257030951,-0.65426756525308
-0.271781,-0.318364044144151,0.103174336241365,-0.329430272492985,-0.755330834728856
-0.775971,-0.406163664853584,0.00597546735191386,-0.501414406152177,0.238454043119524
1.06493,0.845383055766675,0.249995846057335,0.444165833619302,-0.526437932425181
-0.401464,-0.177366692075694,-0.0842116192371935,-0.342315967742451,0.415068787037578
0.252922,0.0847719054044147,0.142461258446023,-0.0249978014105454,-0.720037831365788
-1.28141,-0.716633437433249,-0.0254079908730976,-0.729095427212411,-0.339697478976841
-1.00387,-0.74401894874068,-0.0550120825818932,-0.667418908119784,-0.557462621415783
-0.154408,-0.0236121571743113,-0.0547742036016607,-0.23804465122981,-0.245299637569665
0.67464,0.454367244056524,0.0927490762751214,0.26213071339434,-0.313388679220172
-0.582858,-0.299196693494398,-0.00151628658168028,-0.408349141811427,0.772090406256475
1.35234,1.09873095223368,0.219272142239268,0.559210232163758,-0.662754114665739
-1.01068,-0.574312193477009,-0.0470028883464634,-0.601969406071202,0.375235642271585
-0.302456,-0.347617312994732,-0.0268984331748388,-0.347860436209938,-0.613896458360119
-0.772719,-0.419852806535909,-0.0218975797094994,-0.507545330467252,0.236031945749943
1.03809,0.793858297736812,0.205620230764891,0.413962048109602,-0.518676091480228
-0.393183,-0.176848384013899,-0.0605727551727034,-0.310068258817962,0.414820612285558
0.222818,0.0477073222301619,0.0477968160122046,-0.0289685018297163,-0.560988443093491
-1.00325,-0.570811983644674,-0.047586090274967,-0.591453177953058,-0.0922366878987998
-0.309958,-0.344116941169216,0.0676032714223072,-0.347894467739153,-0.674159495723113
-0.757531,-0.40696528898662,0.00261342242603348,-0.47738157949977,0.222278774974631
1.03533,0.777157630465973,0.178370126231287,0.403669520635324,-0.510162930818028
-0.376375,-0.166227994181273,-0.0356908973187605,-0.305955474583286,0.393562140295185
0.22803,0.0560800257522298,0.093377086834188,-0.0403706149933482,-0.707023213650443
-1.27465,-0.704955639031345,-0.0207328834401036,-0.717446445590897,-0.340618150546432
-0.987181,-0.73078435848467,-0.040748444814851,-0.675120946995294,-0.547836953105658
-0.12936,-0.0267094542697904,-0.0294821045575162,-0.199597937542969,-0.254863008803481
0.633639,0.402722409085611,0.0956354997864343,0.248048568055635,-0.29779623876985
-0.562043,-0.284304920532166,-0.0628512790079807,-0.350872019434619,0.723127849097603
1.33593,1.04318978001857,0.0184657057146876,0.481225947989913,-0.831740022154807
-1.33469,-0.775173981113084,0.0270936094353841,-0.706717166115593,0.118039709620606
-1.03619,-0.794218531423213,-0.0115959312241392,-0.644410860457615,-0.348057992046584
0.14826,0.0243521100645752,0.0156343799335917,-0.199645352392869,-0.00990218786160941
1.18234,0.508692795761255,0.0298753964399924,0.243465921764831,-0.00769738253967409
-0.41423,-0.288067191156344,0.0284972634020867,-0.348502136243525,1.71664837722677
3.00583,1.2178240034695,-0.462996119832139,0.340650204021071,-0.510222773634451
-0.908382,-0.57834987769752,0.00833207890206833,-0.555312656619657,1.108578314755
-0.310502,-0.410166217022524,-0.00527671883065136,-0.363144923451593,-0.342836576102029
-0.579315,-0.400317739191497,0.0694424060976059,-0.430538748950144,0.506161743137057
1.57679,0.628121540822223,-0.239560081487313,0.470028907996429,-0.287636205131202
-0.0924625,-0.138882315794204,0.0356975095111671,-0.226986088600684,0.77724469456915
0.357663,-0.0271493809854429,-0.0923222893332716,-0.0152765656126554,0.0255815987535929
-0.357581,-0.284720860169012,0.0823415598188437,-0.342770889571326,0.977494054005663
2.06371,0.957433476535211,-0.30612007005017,0.65527478540254,-0.527652869453993
-0.893142,-0.596638332680039,0.0357462752581243,-0.602499992491997,0.724054382454668
-0.266997,-0.359013309273842,-0.0324451374242867,-0.343745873697688,-0.387498061593818
-0.6022,-0.430372019092834,0.0459570225183324,-0.471552753448799,0.644824537147821
1.88344,0.786823475818222,-0.252630345152895,0.639003099176507,-0.309113715174449
-0.145928,-0.196217284003871,0.0414785181545655,-0.266956452854905,0.969329160247794
0.71832,0.0969570964461168,-0.117036374329749,0.0559428194058779,-0.579945960312611
-1.33746,-0.823669701254245,-0.00300233777115519,-0.796822379055185,-0.108302963038131
-1.02615,-0.741029063552902,-0.0114982741742849,-0.695162371428655,-0.42331720984906
0.0517493,-0.085155337341559,0.0973636660474853,-0.213177507440368,-0.00612434863803711
1.34529,0.454243478432824,-0.288390720541839,0.352545610602483,-0.479035628484601
-0.95319,-0.642352798898149,0.0355645894365924,-0.598496641642103,0.43906842761966
-0.229455,-0.345239563760582,0.00965296194359036,-0.317400377391237,-0.500381807210672
-0.67721,-0.491047609891028,0.0606509536858579,-0.475988803359296,0.574776272419124
1.72543,0.781620243200242,-0.306930385378312,0.707601182965884,-0.39637881714102
-0.23569,-0.254121302949707,0.0449955696023302,-0.294013066984245,0.776711675556925
0.43411,0.0283545129668943,-0.139371137627657,0.0382910456649787,-0.628726530870625
-1.33069,-0.845698624108354,-0.00833976203633127,-0.751600333808703,-0.254322429152432
-1.04993,-0.76890131204516,-0.00373261177161235,-0.696337264936822,-0.491671984688212
-0.0379355,-0.128892953250696,0.0990043532746611,-0.211567722031029,-0.11189429702318
1.01385,0.391521102224032,-0.145208805099082,0.360783008097659,-0.201457284912417
-0.519924,-0.404456645790123,0.0482523718775687,-0.419348450573379,1.18153066374103
2.02714,1.02440166706207,-0.287641112424463,0.78296093739694,-0.80341005718278
-1.33665,-0.854520767062296,-0.0220377958424833,-0.787403442083874,0.326256216920535
-1.05399,-0.763491900292483,-0.00660516737250526,-0.691803096101799,-0.866678225637681
-0.941397,-0.633273418684944,0.0227036317231938,-0.575622381613126,-0.675255143591841
-0.30501,-0.355715928937544,-0.0167048295479961,-0.311758424173729,-0.685855705317154
-0.704176,-0.516419712252671,0.0410547731015139,-0.473691541772752,0.403977117739253
1.45935,0.739792403753918,-0.183155424460126,0.665942232839785,-0.430170223760898
-0.28864,-0.262453407961335,0.0703760777869218,-0.28356017039276,0.718352239973223
0.352666,0.0142461392067782,-0.007120495871922,0.0536447973626095,-0.0532559163509916
-0.170257,-0.190407911815995,0.0936683517175199,-0.235490838113711,0.518605627568125
0.922716,0.386992558075191,-0.159835639892621,0.385306762313768,-0.170658931989523
-0.570523,-0.428499184972967,0.0743415086772619,-0.433191345030084,1.20124767624229
1.97351,1.0693566850328,-0.327771745895187,0.83264278942126,-0.332613609376743
-0.366026,-0.316580603989684,0.0721987120064454,-0.322292558599358,0.8633184534935
0.346303,0.0250331090281162,-0.0606626895439277,0.0705266515701494,-0.66711542181
-1.33124,-0.871320552526141,-0.0258572751347958,-0.770660039775868,-0.306673793104914
-1.05001,-0.805541871751036,0.00277654204236373,-0.699223820125326,-0.561370474636199
-0.160661,-0.176690650848382,0.117550770101876,-0.239428644030517,-0.185034507153824
0.863524,0.397110265728105,-0.0435591924410545,0.326990158986104,-0.308446203741878
-0.62,-0.459349943072211,0.0690552332106597,-0.435821467606982,1.02929308699082
1.772,1.04809018306101,-0.224670088327275,0.770682723361657,-0.670478691272494
-1.00965,-0.705531456938896,0.00400248944423535,-0.591113927080288,0.524355685476116
-0.371852,-0.412383180924391,0.0589573021671062,-0.361951290063478,-0.581223102238858
-0.783423,-0.566564990672592,0.0646772445836129,-0.498468599431692,0.278385149276648
1.30053,0.779260721738196,-0.098665798794922,0.605371128809676,-0.818721563465288
-1.00266,-0.69107957177004,-0.00462448973228622,-0.587192388357352,0.307425035790374
-0.362658,-0.392829506192873,-0.0232379151093639,-0.354339014268739,-0.595981429117899
-0.761792,-0.528957441003714,-0.0130740041704884,-0.482281194100662,0.321573140690996
1.3014,0.785696642106247,-0.371090815565272,0.590038366723144,-0.519720592874865
-0.393674,-0.294964955385855,0.0245654476372538,-0.313068305611635,0.516130131813134
0.262043,0.0367513333757102,-0.0907715350285635,0.00344328808707629,-0.727104557291694
-1.33103,-0.903276399979662,-0.0874840124964387,-0.738690061490446,-0.362061052401167
-1.06674,-0.858589570796285,-0.0436454852611294,-0.71714237151613,-0.592651102868437
-0.20796,-0.183346803567243,0.00711676757069141,-0.270337519620667,-0.223494714829907
0.79175,0.425033683644816,-0.355437423983244,0.344312105898165,-0.328899813368328
-0.633096,-0.437909541370951,0.0088168697067682,-0.401326231315713,1.03795647133689
1.76573,1.13924915950259,-0.415809313311983,0.635788721441193,-0.380865531914611
-0.611994,-0.456003582952883,-0.0775193830897459,-0.410914803300601,1.3952211740454
1.75668,1.1431346243383,-0.546615380796058,0.617628450197473,-0.609912046286015
-1.01037,-0.718711078465967,-0.0382591801267525,-0.575879609833635,0.537399305135984
-0.3475,-0.376580582287308,-0.0464246481028417,-0.344855012599035,-0.579040980671657
-0.792735,-0.560222592024828,-0.030785039785343,-0.474699398373077,0.32926534390424
1.29524,0.858914874948993,-0.471562871105872,0.539479423743951,-0.536017615893019
-0.406528,-0.322671328507165,-0.0274784411482134,-0.329722803278312,0.516670173290972
0.273314,0.0724830923404405,-0.0743168604734706,-0.000395312316838472,-0.732444545154366
-1.33023,-0.937301118527232,-0.0624539354256913,-0.71091731908197,-0.355383142438942
-1.05858,-0.833016442859189,-0.102664379986245,-0.599888172113823,-0.596149098155891
-0.225208,-0.198330496038153,0.0441104828655465,-0.272837375671797,-0.200465923223232
0.810894,0.463378916577883,-0.282319232917068,0.340531132397479,-0.260529255922559
-0.311697,-0.260962690460801,-0.021129646213543,-0.302912104830053,0.635290452510613
0.809154,0.457002291484396,-0.409946395894915,0.342952149975784,-0.264629015495083
-0.654593,-0.513904679038228,-0.0147097195752506,-0.459129148024195,0.986752144479097
1.77063,1.2280415769135,-0.217287689787323,0.770525164146954,-0.875809015256002
-1.34035,-0.944875370614573,-0.0778546522512157,-0.74652193795303,0.201151316734052
-1.05991,-0.879919448993775,-0.0531798771951485,-0.670651039724078,-0.906453519668368
-0.986541,-0.707100814897478,0.0327338290215438,-0.593725498991713,-0.687522493401374
-0.306348,-0.360402889827189,0.00776872226861879,-0.341205342324195,-0.747810938851138
-0.775673,-0.59424166397478,0.0371241186813702,-0.519538804163109,0.322858905462196
1.29896,0.928629167600154,-0.106042012413892,0.63446601638074,-0.523566877056758
-0.389634,-0.346109271739466,0.0473285065564711,-0.38108698377585,0.514923678688882
0.263045,0.057666528556765,-0.153048763954071,-0.00466668893414551,-0.724017065502786
-1.32871,-0.939588621229399,-0.0657803327934732,-0.731642188717679,-0.357487438431418
-1.05534,-0.868214863730959,-0.0646748306121318,-0.694244768458105,-0.597817127028865
-0.227943,-0.21612368828916,0.000640797284725817,-0.301583956165007,-0.203964483569846
0.827683,0.512024308926693,-0.202807928653489,0.313982870787637,-0.341599093584138
-0.627971,-0.461596818538397,-0.0580209156733036,-0.396419917447814,1.00485770507807
1.76085,1.254638775683,-0.464451453634893,0.602484108790931,-0.677396186636985
-1.01922,-0.737383536499433,-0.0703667471918279,-0.560065479769122,0.541965658048252
-0.318404,-0.338224001611184,-0.0689632895035826,-0.337597159803114,-0.58232548087886
-0.793133,-0.570157552923687,-0.0195297050234222,-0.493852852737335,0.352987596009478
1.32399,0.946803603922002,-0.118517088947235,0.605324642027811,-0.535302854599115
-0.42078,-0.366255845253234,0.0604723909085601,-0.380292761144417,0.563694140717561
0.290647,0.074215117804848,-0.0325347914942182,-0.00236227737000272,-0.555349167810712
-1.00469,-0.749609543045232,-0.0122830901451123,-0.646613781356365,-0.0626237862831459
-0.311086,-0.346386740560104,-0.0822536953203818,-0.336032193833128,-0.668178603909766
-0.7921,-0.571664909879951,-0.0154293658472363,-0.491185998642966,0.334497717151646
1.30407,0.966578292956682,-0.00638464150015598,0.608435752801187,-0.538894072465347
-0.421129,-0.371698420673729,-0.0780539967795032,-0.363809237338088,0.53882059096222
0.316208,0.0960871497035797,-0.121369898680956,-0.00756967772665645,-0.737531749292056
-1.33196,-0.967195074769248,-0.0287064518218255,-0.901490572857791,-0.32956484336498
-1.03995,-0.887144380723234,-0.000724873951363718,-0.775186783576488,-0.591048236089491
-0.222267,-0.218099255077537,0.140853598586891,-0.303274234603145,-0.179685342363498
0.869196,0.527003009699064,-0.105518229852623,0.319826394951714,-0.339138156414534
-0.627717,-0.497890741006165,0.0625725357746728,-0.475336563126222,1.0157182951796
1.80638,1.26663113057966,-0.0651494375906844,0.768076598037737,-0.852287598155891
-1.33819,-0.965001233178506,-0.0335264222742101,-0.843089286485405,0.28106601718193
-1.05106,-0.886091964716416,0.00712306271606935,-0.728835110982035,-0.510088141325888
-0.237708,-0.220129154561227,0.145268085175967,-0.303391762421602,-0.186497827110153
0.833066,0.504411426670254,-0.00508768311593864,0.33362415807392,-0.34580828100212
-0.635505,-0.49582449370717,0.0684023347832728,-0.484306487725288,1.0122175611648
1.76967,1.23787857900458,-0.142865453668438,0.800301150099236,-0.669760322753572
-1.00011,-0.744735903679237,0.0179063792587712,-0.655978684801183,0.561701431540583
-0.284609,-0.35593924597017,0.0239147072544083,-0.343821210145034,-0.559850517043794
-0.76978,-0.589630419316567,0.0562397482592415,-0.541216101083374,0.39532340829663
1.37618,0.989964065206573,-0.0293423322348133,0.686363094959931,-0.493095126981049
-0.378988,-0.335325998136645,0.0916476442579502,-0.357846871785082,0.668524421485913
0.369832,0.13672160087663,-0.00413733941485133,0.0486412625324235,-0.219716935812157
-0.584989,-0.469759407948173,0.0545783976100994,-0.48181241425186,0.880335350149558
1.88528,1.34586492161913,-0.124218646066525,0.895798130764858,-0.666907465872565
-0.988006,-0.750024207418687,0.00324700724700299,-0.675505978904834,0.633406442182328
-0.234197,-0.321489072764676,0.0812497569171827,-0.337868294144973,-0.534173896238996
-0.743321,-0.577932058140236,0.02628516221024,-0.565055130155722,0.43215643993497
1.40895,1.0290935235658,-0.0299872710280089,0.727603088413775,-0.480647230186855
-0.362048,-0.329607377191109,0.0915234412507216,-0.36712785020471,0.621554238775163
0.395328,0.147876281157116,-0.0235761358766864,0.0739508066194623,-0.703126949370687
-1.33142,-0.959465829743942,-0.0279384009700119,-0.886216862150334,-0.279538702745708
-1.02017,-0.878503821816548,-0.0296773774638623,-0.732796059288503,-0.564027293514007
-0.169757,-0.176680471764322,0.102971449991902,-0.288693405921146,-0.178496083274449
0.946053,0.593603992608782,-0.11849098759845,0.40510259209851,-0.587341721295711
-0.983309,-0.73866546258829,0.0221240748597102,-0.660648168975313,0.246666825601288
-0.231222,-0.324696158203635,0.0713904725422079,-0.319660131892664,-0.592987292225628
-0.751424,-0.577870486094699,0.0634660048958605,-0.535743288187088,0.42998221590577
1.42175,1.04500271325936,-0.0287114970848357,0.750734282105539,-0.488405118275857
-0.36768,-0.337050348378421,0.106620622985336,-0.376358878544397,0.620328043220469
0.381995,0.151923408401169,0.0308212847870176,0.0757113434447955,-0.706801615420171
-1.33434,-0.952355702574754,-0.0407334423624308,-0.841259223326995,-0.290241041334389
-1.03093,-0.881613586455817,-0.0287355829151951,-0.725180052309742,-0.567710627809862
-0.185077,-0.190926567711344,0.153453353003743,-0.287242493611381,-0.150874301486019
0.922353,0.582222061944988,-0.0123004514584427,0.416515227246775,-0.310801590178567
-0.598183,-0.474373677182482,0.0759536503302236,-0.489904314699683,1.0360025747499
1.79748,1.30279385039531,-0.115540359989475,0.932401484971827,-0.842633780643499
-1.33541,-0.967813672102481,-0.0225412831768593,-0.851240129277054,0.227385581709799
-1.03895,-0.888804884164997,-0.0154947391803399,-0.747437712806029,-0.892247318864526
-0.97203,-0.711137317152242,0.0491850729924232,-0.625045164763358,-0.654600065999543
-0.254871,-0.310202213940729,0.082801539704628,-0.303528735109443,-0.730263609259859
-0.759733,-0.575538499690081,0.058865686701866,-0.533953637658551,0.367424317871013
1.34028,1.00534272702646,-0.0144053676858701,0.693031405165264,-0.486855837332179
-0.369311,-0.323898137216697,0.0629908370939117,-0.359277120241878,0.653205110827166
0.341162,0.118780969643377,-0.00362484982189186,0.0916882657136245,-0.139254577804815
-0.261134,-0.245827948627943,0.108512318955629,-0.309241901100264,0.473846542930916
0.855108,0.555498315486513,-0.0487310119538499,0.465863959659542,-0.24286080448781
-0.618467,-0.491664089310422,0.0737740882436352,-0.510089180388891,1.08973188940129
1.80366,1.3372152017318,-0.0694513106489533,0.984124730081715,-0.388502978705883
-0.437968,-0.362015616823386,0.105212003047156,-0.386091403999807,0.78916126258494
0.351005,0.134395768728512,-0.0532080654506795,0.0862596525249992,-0.709948802123567
-1.33489,-0.96185077076364,-0.00539417801458677,-0.818013782773505,-0.3062973800798
-1.03303,-0.886046020820594,-0.00511120405912644,-0.745026371107588,-0.580527638061109
-0.206679,-0.197585116788493,0.146853276040373,-0.292808444414614,-0.160818892344637
0.902668,0.601222930216661,-0.0358267285294288,0.428124295740464,-0.322374184402909
-0.616155,-0.485717199148866,0.0743537009530963,-0.495172470630038,1.06288851415357
1.81458,1.32804347496485,-0.136735256510378,0.966429865587439,-0.655858847238087
-1.0001,-0.746116986029821,0.0282339815505448,-0.678621944947066,0.588681341221224
-0.267052,-0.334993955818576,0.0758862634485045,-0.318525142694053,-0.566850665018781
-0.775777,-0.590263239517656,0.0497170077196327,-0.565745951272917,0.352410169184097
1.36442,1.01935334005324,-0.075858880329644,0.68775958356017,-0.799995170902822
-0.997322,-0.726590440429044,0.0322901745250112,-0.66809229673597,0.378595786179544
-0.264338,-0.314271054657584,-0.00569616602361486,-0.311520176085869,-0.584656083619787
-0.759482,-0.56466839388901,0.00387345930205997,-0.50333015406335,0.389524703428417
1.35918,1.03515697575906,0.00100355258383244,0.667206193346385,-0.508195732171224
-0.39517,-0.338507001014736,0.0923786343306821,-0.368848410221838,0.573587685268913
0.336481,0.130002607532135,0.0337825484040925,0.0829242927530352,-0.722877776693355
-1.33259,-0.96821916597048,-0.1009103573088,-0.754774741967111,-0.318753025693201
-1.0438,-0.852254348840187,-0.0457166158662725,-0.630064812177173,-0.578916456617487
-0.196833,-0.17299250302003,0.0482747707720804,-0.275232787887078,-0.180763746181351
0.865258,0.611742971773895,0.00825713048849205,0.368638844414115,-0.315183845426387
-0.617972,-0.481039994149048,0.0835459283089722,-0.49091933108508,1.07684963680992
1.78204,1.3201959920222,-0.0790563868583101,0.884945445589769,-0.371109912172393
-0.61672,-0.475874532923242,0.0865442486423446,-0.483561590622658,1.40725099292853
1.76288,1.32046455302882,0.0495039668113997,0.958526728349955,-0.605469071291195
-1.00651,-0.752158155534058,0.00846095264409344,-0.667144269924337,0.563394740071512
-0.293901,-0.349944801235691,0.0311486008371869,-0.338973969724984,-0.572447231557584
-0.785388,-0.583620220245191,0.0608945777776433,-0.554336940612459,0.362041096902046
1.31862,0.995513886441841,-0.230118999225634,0.633992184948649,-0.531065374918314
-0.417022,-0.324467539854506,-0.0478695991713318,-0.308034869836627,0.546457405472822
0.318884,0.113096754667362,0.0346894930691077,0.0822869037772119,-0.738643373194277
-1.33917,-0.92531908055839,-0.0378779077305575,-0.681481787756717,-0.333614014312962
-1.05324,-0.884155918939535,-0.0169676612388021,-0.772052339329734,-0.593411009353367
-0.223545,-0.191947399304822,0.172565244127156,-0.287880723129064,-0.178401031686156
0.856971,0.55926564899883,-0.0126775449331163,0.459600304093448,-0.257135907050754
-0.310622,-0.263547661973744,0.105586677656612,-0.317802253649512,0.667772857980778
0.836605,0.519872825958348,-0.0186360210384264,0.4168201862437,-0.254037212651617
-0.637455,-0.478483039504342,0.0876631601317648,-0.478362521109231,0.998215020542341
1.76859,1.2477489976997,-0.5352261343868,0.669719808390976,-0.865702230914722
-1.3383,-0.944141308523985,-0.0476550517931732,-0.762923978914182,0.2024783413142
-1.0576,-0.857712041392705,-0.007984808881722,-0.651016825670712,-0.906543165613826
-0.993235,-0.702192723737774,0.0466224803293579,-0.580039486394908,-0.674320521376467
-0.276237,-0.316130658162058,0.0834067236244375,-0.287854841820305,-0.755288262189128
-0.785225,-0.567949607073481,0.0646510294262512,-0.516200743837498,0.330323058718209
1.29049,0.959962412519687,-0.0675160097668528,0.74428269632316,-0.534645874336551
-0.415028,-0.329794736933806,0.0603550982901108,-0.355218315906169,0.52376806014738
0.294347,0.0954454004154904,0.0510441027322591,0.0509225870189019,-0.738928353972192
-1.33772,-0.926163704735844,-0.0447452904159865,-0.816359479003799,-0.343875804392177
-1.05172,-0.871021701065583,-0.0227837512692313,-0.761391283915083,-0.596731932210008
-0.227767,-0.182485734918447,0.141669296715985,-0.260230150056787,-0.182051032121814
0.872938,0.551125259279672,-0.037861116721109,0.456683856961462,-0.331647905395785
-0.610651,-0.45238785283825,0.0919466899282937,-0.467082534450593,1.03967834005504
1.79348,1.28057347350191,-0.105468841007816,0.989629574104233,-0.655962757821922
-1.0022,-0.71599963401321,0.0247506485462935,-0.628006002907238,0.583700147488856
-0.259684,-0.31459385295254,0.0836257285926655,-0.291772751282812,-0.563648905135452
-0.777155,-0.561382179783555,0.0475301985445512,-0.546021059743559,0.394989546384304
1.36008,0.991885611051986,0.0546129979463316,0.729711610172298,-0.522734819512701
-0.42356,-0.329939458553634,0.101289929225636,-0.33532442572338,0.600666618151003
0.336741,0.122682584086799,-0.000400173670929262,0.115945129790977,-0.551125090757673
-1.00468,-0.713889672210504,-0.0027226166032068,-0.602755682228032,-0.0237536795389462
-0.267778,-0.318431895271143,-0.00667901275618584,-0.289321811147126,-0.660754903823165
-0.789596,-0.564884815172531,0.0399890014719268,-0.518284193104993,0.375939300928164
1.35783,0.958199064566238,-0.0288490806105671,0.741461442611848,-0.536741220429708
-0.432055,-0.349373298487193,0.0714151490049076,-0.346505391072263,0.581644997218695
0.361891,0.12158376693935,-0.00685213644717304,0.105630258258056,-0.738826686190701
-1.33509,-0.919382506165374,-0.0517672712305108,-0.846162957044668,-0.302517970757779
-1.02356,-0.853726660447208,-0.0140563909691703,-0.771853894946263,-0.583929866343288
-0.223801,-0.19550424119986,0.125938504253813,-0.250814647684218,-0.131055282938673
0.958402,0.546924337076773,-0.00406784647769412,0.463450090758423,-0.315205016658609
-0.592643,-0.45836206094185,0.0710187412552497,-0.447919987269772,1.11112250190202
1.93553,1.28185570569426,0.0218245255969783,0.977710022114638,-0.814761984616488
-1.30547,-0.864419807982027,-0.0109756464636808,-0.797867005515899,0.359236207569825
-1.06515,-0.860402513068885,-0.0355383763110125,-0.743991977227061,-0.31296305059478
0.100314,-0.0304552196824566,0.0756393438703366,-0.164443207503023,0.0165868568092827
1.27633,0.509567388281235,-0.182111552372982,0.392477164494617,-0.087291737356618
-0.424683,-0.321149767934324,0.0685070010022757,-0.318811025208837,1.39304934497213
2.15737,1.11958994746009,-0.136266492261288,0.758637681094323,-0.507601089086765
-0.915211,-0.627878478693237,0.0332090035328343,-0.55961081647081,0.77792843606452
-0.234171,-0.376077248010283,0.00402820745736923,-0.296014242483132,-0.417337795716206
-0.627091,-0.451903466992983,0.0855792940705666,-0.431256866696263,0.548659167016433
1.63173,0.891662852955685,-0.108643740991568,0.700969294920785,-0.336055636326446
-0.184668,-0.169291937224758,0.0495230085233248,-0.208886809690108,0.848083950555464
0.475119,0.0787309361673728,-0.113315644145892,0.105979393896876,-0.00997504241822109
-0.417269,-0.339228004897228,0.0615859999878316,-0.339399239576283,1.19433717480781
2.4731,1.34413083245686,-0.178491102048034,0.881511660455913,-0.557546336997466
-0.936967,-0.662567311990349,0.0345464346801131,-0.6178518375828,0.944750994333788
-0.141935,-0.311662683124921,0.0204509222936786,-0.263551197327008,-0.40484746778521
-0.656627,-0.497345643161081,0.0521347147602846,-0.473082364007888,0.69059177123966
1.87393,1.04277455014002,-0.090145148241607,0.855598093918963,-0.353508927918033
-0.198941,-0.223796691137655,0.0216405142506626,-0.241420130405947,0.917310888426902
0.610619,0.17532454555258,-0.14574154618257,0.192180113215668,-0.603108798370001
-1.33648,-0.886313050007291,-0.0339000031037167,-0.792419371156139,-0.158181901243751
-1.01863,-0.83638601369991,-0.0360473292990547,-0.746310724423977,-0.455477496838822
-0.00431672,-0.0917678806605547,0.112744228757163,-0.173748471524908,-0.0129389397569876
1.32197,0.657160387950693,-0.135352883172388,0.617229370690131,-0.496236991640146
-0.953697,-0.67660093391573,0.0290442227258492,-0.571086174918277,0.469133467835683
-0.130053,-0.295887202093937,0.0268219863337877,-0.23795157174698,-0.494262639110407
-0.673218,-0.518500726449856,0.0303099052327831,-0.457059402766642,0.66103281751558
1.82997,1.09424876702982,-0.157298229532529,0.975268034698903,-0.389001805053953
-0.256166,-0.262126252726911,0.106413917638206,-0.260713393088755,0.876365246327455
0.56048,0.178566652405025,-0.0517298451381545,0.19910026499976,-0.628515657288507
-1.33312,-0.892573144336583,-0.0364621560927178,-0.786017087048274,-0.18017120696681
-1.00725,-0.835746184496023,-0.0156670472538674,-0.679317037145637,-0.467506931314784
-0.0306598,-0.116720284305342,0.130518896159891,-0.176023714489822,0.00126086077005226
1.22916,0.648721185392961,-0.094468922920973,0.612542623973205,-0.179126068563019
-0.512584,-0.421192190668208,0.0499912709400649,-0.399875566823689,1.36227316556601
2.23468,1.38848141157117,-0.0930699413265648,1.06119734077892,-0.785616415973776
-1.34218,-0.899878674999813,-0.0319964602151644,-0.788187679386552,0.438175727065524
-1.00938,-0.829551460518445,-0.0205990054127441,-0.743799226638281,-0.840739151940538
-0.933976,-0.661670678063977,0.0497565337133452,-0.565756884635072,-0.5777453858443
-0.132208,-0.264013151739082,0.0567457213140251,-0.201163787309122,-0.656851889876794
-0.685382,-0.529619135637113,0.041962963226173,-0.457107323157988,0.576889652615808
1.68407,1.08743140080923,-0.129302087317688,0.992202039731215,-0.390917815251752
-0.270111,-0.274129843793858,0.0831262144707892,-0.254635431556061,0.898376836006609
0.537442,0.193042607986061,-0.0457131638733308,0.239301452207719,-0.00992431928158916
-0.161705,-0.199416142334194,0.0970359600954976,-0.203379580191442,0.714347003652621
1.18183,0.627376836054757,-0.0953099184993651,0.677435741356116,-0.13021139812242
-0.550309,-0.447107211250213,0.0914054778283479,-0.409346627990185,1.42002340671338
2.21698,1.42881336596455,-0.16040321747045,1.13328536491541,-0.288643833369284
-0.353183,-0.328711216911047,0.0785851846116474,-0.287894242286185,1.05768508084645
0.549737,0.196740229997059,-0.0193947896563636,0.21863716391774,-0.641560300465942
-1.33097,-0.907650868947772,-0.0354975911857785,-0.780571467279878,-0.190931682862167
-1.00626,-0.832431568881809,-0.0105796239510209,-0.726152117648887,-0.498142431328066
-0.0972742,-0.170611730621042,0.142619729937335,-0.19449270658561,-0.0128535177291585
1.20157,0.694460417037485,-0.173401692300609,0.65329182830246,-0.225927427404487
-0.563963,-0.448392229668348,0.0516882407672472,-0.398787433906901,1.36871606825753
2.21169,1.46268808719571,-0.137435925259437,1.1558845942615,-0.595389223612137
-0.977905,-0.712507643583256,0.0180193932876227,-0.616170928933053,0.821915228484069
-0.144901,-0.276502249194051,0.0519229019668731,-0.215390681261589,-0.489918847392693
-0.728324,-0.559671443881652,0.0534145842228905,-0.49674571961549,0.550144018892684
1.68623,1.11817141825745,-0.103005048751255,1.03427724320686,-0.746658968946079
-0.961825,-0.700259796173199,0.0305087571182547,-0.631346388330492,0.583054896456825
-0.130851,-0.273265436393557,-0.00414363934347653,-0.221870331370905,-0.504202703829541
-0.703,-0.543860509400866,0.0608006057001202,-0.500951579826369,0.586427314962199
1.65441,1.1221251182239,-0.0857693762653337,0.989002428761596,-0.413187622382731
-0.279785,-0.299567624197415,0.0775684337498669,-0.27563808272242,0.788364107565043
0.534082,0.209048944291669,-0.0644742105260474,0.230993916364721,-0.652194827163281
-1.33567,-0.921113983818096,-0.00938912412870897,-0.834632904591436,-0.201813975010759
-1.00936,-0.857924777948861,-0.0273290144518145,-0.714940005238246,-0.512575047677996
-0.106821,-0.165044068687918,0.132168895106927,-0.21270326084567,-0.0624323212075166
1.08599,0.650902418710092,-0.0594121310807798,0.609586722472076,-0.221427410711345
-0.548602,-0.447997146953288,0.0480336707494548,-0.394599738593204,1.33373592280086
2.13323,1.42514644195063,-0.223453520894065,0.942218829179384,-0.275332448515309
-0.544858,-0.447063726604845,0.0148053203967653,-0.398591946394836,1.7016952331302
2.08095,1.46253145165052,-0.160904231630436,1.05942083189059,-0.529401073416356
-0.979398,-0.714629701630886,0.0172754050093942,-0.637493058481215,0.77745397519671
-0.142391,-0.279770864627481,0.017101939103651,-0.232438762750371,-0.496867158212952
-0.730054,-0.557080829579953,0.0476975800479071,-0.504925476029663,0.558420804639227
1.59841,1.1080509254279,-0.0777253291700841,0.984251909807676,-0.443040405329374
-0.317738,-0.310577687626999,0.090357536744621,-0.28204648492535,0.749963918877277
0.502861,0.20262979580101,-0.0902978460449747,0.212468549028577,-0.669123657599311
-1.32955,-0.920569407104862,-0.0070630852724574,-0.796062374417239,-0.215304635856254
-1.00077,-0.85384936703021,-0.0136016120962684,-0.685849433123716,-0.518254613842239
-0.129965,-0.171808663290523,0.120857606665772,-0.202804753443263,-0.0321138450279192
1.12262,0.674427178647576,-0.138576986960095,0.590150706352782,-0.156965058383496
-0.215456,-0.231320221310992,0.0535758688581738,-0.234390413232121,0.895382461258308
1.07414,0.6288783907953,-0.0395469325053774,0.483425307700321,-0.14754557955276
-0.57397,-0.45534422444255,0.0803996983713173,-0.395105522838748,1.24897108781964
2.09866,1.44345094057962,-0.175094773608429,1.11490516910457,-0.817238267966911
-1.33547,-0.908929436577831,-0.0314163425173246,-0.773356842407913,0.374833191487666
-1.00766,-0.845948636869518,-0.0287103918147716,-0.684314333594795,-0.854467925117282
-0.951868,-0.670472871156259,0.0418113663018452,-0.536070973124687,-0.574384811941813
-0.113649,-0.243091309966777,0.0543788227238957,-0.183185018979027,-0.693171741941654
-0.739245,-0.549212314994462,0.0533582195943237,-0.413721098468652,0.544583059143241
1.60379,1.10883154749495,-0.129026773798933,0.93035926473353,-0.445566089987302
-0.306851,-0.28393219227382,0.0277138645123099,-0.245360310780699,0.746354198203176
0.491983,0.200432383270209,-0.0587251237098679,0.188753738209398,-0.666513784654741
-1.33453,-0.891003251573102,-0.0407102992316318,-0.64996070396445,-0.220334828549949
-1.00151,-0.82436784586601,-0.0474815485375929,-0.66445191284325,-0.526579127666414
-0.127017,-0.149654627038862,0.0441698298112464,-0.177668421571646,-0.0791628959308472
1.04664,0.648318920136246,-0.177847676752079,0.53300390110189,-0.24926381073844
-0.564355,-0.423762947004736,0.0519251776453592,-0.377924190037956,1.22948043316899
2.04284,1.37781684444532,-0.230062350707316,1.05290019218205,-0.603912026431695
-0.973972,-0.684803948289462,-0.0134307913364336,-0.570196484290352,0.749596530756398
-0.14104,-0.265811842944091,0.021830516646084,-0.201557680720707,-0.503600699050584
-0.738451,-0.526102296189875,0.0433686377349222,-0.478733769635734,0.549659369265385
1.57714,1.06804709064055,-0.0647672001871616,0.913605813854199,-0.446758541698323
-0.333204,-0.295373766230831,0.0678248169583145,-0.260867252404437,0.782802825162973
0.530801,0.204287647836438,-0.0357093938733274,0.209830414898743,-0.473641568432853
-0.970515,-0.675718784815064,0.000235484486619488,-0.594111229811016,0.134507960756239
-0.122955,-0.253539721519533,0.0395965406607516,-0.193141389444463,-0.59062536574293
-0.728579,-0.520238081553891,0.0434371138827936,-0.449921878901562,0.549163148230006
1.58981,1.05695784694184,-0.164418874086932,0.88223424739974,-0.441859228016534
-0.322412,-0.278834140607657,0.0664859069095518,-0.261504903278075,0.768898802580477
0.557383,0.230205695084143,-0.102135328127036,0.20261422966322,-0.675304671965402
-1.33862,-0.88781778107773,-0.0171750932344555,-0.733460883730916,-0.191177379184576
-0.998814,-0.818180278816384,-0.00856962879071472,-0.708874930062329,-0.515532602762179
-0.117049,-0.146454457863698,0.125858501666062,-0.167257222165885,-0.0475859404370394
1.11552,0.679515104269801,0.000793032101150865,0.548732079506902,-0.23904313495306
-0.554789,-0.41769598533982,0.0491715039486678,-0.336469344467809,1.2705495178487
2.1311,1.40141750527184,-0.0831336345601456,0.903457865065085,-0.771200662455836
-1.27295,-0.577443588205382,0.176595157569825,-0.500311804360975,0.463521205837818
-1.11492,-0.857356639869923,-0.0122954646656096,-0.68494879449769,-0.0310695015301163
0.767624,0.767090102038013,0.168131974716532,0.359865730057777,-0.191482941316325
0.760615,0.458938479014308,0.15542581393997,0.391388777548218,0.382166470439005
0.0803198,0.311363074787967,0.177450745934627,0.144522689879268,1.0409939235792
1.71187,1.05998177218462,0.0481622117346994,0.702681170957478,-0.22379857691756
-0.667726,-0.203789701912043,0.18489623154605,-0.19103044167108,0.553605484778532
-0.434415,-0.390649171961974,0.0952527637564468,-0.249740488523352,-0.190008055211693
-0.236246,0.101929291559687,0.196202033305283,0.0166144077273757,0.343467863620425
1.21772,0.783296164944805,0.16874463894487,0.589823362646183,0.110894015648626
0.538818,0.600969717822021,0.168613030888082,0.353728140577933,0.590345165709458
0.155661,0.0315433104957115,0.151377047316717,0.0989092299452327,0.479709044458376
0.154136,0.350534903712726,0.158410648208205,0.193575035355594,0.849163169877431
1.84437,1.14148791842207,0.0646048585280911,0.764602776869536,-0.227461073071018
-0.669265,-0.191607600831585,0.166266474920698,-0.209943739840355,0.627758248832489
-0.39666,-0.38384232716539,0.106550257693672,-0.236835017532287,-0.164773898135702
-0.21558,0.11198019436813,0.189961145091696,0.00926347529574457,0.419149211328704
1.35565,0.836110758190949,0.120000589260198,0.696509207141337,0.121716967107815
0.550297,0.589380742490251,0.126402400273445,0.384477037502916,0.614746266064892
0.347527,0.106021348775329,0.132563575288586,0.165335329958519,-0.289646898741373
-1.28914,-0.569258511891344,0.161486100321183,-0.566689311194665,-0.199823229777761
-1.09057,-0.833151771511174,-0.0131211058973477,-0.655030450621884,-0.0630522998151109
0.920636,0.81904532924057,0.12127867395536,0.457420713520685,-0.11259511914186
1.11318,0.598072490835998,0.0820587878052087,0.52442756170477,0.0140457327423614
-0.656911,-0.189300841368792,0.172833782997029,-0.169768915937007,0.407668700692271
-0.270144,-0.318293345172462,0.0713716706664484,-0.166618084874476,-0.182485253823962
-0.206947,0.107826114440002,0.159739500342652,0.065868606208017,0.566457811774457
1.58391,0.939910487960669,0.0859956108744864,0.811869646988981,0.145306317411447
0.579048,0.579403323787242,0.0912448750170451,0.40075667244336,0.716001314316681
0.353099,0.102916649242736,0.0909354842934373,0.198526959595333,-0.260768614078663
-1.28644,-0.54532954362659,0.172827661210621,-0.591236801607958,-0.188339002406745
-1.08729,-0.825896840328567,-0.0221181764947417,-0.638230297938538,-0.0367361691495637
0.985583,0.85625394359825,0.0430938445486752,0.514363087744819,-0.134095410076453
0.887984,0.49470428279055,0.0712922675561196,0.52780016434933,0.525015478551809
0.19837,0.370270113037832,0.181117463095762,0.244543776965013,1.11327651926459
1.8321,1.13221916909892,0.0483360789868524,0.928037640155425,-0.474952129220438
-1.29008,-0.536332614874729,0.156499507382532,-0.625968920755698,0.300357410039262
-1.08099,-0.821439518775579,-0.0589435958865136,-0.562401966779606,-0.702718319597707
-0.597691,-0.112110157925811,0.248333577121726,-0.0966887917847983,-0.660596446921438
-0.331294,-0.339797634984536,0.106472097732375,-0.139812523987097,-0.306244832935751
-0.152588,0.160036768809157,0.210575153275858,0.112260090938105,0.41768749814314
1.32614,0.843182788059995,0.0439902740557006,0.810556591259879,0.204842804676418
0.630271,0.649194798379528,0.12613022732641,0.468417121108851,0.753256275601554
0.298364,0.0874157546578362,0.0200725188360273,0.214497003397175,0.862357624406947
1.06687,0.872754329359189,0.0125758919851321,0.577029418909532,0.569673118982473
0.832396,0.467901170462463,0.0661083643600139,0.56885001477114,0.723356723139288
0.273678,0.395959174731096,0.102272550157969,0.288507481669563,1.27003909539849
1.88211,1.15396644498795,-0.0869568309390445,1.00497414065139,0.475228894095239
0.682138,0.639472496587206,0.0278190999486703,0.474743983179355,0.861425521743057
0.29247,0.0870715336711086,0.108281107206871,0.230551375424008,-0.18492618591443
-1.2786,-0.515054554292276,0.181071744093544,-0.654095571496148,-0.182858823733802
-1.05453,-0.812992230886788,-0.0167344971273165,-0.619914430923942,0.0109063891940858
1.08984,0.93053345244731,0.101604337650275,0.620315979539498,-0.104227716290956
0.900812,0.505093732192873,0.0766641269653038,0.590799119590423,0.640607039051169
0.333372,0.439713438108677,0.0912591930754728,0.33378257834481,1.20472590850649
1.8844,1.16507148710719,-0.0743799002836369,1.06311275789524,-0.0370596404705107
-0.536597,-0.0851867575327491,0.223010500227194,-0.176175618226393,0.720427250455581
-0.285346,-0.322109306755916,0.0377041417050882,-0.13500702203676,-0.039406455492214
-0.0468635,0.228796546014384,0.194264776229616,0.137108850222311,0.421702006673007
1.39867,0.875589904145684,0.0293023741567007,0.858411518682584,-0.280157296056232
-0.530538,-0.0742546960375765,0.203549186943821,-0.167098060762063,0.493849214694428
-0.253214,-0.302709024932575,0.0661789462983796,-0.124376146013401,-0.0504074604241822
-0.0299664,0.236982210341192,0.189522645576307,0.12498445024105,0.535747531874764
1.4404,0.90077213118907,0.0278424024291301,0.864981913334078,0.313180991351921
0.789386,0.731938963413198,0.0688359053124481,0.54325630183655,0.67177497750251
0.360578,0.125690766734349,0.0483706618241722,0.277496504706294,-0.166040109161571
-1.26794,-0.508964369522463,0.177624669771506,-0.66138648756831,-0.140396997173535
-1.04229,-0.801263211806843,-0.0244479016905982,-0.668472750705624,0.0627520274055498
1.19109,1.01430928269221,0.0555740892303513,0.66733417161654,-0.099773102788743
0.881651,0.507748618984951,0.0600452252298779,0.571302306415419,0.724583640220804
0.408665,0.478273180700105,0.0854519815588741,0.375049595020123,1.25574034016661
1.82468,1.14224708657855,-0.127473309406033,1.04587372552403,0.514412747980565
0.386459,0.479472070868171,0.0896860313962968,0.378908242459764,1.54932209196105
1.82094,1.15132043466509,-0.113385952185559,1.06836845753689,0.0451624930454094
-0.531774,-0.0843469398647485,0.204228558551852,-0.138924727202367,0.717995340551798
-0.262125,-0.308110083414244,0.0282658787673139,-0.112461644328521,-0.0199037153000993
-0.0235887,0.24588903359323,0.201602609660462,0.172747785138145,0.497145070900696
1.34573,0.859632310658527,0.0738478393730225,0.849827063319078,0.318609758552446
0.797537,0.755101095219792,0.0811018540822222,0.60141254165944,0.626185201895644
0.346617,0.128569189502559,0.0333763308430437,0.288816852044956,-0.167241211857338
-1.26704,-0.502896447007235,0.167360324221901,-0.684122224750854,-0.140639830768086
-1.04096,-0.814250284168926,-0.0214711499207931,-0.634892650365762,0.0988955573615591
1.25675,1.05482368596678,0.0366903596922177,0.74313438479127,-0.0406134335435473
0.914832,0.548205723333165,-0.00333756973018974,0.635435724350118,1.04958035430956
1.24216,0.974562640983179,-0.110447483307245,0.681854329860329,0.892216975170146
0.918929,0.537944036249234,0.0408843631320881,0.617174935019197,0.892317944368588
0.446309,0.505454518641932,0.097875087479563,0.417501571698379,1.18728784789954
1.88088,1.22477005692501,0.0329352590031661,1.12563440458355,-0.353213150260864
-1.27834,-0.521811241391429,0.174143473679041,-0.706530132036524,0.361470749443473
-1.04341,-0.819098875958387,-0.0366425776875745,-0.548655834972562,-0.642064362528623
-0.497066,-0.0491410916609329,0.242947522459377,-0.0552388814543601,-0.594275071288538
-0.236281,-0.263603487545038,0.124817086609531,-0.069009676484923,-0.205428316688892
-0.0285605,0.244828225204008,0.184289585842414,0.19220831133001,0.482469538494642
1.34274,0.951313247878348,0.0884008485475241,0.959855334091843,0.335115061390599
0.849141,0.777588971642282,0.0509157046621707,0.631936551616687,0.618758471953183
0.334165,0.158831265605512,0.11819862435436,0.299049940609388,-0.14719396997147
-1.26772,-0.529209542718725,0.167197720052242,-0.735699666454199,-0.151838380789072
-1.05727,-0.822261002883642,-0.0170265082550317,-0.592008724882427,0.0832034261758783
1.23988,1.09511971923744,0.088722529643704,0.758099463363207,-0.100939286910069
0.898629,0.599593354901693,0.157305554260674,0.640747667248873,0.732187351814091
0.410022,0.511559964804982,0.100833217336431,0.424896550029979,1.18140464676896
1.80461,1.2650541614898,-0.0116400351352818,1.12933140744479,0.0101593602307925
-0.514003,-0.092128453894271,0.214529212826673,-0.151304183129992,0.716691675928828
-0.244463,-0.254070885199371,0.105145251088516,-0.104123049867979,0.0172472533829913
0.0317826,0.272298433210329,0.191716061388729,0.168347068991675,0.559167369456649
1.45207,1.0263131408339,0.0615960603209759,0.987010828648179,0.399863614773856
0.899924,0.804694614718018,0.00273112477716428,0.647923475155181,0.761365667375054
0.41538,0.212323652405053,0.0710769404961312,0.333761837168357,0.26376304391646
-0.472422,-0.0637231857320385,0.213152971467477,-0.090834428972731,0.17884346684217
-0.199976,-0.240576621723801,0.0934157003697291,-0.098846379296198,-0.0569833373784009
0.0223547,0.275223520216745,0.190933792435025,0.201654704773856,0.537777508726444
1.39083,1.00215435501546,0.116203204387139,0.994977695661352,0.36775556764123
0.847081,0.812264725959367,0.0769674934350893,0.665971498470096,0.688248564089554
0.439984,0.225337861897433,0.0907712971488908,0.323334556699084,-0.143572218625977
-1.26784,-0.555245450905142,0.178664612967555,-0.737738445114395,-0.100176145669187
-1.04529,-0.819400725421655,-0.0297641772643764,-0.678133679516282,0.09769215921895
1.24615,1.11955614779087,0.0381506022227246,0.837998348156149,-0.0612219389175492
0.970023,0.668772650958233,0.085755484228535,0.694492868797512,0.757825559318567
0.465318,0.531258517028346,0.124987321086164,0.425734993760512,1.20257126166581
1.90977,1.34201817807052,0.0695780201064223,1.11240917235907,-0.324540980485705
-1.27293,-0.563975941198263,0.159218767704991,-0.686872589550946,0.497522454880167
-1.0503,-0.820031840516044,-0.0304300019577762,-0.705369979827957,0.198154809989321
1.26788,1.11572087125378,0.0489817158854179,0.818635444113006,-0.0255698621726586
1.02018,0.664353186368486,0.102281115679925,0.650059094592147,0.790926717145536
0.487144,0.543852870658786,0.0591075589822908,0.428030659819192,1.31183307034815
1.97969,1.35092957078793,0.0509872967992183,1.04868149463295,0.0654070517051764
-0.489548,-0.0761584733804454,0.207752818134678,-0.138857143796494,0.824218432138284
-0.185799,-0.237107372698523,0.136328514982208,-0.120804764815601,0.0536440107958198
0.0632217,0.287308515378472,0.189450539414552,0.17959582454598,0.591660322997965
1.46178,1.03150280445463,0.168525136629998,0.98730391925475,0.417767552547271
0.869128,0.811483899961471,0.0816395417309547,0.678931429663373,0.857046421228237
0.433731,0.232238726393052,0.140160191185519,0.328822029073618,0.792276918256465
0.498732,0.560167451579624,0.129814874892123,0.436260605223355,1.03720298314481
1.92089,1.32969436491889,0.00971481443980111,1.11067060871686,0.0300518952154648
-0.492608,-0.06968720609188,0.208950882559536,-0.137263030361709,0.783198353393086
-0.20615,-0.238713036322234,0.105740398387778,-0.121060382136997,0.030881277774531
0.0212863,0.275987383861141,0.225484093998738,0.170233689281537,0.587685512325936
1.48238,1.04207926091863,0.07683162629088,0.987793493426126,0.377506355273854
0.871021,0.817503906511313,0.0599076735746865,0.644198363406416,0.717632804602037
0.417668,0.216360239355433,0.111342372231897,0.326079370783911,-0.129183267156693
-1.27486,-0.540317729279652,0.177819136271322,-0.735987077929398,-0.0984861873834482
-1.03746,-0.811977686455234,-0.00849194844887669,-0.708640133441068,0.130255585372249
1.3467,1.15200667496924,0.0108519867901146,0.783225850453032,-0.098796971602531
1.05446,0.697605042180998,0.0833009271713671,0.661468871070417,0.292990910735253
-0.454127,-0.0597638565738651,0.219081926114298,-0.0786991284674647,0.463580429548244
-0.186583,-0.232937854955657,0.0929878796762092,-0.0900630165743915,0.0217609826480574
0.0731864,0.296387664940114,0.203150108008811,0.226180109929471,0.605513213004925
1.51244,1.06964407112147,0.202512477289051,0.98728568279344,0.411226487427014
0.896918,0.838148374351192,0.0165143456562988,0.657272052108024,0.734413751932569
0.418272,0.224535739556823,0.113765937524345,0.334500400110002,-0.112975832694014
-1.26859,-0.518743462341695,0.192144379969138,-0.684695109638506,-0.0951933417551708
-1.03061,-0.806799818214684,-0.0261081276497632,-0.702072468936048,0.120356290579691
1.30248,1.1548970004754,-0.0299416746520609,0.801057212602001,-0.0567177601330351
0.966925,0.660450641917258,0.105728875991709,0.704934009072938,0.780567318181818
0.466076,0.550981951829047,0.0886318576953185,0.452417269634643,1.18851421761121
1.87597,1.33168344468761,0.0807619771009098,1.11219629565445,-0.33803530660722
-1.26436,-0.523731295072209,0.186800372432458,-0.760832426466483,0.365112881371717
-1.04162,-0.817267940582928,-0.035086325645113,-0.770461828931269,-0.623479895062342
-0.453087,-0.0148888188616677,0.23254370622443,-0.0157806761400085,-0.633651922299344
-0.192066,-0.21242132403018,0.154946386371147,-0.100718424612675,-0.536569883509279
