1000
-0.457773,-0.53997624489529,-0.647640999381953,-0.938497445597201,-0.569115459403192
-1.38347,-0.907889907627472,-0.972924666920989,-0.548659498917306,-0.115189272023233
0.816921,0.518597133352246,0.366334792730616,-0.365394759732707,-0.784224487914789
-1.00555,-0.544803475384166,-0.65915487154482,-0.646724412835651,-0.19916476747937
0.213014,0.124366747664328,-0.0229139613932945,-0.297673453540835,-0.584169817386648
-0.793582,-0.32606689392824,-0.452908551622868,-0.659726149840801,-0.343794659784872
-0.322986,-0.296427082148705,-0.437060539822439,-0.549350519690747,-0.522578083448994
-1.32359,-0.657691718210532,-0.752871982435926,-0.325821091290237,-0.195386253469813
-0.0485521,-0.00980056715256191,-0.236556488756966,-0.324802572080015,-0.367894460444136
-0.241795,-0.103785018891197,0.351491904496637,-0.28728190449669,-0.0922265119708535
0.431496,0.213341067831933,-0.00628527395933217,-0.072634513801105,-0.126147354094379
-0.251029,-0.110067751183492,0.0226158390018552,0.190631342906485,0.202617647987509
0.195399,0.0834859101352759,-0.166105661929903,0.230194386279966,0.268689801006246
1.71301,1.18490180167704,1.42217844920102,-0.0904095442059031,-0.0309259747050659
-0.337339,-0.356769857052605,-0.530687892214435,-0.0197923377485243,0.408551157737682
-0.553145,-0.391129985867276,-0.307956272247934,0.261925844040171,0.379507452116586
0.08365,-0.10179922259383,-0.303988885395074,0.194583315210123,0.274718888272033
1.31668,0.82624319407192,1.17130169042754,-0.0447500086381582,0.0578773195697432
0.544006,0.225779123514941,-0.0138747243857137,0.0450026363634669,0.190535933726579
-0.0493014,0.03319410322412,0.140841425969782,0.0787172767845692,0.112273754684247
-0.550745,-0.516147378404186,-0.725080834576261,-0.228804962190654,0.0832589066620402
-0.85184,-0.679251780580251,-0.749706092249909,-0.124436242016737,0.179710836224844
0.841586,0.479307499409497,0.170726669827382,-0.191742233228777,-0.141872949340736
0.511951,0.325469276017043,0.539411854321101,-0.330917367495868,-0.032332270298404
-0.269415,-0.326995520530353,-0.494545666185763,-0.16685200665603,0.100402821512838
-0.715931,-0.445028468751498,-0.375233244623961,0.26921616548293,0.217103626648161
0.160465,-0.089338574326321,-0.242640013884184,0.114616687744876,0.11080364573213
1.00661,0.577906648562495,0.944711169347998,-0.0271541272188715,0.0383114108258154
0.6375,0.245974345286316,0.0497435826635555,0.0141003504051161,0.0839715305343511
-0.018055,-0.0447905685363767,0.0795441332947634,0.0314238058017836,0.0904400478834143
-0.573113,-0.553248873025438,-0.718924963084868,-0.280553896161472,0.145273060027758
-0.972118,-0.718908571934144,-0.782604743867077,-0.123085813742528,0.310028744274809
0.86979,0.48557170457011,0.236135444903334,0.0330368075288674,-0.0138236502428869
0.446845,0.308199281058186,0.497213297638561,0.41600126060125,0.227719792505205
0.417453,0.0458978693715745,-0.105563071159789,0.310866238672968,0.258162801179736
1.54624,0.994389615268091,1.40054756656513,0.174556808017658,-0.146429826509369
-0.589054,-0.559470430654244,-0.720905996572323,-0.336254081373014,0.178983343858432
-1.05048,-0.753455734998956,-0.769604774534046,-0.333010147715928,0.117449105135323
-0.116443,-0.330803007158922,-0.453843516523458,-0.335451451355107,-0.170780873004858
-0.707307,-0.425152067273967,-0.343958242614798,-0.348464598222619,0.125335516655101
0.188203,-0.074781132474371,-0.253684754916926,-0.0286341408062271,0.128527835877863
1.0817,0.541212274154658,1.03462463598563,-0.0397944094742588,0.103520161346287
0.638826,0.238770091916512,0.0577798288637983,0.382444326310914,0.369686726231784
-0.164606,-0.0491614537800984,0.135444338168978,0.644921095744604,0.674099332755031
0.902796,0.364144059773866,0.171400072204804,0.561865580065973,0.488627787831367
0.571873,0.375118611193292,0.595994360374993,0.610006748623993,0.674444870419847
0.540929,0.102213323331036,-0.142269895387129,0.746239830907986,0.721898164208883
1.74549,0.973785188123429,1.45325210213063,0.537945787253245,0.392894406575295
0.79473,0.198590064328053,0.0135364675285619,0.473302584454342,0.460225357824428
-0.00304387,0.000856438159037029,0.115922656898614,0.218209273758532,0.390707025676614
-0.429909,-0.50156730248712,-0.714017764495003,-0.25380994756788,0.31525691334143
-1.01869,-0.658047489253455,-0.788357048222187,-0.00657899838299901,0.486650902064539
1.05956,0.544169834432087,0.223447138881745,0.106245460956164,0.111232266915337
0.551321,0.426324092135743,0.591380446770889,0.460682238125163,0.394091583119362
0.501072,0.0832155891248546,-0.131566136628647,0.431535159022285,0.526381709413602
1.82742,1.12359068210552,1.48138836558599,0.324881235696247,0.157959346217904
-0.176808,-0.324479784963124,-0.495966067577609,0.204031183829239,0.497801683553088
-0.608616,-0.370003066554439,-0.349936129257093,0.447446856091609,0.473924804649549
0.14587,-0.133859176481033,-0.242514174605539,0.0875023136659976,0.307957696391395
1.28423,0.686213661744186,1.02922510283091,-0.250746417952437,0.0666271117279667
0.0223758,-0.234997954369392,-0.474246594743962,-0.0418070499096334,0.330089923490631
-0.570836,-0.301085050918277,-0.353588368997371,0.391649665862485,0.406995183032616
0.214237,-0.110957184361948,-0.285966289542077,0.385697736552419,0.289685586918806
1.22509,0.612516820928252,1.08266088263212,0.0759656010136147,0.159159662560722
0.840284,0.249363959426511,0.025517478686138,0.0914536484315344,0.201084350971548
-0.0727055,-0.0131850497944589,0.132275675018963,0.151808480102749,0.228301674462179
-0.388922,-0.495727989417157,-0.728484727982684,-0.311217390287285,0.206329887751561
-1.08661,-0.67441585687362,-0.787843223286438,0.019390392607342,0.480435332234559
1.04851,0.493866948267744,0.19710467689733,0.0533427596849656,0.198105859646079
0.606479,0.431107017598535,0.667392910576566,0.455961386522312,0.546287820784178
0.409776,0.0188505913157963,-0.132106915513455,0.540433199416489,0.780279581020125
1.98531,1.214942119296,1.50435929330305,1.30520614454069,0.50532856592644
0.496128,0.0489863813729976,-0.126961413222653,0.509226986016172,0.933374724149896
1.89159,1.2327578294097,1.48643171171022,1.15826619118222,0.430788247050659
-0.145352,-0.298684116027892,-0.476773455331748,0.291347029040069,0.674437752810548
-0.659827,-0.387647174788268,-0.330090651199092,0.446730195977461,0.597739691533657
0.215459,-0.146106422714876,-0.229993889623451,0.258064848282761,0.353621216169327
1.19935,0.587944216128259,1.1846195663842,-0.00291397033166133,0.127204691186676
0.689463,0.203886702133717,0.0844368560557914,0.0598954807619709,0.174472431644691
-0.0868884,-0.0404057231275679,0.185286457151727,0.0790832566297005,0.162571484732824
-0.450251,-0.512674563808891,-0.69336309272173,-0.337516470792865,0.126330970159611
-1.17492,-0.700677437698857,-0.773155582770383,-0.0245732082798437,0.394044780707842
0.964442,0.436166874385027,0.248973853774621,0.630669029031594,0.0928771530187369
0.550743,0.309353537732498,0.722782633430242,0.462399582413522,0.402398579458709
0.875116,0.337225869912517,0.181301199583497,0.748577349689357,0.389243445385149
0.554928,0.368240690674977,0.713124492000363,0.674502237090071,0.498039009715475
0.419904,0.00647416694856132,-0.0745894573925641,0.624130285670155,0.498588243580847
1.8054,1.06010810600268,1.61497177562105,0.206289720468366,-0.0146811901457322
-0.475698,-0.552885594109696,-0.709856147392869,-0.367018646415328,0.254207816793893
-1.21224,-0.752449709815468,-0.773118806346004,-0.271220891596426,0.187304487508674
-0.108928,-0.356638103189279,-0.455249801808629,-0.334680983961061,-0.158703380985427
-0.735117,-0.403029113319276,-0.292984968763711,-0.343079925153049,0.115034756419153
0.165808,-0.0955442280089364,-0.22994059608944,-0.0328999036938163,0.0629472154753643
1.24313,0.604645183286909,1.22515157723025,-0.0174995127820725,-0.0559625496183206
0.721472,0.191144399990044,0.0889319298249843,0.0396165402173271,0.0880032796668981
-0.111487,-0.0201284100918694,0.218666606273959,0.10115887493922,0.168537698473282
-0.414731,-0.51368105803036,-0.699329632847515,-0.320662180065015,0.14927957425399
-1.16036,-0.693043446520313,-0.774128076926305,-0.000665409682298487,0.421838817140874
0.966645,0.419245629118998,0.249024969479988,0.0560830872111411,0.0638630957668285
0.599712,0.406776672849095,0.738708456632295,0.537808675661255,0.345887783830673
0.43549,0.0125007333056348,-0.0758212944239133,0.404215464707661,0.529330316793893
1.92363,1.06940206908693,1.687533688338,0.315465539891997,0.152623897987509
-0.167292,-0.360163842781986,-0.48697529297568,0.184233696379006,0.542596152151284
-0.698348,-0.366911695821175,-0.309119238515097,0.439713734985091,0.566346852359473
0.199156,-0.153538331943539,-0.236081617946291,0.298449636098928,0.359654678868841
1.29662,0.620746490637059,1.26857174478213,-0.00100732050572178,0.15527446165857
0.76691,0.183871962498361,0.0839031491338169,0.0876499228267751,0.248503121963914
-0.0832945,-0.0133907461960965,0.22905823658465,0.103211481002584,0.281083919153366
-0.171009,-0.289651474515574,-0.465661446188982,0.109569880696731,0.178292996321999
-0.74826,-0.352642270205893,-0.294447498355941,0.209954960689858,0.344342357390701
0.234491,-0.0904314822274192,-0.221300452840951,0.122355923919378,0.203784037126995
1.33214,0.645121767604116,1.30554963187772,-0.00591693701457949,0.0436663185287994
0.770727,0.186720587716743,0.101555909914011,0.065682794450245,0.133473530534351
-0.0963261,-0.00656376146900134,0.2413036564302,0.110785196322755,0.172872684941013
-0.490596,-0.534286681081238,-0.711844907383935,-0.39428767330943,0.164427048056905
-1.28923,-0.698732690604057,-0.797435253441653,-0.0310887977627582,0.43215288462873
1.06589,0.430717030888616,0.292474682729707,0.070214516876144,0.0113848915683553
0.650612,0.429628564646993,0.810937067982815,0.561375227325344,0.289246651006246
0.512277,-0.00575328356193749,-0.0615113791140895,0.360737504461116,0.430550560513532
2.03452,1.1725642229622,1.79499003354338,0.237684965701697,-0.0873249783136711
-1.03852,-0.8078962202395,-0.932734903871958,0.0483291605642353,0.57740447519084
-1.03738,-0.733085320266906,-0.658260934240197,0.0814746837676162,0.496593627515614
0.0301637,-0.224612419012014,-0.180979882756318,-0.441530323925817,0.406529252949341
1.80029,1.97187183834683,0.98707887033875,1.45881435173672,0.175186064712005
-0.661699,-0.640124376347131,-0.553901962131166,-0.63994514196448,1.06400936762665
4.14643,3.90932275093656,2.00069724211549,0.546338990161929,-0.25305494500347
-0.950198,-0.880128538861495,-0.767097964161388,-0.499701651358839,0.816923614677308
-0.640905,-0.138693261945272,-0.229152342475424,-0.195435978325497,0.405543844101318
-0.598381,-0.656365227337208,-0.538066661391016,-0.488702015644823,0.396584502081888
1.5875,1.44266720668616,0.967475038303307,-0.482904463771314,-0.180236855655795
-0.233769,-0.24332455284192,-0.201352995879938,-0.384568345627234,0.233417288688411
-0.182562,0.287125787279262,0.0873076179732166,0.151149778675547,0.00697642019430952
-0.406676,-0.341877071013764,-0.331330595976661,-0.239115148805442,0.109242729007634
1.25752,1.33521542512679,0.922815933191723,-0.460106672434526,-0.371413936155448
-0.755404,-0.594525251646544,-0.654165914603127,-0.54251651414291,0.0155507948299792
-0.899064,-0.270510761542755,-0.342027008965821,-0.364531154066664,-0.124765319049271
-0.704134,-0.502292255918908,-0.496620371239506,-0.554816574298315,-0.129564267696044
1.0714,1.21703960444209,0.833502860519717,-0.414173649290109,-0.526656550138793
-0.468638,-0.345347250314451,-0.328085875567133,-0.677314905350518,-0.143220071651631
0.0442597,0.500502740507226,0.253577082654628,-0.228043765566278,-0.477896696738376
-1.06365,-0.864049035109118,-0.961064586638639,-0.7450333936988,-0.325014323907009
-1.25577,-0.808168721158371,-0.815153147835037,-0.616812073750728,-0.29681387352533
-0.275289,-0.271900370705058,-0.245325830795081,-0.763491185914913,-0.369779947085357
0.925846,1.13329191232786,0.68270196515727,-0.81354209010786,-0.613720430777238
-0.895521,-0.75337910126424,-0.741131807762692,-0.857186185361576,-0.157041082338654
-0.75466,-0.209272855419652,-0.247073329834526,-0.261971610270648,-0.23345307425399
-0.755057,-0.611293573619535,-0.592767404799657,-0.559365729587783,-0.105051736641221
1.40051,1.36836026945245,0.880054803926388,-0.542842489280932,-0.556265380291464
-0.382098,-0.318322833799102,-0.278916344509805,-0.622461509767206,-0.151457854267869
-0.175055,0.312428600652029,0.105781434402239,-0.448904556794889,-0.443637108258154
-1.06611,-0.917006470269814,-0.927679685185524,-0.875746027138194,-0.319536408743928
-1.40037,-0.823030369448104,-0.894640806033764,-0.675675143974414,-0.236859174878557
-0.198342,-0.176582928403003,-0.155132605507563,-0.627361813533133,-0.40097569222762
0.470203,0.780399423298923,0.481864751505202,-0.045594718547506,-0.464749874045801
-0.592975,-0.41069353068923,-0.386661045190851,-0.545791463809748,-0.128053066620402
1.27905,1.4431178456932,0.925987151828067,-0.238565825008783,-0.726748037820958
-1.0397,-0.884017631034738,-0.916445128814496,-0.977358593025306,-0.324037294934074
-1.50615,-0.88886270030813,-0.900179572185526,-0.827147705941887,-0.408028351145038
-0.834829,-0.642013284264537,-0.6427575316041,-0.94543448704732,-0.614602238376128
-0.904853,-0.284822314217918,-0.319450249539209,-0.793989822228124,-0.491932864330326
-0.685955,-0.520999871096551,-0.506819757383711,-0.767899104224843,-0.307913265787647
0.914751,0.98392881666193,0.726743906741919,-0.56524174850522,-0.565441630117974
-0.343516,-0.241115526495889,-0.205166255016718,-0.407000872661123,-0.107363579111728
-0.278414,0.117739988694559,0.0355183478187784,-0.0177903739397532,-0.0935928084663428
-0.263175,-0.154661411026901,-0.140145382519229,-0.30736920635902,-0.0377710222068009
0.272828,0.531984692267076,0.364648329679255,-0.00309394026000975,-0.133962360860514
-0.551768,-0.383836854157911,-0.377256336342254,-0.271113885101638,0.10686957702984
1.23686,1.23323355842619,0.902220522099947,-0.160879280615098,-0.426943509021513
-0.427245,-0.23207215546083,-0.237268433400754,-0.451923167869942,-0.139095149548924
-0.372478,0.126621304682479,0.0159388030617717,-0.502147045889465,-0.411650827897293
-0.992354,-0.832444723646403,-0.909287931736276,-0.976653854312378,-0.403809544413602
-1.53026,-0.813088078755921,-0.901232549451817,-0.679436659476762,-0.302239484732824
-0.329747,-0.128011649572076,-0.111602920245813,-0.643715885692503,-0.463454951422623
0.289543,0.653353611631365,0.397849050142044,-0.131456701241192,-0.481855013185288
-0.560066,-0.39047905894794,-0.364038320194498,-0.602173807734666,-0.105546732130465
1.15879,1.18008616113107,0.837041368599707,-0.286270404968778,-0.56736901908397
-0.866852,-0.620806877792668,-0.654464942938641,-0.581659220219776,-0.168493685981957
-0.99351,-0.360307267689835,-0.384823706349109,-0.446444601933927,-0.254345075294934
-0.690558,-0.487193572423349,-0.490496369716025,-0.75943991503296,-0.281773803261624
0.796826,0.939118933378708,0.643967657325297,-0.886134433340423,-0.648333697432339
-0.868929,-0.599039342287664,-0.652612027462654,-0.70358337800835,-0.267330440666204
-0.970068,-0.339557377323621,-0.395336358421615,-0.483219720233624,-0.327340272727273
-0.653,-0.468335658435511,-0.497240859283079,-0.592000347935331,-0.323858202637058
0.736071,0.843550338252254,0.597971366193307,-0.614020899944582,-0.592017776544067
-0.32038,-0.194526312359195,-0.1822498473488,-0.650366457457413,-0.353101447258848
-0.419725,0.089565271662134,-0.0598162037418145,-0.483171047260335,-0.512755583622485
-0.969909,-0.772185164354763,-0.911326548590098,-0.923446049708956,-0.45040095870923
-1.49791,-0.823967592075643,-0.933781641297272,-0.632019615855915,-0.274616983344899
-0.152349,-0.0696284358272499,-0.0917440243256515,-0.593316775389926,-0.387230704024983
0.269888,0.568618762599132,0.279011364328354,-0.222101069024172,-0.298466447258848
-0.488028,-0.32040451271256,-0.363521107199444,-0.424254757510348,0.0740346682859126
1.0372,1.15620713343213,0.692063796652421,0.734454066624056,-0.223040405621096
-0.474726,-0.285886086752187,-0.349930076619291,-0.383198217724954,0.253907363289382
1.32132,1.20394082057583,0.638990924255242,0.449988274521245,-0.279020986467731
-0.714816,-0.589722272434325,-0.660920089802705,-0.471825859992507,0.0704210742539902
-0.830131,-0.356877231061875,-0.450616187761771,-0.346922842341028,-0.0793846901457322
-0.61511,-0.433834057825332,-0.497624666290681,-0.421610072422053,-0.136394632199861
0.737591,0.761624981854084,0.551014654963011,-0.502552789975092,-0.470630714087439
-0.170234,-0.141962063142028,-0.209783574425491,-0.577319868282925,-0.280925765440666
-0.341662,0.0914898536781426,-0.099754743186868,-0.380128241720478,-0.43031509056211
-0.974394,-0.743082936575881,-0.919217072210982,-0.80338748433164,-0.370467946217904
-1.38473,-0.791333541342875,-0.931668565532603,-0.57817787889435,-0.227127027758501
0.012223,-0.0506900951917846,-0.0927646899717499,-0.399185619055298,-0.369594937196391
0.310459,0.523353977559928,0.303248732438735,-0.0645705499939971,-0.294715723108952
-0.227075,-0.111317282001959,-0.140423687027729,-0.205051853096069,-0.0839450527411519
0.19364,0.449457372955251,0.204017567424174,0.28492774929436,-0.173213515614157
-0.345924,-0.269859201375517,-0.367481307884734,-0.188753768946176,-0.0231291183206107
1.23505,1.19812849029038,0.683252195159205,-0.338369190873134,-0.549955524288688
-0.96514,-0.805696463869398,-0.897867779743117,-0.831119907066052,-0.222997217210271
-1.34153,-0.836641569733603,-0.941723158072212,-0.728959837362872,-0.359539165163081
-0.731673,-0.552585504081073,-0.616338498124613,-0.811960611293514,-0.556751532269257
-0.879369,-0.295763320950197,-0.410586825867715,-0.70505155096619,-0.44073652463567
-0.537864,-0.441099581754028,-0.48888188123594,-0.666132136503321,-0.38122044240111
0.745426,0.708680576630867,0.474003936915646,-0.552388015457814,-0.617301157182512
-0.229539,-0.113678510057296,-0.191759327596953,-0.539527093487671,-0.357298654406662
-0.450296,0.0331820666299359,-0.143014628471923,-0.396474332137999,-0.419774030881332
-0.76941,-0.699955844053705,-0.912654994696899,-0.788518224637043,-0.418440503122831
-1.44719,-0.780545065838139,-0.963730918204726,-0.467718975498339,-0.21930104129077
-0.10387,-0.0172748242109987,-0.0847743246719584,-0.532343100017491,-0.422224794240111
0.258948,0.505802149106337,0.195356361529123,-0.139957703521404,-0.376608271686329
-0.430514,-0.310559746401596,-0.351498825772755,-0.442674278943531,-0.0744108244274809
0.999844,0.962738249856936,0.600859023808908,-0.249926245382845,-0.451012587092297
-0.716082,-0.53326924170943,-0.654411705857184,-0.437682405089861,-0.109589266134629
-0.995038,-0.348795063421544,-0.444481722408663,-0.31023510026438,-0.121598283830673
-0.44064,-0.38146022854669,-0.487481046222304,-0.493856399931369,-0.23483660721721
0.68663,0.705821408989452,0.489262949110692,-0.576039145959684,-0.499479015614157
-0.242586,-0.153382074889862,-0.209190826077778,-0.556806320080113,-0.311546695697432
-0.505165,0.00632768060248258,-0.0617060456714829,-0.493698858310656,-0.427784055517002
-0.824969,-0.571377982946627,-0.639750705614089,-0.634116629266314,-0.458876994795281
-1.07816,-0.463422071868263,-0.453384198699637,-0.511940268099275,-0.422099382373352
-0.712659,-0.446147395203215,-0.447493479966189,-0.667428387320786,-0.456407215475364
0.514474,0.631100202165195,0.522739812317159,-0.699254967527673,-0.723363586745316
-0.450086,-0.242222016867926,-0.191881621003886,-0.717195529535513,-0.5120445407356
-0.544331,-0.0551972169087941,-0.0924013138628844,-0.597107779084796,-0.6378806537127
-1.06952,-0.816346353326428,-0.929486641746842,-1.00978106865219,-0.588371023594726
-1.57114,-0.892283140414289,-0.961800627453415,-0.749494491057386,-0.432088332061069
-0.288561,-0.129378737246206,-0.0425808024926567,-0.724309020284058,-0.613244332061069
-0.0172494,0.375787488138826,0.302136377733001,-0.356354433116944,-0.512560158570437
-0.646806,-0.352275957359837,-0.339799997150972,-0.518823289042122,-0.187000540943789
0.77111,0.919937482903171,0.78290337842398,-0.374906623844008,-0.479811659611381
-0.677939,-0.603427197520194,-0.733241021540853,-0.595613729183393,-0.0340534351145038
-0.881714,-0.658014592009354,-0.682230716292003,-0.417868363759234,0.100237858778626
0.365044,0.123423122814402,0.108672747872695,-0.108590280651546,-0.0578394050659265
0.536127,0.403196119355263,0.765011019173992,0.250852139770277,0.0466540294934074
-0.106063,-0.285189419021463,-0.220491522278887,0.00464744997785671,0.350130966342818
1.73377,1.14028846887257,1.84007163668957,0.0409729113488946,-0.165746648854962
-0.552226,-0.569059244490315,-0.587257746336071,-0.17358354253974,0.288177006939625
-0.704099,-0.441079600741434,-0.289966591670971,-0.0201025518518401,0.205769734247051
-0.330806,-0.404763615242104,-0.366816390100383,-0.121254277459588,0.212666367279667
1.12486,0.730728843570202,1.39178193143309,-0.323858889358703,-0.0637528992019431
0.137322,-0.103375468627777,-0.0426484101119263,-0.126496231258646,0.202244836745316
-0.238457,0.0200887047154088,0.27473689107528,0.432748901326245,0.23652901092991
-0.0475329,-0.279271569849126,-0.195511777576186,0.10938715262489,0.292456835877863
1.80718,1.17760901664792,1.95535171496124,-0.30274192308115,-0.176675612942401
-0.54125,-0.527959343521979,-0.560751023798108,-0.234965211480635,0.277472893303262
-0.867463,-0.420733862079882,-0.279337533631571,0.0392578780480407,0.187523265961138
-0.257442,-0.383502828645468,-0.346165242175236,-0.112160220862757,0.0636584512491326
1.1409,0.714968165260332,1.46743131706519,-0.326441259655355,-0.211699435773768
0.265122,-0.0320875787337983,-0.00867703793998468,-0.280211832710853,-0.0498420881332408
-0.268814,-0.0379768859878609,0.325267215528608,-0.164698088210836,-0.155790806731437
-0.709932,-0.640523293167542,-0.780582112688671,-0.628038991775574,-0.214911615891742
-1.33884,-0.756719114993718,-0.756344167258425,-0.316822321199752,-0.0506478410825815
0.411436,0.134254436833801,0.171821180985331,-0.443338836925087,-0.354457890353921
0.513927,0.364875784242003,0.926846612550399,-0.584343663300176,-0.31913223074254
-0.491795,-0.494694008307185,-0.552254148902299,-0.49707374976414,-0.0976825294934073
-0.854634,-0.415055663706317,-0.265873989999463,0.0673906834039836,0.0051614961832061
-0.223656,-0.31095761215509,-0.323563147209841,-0.163064000056483,-0.0254301214434421
1.2276,0.814410988133505,1.49520364880254,-0.312401534137199,-0.259545582581541
0.150424,-0.0419256571141531,-0.000991175367912664,-0.240491656659011,-0.0401773213046495
-0.205681,-0.0293292127460843,0.333031969363284,-0.158219130584405,-0.142354639000694
-0.635111,-0.649896719194383,-0.763010649644041,-0.624100635536835,-0.119759186328938
-1.34682,-0.798407549515513,-0.822389623102916,-0.280006693184779,0.103315434767523
0.346245,0.117178027783206,0.170054886785467,-0.250082380354979,-0.170838671061763
0.504883,0.492392485645075,0.964076702894591,0.281179147373676,-0.0540799587092297
-0.0390116,-0.241777732557517,-0.167860070442819,-0.0331845806542241,0.170511645038168
1.89868,1.29243575853065,2.04690333327168,-0.0469938138312349,-0.428814944482998
-0.776591,-0.744267435195598,-0.787889962470686,-0.641424895343199,0.0186965475364331
-1.34788,-0.906534261543387,-0.819929475403915,-0.549415588734256,-0.0748088712699515
-0.489475,-0.544989033021719,-0.522543707622123,-0.617505652315811,-0.366056274115198
-0.921553,-0.493313715158818,-0.241754832278211,-0.579383053757994,-0.134755724011103
-0.247754,-0.32693421844568,-0.328000521478495,-0.402650975190121,-0.0460974195003469
1.20201,0.783409907784228,1.5791759844815,-0.302809899969165,-0.220277219361554
0.189078,-0.0575012789409875,0.0195330199553812,0.00294170007884882,0.209808337265788
-0.138999,0.0319387679029052,0.362484041332545,0.429998180612648,0.37043656592644
0.307368,-0.0368804031665734,0.103079217441182,0.233811337640918,0.353377483900069
0.600127,0.530211135813257,0.924512677860272,0.490676863339116,0.383130437196391
0.0538908,-0.167506186465333,-0.218731317078786,0.373660362179924,0.603789363289382
1.9535,1.26440944088019,2.03087927602137,0.287844902236463,0.088901707147814
0.314468,-0.0729615239255685,-0.0237269298983793,0.138565085500641,0.352534806384455
-0.0646264,0.0842803049229549,0.322811248249655,0.0299284473988173,0.16437040943789
-0.602707,-0.620254261418102,-0.793142850863997,-0.404466917248667,0.140848589521166
-1.04681,-0.672360263148755,-0.829420177180764,-0.211700089418558,0.250437260166551
0.449357,0.156860657931048,0.152823573878051,-0.107343929591873,0.0314225801526717
0.628026,0.564964828701211,0.920872093695749,0.366129390540422,0.144468359160305
0.122567,-0.196397585544616,-0.191085937465882,0.0965841453233219,0.449603350138793
1.98597,1.34827956709805,2.02432662175836,0.150802960774739,-0.0381442291811242
-0.348116,-0.431976159719544,-0.574161063547445,0.0154219554122617,0.402449841603054
-0.662234,-0.31461944089666,-0.265394741238584,0.23219835558163,0.33318042685635
-0.0825959,-0.319279640856953,-0.355168983204172,-0.146510812127522,0.225050399201943
1.31271,0.851347153160078,1.53535496757201,-0.425795128533472,-0.105506206800833
-0.317704,-0.363665374341975,-0.521096818085233,-0.173935438049218,0.257766953296322
-0.643344,-0.308711788781179,-0.260458434849874,0.197286675640016,0.263565472935462
0.0245897,-0.235669252061611,-0.343812561349543,0.0732746959135023,0.203057258674532
1.46794,0.876775504094349,1.53398700095786,-0.106634624010741,-0.0508218651630811
0.39874,0.0296239706376058,-0.00826975047767111,-0.0429851416230005,0.159684422796669
-0.0333176,0.0823722023444411,0.367087222480784,0.0225796832249444,0.0328082836571826
-0.60478,-0.574122788971271,-0.784526505041697,-0.473438025671411,0.072786422796669
-1.25897,-0.726761719310114,-0.832151451871686,-0.157887479782067,0.309344675468425
0.61349,0.188062066687545,0.170014038114716,-0.110544628935701,0.113507326509369
0.776579,0.618096875548777,0.946289249845903,0.402364501053004,0.320126485426787
0.11289,-0.151438305956117,-0.187369420633745,0.235827495110903,0.709954918598196
2.0543,1.4291403569621,2.02841823003446,1.52928976667646,0.336401234247051
0.182144,-0.200382866331705,-0.180002773303412,0.222277310050459,0.887451925225538
1.98812,1.43977546005287,2.00090456090923,1.48891236753897,0.283011747571131
-0.379443,-0.444129847991596,-0.538949952947622,0.123827851148232,0.63466961370576
-0.618049,-0.310854768309306,-0.282812397476456,0.262317909954357,0.481133304129077
-0.0237759,-0.296488229780561,-0.350907679231818,0.0821385826168346,0.328503697085357
1.45404,0.901876408703052,1.58410050858436,-0.13421109525355,-0.040669556037474
0.363959,0.00917592811392954,-0.00258679626273509,-0.0796260035782564,0.151152302741152
-0.0397358,0.0570947811761136,0.389822506681755,-0.0416068901322235,0.00228581245662732
-0.693277,-0.618577301602705,-0.817075430094918,-0.513179836966303,0.0294336806037474
-1.30521,-0.739037959682522,-0.853610957499284,-0.217293504941101,0.240050043580847
0.632848,0.200903324098774,0.182806894284785,0.207728093685604,0.0121835400763359
0.716809,0.489378209693247,1.04773093741426,0.414266408837467,0.196521721200555
0.456312,0.109553816585208,0.129600996156833,0.392599307452915,0.359093512387231
0.677098,0.573893580784017,1.03507351234222,0.796261122952206,0.333005524462179
0.0660635,-0.19350484627866,-0.164461517434575,0.445986946072396,0.500366346634282
2.12949,1.43082970527588,2.11261800241523,0.0692133125929614,-0.17320122463567
-0.608418,-0.669127915974324,-0.786883438604174,-0.509805296183067,0.222415713046495
-1.29496,-0.822129970144785,-0.864675687938525,-0.357712599547479,0.0994706051353226
-0.400534,-0.453453415910756,-0.550305795372198,-0.430921531599369,-0.189804534698126
-0.624424,-0.348050124953245,-0.190907818657001,-0.440958807440751,-0.0267347404580153
-0.0589979,-0.270055618647318,-0.3351724321238,-0.266680925626626,0.0144494448299792
1.49749,0.930739873927259,1.61317226195757,-0.196289114510264,-0.278051160825815
0.256162,-0.0370865974853592,0.0282624905165352,-0.128534237849237,0.0156343034351145
-0.142427,0.0679096669479925,0.42278729766249,-0.11861541421712,-0.0695125140527411
-0.742443,-0.650729972644756,-0.793520464202119,-0.592026522040097,-0.0330589488202637
-1.43943,-0.782370514687229,-0.84839073358936,-0.263488957470469,0.195689949375434
0.47645,0.177385268416451,0.217500888799972,-0.187212862984385,-0.0852771370575989
0.712275,0.643142579417667,1.11118937876085,0.358384763013994,0.0636694319916725
0.104626,-0.18767087333877,-0.159545359994112,0.02928503053719,0.409271997918113
2.04786,1.36267946582158,2.24095941147343,0.141669999293715,-0.0932330312283137
-0.475181,-0.492391761709286,-0.557025992064725,-0.0648080714374366,0.399861861207495
-0.895889,-0.415736849329309,-0.208652922547336,0.187795017138685,0.370097376821652
-0.178389,-0.304723498222053,-0.307790900832088,-0.0116028727499951,0.220622248785566
1.42293,0.921594229777407,1.716699992912,-0.267918008472432,-0.125021458362249
0.334027,0.0233931205916963,0.0399047706949344,-0.191408852327479,0.117066696738376
-0.162476,0.048737757217959,0.439845656552174,-0.0925454278772029,0.0346783795975018
-0.4686,-0.444827160241276,-0.549117088400132,-0.1231460352265,-0.00584255170020825
-0.906219,-0.404478267517492,-0.186613534398749,-0.00850757702089269,0.119173649895906
-0.135114,-0.253042991251938,-0.307575962770161,-0.143121699194754,0.0518584333795975
1.41001,0.916402025881086,1.79648336097944,-0.257413336367011,-0.233260754684247
0.369211,0.0208258068418473,0.0365217456726198,-0.207136427509476,-0.00620065579458701
-0.174095,0.0546759365947874,0.465143149595866,-0.0826095103762061,-0.066159145038168
-0.733547,-0.613290298231291,-0.780502963594018,-0.555686740205191,-0.0255056571825123
-1.40415,-0.804447323689241,-0.853156081682059,-0.241897523636476,0.205829809507287
0.511988,0.197707633320568,0.229036062544919,-0.187124396983799,-0.0872761467730743
0.772431,0.633010819130864,1.16909319127363,0.37158202886809,0.0577039767522553
0.074854,-0.203651785311399,-0.137645579736417,0.0706960148500951,0.38334320610687
2.13501,1.48466367971291,2.30752609869595,0.0936776918072599,-0.203614878244275
-0.743805,-0.68075265132808,-0.805962607495643,-0.555464953532163,0.391010416897987
-1.4141,-0.83047334588623,-0.850930548263608,-0.190834061203129,0.460279139312977
0.522945,0.101725980046806,0.24559176935187,0.0151620744788643,0.0547868926092991
0.632285,0.64364394560818,1.16178698821894,0.115099714724928,0.184006437716863
0.0328559,-0.186795074635025,-0.157905615702132,0.0339350517725368,0.497246483344899
2.17617,1.38458209527718,2.15399078267509,0.0561962784414605,-0.107224572345593
-0.456056,-0.519911121183277,-0.571450173975314,-0.0917140747855258,0.421080987682165
-0.839309,-0.374027064949188,-0.203711224020752,0.143622150755946,0.386676054545454
-0.171103,-0.339459589950606,-0.305630998980396,-0.0466776488166549,0.326727325121443
1.36161,0.908809213936037,1.77823077993414,-0.254586593467569,0.0463882794587093
0.26275,-0.024863030366425,0.0209119376764573,-0.0382847885252207,0.335362931818182
-0.127076,0.123437664876634,0.496774349358857,0.62418477982622,0.356523152151284
0.0325207,-0.197626561801916,-0.145692042459495,0.234798443858161,0.422031211311589
2.0567,1.39627183009784,2.29901350137681,-0.240454523585336,-0.0982955477099237
-0.493794,-0.471569487253007,-0.571101863059401,-0.157793078298015,0.386012095940319
-0.926573,-0.392954202328818,-0.183537719987692,0.175882330458901,0.30520312647467
-0.172522,-0.339512580849814,-0.324296815775687,-0.0674053290315099,0.148953958535739
1.40013,0.9137684999029,1.80712106696979,-0.272261122519084,-0.166262205517002
0.257402,-0.0227879552142009,0.0399287551147138,-0.210445266603703,0.0603364562803609
-0.102347,0.0693939087551837,0.509124762112652,-0.0952847969160045,-0.116470411172797
-0.689032,-0.640288288283542,-0.776071591759338,-0.651084790779038,-0.164215150589868
-1.46726,-0.800059270800473,-0.84681942139543,-0.252123440781736,0.0244760343511451
0.463637,0.165834144525118,0.253275327440215,-0.39657716934082,-0.314064292158224
0.764802,0.540078967433336,1.22069786609482,-0.633102226303945,-0.327478010756419
-0.548021,-0.484230616815707,-0.546124494856636,-0.521029855706497,-0.0376175844899375
-0.956016,-0.445936321622656,-0.154995870184715,0.151339314164066,0.0634092888619014
-0.217292,-0.322250350210786,-0.287570478987096,-0.143098881230209,0.0209836597848716
1.44573,0.973733991447437,1.91532400546831,-0.293442624166926,-0.242416028972935
0.239426,-0.0260167735532116,0.0490390917400322,-0.232992766505627,0.010543926613463
-0.0920165,0.0642511192694897,0.511936494545393,-0.133197367344876,-0.127890683206107
-0.73776,-0.656663249337935,-0.764960753725883,-0.653563054846694,-0.0740132853920889
-1.54809,-0.850571579163595,-0.844469742013265,-0.268921393751361,0.179621328417765
0.46945,0.181167857758997,0.28179016085239,-0.201277376400987,-0.14818217297016
0.673372,0.582887018264849,1.2221059376744,0.330294088325287,-0.0140542531228313
0.087332,-0.216866617381156,-0.116277174559198,0.0128596965323505,0.226413265614157
2.02612,1.37841891706022,2.37749571701345,0.0445155168840121,-0.391626641221374
-0.706982,-0.723214246534644,-0.795568127902548,-0.702085697585986,0.0416202567661346
-1.55073,-0.89683106724157,-0.851521218050328,-0.495290416391687,-0.00275934628730057
-0.497656,-0.53594816779964,-0.505323404964976,-0.603874789768819,-0.344619064538515
-0.915012,-0.443767266230802,-0.132480206217398,-0.567819167534338,-0.0864579455239417
-0.1698,-0.299197749444398,-0.27736061113919,-0.384960001681976,0.0221797383761276
1.43227,0.912095850886159,1.85050482708284,-0.261195185062814,-0.166311198854962
0.303074,0.011945268559081,0.0800264169451536,0.183174990855346,0.300447564712006
-0.107356,0.0930795903328344,0.525584797610156,0.571640066368039,0.479795396773074
0.459049,0.0566364278270939,0.210223823088746,0.30339564897435,0.420751398507981
0.691711,0.549486291031988,1.15969007624225,0.478955962442667,0.444968466169327
0.0333649,-0.176196238375583,-0.12370183038321,0.420592496668626,0.655776259541985
2.07261,1.33033911750881,2.35017416943561,0.319216528588278,0.0705003471547536
0.304727,-0.0802136567466639,0.0472371174176628,0.110957917950072,0.325634473802915
-0.141705,0.0592477536483959,0.496378153129977,-0.0801089659379866,0.101135584559334
-0.735278,-0.670248731004531,-0.777250460663344,-0.633609758986442,0.0440177739417071
-1.55305,-0.831388415551493,-0.859122292088193,-0.257564492375648,0.243630194274809
0.584934,0.197397409253493,0.26019039345879,-0.231167007801503,-0.109464628730049
0.696787,0.601186865928767,1.199811985559,0.346102711404986,0.0470227963219986
0.0245022,-0.196122625482159,-0.128238225733581,0.0266462189415941,0.39533193962526
2.04325,1.3611925255889,2.33240178725334,0.123728581861408,-0.156518873004858
-0.548997,-0.531433282474679,-0.555938838489646,-0.117309018002591,0.317667655100625
-0.944745,-0.418212134113271,-0.173869253576604,0.124128589862983,0.255786874392783
-0.225348,-0.396330222636239,-0.300888344220015,-0.310332819040534,0.122470495836225
1.43844,1.00854010217743,1.81787447603155,-0.621257817049717,-0.265756845523942
-0.446554,-0.467998086763746,-0.555966545737543,-0.354647312577064,0.154215269118668
-0.852353,-0.371592067805498,-0.184498843348654,0.0750077805286485,0.160019903192228
-0.196382,-0.325340175331751,-0.313173793345275,-0.0618220004347961,0.109754172449688
1.43882,0.939154450174493,1.8980231902894,-0.235042769398556,-0.17173262074948
0.291178,-0.0118515461913507,0.0063615131827764,-0.19172414977122,0.0826866863289382
-0.0687874,0.0712209608391713,0.518276101454672,-0.0752878437971335,-0.0501030850104094
-0.610818,-0.618505591374394,-0.768585703916431,-0.571583367752794,-0.00374668563497567
-1.36703,-0.753894018570881,-0.809481915655274,-0.188368191045116,0.261637567973629
0.466275,0.153958794561256,0.189430664997595,-0.121088473952277,0.0967989509021513
0.801455,0.577708605756776,1.15842274519272,0.396795699875152,0.286469332928522
0.132998,-0.19970877714176,-0.183108373538797,0.0868733405941371,0.701825504198474
2.17381,1.47058663597303,2.22127961672932,1.70685913098745,0.307311959229702
0.0295159,-0.242643346341324,-0.159018090138529,0.21887371421255,0.929313613809854
2.19967,1.43442250421123,2.25028061493619,1.61268291113698,0.219722268736988
-0.394384,-0.535899610327021,-0.562758357555287,-0.00474526094537629,0.602093774149896
-0.85026,-0.421211439484063,-0.210765880931125,0.191668842267651,0.468294603920888
-0.107223,-0.330435025292778,-0.325176604868861,-0.0165981541186585,0.268514245836225
1.43352,0.803720825372494,1.65442386023989,-0.220560812091262,-0.117294857425399
0.242736,-0.0850859333208221,-0.02683926183634,-0.166660215119214,0.109534149201943
-0.0777534,0.0443454896461894,0.43894468580904,-0.0579833781734932,-0.0535740711311589
-0.670543,-0.644251532453109,-0.769067388509709,-0.513392404480586,-0.0310352782789731
-1.24423,-0.744632625139587,-0.80170212238493,-0.243710993276407,0.167263423664122
0.413568,0.128867361603395,0.156277605698331,0.24356166705239,-0.00312622137404587
0.623243,0.42524194515578,1.01473723702745,0.426949272837072,0.149251156141568
0.440246,0.0661391517769035,0.147246771888467,0.306143573643694,0.316280411034004
0.639793,0.457951942976931,0.9948422687709,0.697338635420054,0.320703212699514
0.16322,-0.218738347934517,-0.181763778528716,0.405306244490218,0.466120503469813
2.07519,1.23711487377374,2.09546533761465,0.0841911458728987,-0.162037330569049
-0.641925,-0.627849738876728,-0.76976312423586,-0.460607641849866,0.238667265267176
-1.20565,-0.78869325008967,-0.772456526468588,-0.376064779293061,0.0949810622831367
-0.350418,-0.493067653147103,-0.53652427565402,-0.458253331197549,-0.184677711693269
-0.673784,-0.420424960812764,-0.219910685572998,-0.430912261246246,-0.000888178174878587
-0.0307637,-0.260513287043464,-0.324551558415581,-0.259948198936388,0.0208489191533657
1.43779,0.780294896014743,1.55293929245164,-0.161714457936751,-0.238226047709924
0.277608,-0.0333432042642009,-0.00568404187300309,-0.0943158530653588,0.0542051087786259
-0.0875576,0.0165439536685268,0.342215242968015,-0.0304633294218608,-0.0132335695350451
-0.629056,-0.618542986180694,-0.753207516618023,-0.469796646378304,0.034470810201249
-1.18086,-0.734084985372374,-0.775494468213606,-0.206213105683939,0.232873726162387
0.484128,0.154984048431025,0.164197686641839,-0.12063259836154,0.00297072536433032
0.699481,0.482046261534314,0.936485790559584,0.387663008524754,0.140651559507287
0.0996901,-0.175955031195595,-0.164166852442501,0.11540690916732,0.483016457113116
2.10914,1.25425119111746,2.00389381789207,0.188779141660526,-0.0217380685287994
-0.357839,-0.463502279572043,-0.553547062131735,-0.000748706369292404,0.477309112213741
-0.648767,-0.384001330898472,-0.246002435170806,0.194595030956898,0.415508312630118
-0.10697,-0.318929047126786,-0.329279113423663,0.0481356978778277,0.297292558986815
1.32628,0.739347943239174,1.48943116632643,-0.149884625303828,-0.0236820903539209
0.322685,-0.0365554497396589,-0.0254437424970881,-0.0758802283372136,0.203879954024983
-0.0427731,-0.0190870373425277,0.331025277215222,0.0190922190171665,0.117441112421929
-0.28625,-0.408320970903023,-0.543208764816067,-0.0538815472953233,0.0894244296079111
-0.615687,-0.354305634470532,-0.241973794590861,0.0576160768919473,0.188121694500347
-0.10515,-0.234422463808136,-0.316968586825327,-0.0153567630889419,0.172978873785566
1.34584,0.681832069284489,1.49056344313382,-0.103509470129448,-0.0996702519951423
0.39294,-0.0243856246867135,-0.0193515895378374,-0.0665115759525722,0.125531585582929
0.00494223,0.000621138972187156,0.294026270012362,0.040162630706911,0.0684946242192921
-0.41882,-0.539772681989495,-0.741787259418789,-0.366970896566801,0.097392511016655
-1.03417,-0.64969176967822,-0.719780696440871,-0.0618111740804995,0.293717032009021
0.491376,0.140614258290788,0.127889718077633,-0.00822416734154306,0.0494302157356003
0.753362,0.405597067055179,0.874741400364124,0.405438637803899,0.146768097172103
0.177772,-0.146845613668425,-0.178199779029301,0.181559617154563,0.412593645950729
1.9763,1.19229194932914,1.85667587500802,0.117078152085837,-0.123165475260236
-0.63705,-0.695027189016284,-0.759540265600063,-0.526814513900431,0.376350652498265
-1.40101,-0.840610921754499,-0.818456910541014,-0.0865896801168975,0.461463065405968
0.563965,0.122588643114913,0.253573321922573,0.0678309176733808,0.0293877288341429
0.809932,0.431393188053778,0.746145334245316,0.13019401543017,0.0756743568702291
0.0209713,-0.164321833427677,-0.0672944757266692,0.00671735123492344,0.307210220333102
1.35549,0.914013728056976,0.978116687964628,0.128404447233413,-0.179527407529493
-0.474519,-0.485591208688258,-0.468918874648434,-0.218593419144585,0.0819916056557946
-1.05513,-0.473081750915151,-0.525799758553592,-0.108143300376105,0.0656925175225538
-0.235508,-0.283882145027739,-0.251228377598096,-0.289419527862485,-0.170755565058987
0.108585,0.112417528629796,0.361221737617709,-0.497706444460709,-0.233430900659264
0.125854,0.060189750786071,0.0573332427567165,-0.31986206045979,-0.269093355308813
-0.70721,-0.205978904402204,-0.269978219625434,0.0223390904739297,-0.119245940666204
-0.105182,-0.0807633975098941,-0.112433249153372,-0.176452512817683,-0.260155949687717
0.371894,0.330265732976609,0.523495434394967,-0.482100567320931,-0.391898434767523
-0.590116,-0.408228368588566,-0.510217870646688,-0.45110375380077,-0.259205298750867
-1.06134,-0.450888816148561,-0.529634073134053,-0.25266016352097,-0.224150283136711
-0.331377,-0.229324056045159,-0.291318631781698,-0.399526137391686,-0.397036767869535
0.126743,0.159032303386413,0.368118773833588,-0.532774015998739,-0.440269943442054
0.023034,0.0286168980572901,0.00027084631010476,-0.545250215514919,-0.460095613115892
-0.626006,-0.230736692829856,-0.129400052666024,-0.409311322845578,-0.437106516308119
-0.84918,-0.656668833296241,-0.823440832892697,-0.818201152025473,-0.499894515961138
-1.28621,-0.752003377000035,-0.864150720058593,-0.564357282103821,-0.369400033657182
0.15315,0.143226498861004,0.106565241024164,-0.707684662803165,-0.653921988549618
-0.175081,0.0414027373430858,0.208979561214573,-0.691100369064326,-0.536103138792505
-0.663979,-0.513300445802775,-0.548295601304604,-0.699197915136426,-0.467529045107564
-0.992745,-0.459465122643312,-0.494096708087657,-0.329621537783251,-0.38901155759889
-0.50889,-0.286557902167766,-0.348536741479687,-0.492242529831675,-0.449514715475364
0.193601,0.238475199437632,0.422267218541968,-0.612047665222652,-0.541117484559334
-0.112325,-0.0384783870553003,-0.0451284376628815,-0.616285992691341,-0.515475655274115
-0.713312,-0.25198412834939,-0.211314400276129,-0.503475003852689,-0.48492224167245
-0.808639,-0.693214830939505,-0.84440017341635,-0.934160388699527,-0.536274323560028
-1.38716,-0.759782979387701,-0.900468099275178,-0.601835560838653,-0.355771842643997
-0.0201655,0.0890980844645803,0.0862148834095417,-0.609751705117021,-0.614752425052047
-0.304795,0.0247936310680584,0.0718037205059409,-0.28846596139241,-0.45041518962526
-0.325569,-0.229567791736078,-0.220355120312856,-0.474520810262672,-0.422377485947259
0.432337,0.456952306034203,0.540122049074879,-0.476185737172734,-0.683795524462179
-0.867863,-0.719960657052859,-0.851788658322924,-0.895205821285525,-0.504577979215822
-1.34634,-0.829634705609001,-0.882587195611251,-0.747723895600555,-0.51231789018043
-0.735674,-0.518250339941023,-0.539975083236833,-0.826348927428091,-0.716079904233171
-1.02095,-0.530818441161486,-0.530131127313406,-0.795389286245435,-0.55988249018043
-0.55518,-0.370329196163638,-0.365373464340302,-0.715298741728542,-0.539110163948647
0.0413394,0.210751821828805,0.323489520189182,-0.660823440565002,-0.572276630985427
-0.224583,-0.0449272443761917,-0.0276814852564741,-0.311385601086906,-0.41278427463567
-0.718064,-0.21238290549059,-0.226650617163721,-0.237418707910737,-0.231845275676613
-0.0824417,0.0317962038084537,0.0560198417739468,-0.301008951701886,-0.355957552047189
-0.291355,-0.00112268001245492,0.0489518622140946,-0.285331996255396,-0.263743525503123
-0.424165,-0.170997685927122,-0.22083911690141,-0.233608741379917,-0.228365923351839
0.411323,0.338200141853823,0.513711940789661,-0.37289050552022,-0.477225108778626
-0.250493,-0.0848805286393622,-0.0868939019251609,-0.472264290962875,-0.43419957685635
-0.766525,-0.245169097113003,-0.242457655623939,-0.552933255973389,-0.489679357286607
-0.971482,-0.727218128561074,-0.869015124196438,-0.978866318489274,-0.568929782095767
-1.43367,-0.813237416850426,-0.933662915198161,-0.727461773530078,-0.452282384802221
-0.138128,0.0221392089866565,0.0644003453142588,-0.727402665973022,-0.697199632893824
-0.369427,0.0376969314037483,0.0727537596223577,-0.426144427849107,-0.553230089521166
-0.515335,-0.255432754656494,-0.230908478670551,-0.585104056722211,-0.453394534524636
0.274133,0.388014277942326,0.558110567960822,-0.558691103158122,-0.680486138272033
-0.862438,-0.481665007813403,-0.572858627380333,-0.675564958262448,-0.496083907876475
-1.19902,-0.493051696586352,-0.55782908436617,-0.547025905059639,-0.481557093164469
-0.65306,-0.332868055529064,-0.387977200233476,-0.797044952198149,-0.595645469569743
0.0227765,0.308412569850582,0.357861115292803,-0.948230787645957,-0.731854984038862
-0.798856,-0.477625424894885,-0.567121623222412,-0.75942736307434,-0.54715279129077
-1.14685,-0.46046122509472,-0.546478062934285,-0.518866931492224,-0.481194785045108
-0.499057,-0.264436994732036,-0.342926670322987,-0.589062249303961,-0.576685587265788
0.0582102,0.247551361104792,0.271450486488668,-0.690190747870419,-0.630288746183206
-0.232656,-0.0230282510874988,-0.0618169671055636,-0.673694817672194,-0.588443235426787
-0.74061,-0.19242669081299,-0.239040089554074,-0.584423108448911,-0.584046993754337
-0.92573,-0.689517411208585,-0.889419847870043,-0.984398388559197,-0.605722201249132
-1.51878,-0.82560954713713,-0.964235519893108,-0.664106888173532,-0.394874321998612
-0.104739,0.0349860495618883,0.0749090551957199,-0.647566651574612,-0.581991010340042
-0.187546,0.081154211706569,0.0135619247225143,-0.363283993642098,-0.395097116585704
-0.380415,-0.208382912059574,-0.237187707860862,-0.393688245678812,-0.234043242539903
0.415736,0.390778784157757,0.478842728067394,0.168233619781964,-0.373548348716169
-0.389436,-0.170381458525296,-0.22174484756929,-0.366414858850013,-0.143980369535045
0.386717,0.441325299325916,0.489944980191187,0.110740242209591,-0.420852739417071
-0.731779,-0.446367669754903,-0.590405749971583,-0.562935997037027,-0.294608496530187
-1.15245,-0.436415330537615,-0.547794137965719,-0.424014053654968,-0.303126697085357
-0.571381,-0.285024977271563,-0.390002735461771,-0.537407182735233,-0.443568878903539
0.20228,0.279688717747917,0.268425835874731,-0.675583130302014,-0.603099968459403
-0.187921,-0.0621178181613921,-0.083024478640389,-0.695332635647669,-0.550176444656489
-0.707521,-0.181417260717527,-0.250757583605625,-0.576585519592406,-0.555674913428175
-0.986421,-0.723294891774403,-0.890419869050875,-0.888006163548022,-0.576600440492714
-1.42438,-0.73689993636094,-0.961560991414489,-0.672915864685648,-0.418934197258848
-0.0970051,0.056750092775238,0.0412808926233055,-0.337964478765006,-0.601116828591256
-0.312452,0.044127970273938,0.0551806686831725,-0.366768810677663,-0.414285462699514
-0.021989,-0.00420257845637852,0.00291827362540746,-0.329438179216734,-0.448022924531575
-0.299197,0.00129427084497821,-0.00020533801409029,-0.212023017115461,-0.37850745888272
-0.507923,-0.205731088332075,-0.268174356508522,-0.304842558799743,-0.370858146599584
0.43606,0.568061358295122,0.57601959322085,-0.555205941045174,-0.733338470888272
-1.05138,-0.732228050299948,-0.896155658162951,-1.02244750697842,-0.560950099236641
-1.57147,-0.871715213442624,-0.965832641842873,-0.878610252662049,-0.593289309854268
-0.781358,-0.500861494198,-0.556569376541007,-0.950751722911575,-0.826444135322693
-1.16053,-0.520004125538601,-0.519450533570404,-0.887696080957977,-0.643653127342124
-0.616715,-0.386676441677571,-0.38233673322326,-0.789548949197968,-0.652380525676614
0.202786,0.364815474145823,0.331005897776275,-0.720225977826593,-0.756998821408744
-0.307187,-0.0780732536286819,-0.0611896987536861,-0.724518858442548,-0.61658662925052
-0.719036,-0.213126668193653,-0.25362898282014,-0.600797532537216,-0.596247779493407
-1.02389,-0.682300524238546,-0.879926283911185,-0.900231009440873,-0.576084341256072
-1.39706,-0.782983116085268,-0.95198469569914,-0.717852176270435,-0.418921197258848
-0.0901293,0.0288317602358255,0.0566222908191493,-0.638378354823541,-0.618876713740458
-0.231135,0.115857263252251,0.0321713483444641,-0.326985764407162,-0.453964193442054
-0.350685,-0.19734120498295,-0.253239251417177,-0.452449589859625,-0.324761693095073
0.521716,0.468770606805521,0.44748163207999,-0.440107495911154,-0.548188118841083
-0.673918,-0.441611126611536,-0.597341837306653,-0.577634681128523,-0.338963011276891
-1.11228,-0.401629937028281,-0.555928036727938,-0.396555428464872,-0.315267618424705
-0.622781,-0.268336182260597,-0.374200728184323,-0.539367402615027,-0.444419576682859
0.173894,0.335278495135778,0.321889284132251,-0.707457305304045,-0.617603556904927
-0.336461,-0.0848375697901905,-0.0871145178077739,-0.705951498961238,-0.519685628730049
-0.729733,-0.187662613941396,-0.204284942401152,-0.639938334607744,-0.536974724496877
-0.832008,-0.459718971804125,-0.589976878965832,-0.59919832342254,-0.578955587092297
-1.11413,-0.436159616970805,-0.539074848948931,-0.552746468237741,-0.484582202637058
-0.523921,-0.279006050021849,-0.385026564198677,-0.657466374851901,-0.560787614850798
0.192627,0.369061494294701,0.341689496269457,-0.70154189447584,-0.680034420541291
-0.344828,-0.0931979663696902,-0.112273776907107,-0.65191491530697,-0.575230415336572
-0.681947,-0.189925608711391,-0.226457853667303,-0.575347427641409,-0.601894248091603
-0.930532,-0.704724871519313,-0.867061832930174,-1.01064083004344,-0.610172495836225
-1.53519,-0.858835788031359,-0.964301891561296,-0.68139893728194,-0.423430608605135
-0.170034,0.0190050455093725,0.0862558500219717,-0.653473111055656,-0.665462627689105
-0.198619,0.100613493193247,0.0883328670443873,-0.368328699316305,-0.531852297709924
-0.41166,-0.242290700038708,-0.218563325168405,-0.54710806230037,-0.407275820957668
0.471147,0.580496653149462,0.543462426219966,-0.512242465588211,-0.677304461138099
-0.978063,-0.71388180983359,-0.884671155016164,-0.94148251533226,-0.404350695350451
-1.48757,-0.796954936405183,-0.960907682518486,-0.652341699860629,-0.326369297709924
-0.246589,0.00974613809762626,0.0709539517585775,-0.595667907833085,-0.596577064191534
-0.238179,0.0995150397750449,0.0816309016276968,-0.427238388300176,-0.507748246703678
-0.525625,-0.255538836357365,-0.231200110474427,-0.590666908785506,-0.360937955586398
0.411271,0.512787583058979,0.533726115441099,-0.521172003412514,-0.630769055517002
-0.822197,-0.464581162453528,-0.575125126708926,-0.611802493720051,-0.387701128730049
-1.14499,-0.470153930958184,-0.532967961758249,-0.475925883495314,-0.343239823039556
-0.589047,-0.319764618196876,-0.360428168728451,-0.591949065694107,-0.390973572172103
0.223605,0.365604105134881,0.383502610418579,-0.681876769871281,-0.500085859472589
-0.233615,-0.0527177047546843,-0.048860020012765,-0.542223043400332,-0.364394165163081
-0.644178,-0.128490153574247,-0.180037748734028,-0.151595585445303,-0.292696568355309
-0.436386,-0.16617751950175,-0.194884325667821,-0.347736451639357,-0.294896008674532
0.575029,0.566749852130129,0.586026934151624,-0.644989342593764,-0.555082488549618
-0.784437,-0.476060559079465,-0.561441291641256,-0.586086298264659,-0.310445445870923
-1.12302,-0.431215882266208,-0.506541902350652,-0.409079862130788,-0.327392836571825
-0.524388,-0.301166661123443,-0.363377611092755,-0.563497818622338,-0.462738031922276
0.253378,0.367022042873632,0.391121858431466,-0.683854325582928,-0.605480399861208
-0.24893,-0.0386214811155424,-0.0421549123962436,-0.668691408932163,-0.534622373004858
-0.70318,-0.184151780016948,-0.18231590205563,-0.569476194886552,-0.593762091603053
-1.00211,-0.715975556116243,-0.874320731998336,-0.969754423456698,-0.652002402845246
-1.57238,-0.856094555842846,-0.956931229483086,-0.681818437854188,-0.496702946217904
-0.0602844,0.0737005959685635,0.111732711090655,-0.834031505772245,-0.778039545801527
-0.164119,0.172878299860191,0.122899459066929,-0.869415753972057,-0.695791698126301
-0.812866,-0.534720878618658,-0.555579015503884,-0.796007517947614,-0.556052165510063
-1.10469,-0.45842666044854,-0.51212690479758,-0.404874996974262,-0.468465676960444
-0.567378,-0.282408753142177,-0.337997604675289,-0.594533375905102,-0.517343989937543
0.247736,0.390098306868686,0.377422773538846,-0.663371963798935,-0.619214183691881
-0.257634,-0.0542622295934076,-0.0479399206952634,-0.648500428504688,-0.527723242192921
-0.606116,-0.175116425043346,-0.17907896133485,-0.556978014060035,-0.568287396252602
-0.889166,-0.69515762832612,-0.864041629001152,-0.971679311742753,-0.575536245315753
-1.54457,-0.815804744795727,-0.961410966431976,-0.628695282794804,-0.385485562803609
-0.109596,0.0742457088752695,0.0940611093471233,-0.667104799125688,-0.65738506037474
-0.207375,0.145009876889611,0.107722627576659,-0.322170098503311,-0.533004445176961
-0.487055,-0.208061985803205,-0.210122399366805,-0.514351212218691,-0.431975781054823
0.567181,0.621070490058467,0.521987530521154,-0.524957502197094,-0.782081414295628
-0.965249,-0.764610453546467,-0.874942924376932,-1.00872882532652,-0.554122795281055
-1.60188,-0.912477998567621,-0.964649664887993,-0.81270006333516,-0.528743534004164
-0.746912,-0.50721489451912,-0.53436496493556,-0.888201130130956,-0.775765936502429
-1.0969,-0.508340533115226,-0.486696258102437,-0.844935116408323,-0.570559934767522
-0.573615,-0.35668258858049,-0.349993266453346,-0.732986526204232,-0.517147574947953
0.287014,0.39983258107866,0.399843866441131,-0.655116885332164,-0.590911014920194
-0.226134,-0.0452219560807237,-0.0387319981234122,-0.346406868137047,-0.349095117626648
-0.630394,-0.145128404519967,-0.192612728759265,-0.179237142650634,-0.194437334489938
-0.122262,0.0236024618333734,0.0607479331523312,-0.292804820831081,-0.285213251908397
-0.200177,0.116559571853681,0.0876991750879735,-0.210183314620673,-0.224335324427481
-0.474076,-0.185905763764394,-0.205856413164088,-0.232620206067398,-0.143944570090215
0.690151,0.525392297638174,0.557041161017576,-0.342453350364024,-0.482195980222068
-0.296831,-0.0838981418117986,-0.0519086434780589,-0.466295680094558,-0.360375972241499
-0.664222,-0.169332712017685,-0.178074638438191,-0.560025519246643,-0.478664026370576
-1.00221,-0.755592166208575,-0.866731935494513,-0.986359472828021,-0.535957246009715
-1.60562,-0.841886831903098,-0.972748928516564,-0.687103022978589,-0.382337162734212
-0.130091,0.0485811390106957,0.0980865945322407,-0.667571337195474,-0.634172718251214
-0.120593,0.208444534523446,0.11626918457344,-0.339055136463904,-0.509965746009715
-0.434117,-0.236289946557333,-0.208720369314975,-0.540264940321102,-0.327204777238029
0.552939,0.56369960451157,0.559182660847836,-0.434764328161978,-0.599891638098543
-0.800687,-0.462501429288986,-0.575026993142966,-0.576170325077867,-0.365329529840389
-1.14665,-0.458527789320346,-0.50427381740732,-0.430927558555506,-0.359231748785565
-0.594729,-0.333677392224378,-0.353035745600548,-0.724107654461446,-0.465901339347675
0.302109,0.45084719220899,0.360688173278782,-0.891907292320066,-0.663198926092991
-0.761501,-0.471633043855831,-0.549191922518573,-0.705204581077507,-0.426181559680777
-1.06684,-0.413628346899228,-0.517555015351973,-0.437096628352162,-0.395492461832061
-0.542704,-0.270485294202719,-0.337932654642491,-0.501786479099728,-0.454893664122137
0.348118,0.435527052036647,0.379035272168385,-0.647590051621044,-0.590551467383761
-0.220408,-0.0464924898426509,-0.0260961447653874,-0.639741170611912,-0.481143321547536
-0.630019,-0.137883681774792,-0.198585614425455,-0.533489201624033,-0.527622161866759
-0.992648,-0.732705324199347,-0.877431749268877,-0.802569104606813,-0.503856004684247
-1.39052,-0.771803804193898,-0.9640825385266,-0.613819764976548,-0.339405812109646
0.013455,0.075524012500673,0.0897937207184111,-0.65727185545961,-0.512172118494101
-0.0652907,0.230100614624833,0.138111583300725,-0.272092959148066,-0.341069610340042
-0.46847,-0.215105693995304,-0.200848835881598,-0.385196603394412,-0.130727236814712
0.587872,0.529057339077196,0.557704886558,0.421309591243346,-0.341454315232477
-0.405344,-0.178486942050179,-0.190172153023943,-0.410710380317055,-0.0529860355655794
0.586209,0.61870798441109,0.565192050131552,0.379397769826276,-0.394569025156142
-0.731724,-0.472921528701794,-0.564652002884792,-0.552668736361581,-0.230038299340736
-1.1311,-0.467901044836441,-0.519725659532694,-0.402012617560764,-0.261532403192228
-0.627756,-0.323856662225771,-0.350995834786163,-0.551975724472479,-0.385083090909091
0.349593,0.414761615705695,0.323803739694976,-0.658839921498078,-0.600819175225538
-0.192466,-0.0462630651528,-0.0595868581361436,-0.676278042077549,-0.506207187369882
-0.634762,-0.167256856077324,-0.164837407321986,-0.58538710285141,-0.550926504510756
-0.940786,-0.705908982943526,-0.881589377882046,-0.918201111362479,-0.581577460444136
-1.602,-0.85550763499402,-0.969506801426384,-0.614454009849265,-0.378631153018737
-0.128944,0.0377705962732861,0.103736275252728,-0.367282396834538,-0.58130909333796
-0.108648,0.165678622062713,0.130472209267605,-0.280060126335928,-0.439583218598196
-0.159777,-0.0301422200409433,0.0508268318767993,-0.306284529816421,-0.36979109888966
-0.171331,0.109521134127118,0.107260586237244,-0.0830144331094237,-0.356943990284525
-0.466882,-0.205007030155615,-0.204528513691102,-0.273758818925784,-0.309098183553088
0.59999,0.647202851065192,0.522600766847504,-0.539500489219123,-0.698657381679389
-1.04222,-0.794825411429134,-0.899222040274052,-0.976137843264877,-0.491432412560722
-1.51534,-0.880016257571609,-0.968687992205263,-0.859613766231776,-0.550236511450382
-0.749969,-0.541936227102239,-0.541248620318977,-0.92950329785462,-0.780811682165163
-1.16261,-0.507229906112417,-0.493795394604709,-0.852067331840815,-0.594043321998612
-0.630655,-0.380482951806514,-0.360611088175277,-0.733399935891987,-0.596861302914643
0.342595,0.40742136425579,0.397147327350478,-0.690592907241901,-0.735357633934767
-0.221159,-0.0719648591338198,-0.0406393681135704,-0.698054786512593,-0.580408812630118
-0.673712,-0.197685956807677,-0.198353297715132,-0.57552949416416,-0.569473378903539
-0.954732,-0.74360003147265,-0.884832726339065,-1.01300490619773,-0.583759894864677
-1.60427,-0.851739917182097,-0.973942750728618,-0.666461505551697,-0.378447362248439
-0.113226,0.0438473855438756,0.0989077096122279,-0.652297357888985,-0.625212243233865
-0.116643,0.166729183913062,0.123109966015479,-0.322586499037759,-0.485906895211659
-0.399289,-0.243512735987936,-0.203735223573696,-0.537314699696066,-0.310874437890354
0.606318,0.590090538203443,0.542870767622576,-0.430704175000241,-0.575517294240111
-0.793183,-0.489902737738909,-0.569540776905418,-0.560505995498351,-0.316789793199167
-1.16276,-0.440216894439106,-0.499220197063594,-0.412083796434496,-0.297187515614157
-0.576683,-0.317990980547684,-0.355299049041163,-0.57373733647134,-0.427762592990979
0.269257,0.397502279359874,0.418561721962529,-0.691130699306259,-0.599871495142262
-0.256545,-0.0528032744278783,-0.0488655110845227,-0.676928466512286,-0.493028526717557
-0.662909,-0.156978826617913,-0.178636785115875,-0.592657663915862,-0.519334645038168
-0.823399,-0.448381822881044,-0.56597991070829,-0.632218798881635,-0.564120779666898
-1.15408,-0.41130298505355,-0.515308698794566,-0.548112591053098,-0.48058572796669
-0.659445,-0.291996963564198,-0.378939997726548,-0.644489238791641,-0.539157837612769
0.227618,0.38255236387381,0.363412029402762,-0.700257103521365,-0.690380008674532
-0.263309,-0.0892159652943568,-0.0749911686757292,-0.726354099751802,-0.584623753296322
-0.628347,-0.17597519448941,-0.191939381568757,-0.611112757128875,-0.609718052394171
-1.02322,-0.718364735908638,-0.888412726997851,-0.956215869619419,-0.585929468771687
-1.55318,-0.864306866788715,-0.965787680889647,-0.688104768327802,-0.406887530534351
-0.112375,0.0301496571633004,0.0829099532079195,-0.673211650496895,-0.651592507633588
-0.176198,0.131532618464913,0.131074471733902,-0.342227451628366,-0.48264080222068
-0.445663,-0.222262251725744,-0.212363309436403,-0.470384699110364,-0.312060756210965
0.577626,0.635558039337359,0.597445813367574,-0.463359382984806,-0.562069258952117
-0.703368,-0.641387550493384,-0.788976909923459,-0.877587249881009,-0.280037627168633
-1.51507,-0.779877231594095,-0.937608559358378,-0.417613322937439,-0.0651270386884108
0.281572,0.171373406089415,0.216261036473017,-0.299736533082484,-0.437614044240111
-0.0367054,0.131633150692495,0.294457069260881,-0.123184555060416,-0.233460498091603
-0.0996013,-0.108351401011247,-0.086876246796077,-0.255762301332712,-0.153782628730049
0.527109,0.456618285794533,0.694279059396757,-0.237018022311065,-0.361545903018737
-0.524753,-0.387868486793147,-0.470602123730425,-0.396137156330649,-0.204275664989591
-1.15454,-0.469203343622973,-0.507595142412708,-0.187741240524647,-0.0894238055170021
-0.31815,-0.229201466552714,-0.259431879825992,-0.355638561641128,-0.219176873317141
0.410723,0.319802363146134,0.461735236167448,-0.530716152956575,-0.29668854278279
0.114233,0.0794815917508976,0.066380784744015,-0.348797168133545,-0.22197782130465
-0.676399,-0.172781987793899,-0.179210204862855,0.0866096896344375,-0.064567609646079
-0.153363,-0.109077584662887,-0.113093906544443,-0.124772283294664,-0.161728151977793
0.714524,0.570457375774912,0.73969991404641,-0.492445452928444,-0.38398390981957
-0.59238,-0.43758547839953,-0.499037922411057,-0.477676622180721,-0.172150191707148
-1.10808,-0.408558933442981,-0.466607441709624,-0.235202401009989,-0.150856243754337
-0.379843,-0.269269837252253,-0.299081024703994,-0.408615185153446,-0.319104459229702
0.420106,0.378953654861805,0.556148721527687,-0.524143614975125,-0.443067882199861
0.0246649,0.0121162000881439,0.020083339580664,-0.554498795525167,-0.393521314691187
-0.550197,-0.139074929875778,-0.116466156181307,-0.393916724945917,-0.423437044552394
-0.83111,-0.687629322082111,-0.833120677501532,-0.891080265956035,-0.504855835877863
-1.55634,-0.832730766687251,-0.938959699035345,-0.500421706653428,-0.3125074944483
0.163844,0.140615970285168,0.155188795042828,-0.671564909034089,-0.639007412907703
0.00933626,0.219893973592514,0.288454105851468,-0.715450779639156,-0.534193862942401
-0.559465,-0.489950337033037,-0.529680063471106,-0.738055768434409,-0.42860125815406
-1.10078,-0.427009367592125,-0.451380892233227,-0.223920333543887,-0.28995876092991
-0.466596,-0.279818969072917,-0.334178227154183,-0.437997955415416,-0.36545002741152
0.541056,0.453968017063532,0.579877837525638,-0.555799547003863,-0.507935645454546
-0.0573279,-0.0176003007809892,0.00103247132625371,-0.591584121830811,-0.409120456974323
-0.575315,-0.140291389135123,-0.11753921073413,-0.425311606911548,-0.437220005759889
-0.859789,-0.69518190633745,-0.832922078671843,-0.891333861273373,-0.460811677654407
-1.54001,-0.820607116089808,-0.944271705151003,-0.536354395889271,-0.250651354614851
0.0594972,0.0883265849748981,0.127290856833444,-0.578464671085507,-0.537908101318529
0.00787974,0.235538482932065,0.209871152549261,-0.159419337500938,-0.401197081158918
-0.343294,-0.224820342908402,-0.18320144270704,-0.413403818659689,-0.270013359646079
0.841891,0.755372588873595,0.711417436048037,-0.356045653231663,-0.653987923837613
-0.841608,-0.743287949224553,-0.849435146851276,-0.885936270059189,-0.398795107390701
-1.5304,-0.860036993570642,-0.945684882223299,-0.677171227619767,-0.375080080499653
-0.559913,-0.517685095429864,-0.518620742310155,-0.82333085393001,-0.667289423858432
-1.07273,-0.436463691826639,-0.4373493503455,-0.697403370706209,-0.428792675017349
-0.473185,-0.34195256854158,-0.346701934554666,-0.635488654303825,-0.390561038757807
0.492262,0.452553887242967,0.528456978556843,-0.557481196770357,-0.485041607737682
-0.0876071,-0.0397219601192554,-0.00236942923635955,-0.226940926612482,-0.226587468771686
-0.56513,-0.105458933870576,-0.116222828529785,-0.0299814268726582,-0.0572148017002082
-0.0157409,0.0344124752049184,0.0816550864078448,-0.145805210799036,-0.154683548577377
-0.0116197,0.14412476444838,0.191822385817172,-0.102024494239209,-0.106008284524636
-0.337436,-0.179157165586285,-0.213772485318647,-0.130524089988888,-0.0125727729007633
0.801825,0.601035989751877,0.754510728140596,-0.188525704431208,-0.350136194725885
-0.200328,-0.0889225050849267,-0.0504450869708589,-0.333554603061506,-0.222330689139486
-0.485092,-0.0959397353648526,-0.111632088731392,-0.436815815570806,-0.358317728625954
-0.881426,-0.740226021291235,-0.859463003990996,-0.893227637947013,-0.395111921998612
-1.50421,-0.81954757055872,-0.937424201491105,-0.559843349680871,-0.234252401283831
0.0197099,0.0430985404426985,0.0937229666870165,-0.545506753214773,-0.490530638445524
0.0575244,0.282101465391096,0.219923810319877,-0.159078325090627,-0.36655564000694
-0.328578,-0.229481128776195,-0.214584250723815,-0.411281198955212,-0.154925612942401
0.862129,0.713475108101916,0.699852162015284,-0.296488542197695,-0.484180606349757
-0.672872,-0.495822204262624,-0.55700003943211,-0.500480214602128,-0.222818876995142
-1.08245,-0.407555941439319,-0.46259937257645,-0.330803452237245,-0.229899751943095
-0.555909,-0.332451594924346,-0.357156239943938,-0.632739120148387,-0.34353083851492
0.481333,0.521282007344946,0.491330863767685,-0.823493450033537,-0.586241682859126
-0.679339,-0.49895597926242,-0.544618365051228,-0.657192547470277,-0.333739323733518
-1.02633,-0.412945468871253,-0.465028439410515,-0.398241830557627,-0.308416426439972
-0.523551,-0.307909711607306,-0.339292546936471,-0.480349218393405,-0.369437120055517
0.494377,0.477821714247455,0.482851875789015,-0.568617045925213,-0.538517215510062
-0.173387,-0.0590304517755209,-0.0230656212698102,-0.595007475997104,-0.405648774746703
-0.489965,-0.104888434159431,-0.118716342717405,-0.473985680497584,-0.49114308629424
-0.889764,-0.726302458951539,-0.848023508117048,-0.941228566826691,-0.484366870402498
-1.5764,-0.816691941972747,-0.954137747190503,-0.573141469721464,-0.270709378383067
-0.0234431,0.049406362082389,0.106880279857309,-0.574453598272318,-0.472204143997224
-0.00422572,0.233456140217471,0.157229987479305,-0.255858004581099,-0.296036679215822
-0.345941,-0.230821739891088,-0.192897303054409,-0.371974821426164,-0.0695916854614851
0.735484,0.625204320546995,0.622498353263572,0.488592938959047,-0.26886571148508
-0.381275,-0.180470431651716,-0.196790782707101,-0.314836439024473,0.0664097447952811
0.863965,0.768167814686226,0.674049274802578,0.311118447029467,-0.3365773037127
-0.709025,-0.483581725101015,-0.547730392257155,-0.489537528808489,-0.11715246055517
-1.11122,-0.428234586721377,-0.48359933025853,-0.338994318047907,-0.163051051700208
-0.531584,-0.328342872885755,-0.35253116183214,-0.497711162763886,-0.308401768216516
0.505455,0.478768359027621,0.457192036067319,-0.6210036129932,-0.545357585843164
-0.197546,-0.047450730127702,-0.0489739369475308,-0.624071793602465,-0.417263032657876
-0.571298,-0.0899122808541312,-0.13711681184857,-0.473450835647768,-0.490261642678695
-0.88857,-0.714964441671636,-0.855176646991485,-0.918363349935421,-0.511832682512144
-1.53385,-0.77929052811095,-0.950715128176494,-0.582583509604825,-0.30668295870923
-0.0530054,0.0659291316603446,0.100992289781874,-0.343888884792639,-0.498933609646079
-0.00998452,0.248360417700731,0.205451345113039,-0.228697529989791,-0.354927620402498
-0.100459,0.00253044232214175,0.0529754642635901,-0.256998700017966,-0.264532830673144
-0.019429,0.172568314996705,0.157792804837046,0.0562247496347324,-0.264499781401804
-0.406158,-0.193956540475504,-0.214679062391898,-0.193911859408159,-0.178846563844552
0.880587,0.827794253152576,0.655720671298084,-0.442916717701866,-0.624125735461485
-0.974636,-0.769880723206791,-0.863300464969361,-0.920908605458045,-0.37274393480916
-1.56817,-0.892557568906586,-0.952627499686692,-0.74053577892688,-0.409796847675226
-0.61929,-0.515723859807265,-0.530589313418312,-0.850592459885207,-0.670655283483692
-0.992746,-0.420255722835134,-0.422505498304044,-0.742386546057404,-0.472824496530187
-0.478752,-0.354288267447942,-0.366538023481299,-0.656724143075131,-0.456054886537127
0.577481,0.508786302053591,0.450274423483146,-0.543551523558815,-0.62047789944483
-0.134151,-0.0332114873570176,-0.0538609174502608,-0.570782985254425,-0.434110313913948
-0.503523,-0.0941519407429338,-0.160619863014342,-0.435558030656764,-0.460635030360861
-0.906461,-0.711976457384668,-0.853044230277549,-0.895392719762615,-0.457445602185982
-1.52491,-0.797644661380658,-0.960123937872259,-0.571530536602138,-0.271283569222762
-0.0524292,0.0745094438979912,0.093706508468218,-0.566877139884191,-0.510429428001388
0.0777983,0.283305484012156,0.150142099116874,-0.194686571427779,-0.403804180083276
-0.354143,-0.226437488906722,-0.202192255213942,-0.477551561743637,-0.182078928348369
0.799943,0.700653245481658,0.645499891719566,-0.31241129197039,-0.488118467557252
-0.743127,-0.462226917027917,-0.560948753843289,-0.479726277948738,-0.191804645211659
-1.09783,-0.395547937745074,-0.473249192176222,-0.331553333942145,-0.17265545999306
-0.488731,-0.306966270328368,-0.35708989882445,-0.495714721084975,-0.289253111623872
0.546254,0.50006665066508,0.468147659357502,-0.58819993267105,-0.495357816446912
-0.13764,-0.0747129343977522,-0.0528182486741222,-0.585779513147672,-0.339515814018043
-0.515538,-0.109766074660563,-0.129299377265337,-0.443714923004121,-0.380940462873005
-0.722381,-0.453787790708656,-0.555274452220692,-0.489614411475253,-0.411367416377516
-1.03169,-0.399423529239911,-0.463235046528125,-0.405662686959209,-0.325331047883414
-0.511304,-0.29330939898451,-0.353098652697758,-0.535820303552754,-0.379880992713394
0.496046,0.484727690417831,0.442633143568874,-0.552495433695078,-0.560538125156142
-0.146627,-0.0511988859771987,-0.0653884264573926,-0.580098081271501,-0.41774307685635
-0.432214,-0.0762858063105429,-0.107362986584959,-0.455878901822713,-0.479598692054129
-0.877649,-0.723970140062333,-0.855815887004528,-0.919931360117207,-0.458129102532963
-1.58148,-0.828027526421547,-0.954405175523939,-0.54457015553758,-0.208962132026371
-0.0129257,0.0589489595785272,0.0939241358689557,-0.557334255992906,-0.456427405968078
0.07426,0.312222543834769,0.184982861139354,-0.191006059294323,-0.213216948126301
-0.361427,-0.178103582392652,-0.201277054845102,-0.0800749771098099,0.11392407241499
0.878144,0.699163984119291,0.664622289438933,-0.134297991323527,0.0279637493060375
0.726237,-0.198939120730099,-0.384690388474943,-0.355338484295575,0.182818101492019
-1.57431,-0.758388914596117,-0.974884421698682,0.44209860691735,0.980587541047883
2.46982,1.26954109311933,1.22585436577376,0.817230412912664,0.103375324427481
-0.0530378,0.0737046186759865,0.245650686491147,0.710658981673703,0.979676262317835
1.90188,0.835316561106694,0.680701736533469,0.911188355646431,0.499233122137405
0.489558,0.296518060801183,0.641282746904011,0.654725367240542,0.854025479528106
1.20287,0.224175571705265,0.0790283917233208,0.658916213496854,0.482888575988897
-1.20823,-0.434567620648122,-0.542732959262144,1.11466005853849,1.13420114573213
1.69981,0.567336438876345,0.424745251624823,0.838829171659459,0.410566280083276
0.199154,0.127177101690007,0.412301797314647,0.452102175719211,0.995149519430951
2.25262,1.25379212139126,0.966314521529898,1.10403724368035,0.41637589278279
-0.650189,-0.277172707120091,-0.209798034357584,1.15403180517706,1.20020125954198
1.9314,0.814941124925008,0.689472617262918,1.22967769243431,0.481770304649549
0.506926,0.309897879601341,0.648761353434732,0.659075270906187,0.893109365024289
1.24532,0.237337277967281,0.0908344897817071,0.504858188365879,0.498665172449688
-1.138,-0.434801028387651,-0.541507316211335,1.14803921273738,1.08204574566273
1.67706,0.588773317919916,0.434821425841445,0.866730040318392,0.313948265440666
0.240783,0.144297593599831,0.429350703399773,0.494708078836338,0.852591386190146
2.19516,1.01395769952784,0.969910164404098,0.491779624483276,0.230282864033657
-0.568687,-0.200381941297887,-0.136525807520739,0.506809464740379,0.82331568305864
0.804784,-0.216678977584993,-0.391292899574451,-0.240760311411522,0.243839851708883
-1.57338,-0.751845191665398,-0.975682047530456,0.657473652664155,0.97372465453678
2.50979,1.13617220942845,1.20546119088146,0.0877796022690173,0.0038380501821652
-0.000205455,0.134801526672165,0.271345496566091,0.292894154042547,0.793849977446218
1.33704,0.218566381719138,0.087840667489672,0.268003224807427,0.31811357342991
-1.13177,-0.445643126049727,-0.466578048967431,1.07141726835213,1.02540638458536
1.69996,0.584792687349862,0.414326511223992,0.818890255742733,0.328747311806037
0.353412,0.22496398206022,0.545156827674649,0.577856307763513,0.882907908943442
2.2929,0.953239370751771,0.943363381811472,0.513142613235057,0.24965721379077
-0.641965,-0.195747167266325,-0.163737499904241,0.609810611520117,0.910076538861902
0.962007,-0.163588996472179,-0.363857044169545,-0.1878824791445,0.31695106315059
-1.53166,-0.748876422546819,-0.981893407648282,0.659780110761286,1.0838617814018
2.47379,1.32307534086933,1.21268180854347,0.598258182568365,0.113761562109646
-0.167328,0.0620500786738056,0.124496307070867,0.776347630097826,0.969126783483692
1.95495,0.869100938960262,0.706291602748845,0.787788650688107,0.326364784871617
0.504339,0.438833546779244,0.616833359088819,0.610743381959072,0.638986090215129
0.870889,-0.0331110723703803,-0.348083951491921,0.136493179577413,0.263775323386537
-1.59139,-0.691692571001687,-0.987666424168369,0.321873587697886,0.84322422796669
1.40349,0.338759662946537,0.175158649393525,0.353148566122694,-0.00572257009021514
-1.09827,-0.421678242834749,-0.525524586568754,0.230639226875866,0.879950026023595
1.72417,0.662843797906174,0.455138211209104,0.721161513019181,0.306877704718945
0.275207,0.207646061069538,0.391088788372596,0.586726119505367,0.969567536086052
2.32922,1.37778152663422,0.983918549449168,1.44554180490878,0.525104056210965
-0.602584,-0.297133265835126,-0.224777742438025,0.763457932047265,1.45752675225538
2.5887,1.65852257490784,1.21459114393331,1.53742029479596,0.613701601318529
-0.187434,-0.0453400746373375,0.0425792739946945,0.714673306920382,1.43877163601666
2.10002,1.01468674077515,0.702155010926651,1.52439528834265,0.74992297258848
0.566005,0.332759136641037,0.545744572526013,0.922085798213619,1.17804132373352
2.36676,1.02949304126164,0.944375354107495,1.16042676778322,0.472592872310895
-0.630915,-0.219545441891498,-0.219588138521783,0.667263851440164,1.08245692054129
1.00709,-0.096854263956742,-0.323906354141316,-0.121309763809958,0.40822879111728
-1.58991,-0.79797512036845,-0.969869886560803,0.673896267243013,1.19057146079112
2.57439,1.38628925891288,1.23726839084574,0.709028955101559,0.208610204718945
-0.134448,0.0795749634932443,0.0842973200682083,0.871529983405987,1.14400700034698
2.18489,0.933917019687437,0.729241436194049,1.01172190577006,0.559885207147814
0.63233,0.456710318944618,0.551914006390555,0.809643952617621,1.00875394864677
1.52858,0.389004959679902,0.189611611032151,0.826857368226324,0.566101672449688
-1.11222,-0.489632621296794,-0.543061606297951,1.34700573322635,1.24117155447606
1.90939,0.699146140510466,0.506307623871366,0.941714810543252,0.412436200208189
0.359972,0.263636872771968,0.359438321310477,0.607265060072927,0.935275577723803
1.59787,0.471310466273311,0.203048515839459,0.734048977729516,0.494092962179042
-1.10042,-0.442643932292411,-0.541355407475582,1.30505322626136,1.23963727793199
2.01571,0.778703369512647,0.505476595418957,1.09656253684565,0.461690192574601
0.438357,0.249115434356847,0.340148161842235,0.740371725014479,1.08658726231783
2.64423,1.10795168617126,0.994480222063096,0.71573890887322,0.393001859472588
-0.593648,-0.195856337194047,-0.220953838033327,0.753237885154867,1.11869926266482
1.19366,-0.0772695224060372,-0.288159268031444,-0.052115289426187,0.463933688757807
-1.51422,-0.757574174173223,-0.976731525691317,0.801966787436409,1.32693264573213
2.80773,1.44792350939988,1.27936519416731,0.761171089035353,0.355380055863983
-0.116608,0.0620978093048521,0.0680942435181825,0.952204829531526,1.36934808119362
2.20316,1.05696071585966,0.737234219472105,2.0265681921899,0.796085181124219
0.705956,0.44468822081464,0.490708645565213,0.788792605762389,1.33844490284525
2.23802,0.972293200392337,0.739507371369911,1.97023915124081,0.876483144344205
0.614634,0.427879073741151,0.479986133696691,0.821927068764139,1.26760968077724
1.58778,0.403722502243209,0.19303655736222,1.04536196829474,0.73072356870229
-1.12572,-0.457691727522322,-0.56060566913274,1.37571705397336,1.38677617453158
2.04465,0.767852026483063,0.517566174183506,1.09164226563035,0.506288085010409
0.322932,0.218664382189988,0.291737266266304,0.700917784358585,1.09651158743928
2.57408,1.17398441262977,1.02076910010497,0.70034906736713,0.381252522623178
-0.587767,-0.20492594221044,-0.217411500047082,0.696419716861683,1.11518211380985
1.20616,0.00112930873096289,-0.276388747774351,-0.0492031533902099,0.464886535843164
-1.58055,-0.828156904895394,-0.977744187862191,0.811026930493087,1.37608430968078
2.91951,1.54108187362001,1.27857072512195,2.05905879980354,0.391165480048577
-0.0508748,0.0855306982597267,0.058780954246224,0.186496101020065,1.43975749913255
2.91612,1.61683321894003,1.22168573318879,2.1602034259224,0.642993603573907
-0.0596127,0.0310074501620443,0.0369515512873625,0.398911759835674,1.4803273629424
2.35015,0.873066950800784,0.755293175030854,1.16665626074581,0.68645197519084
0.689584,0.518867638706741,0.502456912090162,0.878873464202864,1.00405677984039
1.16985,0.024061960022531,-0.290684068610235,0.380440346488151,0.501114482893824
-1.56352,-0.696495919032854,-0.981786835570979,0.522493236622531,1.10692323577377
1.75325,0.434020430033013,0.218438167098696,0.573604629605537,0.163707833900069
-1.07624,-0.39830284524603,-0.511677753162791,0.458766576188743,1.10151987161693
2.06714,0.740129518123192,0.5176597917316,0.969356381047023,0.380554397640527
0.476476,0.302097757115506,0.351709803847597,0.847338969196258,1.04281613809854
2.73875,1.11563811790758,1.03384496936956,0.741898152409515,0.400534141498959
-0.453724,-0.165202275366058,-0.217059993756602,0.760688308531177,1.17080561172797
1.14617,-0.0894504581205176,-0.289617243351209,0.0202407132570579,0.560498641568355
-1.57443,-0.778785540625761,-1.01078315002338,0.87746308754027,1.43040360340042
3.11046,1.49036567202272,1.33712638801001,0.853752761264563,0.337568733865371
0.0194218,0.156309579182237,0.0852037756135014,1.04849757848653,1.37386248785566
2.39033,0.969797504886341,0.787192749154601,1.22201172832144,0.741177007286606
0.78197,0.498704417384588,0.531056550776351,0.986588527777469,1.20852814191534
1.64841,0.362056782306843,0.195698311401966,0.963719638140067,0.786050573907009
-1.06359,-0.410621044538008,-0.518747890799281,1.51098673075061,1.50660623455933
2.13418,0.718152935592288,0.552636951756393,1.21561736494693,0.642550028036086
0.470184,0.333246771686059,0.385019278547709,0.876622737546431,1.2534031037474
2.79652,1.20228242017524,1.04609458874384,0.930838423549087,0.560130830673144
-0.436491,-0.149821998860724,-0.173341524674936,0.706969303943745,1.34148044587092
1.7985,0.357409146722626,0.20180936600086,0.713885097264691,0.564160781748786
-1.09801,-0.411730256100798,-0.522336432984134,0.884496048222862,1.37299350624566
2.05734,0.762565365521526,0.535743977640022,1.03597264391201,0.549739475711312
0.508989,0.328643150362603,0.374827953649535,0.838648586238779,1.14587561068702
2.81422,1.20866276011016,1.07496748541508,0.73005842040855,0.427120398681471
-0.461977,-0.121374222795334,-0.172355587541345,0.783497308459672,1.1750474722415
1.03071,-0.12009635277193,-0.312388933146059,0.00579002281361252,0.589164994795281
-1.60356,-0.81943144838193,-0.982972679611886,0.911614093930331,1.43567658501041
3.14815,1.58900808430033,1.34294829727666,0.856553436166638,0.331445285912561
0.23421,0.212029472032313,0.142598560935694,1.10798380601525,1.33997213913949
2.38974,0.988990188799273,0.784751667521221,1.12818219615185,0.723673155794587
0.918625,0.671766322912552,0.558513267411206,1.00202797611649,1.07374066099931
0.999773,-0.0955944007716564,-0.323156664405744,0.218981605643668,0.83736070888272
-1.61065,-0.807087143826794,-0.995767128204789,1.24225205641095,1.59714862942401
3.11683,1.53661906352575,1.31697395888957,1.08483746710409,0.440595326162387
0.127562,0.201796804972916,0.146223656499287,1.10985246089195,1.4512260166551
2.44928,0.995151776066633,0.790842489449119,1.27692593706841,0.838723020818876
0.909408,0.601172357825334,0.580116240644695,1.07679301327544,1.26056343615545
1.72367,0.365441716810511,0.202259010958613,1.03457971701302,0.853297708188758
-1.01553,-0.404193655324204,-0.51254795382082,1.58825713587664,1.59114500520472
2.13974,0.704382626419369,0.53957815106338,1.29015957569317,0.80355779944483
0.574736,0.361875782543577,0.386440633848884,0.912467288469207,1.43818100624566
2.8886,1.44034329618348,1.04843502511776,1.52982080672597,0.789587219986121
-0.415305,-0.129491452676775,-0.168249288853501,1.63940312514707,1.67963827723803
2.46733,0.986672180441361,0.80197507237335,1.71899972709978,0.879038283830673
0.944451,0.578935251279227,0.576814806375668,1.10691782955352,1.32561608431645
1.81544,0.39958347877014,0.221056739418605,0.875789558259727,0.861748604094379
-1.07598,-0.409716542522745,-0.500525923822778,1.64156606527731,1.55521486988203
2.17762,0.766383404565621,0.554139090024377,1.30770963358662,0.657400307078418
0.627794,0.407580223397693,0.39180356415315,0.902300239090103,1.24415785218598
2.80699,1.30812412249569,1.06568259416022,0.813901124479749,0.530618287647467
-0.485919,-0.151830908614413,-0.17194427670056,0.885146115575011,1.22251939104788
1.20792,-0.064395861819172,-0.30330989095451,0.0406373796618248,0.517391977793199
-1.53526,-0.799834041170713,-0.983438228565388,0.952665865039154,1.35197451422623
3.15609,1.44460526831965,1.34346257038831,0.297279980748832,0.218870887925052
0.134129,0.276960210166942,0.132190909320826,0.575686454504673,1.14118179389313
1.65798,0.399578072937922,0.20895026063254,0.549342352121304,0.594514067661346
-1.03554,-0.431026740537354,-0.511578932478316,1.35900553058965,1.37952084316447
2.15859,0.78482442750704,0.543351511652667,1.12311829170977,0.604373907009021
0.653135,0.416000634212009,0.400830883197324,0.89863852093184,1.24100169500347
2.92268,1.27588542483957,1.06979963869227,0.823434649157353,0.51034437369882
-0.444778,-0.133714933121976,-0.16832862296925,0.875694311910301,1.26115718945177
1.19678,-0.0163347019047037,-0.282320127959196,0.091573957587167,0.627130817834837
-1.60894,-0.803108116273997,-0.984330153103512,0.962994234208327,1.50381610860514
3.17318,1.60174964016542,1.33934055214198,0.904915736564718,0.373146358431645
0.176081,0.218187586886975,0.127468189090287,1.15617819169972,1.36122064712006
2.47533,0.97934938730956,0.785885689331932,1.16283976588506,0.659275382720333
0.947447,0.686214962472684,0.558191125231736,1.01501843501306,0.933263723670118
1.21059,0.0956401394619921,-0.27743587271114,0.454349274533914,0.478550538259565
-1.60608,-0.731099953541679,-0.998536370952861,1.50742416185875,1.08653196026219
1.71913,0.499822577728019,0.262872553469007,0.286243854376149,-0.294307448693127
-0.991709,-0.407257061028517,-0.480724527873462,0.196013490804947,0.744598247744622
