1000
0.593484,0.386198142171928,0.139910813367496,0.453558004288595,0.0655909888965996
0.965677,0.441636735713467,-0.107363717188673,0.443249414974434,-0.241185910939013
-1.51501,-0.676364310290636,0.388599886662726,-0.209729000962877,0.420369830807046
0.765764,0.296927381624073,-0.106830824583394,0.374220581066236,-0.368939507876969
-1.22722,-0.480705629668545,0.205217707063168,-0.168026404976688,0.225979596215637
0.64784,0.239371317181253,-0.105628076189484,0.184928577074233,-0.250640666551006
-0.257182,-0.121269103879434,0.0971086020546565,-0.0312385213169618,0.0605598487161693
0.871342,0.129853729091664,-0.0927988671109643,-0.131402488048379,-0.315874047536433
-0.840333,-0.318861257366117,0.132298485644303,-0.175121616412946,0.0745170402498265
0.420169,0.114664502358496,-0.119379254627936,-0.0248800230502879,-0.408260967730743
-1.40394,-0.529171789276036,0.1424250551752,-0.584501045855339,0.0600216658570439
0.609637,0.138282577118145,-0.094906301248194,-0.410143612187261,-0.516334733865371
-1.18343,-0.459198889274221,0.113233373954455,-0.610170373108618,0.0122605124913255
0.135346,0.159062683227147,-0.0750337964256175,-0.269464455828713,-0.303858474323386
-0.141879,-0.137765536824506,0.00820113715138916,-0.113454481213283,-0.0841658268563497
0.779731,0.159294560363633,-0.0739990795205115,-0.388490311242565,-0.301176623872311
-0.745111,-0.344806362426718,0.040812048797029,-0.223541043853463,0.111047857390701
0.282485,0.23346293745,-0.0474072724967661,-0.128038813065784,-0.266196672449688
-1.37864,-0.566977703072887,0.120270597171035,0.124807142907432,0.254162616932686
0.612358,0.200955805635512,-0.0968901872321498,-0.0260092384571985,-0.128280480222068
0.67786,0.231102010714278,0.0526127063098745,0.335902771516293,0.00632433448993755
0.950463,0.289778794831605,-0.0659449522696113,0.244655929052156,-0.181250057251908
-1.64432,-0.6354911885264,0.313896263840836,0.468655982879052,0.402701325468425
0.485421,0.152981996656006,-0.0937595825823846,0.145403425517044,-0.209375961138098
-0.19449,-0.0880166555230466,-0.000859741614095603,0.0462289243675981,0.0710874906315059
0.814601,0.177739387439895,-0.0916935786396328,-0.294376237858407,-0.224880465301874
-0.787539,-0.297575593485427,0.0532708175363853,-0.173939869524077,0.148516882720333
0.375075,0.25375326181114,-0.0682238973590717,-0.108996636528531,-0.270591639486468
-1.39531,-0.504566563719034,0.212091585381933,0.125447785740163,0.287314107911173
0.658225,0.207932107479255,-0.0726545233122345,0.0142736738877626,-0.15225883240805
0.676714,0.219700245344229,0.0562520889249198,0.337703667179266,-0.0432035652324774
0.950273,0.265863680282987,-0.0763134243370129,0.246684379287119,-0.238135695350451
-1.6914,-0.629447823403424,0.3850421501822,-0.0335625701729941,0.333823662734212
0.518093,0.168628747485254,-0.104150852377055,-0.172430976482815,-0.319968146079112
-1.14928,-0.455686303710231,0.154804316314196,-0.179484039546237,0.252897701943095
0.274289,0.195303865284922,-0.0585129745662654,-0.107920375517856,0.0220519729354615
0.684095,0.193625212298009,0.0387296309212417,0.310323061156992,0.115192030881332
0.955316,0.270423049292817,-0.0999424931577285,0.370903863546256,0.0484131557945871
-0.208937,-0.0624096917412762,0.0306523551805918,0.29929648626915,0.334656369535045
0.816397,0.236306568343902,-0.0878256213180127,0.308468864291508,-0.135523861901457
-0.789783,-0.278461999637052,0.112668345520014,-0.133304463440919,0.150124422276197
0.377025,0.275649576975779,-0.0847073207364837,-0.114591080377554,-0.377077470506593
-1.40744,-0.52345587562125,0.166659610459104,-0.572519316763154,-0.0232280072866065
0.659729,0.218159841849745,-0.101168195635559,-0.358828205864455,-0.702637717557252
-1.68217,-0.741996775730122,0.151530418397335,-0.668671282778439,-0.0932934920194309
0.519121,0.240846150949169,-0.0617788924519161,-0.383843157033847,-0.676308867106176
-1.18496,-0.592404796985183,0.047482437562514,-0.876339143390182,-0.126569392088827
0.276197,0.241079378298834,-0.0865786668101869,-0.414938356685487,-0.504845388619015
-1.43592,-0.667137698901538,0.154613427532032,-0.36856123355603,0.127226201596114
0.664984,0.226700503251694,-0.0982879398677616,-0.110995748159803,-0.262906963913949
0.678013,0.244344130618185,0.0284516880958346,0.326407389968005,-0.0860453126301179
0.954447,0.307119920567294,-0.0731579108659419,0.240270301072758,-0.289523218598196
-1.71518,-0.774548694900179,0.189441489199872,-0.0581974927873551,0.279724361554476
0.520794,0.226482572627908,-0.0578943352198304,-0.242655420053908,-0.428368313671062
-1.19875,-0.56846239050817,0.10031926044066,-0.353588453707946,0.0850537300485774
0.271168,0.255678955019829,-0.0242489447321361,-0.275364691067104,-0.24823376648161
-0.196976,-0.186141969067455,-0.0157820085114353,-0.264073116131967,0.00786394621790426
0.825323,0.154654986557613,-0.0904467412885031,-0.405717862770553,-0.248942588133241
-0.815705,-0.326537015152072,0.0443970510150895,0.054343770438042,0.231840469118668
0.388686,0.262431847749879,-0.069086147620982,0.116108022568387,-0.122819533310201
-0.181083,-0.158115038780119,0.0302470566666518,-0.0904605041933688,0.0967384760582929
0.825061,0.148589961005181,-0.0645826641937741,-0.318384402154504,-0.205578331020125
-0.793464,-0.401905462459364,0.0666465279953088,-0.208345681685341,0.173751135669674
0.386343,0.272775389275466,-0.072509201013037,-0.114961403046906,-0.26668317314365
-1.46523,-0.674861749425756,0.0819663577142274,0.138747725197904,0.286206781748786
0.65994,0.217064822482955,-0.0918653019691364,-0.0265956859793985,-0.170137849757113
0.674496,0.229366767426507,0.034567656243632,0.321128068937201,-0.0579175326162387
0.95385,0.298918024958321,-0.0820251503846062,0.226244386541313,-0.308296028452464
-1.72791,-0.81383453677721,0.166407319687202,-0.0351608027451282,0.217475669326856
0.512464,0.243714745911089,-0.0966536558580707,-0.228094798878757,-0.516480384108258
-1.20111,-0.610667037410814,0.0723003586583936,-0.891152401457283,-0.0453258393476752
0.272795,0.242349612194791,-0.0815901189482643,-0.185003100293805,-0.479913481956974
-1.16745,-0.562627532228664,0.0701514269128048,-0.76720637484139,-0.036231806037474
0.272241,0.264526899490596,-0.0813834104964541,-0.0431004546956259,-0.34972846981263
-0.174037,-0.157637733273361,0.0479201559255131,-0.318752686176892,-0.0544262814018043
0.832796,0.176668259893085,-0.0964041622214663,-0.385083850430083,-0.297803611727967
-0.801461,-0.312090781664959,0.104213479986272,-0.237972554198728,0.143244882026371
0.396695,0.320493397854539,-0.0602930396775356,-0.105798347408162,-0.271993062109646
-1.43558,-0.502869048674156,0.240402192829227,0.123038092025773,0.291866716169327
0.674633,0.242885462922692,-0.103946852530419,-0.0179469586026632,-0.17092412630118
0.686841,0.243476043236254,0.0316078430888275,0.287346469099651,-0.0615386110340041
0.95982,0.288207051803689,-0.0926308689217393,0.212212145152945,-0.322537600971548
-1.70574,-0.66337647259602,0.289135415495937,-1.17228634271265,0.180059420888272
0.53015,0.246660895715908,-0.0949046392008526,0.322533944202781,-0.56227583795975
-1.71747,-0.703952271278779,0.22261252045186,-1.25488552114977,0.0633572720333102
0.532922,0.276503717647226,-0.0999231840581423,0.189339282326608,-0.497110265787648
-1.18122,-0.459946280537886,0.154848909442748,-0.294175259649457,0.123040045454545
0.291626,0.238252368647673,-0.0683374356706705,-0.118490130513338,-0.0677414635669674
0.695325,0.200480333184615,0.0179835514965339,0.280493784656695,0.105912223455933
0.962625,0.274230548058084,-0.0855843238790515,0.357537584007498,0.0523490874392783
-0.209597,-0.072759064525348,0.0270936335644916,0.290377840617418,0.341675663081194
0.833506,0.258246502709376,-0.0745304044788488,0.297863718828917,-0.0672252796668981
-0.798953,-0.294207209089282,0.113216383990876,-0.125649689771977,0.282251613115892
0.397743,0.330322361394029,-0.0672192061492353,-0.109679604824563,-0.187422683900069
-1.42741,-0.525227875248311,0.222047895956942,0.122982696782418,0.310548268910479
0.677509,0.261502016285382,-0.0997768782552484,-0.0134290387053273,-0.15525302463567
0.691694,0.246319978187492,0.0354484976204493,0.285349792270972,-0.0438252886884108
0.961688,0.305839853424953,-0.0886590785749352,0.212045857744468,-0.266336810201249
-1.72693,-0.663591143089333,0.27533526691629,-0.052711000128079,0.294811529840389
0.527526,0.256571878332042,-0.0843984011966183,-0.208654935655995,-0.418886064538515
-1.18323,-0.447682381721173,0.11799786055821,-0.356522594174047,0.0965781509368495
0.295927,0.32068584510122,-0.063818158278485,-0.22285385016649,-0.272340066273421
-0.172649,-0.169045250443687,-4.33181108733909e-05,-0.226021924966033,-0.0443960301873698
0.839281,0.170963474287888,-0.0747560831215985,-0.3863003133822,-0.327318397987509
-0.813788,-0.321716998499025,0.0826826416107346,-0.233152181857016,0.106047674878557
0.400107,0.340666333167903,-0.0606902307904282,-0.103307777651538,-0.327888849410132
-1.45951,-0.493396712745946,0.204694360742061,-0.0198719456984468,0.205690467730743
0.678798,0.239096689318028,-0.101734408376979,-0.0722486930608481,-0.315235985079806
-0.199718,-0.157144886034527,0.00806658193375527,-0.143468691607014,0.02910176648161
0.836133,0.188994466130426,-0.0823532933684059,-0.149624817115336,-0.264264329979181
-0.822814,-0.319155673355365,0.0969692473474651,-0.153568069851962,0.157020593684941
0.395041,0.345797611963703,-0.0792576714862795,-0.115851217085724,-0.277402309160305
-1.47526,-0.539442959960507,0.242072691796518,0.112153806050584,0.296746291811242
0.679535,0.256375541159488,-0.0936203633065457,-0.0330592291413488,-0.17347973907009
0.682364,0.23792168079945,0.0198166341477724,0.295986034671858,-0.0576438542678695
0.963549,0.296982528690039,-0.0836677658105873,0.208667132276251,-0.2557119944483
-1.77339,-0.686022932709065,0.314533613474549,-0.0667596042026387,0.305990339000694
0.527655,0.277790966868866,-0.0938928756155782,-0.221287671666912,-0.416486316793893
-1.20578,-0.486419174219528,0.115151720040248,-0.225414878283669,-0.0959073421235253
0.292759,0.311074036608514,-0.049541531214722,-0.285087505529838,-0.562409240111034
0.855086,0.0353936990963433,0.0742687878990775,-0.444906784884742,-1.11101341811242
-0.258004,-0.0179907034907453,0.0218291643929908,-0.581997121327463,-1.46890445697432
-1.14549,-0.357752983887557,0.0487878428410547,-0.29300674043441,-2.21897827376822
-7.35886,-4.18262267584111,-2.51479205098139,-3.30325538744262,-1.34146509541985
-0.468584,-0.0295389346328983,-0.0600379373832809,-0.568962601750411,-3.46274102741152
-7.16415,-4.09012338799763,0.0430930466890411,-3.85244135850583,-1.4761443684941
0.175445,0.216712340847564,-0.0850592127811047,-0.719187756801456,-2.9164631259542
-1.69229,-0.559747713671833,-0.0843722296808705,-0.820749008291687,-1.81865806592644
-0.237815,0.137865661422182,-0.000399943363685008,-0.561186680747084,-1.9548558240805
-2.55803,-1.33490687695912,0.856467176128732,-0.887635021584709,-1.04757021998612
-0.675416,-0.249505323133963,0.0479857984317777,-0.733632158831117,-1.41207878625954
-1.32162,-0.652356282586996,0.174836973782644,-1.01185675666521,-0.935672710617627
-0.426226,-0.0889297382279675,-0.0094086415954653,-0.62316696876807,-1.17240529666898
-2.0221,-0.981119304040968,0.376289758489068,-0.625569199871074,-0.629092030534351
0.20263,0.107869483787261,-0.0541617555214147,-0.443351683373345,-1.1546110704372
-0.380502,-0.199390325366008,-0.0972323337143978,-0.50158672719992,-0.926877108952117
-0.209892,0.0130004258731357,-0.0604553642177767,-0.356765144984945,-1.16899884594032
-3.12428,-2.01709403911603,-0.232643360243907,-1.15814367597842,-0.572706522553782
-0.610257,-0.161652411688913,0.0431222962100808,-0.389778771481462,-1.29615181644691
-2.54722,-1.44793389467682,-0.102003330104925,-0.934516018203104,-0.49814092574601
0.905953,0.348866057846843,0.00742609225956719,-0.258106537192765,-1.13866211554476
0.551596,0.187628910178321,-0.0561469595918241,-0.15413577680742,-0.942772270645385
-0.696792,-0.251990652104142,0.0532364886366745,-0.178906560129627,-0.914358854961832
-3.20789,-1.8967494503207,0.201512378339395,-0.144364439824696,-0.395766196738376
0.201582,0.107365041310823,-0.0686574759441312,-0.0929905028389012,-1.30055543372658
-1.08068,-0.576049796723896,-0.0899493696996788,-0.777975640966191,-0.840829072172103
-0.160572,-0.0297557563684905,-0.0582929180164596,-0.448342556993918,-1.1688690388619
-2.678,-1.70226705980415,0.375767461735821,-0.71255864573778,-0.53639586259542
-0.562477,-0.193136114286358,0.0122809585413025,-0.494477049286624,-0.956516351492019
-1.33255,-0.708050162222699,0.0626072450318035,-0.356293367853396,-0.372288657182512
0.909756,0.391369075405029,-0.0205959886556478,0.0745805651591149,-0.730424097848716
0.790119,0.259539818709416,-0.0755650190875124,0.114422999503663,-0.612096745662734
-0.694294,-0.228338867372899,0.028108867720069,-0.255691722331924,-0.411464715475364
-1.71974,-0.804454815292303,0.235595441040174,-0.60222390165064,-0.253629108952117
-0.345142,-0.0400707510328473,0.0148735327458783,-0.116669311025683,-0.612143530881332
-1.84538,-0.97658159028134,0.404262921019509,-0.689204409142387,0.0124453615544761
0.910606,0.434648069594648,-0.00827945968341692,0.250496064433836,-0.457855921582234
0.8444,0.346582923959671,-0.0592555866651025,0.286765748034246,-0.271291825468425
0.20112,0.181841291605641,-0.0508839541321114,0.27407109662601,-0.174180783830673
-0.332261,-0.124655096794485,-0.0631688111562459,0.176149437976022,-0.214731640527412
-0.170764,-0.0485499561361402,-0.0560936446098652,-0.0355327103119474,-0.537404158570437
-1.5486,-0.633961389509456,0.293024415221572,-0.441801725046208,-0.362959684941013
-0.574492,-0.20156057241276,0.0189390664436345,-0.54893807627977,-0.798643462873005
-0.894094,-0.40036460484537,-0.0122521355421802,-0.890868190578578,-0.78674791741846
-0.636966,-0.225737551755375,0.0632316532633604,-0.624361962187145,-0.926370392088827
-1.35223,-0.611105603194092,0.0991779503721869,-0.914333983239227,-0.728171657876475
-0.339733,-0.11130981722271,-0.0325707571028808,-0.667400435041016,-0.955491674531575
-1.76273,-0.816077417015313,0.359474518804977,-0.849950961166484,-0.470410607911173
-0.506668,-0.111546500435415,0.0696155849551438,-0.356887358064771,-0.628216916724497
-0.735764,-0.345518888936511,-0.0141866007881796,-0.178585828363728,-0.259316684247051
0.909101,0.35596219703245,-0.0182930320855268,0.172718354995156,-0.472075810201249
0.851459,0.252717582923343,-0.0771352388478511,0.180636650505302,-0.423591728660652
-0.650195,-0.156045099987938,0.0554050509920363,-0.15200134569062,-0.247430416204025
-1.27918,-0.566892247164037,0.108854616256569,-0.422417212619298,-0.249020443962526
-0.340448,-0.0846898459085303,0.0372270397432083,-0.17811434563825,-0.588823041811242
-1.39782,-0.653776733613388,0.227849104797551,-0.639547207520992,-0.240044645905621
0.219631,0.126798761654999,-0.0382430569153678,-0.277219731291101,-0.556888961832061
0.0317755,-0.00364896013574459,-0.0932570778131001,-0.293878168493728,-0.427106693442054
-0.142294,-0.00313520349546813,-0.00533534168780523,0.0720683577767448,-0.421177392435808
-1.29693,-0.583271122416104,0.23089340978436,0.0578928672052795,-0.124081109646079
0.201112,0.0701081748098433,-0.0376689501567884,-0.147893568891457,-0.478497930950729
0.0140105,-0.0300982052991737,-0.107595251648447,-0.247894242247194,-0.361961923490631
-0.171748,-0.044166081392036,-0.0260826918198988,-0.169344601933898,-0.379792380985427
-1.19473,-0.4787088716943,0.260410568838912,-0.24705644669242,-0.17506962092297
-0.552295,-0.185271622613804,0.017882690597088,-0.0811209151039322,-0.28038398351839
-0.489417,-0.279577888890391,-0.0302489237598602,-0.127424234131763,-0.0707928825468424
0.902713,0.280419135992334,0.021919768193781,0.21134920363444,-0.290394231263012
0.886165,0.208217748954877,-0.0895841687006027,0.225731191867287,-0.321913204718945
-0.680591,-0.231432645049785,0.0735505312630662,-0.0894404555501557,-0.155314777931992
-0.769693,-0.386894108311663,0.155287319470272,-0.327605437268705,-0.328546648160999
-0.368162,-0.170731743678106,-0.0152211321545107,-0.368959504842909,-0.566050212005552
-1.34325,-0.888192330167318,0.148173513253443,-0.871654901649319,-0.365748285218598
-0.379903,-0.219319201711357,0.0274201774252225,-0.329674852320237,-0.626987371616933
-1.06048,-0.591653526828804,0.214225926869642,-0.900754461374101,-0.341059581887578
0.2018,0.0384378718645849,-0.0408637523427437,-0.235433626926806,-0.507516922276197
0.205831,-0.0289490976430568,-0.129040265601336,-0.257072311818009,-0.38674786814712
-0.161016,-0.131837790453203,-0.0274226645543628,-0.123003370930068,-0.300342654059681
-0.908075,-0.274988110348871,0.19489208343177,-0.186627541627095,-0.132021697432339
-0.548094,-0.182380656776855,0.0361922146146926,-0.00449380807148983,-0.17883144240111
-0.408342,-0.278681165380806,-0.0196663737671722,-0.0917694086331139,-0.0321292383761277
0.903656,0.229128244508729,0.0177032968544757,0.236052185185349,-0.244394048230396
0.885886,0.16738232249812,-0.0560960226084073,0.232822167290195,-0.296883129424011
-0.688104,-0.225174576704542,0.0401700603901321,-0.277292221955125,-0.141488731783484
-0.805037,-0.306479154290382,0.201430645538698,-0.523603495863954,-0.295114704718945
-0.62843,-0.21185347088043,0.0881284986571788,-0.439011839487624,-0.406903229007634
-0.788658,-0.431254699206048,0.0322630577506976,-0.785110870067306,-0.342198655100625
-0.351863,-0.14164348247344,0.0220230365636313,-0.370834127094442,-0.382979983691881
-1.19923,-0.623472970475154,0.168698909545576,-0.224109388732739,0.0435418029146426
0.90268,0.298217150893828,0.00365787631105322,0.326142441314406,-0.217533040249826
0.902156,0.264129806376808,-0.0628833294025953,0.357346352644034,-0.047501814018043
0.18772,0.076349845226522,-0.0433515537275808,0.332425315572506,0.099121345593338
0.120756,-0.0255512354833422,-0.0364646525607632,0.277953505077961,0.00795532130464957
-0.17359,-0.120598879697376,-0.0337011358768365,0.0734954043381496,-0.0399502789729355
-0.6907,-0.170595046074631,0.174465817832994,-0.135366274207702,0.00859992262317831
-0.557153,-0.205407275891177,0.0796340497283609,0.0186922521895871,-0.031392011797363
-0.188004,-0.17111087016361,-0.0222374210947829,-0.020921173524271,0.00655944101318526
0.899184,0.205617553240572,0.0469366379674794,0.187353515057435,-0.161040717904233
0.898981,0.128318688243982,-0.0824006694428121,0.181689853201554,-0.211435731089521
-0.667983,-0.196411986709914,0.0612390587389148,-0.0164796886573531,-0.00298389659958367
-0.630364,-0.32098057416125,0.08766507718618,-0.279273094000095,-0.184070133587786
-0.370676,-0.170057667332252,-0.0137076968243556,-0.129099828465924,-0.344465193962526
-1.0879,-0.526339663737814,0.0854912948667318,-0.344442674937756,-0.149519696738376
0.197073,-0.00848320965645634,-0.0618068300558326,-0.227056602959035,-0.421270581540597
0.209385,-0.0264897618350176,-0.102019889805948,-0.2636559968687,-0.383039334489938
-0.183932,-0.121971268626639,-0.0112257254554146,-0.125586360652981,-0.319022812977099
-0.900685,-0.339702307691535,0.150190011171085,-0.131478411167171,-0.18810692852186
-0.561355,-0.263369245581721,0.0354782266788046,-0.0960962297880038,-0.259878053435114
-0.239787,-0.0709439655541935,-0.0312601332936387,-0.164360510223197,-0.225656549618321
0.183591,0.0193539558251746,-0.036094326040132,-0.17002233196131,-0.252874224149896
0.299877,0.0315220348731042,-0.0985577351798037,-0.217237474907696,-0.256775106870229
-0.174822,-0.0740723613754057,0.0143711653022942,-0.0885218121423818,-0.183309913254684
-0.80881,-0.149730466969981,0.0687471987451825,-0.139881001162056,-0.0741833771686329
-0.534044,-0.115893072453661,0.0411288089884575,0.00860644865728157,-0.105176826162387
-0.316919,-0.11863584614877,-0.0233086178176794,-0.0512151966936871,0.00164599687716863
0.906879,0.246201722190099,-0.0113489846934269,0.247987396913156,-0.197684242886884
0.898425,0.183896034412996,-0.102878988577788,0.243160467318854,-0.224772845940319
-0.656378,-0.104276527054997,0.177373593122777,-0.0655675350459527,0.0124706259541985
-0.746041,-0.226497265392518,0.0994125172063298,-0.27437819530534,-0.122499709923664
-0.364228,-0.0581660680836032,0.0303053252385914,-0.0727680170820358,-0.21832872519084
-1.0918,-0.390791325119617,0.227041075613996,-0.217267716813484,0.0941337300485774
0.828465,0.31144835582072,-0.0138094268354104,0.365757029667373,-0.203694335877863
0.986849,0.260893162628512,-0.104821527885358,0.395166862601713,-0.152603476058293
-0.991175,-0.312163776328702,0.109113783096279,0.0613560997151142,0.403273178001388
0.836523,0.359117217578871,-0.11317867535711,0.159265205434934,-0.0526269413601666
-0.569549,-0.242238333612775,-0.0034333626131022,0.0826954803066519,0.416349763358779
0.730774,0.537260893352569,-0.0954908741165691,0.218499825466194,0.150345630811936
0.283295,-0.0620797944743046,-0.0296031072067489,0.108723188657615,0.342033094031922
0.964425,0.196658121917143,-0.108886367017589,0.035481566615096,0.105622687022901
-0.293517,-0.187449031613801,0.0296623748390582,0.141212396033607,0.396860395211659
0.777723,0.47846917700977,-0.112159944989489,0.261642451470729,-0.0118871693268563
-0.980467,-0.352281345723878,0.0712269893779431,-0.162569189006191,0.430999412213741
0.900263,0.281484210548657,-0.10421827682226,-0.171520856075918,-0.0989708143650243
-0.744696,-0.328514240673588,0.0159836628840599,-0.262975784846886,0.403147757807078
0.728766,0.586384574560897,-0.0842497511165068,0.124470106775955,0.0496743313671062
0.193012,-0.083195737575603,-0.0273899019380843,0.0587575893566715,0.300318046495489
0.966257,0.195225157054487,-0.107430722840199,-0.0493276616887409,0.0875174049271339
-0.406367,-0.22350012031333,0.0136965565016877,0.0882046205628739,0.447161178001388
0.777713,0.515416880750127,-0.0940219066658044,0.214209254571758,0.0209628015267176
-1.06361,-0.353761071872862,0.127332396130217,0.399847180170009,0.553747850798057
0.903532,0.32466720811201,-0.101146606451769,0.199168475815828,0.121786301873699
0.782923,0.211356947872757,0.00626581621100335,0.431774357018369,0.257679728313671
0.985957,0.242055774828334,-0.109767236267453,0.368373964003278,0.0797544791811241
-1.39226,-0.468944908733338,0.189214655049252,0.69539795780886,0.633718111727967
0.833765,0.340568227482643,-0.0987240862379292,0.285885496102531,0.0267405274115197
0.13698,-0.0252775243494312,-0.00922501114519054,0.201206146163936,0.325862158917419
0.96508,0.192589994011889,-0.105654468424868,-0.0492731226130601,0.0825394253990284
-0.427999,-0.213309353587254,0.0265268811650633,0.0565264508958286,0.411913231089521
0.765685,0.522069498402916,-0.0967471331769242,0.188419626903492,-0.0105636346287301
-1.09966,-0.313195224139743,0.104571246150944,0.365977760713509,0.546385967383761
0.900095,0.295532219111441,-0.103661591700095,0.172022148116328,0.0793991564885497
0.773086,0.160610038111733,0.017549074069317,0.404175631602698,0.197596240804997
0.98788,0.184174643497409,-0.110394504651014,0.344780865858591,0.0186919344205412
-1.39521,-0.411699968322071,0.148552538291199,0.179530557199153,0.547056240804996
0.828078,0.380387409028584,-0.0878107221412408,0.0550411884669358,-0.07934440222068
-0.834561,-0.281257459267445,0.0760968953985561,-0.00895416914637981,0.503844336571825
0.725206,0.505649523370343,-0.0928839965810714,0.17047339703966,0.222537342817488
0.780619,0.136706833961346,0.00306006760630144,0.452940319569662,0.376497422276197
0.988306,0.20591620072507,-0.148982798890921,0.494844665731856,0.310875239417072
0.0874538,0.0146745205893859,0.0118994797351183,0.437845177378253,0.538383481263012
0.963285,0.296708263509747,-0.105828175988103,0.427143190959905,0.132953729701596
-0.467404,-0.187551620550108,0.00823366238465627,0.10346588770805,0.403190549618321
0.773626,0.550992536887506,-0.0822329527136833,0.186609849873157,-0.124121874392783
-1.11189,-0.419862185572974,0.135434018803159,-0.368999849675868,0.2639441537127
0.89976,0.332960130675052,-0.111271529402667,-0.167942280040823,-0.403867939694656
-1.44837,-0.598358105335757,-0.0140148597882617,-0.461668620803728,0.207160322692575
0.829373,0.47785171721377,-0.0690566899757819,-0.114321993401165,-0.387242987855656
-0.885346,-0.468011528815853,-0.00846551492370445,-0.735074586409721,0.1679515
0.710502,0.683677316433902,-0.0890842023971094,-0.0625881353132033,-0.257063259888966
-1.15538,-0.497844057973094,0.0796537553191847,-0.168417504567226,0.383867736988203
0.89398,0.318548106297837,-0.0578979247023012,0.0366971057224007,-0.0396821387925052
0.759983,0.178235445790665,0.0238895350512507,0.403262544442362,0.141831388272033
0.978677,0.223261051161558,-0.138884550569632,0.341917223753439,-0.0500956095072866
-1.48517,-0.626198375972588,0.11935549480799,0.182970437662803,0.494834852185982
0.825343,0.398899925917752,-0.0739211626889565,0.014624419815981,-0.191956693268564
-0.905994,-0.436382120957631,0.0619690302980437,-0.108092469226632,0.361792640527412
0.711608,0.603894143092205,-0.0810955795252438,0.0650513517531685,0.00543962650936856
0.0945374,-0.161525424115683,-0.0610562469139151,-0.0714745049525475,0.290421278625954
0.960018,0.197803618825412,-0.0965817536526001,-0.139047451054311,0.0640889514226232
-0.513205,-0.270182627843925,0.0163190904953066,0.315773554862511,0.505089283136711
0.761055,0.459560530448336,-0.045967279002266,0.35516073386891,0.134331821998612
0.0807276,-0.120401852308892,-0.0124488758272496,0.074030636676068,0.369415475711312
0.960677,0.163534337679957,-0.0740570663651177,-0.055191028695102,0.0844807097154753
-0.506247,-0.288493141802026,0.013082998504515,0.00504678052403587,0.425580479181124
0.763061,0.551263915548014,-0.0598066748787735,0.158876957724796,-0.0347448768216517
-1.18368,-0.483916427420573,0.0302344128277495,0.345500977027174,0.521770752949341
0.895909,0.31508338875065,-0.0528470906490762,0.153291823921065,0.0371455036780015
0.758901,0.187066748529637,0.0189796331165262,0.384835153149478,0.160043326162387
0.975883,0.222268260465847,-0.075613403130012,0.32210048360983,-0.072748973629424
-1.50597,-0.642273451872788,0.0979093969026143,0.154996285654822,0.438923706800833
0.829359,0.406470008434618,-0.0696958958053079,0.0132377396768067,-0.274541281228314
-0.926034,-0.460666076818184,0.00986335525939842,-0.697824002016643,0.244349044587092
0.706694,0.66690028343806,-0.042032958340924,0.397878595669755,-0.208566132026371
-0.894385,-0.418422558310883,0.0291033640306956,-0.566511580216454,0.290523399548924
0.710147,0.599800019883481,-0.0910216728412562,0.480950036355495,-0.0751570480569049
0.0907725,-0.13660232516657,-0.0339381423914588,-0.117351461174365,0.236144526717557
0.959045,0.196791208242083,-0.0436645548463097,-0.146652362194202,-0.00400979892435806
-0.554411,-0.319069034079141,0.00433484636332328,-0.0598607126048847,0.392251835357391
0.761727,0.568790075861403,-0.0341239530804398,0.142396550846459,-0.066937643129771
-1.21864,-0.462371708768679,0.119021824962756,0.285135273900436,0.511331679909785
0.896052,0.325724490139572,-0.0738256249718257,0.127967194605722,0.00449034958362249
0.744861,0.187868989850459,0.0350862553243355,0.38642701011539,0.126072655100625
0.981313,0.23071868288101,-0.0866918540421189,0.313922408896952,-0.128503613462873
-1.53504,-0.681254482363482,0.167719274344382,-0.732392221311718,0.366120448993754
0.827172,0.422122605230052,-0.0695444843906189,0.448278138241517,-0.380283928174879
-1.51793,-0.692851966217432,0.0841451186377498,-0.902444818369878,0.290922770992367
0.829622,0.493097826860254,-0.0358753860845254,0.311844457078736,-0.283471329680777
-0.949273,-0.454378702271342,0.0151525570464641,-0.162396810322478,0.35773264888966
0.709242,0.529323398983055,-0.0403324751476546,0.126042025359272,0.0979345591603054
0.753274,0.118191512275862,0.01607693267557,0.376766507220795,0.327413057425399
0.979719,0.132551306417995,-0.210019945795586,0.431621266179957,0.255610918632894
-0.00362294,-0.0790609178582143,-0.0101460658504045,0.378932389555432,0.500966676266482
0.958323,0.198776588175486,-0.0619547633508633,0.365923526102954,0.127007507807078
-0.593954,-0.271526143632638,0.0297975125964153,0.000614093465974991,0.472963253816794
0.755007,0.582517719963,-0.0818880993801382,0.108755972336752,-0.0309489391047882
-1.24623,-0.417856490115757,0.117605184884708,0.263046714842739,0.506258548959056
0.895089,0.323472631549602,-0.0641701832827493,0.090583765501025,0.00532244408743933
0.743463,0.162061473479394,0.000544537645223003,0.336809604557672,0.139608381679389
0.982763,0.199572267453102,-0.0973446452611613,0.273791067864272,-0.0721465270298404
-1.56202,-0.615486907829221,0.186215379434439,0.146986771447794,0.482309756592644
0.826191,0.440116455949588,-0.0757414845123046,0.00543804267440209,-0.227689786086051
-0.958233,-0.429787472906117,0.0500212060753287,-0.168780446526233,0.344224120229008
0.715298,0.628795976248695,-0.0850946003893793,0.0581338374099422,-0.0637004179389312
0.0471001,-0.155219306140665,-0.0124561770209875,-0.0966073201997212,0.210255666204025
0.967273,0.219704293507203,-0.0821334664294321,-0.177096377859124,-0.0576517698820263
-0.569971,-0.295598417046618,0.0519161076890957,-0.074402139250267,0.34838156592644
0.765883,0.582347691802336,-0.0892103723728302,0.134977479771659,-0.117233207147814
-1.27488,-0.465947293833174,0.0951077456322859,0.16815566701591,0.455749652324774
0.896142,0.354708327807655,-0.101717265313753,0.126123408171574,-0.090644904371964
0.0204707,-0.158404483899705,-0.0274856436515615,-0.0553419849119256,0.246642990284525
0.967075,0.224449880795767,-0.0763915550817289,0.00798974507883993,-0.0240726774809161
-0.596565,-0.305367717351189,0.0230847774531725,-0.00607830819006899,0.378315310721721
0.762689,0.594742215718327,-0.069732514254581,0.123274745228245,-0.0925576344552395
-1.25903,-0.461839461782849,0.129136365954669,0.283511328379303,0.506378619882027
0.89807,0.34005435847186,-0.0791868330213591,0.109709722992162,0.00184847768910473
0.744242,0.197229029417534,0.00760773720521457,0.334902232376887,0.13460723629424
0.98227,0.222524391258264,-0.0906232780083107,0.27123051137079,-0.0601794861207495
-1.5903,-0.610630445680928,0.265020728823183,0.115398018258683,0.513050879944483
0.824281,0.430420883476987,-0.0719094129041477,-0.0108791706453659,-0.209789812630118
-0.972054,-0.438947387899583,0.113448053849825,-0.0877009818107025,0.387343459403192
0.710945,0.536265991321477,-0.0823098745655481,0.113973412944189,0.0196090371269952
0.751141,0.170908912849799,0.00933574419514694,0.339891988010324,0.0930117630117974
0.984032,0.20822182741938,-0.101522565553445,0.252812564389953,-0.101253049132547
-1.56373,-0.626729805994687,0.18241714019837,0.0431891270338995,0.478791987161693
0.826685,0.467601880647445,-0.0851832296559753,-0.117103639570777,-0.237489375433727
-0.967522,-0.436638105682503,0.0627338237809111,-0.219172954885418,0.327145549618321
0.665346,0.54181614566702,-0.193912691250156,-0.0480555140503858,-0.0675665610687023
0.0440104,-0.173218286344864,-0.0130093646385591,-0.128089757801037,0.195874540249827
0.965147,0.212340307135985,-0.075110776731267,-0.208255705921153,-0.0969102286606524
-0.584861,-0.313410832323304,0.0434663026908528,-0.0865133272572633,0.289089775503123
0.760609,0.592230695131998,-0.0728201280654271,0.130070885561493,-0.194067021408744
-1.26426,-0.500398360755119,0.0957238289409562,-0.3659726835226,0.335365433553088
0.895393,0.367676581704057,-0.0710905141699789,-0.332032538805125,-0.263926062838307
-0.983509,-0.434409726038755,0.0215942913488447,-0.459493304667621,0.316455065058987
0.708818,0.64797261928672,-0.0807964393942412,0.00893011377875649,-0.0887281205759889
0.0363123,-0.143514074442685,-0.0127870621731542,-0.0975852325130445,0.215820481609993
0.966444,0.213803465676199,-0.0889120787965134,-0.192147166743738,-0.0353167187716864
-0.589143,-0.296664653558586,0.0526340344992335,-0.0848356128333946,0.380967385322693
0.760478,0.590149939170722,-0.0882833212289909,0.136571959053137,-0.0928584824774464
-1.26991,-0.443355220247181,0.124137954853093,0.284187293737033,0.502033168459403
0.896704,0.327391451094717,-0.0896236448248784,0.108972759119532,0.0282929267869535
0.743724,0.164584069875368,-0.000312058963433338,0.360089458816318,0.187297004337266
0.985464,0.214011435945307,-0.0954304220670189,0.286723008863698,-0.00975717678695356
-1.59213,-0.593964866256565,0.203887895932713,0.661224865136427,0.593261691013185
0.822158,0.39209904160009,-0.0753274848243725,0.22438702337065,-0.0671693780360861
0.0254577,-0.0532406072829816,-0.0249641797333578,0.103229881719699,0.266663527064539
0.968178,0.241909642643044,-0.10068072832544,-0.150918527299429,-0.00941376665510057
-0.593653,-0.286317542682226,0.0557497544216111,-0.0475900077626518,0.36512728018737
0.764903,0.628255357729289,-0.073782937149058,0.130339573185792,-0.10316381592644
-1.26232,-0.434155682873891,0.136079652701271,0.290097006509859,0.507721581367106
0.898491,0.358451036005266,-0.0895732302592754,0.106617862700965,0.00621659080499654
0.747153,0.208877368182516,-0.000176804282667931,0.337532300174784,0.140893247050659
0.988245,0.23978831010728,-0.112402127564652,0.275330782347969,-0.051167797015961
-1.56315,-0.547837704324048,0.21265688977658,0.136321369057321,0.519017223802915
0.825535,0.447856115784437,-0.0679886965629552,-0.000627804027900775,-0.152575489000694
-0.944044,-0.375911238544464,0.0943617345562966,-0.067920821509785,0.469588102185982
0.712515,0.560263939780862,-0.0718096126082212,0.124326456242615,0.168523485253296
0.754187,0.159148409532807,0.00160425332858686,0.396254277443128,0.333797796842471
0.990046,0.225670107704829,-0.101332613805594,0.439168243915224,0.256688808986815
-0.0125603,-0.0195459785370714,0.00965438198737541,0.389791771022716,0.509568019430951
0.967525,0.309371467619293,-0.10138368035467,0.37031145412258,0.0696246559680777
-0.574211,-0.226469484394628,0.0475847769891029,0.0243752803803602,0.368055322172103
0.761588,0.620683231540413,-0.0718567960525112,0.129459533678658,-0.188598825988897
-1.23202,-0.44466862695045,0.13639241986236,-0.67191056054995,0.230916358258154
0.899127,0.376965276295758,-0.0966682075933454,-0.118813540887472,-0.464835487265788
-1.51931,-0.519100907179368,0.186022100275376,-0.672702406646585,0.174060863983345
0.830511,0.515816039241647,-0.0920597836859936,-0.0593374284834027,-0.435406307425399
-0.948586,-0.401739594477721,0.101605497878793,-0.81182392671023,0.143168319916725
0.711449,0.759179034780891,-0.0863830372792507,-0.114319188215848,-0.298188780360861
-1.23613,-0.43926758623678,0.109067229667808,-0.2455973392052,0.370659203678001
0.900495,0.359131785608173,-0.106242089403411,-0.0184704862152923,-0.0698282793199168
0.754218,0.210103990771547,0.00336214188218536,0.337265162782405,0.122031424705066
0.98859,0.243438779380716,-0.10705628068892,0.285851115724687,-0.0754028088480221
-1.55509,-0.54229086200099,0.201949587680624,0.147092385690231,0.490410915510063
0.821973,0.454253376233375,-0.0966801644624692,0.00330215982662749,-0.211142697952811
-0.916776,-0.364398022252542,0.10679887729001,-0.178445790275424,0.351642432859126
0.70687,0.657236241252738,-0.0747543580621681,0.0651655621879434,-0.0015375647120056
0.0873439,-0.123655190744881,-0.0210922796591246,-0.0811975385549173,0.289044148160999
0.969423,0.208533331565635,-0.0869418922335604,-0.154109726207146,0.0640550896946565
-0.506893,-0.215676670245388,0.0296474560257976,0.315680232980107,0.511551829458709
0.758389,0.498026065194174,-0.0709353338940952,0.363465265400003,0.152238374913255
0.113613,-0.093065068943367,-0.0200836845683354,0.0476645283401687,0.385366437022901
0.96494,0.180604645900839,-0.0753791681273511,-0.0424376230126842,0.117000126266482
-0.459339,-0.231196208054798,0.0573387189365883,0.0442287612574157,0.456047305690493
0.766537,0.591438375057193,-0.0755960040022311,0.203439784233703,0.0266556981263012
-1.00972,-0.343301407106463,0.0941159043000067,0.365374115291541,0.547610760235947
0.89575,0.331012889956396,-0.0811495851807041,0.180361211275302,0.115832241498959
0.787538,0.174105287002956,0.00750515879206055,0.415354348196555,0.234654207841777
0.982762,0.20755227532397,-0.0950240101397857,0.364151284506398,0.0355088091603053
-1.22878,-0.401912950379582,0.194433051750388,0.257966683888644,0.497485180083276
0.828337,0.409580907914967,-0.0939135220630525,0.101973181380216,-0.126457438584317
-0.676088,-0.307718615814519,0.0359493196003021,-0.516286523467377,0.325129295975017
0.715022,0.71333858435237,-0.079407357706697,0.473679611347465,-0.0556271530187371
-0.640953,-0.288081642023748,0.0619303404440989,-0.430778317687947,0.373477323386537
0.720362,0.590269666928876,-0.0668207271871818,0.544823679314368,0.0722568920888272
0.247577,-0.0684612379088134,-0.0166432118323894,0.0413806475622996,0.333989260582929
0.963876,0.194604791082017,-0.105331034292898,0.00575216591001861,0.142296026717557
-0.293148,-0.178947788630806,0.0424239588825431,0.106069852274098,0.471914242886884
0.772184,0.508663662281207,-0.0949647485385262,0.262991030354299,0.0921359271339347
-0.912882,-0.302515771815799,0.071673920431243,0.419168267346174,0.581880817140875
0.901117,0.320295995031723,-0.0982824998304073,0.231445174880815,0.149620996530187
0.803352,0.193068844674097,-0.0130997952418541,0.446269011954614,0.246574704718945
0.985621,0.222065202038096,-0.18290238744976,0.394548599076256,0.0343026238723109
-1.17182,-0.477756816936009,0.164309940978005,-0.609212140438588,0.455044468771686
0.834908,0.407794972353367,-0.0952076152816953,0.558286924950686,-0.179818566273421
-1.14549,-0.458452216110726,0.104874779540101,-0.721381222309067,0.388324059333796
0.836133,0.472667142190147,-0.0915729411916002,0.454589735401086,-0.0921520010409439
-0.64322,-0.292864958668266,0.024043281126822,0.00550987668463955,0.447078628383067
0.7229,0.483781154084688,-0.101306086859281,0.241023498753119,0.245503746703678
0.809819,0.202457785071445,0.00965618106079265,0.489165973623879,0.436289527758501
0.990167,0.261152839907081,-0.129462893455172,0.539951758650716,0.390987221027065
0.220136,0.0578595203741983,0.0317137804096029,0.533591277363287,0.589905500693963
0.962491,0.309787796735268,-0.121127935585101,0.49932790705774,0.297082148854962
-0.258912,-0.101902453402588,0.0460131140132875,0.219912344664698,0.563486111034004
0.773486,0.492315256633422,-0.0846785091013529,0.262685269775604,0.160921569743234
-0.869784,-0.309560168396499,0.0692370595012237,0.442148534521512,0.594338996877169
0.900595,0.327571086254761,-0.102417917958446,0.246727386767945,0.178923615891742
0.808358,0.229158416598578,0.0165969500920207,0.465720328128618,0.278708815058987
0.989742,0.26122484094426,-0.103510350848704,0.414113707325555,0.106024704371964
-1.15729,-0.404549232374724,0.138721533216015,0.297380522390804,0.570662256072172
0.834592,0.385026632955576,-0.117894220557498,0.129408230825861,-0.0170873834142957
-0.60436,-0.248915452198212,0.030910819242704,0.0324209881230516,0.451621478834143
0.724609,0.552153307759255,-0.103818129493732,0.189507953179031,0.13839374184594
0.28842,-0.0410697345715825,-0.0187670347957734,0.126218727942904,0.341897539555864
0.964216,0.203802823663925,-0.112278098213691,0.0511184222403243,0.149975031228314
-0.236645,-0.165209025675291,0.0104568843348173,0.167952048074871,0.467232484385843
0.779367,0.472715062097268,-0.0924435118745839,0.28392329898782,0.106757897640527
-0.850754,-0.304397717129823,0.0747620906407336,0.369127782456545,0.565157434767523
0.901062,0.300098184327952,-0.10930223439202,0.265318706476222,0.131668297709924
0.280315,-0.0221294669001999,-0.00219787780520383,0.188219595627802,0.385505316793893
0.963803,0.238982066964915,-0.14035046876012,0.198010299949846,0.189208484038862
-0.236129,-0.14219463266192,0.0194800589257837,0.217983323152139,0.490629570090215
0.772623,0.456338465311957,-0.0962608590243905,0.282656095796651,0.124734762664816
-0.853796,-0.283738076314369,0.106046634539788,0.451429269899524,0.59987275537821
0.900952,0.318079790146408,-0.0910239120572911,0.260193505986222,0.190622398681471
0.813576,0.241665409423099,0.0126449854711655,0.473559748342802,0.287990218945177
0.990379,0.259763157625482,-0.113200482938781,0.425970361241268,0.137428096460791
-1.12535,-0.390305305167604,0.137595674371556,0.297492586037756,0.608127943442054
0.835914,0.365716041339437,-0.117067900173686,0.130508636888095,0.0339573723108952
-0.567272,-0.237150547575891,0.0501538370424208,0.1021344498781,0.518468752255378
0.722913,0.426563604274592,-0.108375254983426,0.251454857088495,0.268868425399028
0.945323,0.219650022667969,-0.0340706848961558,0.485496922499665,0.306500421235253
0.969375,0.135553751806724,-0.0960782308414577,0.493285995789063,0.227407867800139
-0.812587,-0.146921187851542,0.057316495800048,0.384153220963226,0.646504287647467
0.906357,0.329220158557682,-0.0795737954092689,0.225564433067808,0.144986154961832
-0.300119,-0.0972409383335091,-0.013326648207272,0.16342934614789,0.531746970506593
0.78158,0.497823971469892,-0.102524508214497,0.294030312385714,0.264214341082582
0.36306,-0.0425841168890649,-0.0275422751810239,0.222156368937112,0.419230965301874
0.867778,0.116984775620509,-0.111689826576729,0.172126307867364,0.236907742539903
-0.0802124,-0.0898037096668774,-0.0132833400866553,0.270185040122517,0.456778812630118
0.70866,0.307057562246021,-0.097619984014402,0.328979786898197,0.155458658223456
-0.560482,-0.172678380039752,0.0811428102989648,0.149721734985328,0.482447859472589
0.783522,0.147602377533014,-0.10322380887974,0.0506643578646678,0.119521580921582
-0.265809,-0.126098908998546,-0.00404835233398742,0.104582676212271,0.460447140305344
0.691771,0.384825466609054,-0.0553030922516943,0.27720402797597,0.247239682928522
0.404372,0.0285891190641785,-0.0367149340108994,0.2633094479325,0.40335019777932
0.861101,0.122889116107709,-0.110333435127488,0.198382533249855,0.281545253643303
-0.000135664,-0.0713312209817634,-0.0230361683826924,0.267468987427955,0.502448005204719
0.627809,0.280658199515321,-0.0702571238089552,0.349856002380804,0.257521961138099
-0.47627,-0.111029434426072,0.0335237448572836,0.478747214592732,0.579532726578765
0.699384,0.172213398422542,-0.0947617344674921,0.349434708536787,0.352032566134629
0.939478,0.186410618185078,-0.0389904137618317,0.56060279715338,0.382257714559334
0.950959,0.23161793881973,-0.0962671463104023,0.555781409478572,0.31015401263567
-0.590794,-0.122582535756152,0.0947225639626586,0.70073938697367,0.645942590909091
0.615856,0.134066571070406,-0.0694995606006645,0.449320608776307,0.299790537820958
0.417663,0.114341423826329,-0.0398015121305065,0.38153096651201,0.41546335426787
0.795202,0.13409310499144,-0.095306195724006,0.184474589099593,0.302562183900069
0.0470672,-0.0533577438553604,-0.0325613323189314,0.293116965032799,0.462275976752255
0.546016,0.267155284071715,-0.034782426938693,0.348017156343645,0.259744552047189
-0.42137,-0.111340820928361,0.04426482013094,0.489078718687614,0.56099542852186
0.690588,0.214102482636563,-0.0894831776195987,0.355847889991353,0.340760038861901
0.936496,0.235800602607588,-0.0399352438859681,0.578381126609251,0.351524646773074
0.960011,0.289653182665416,-0.10414873090443,0.570512250477448,0.282003661415684
-0.545947,-0.128943667269043,0.0806705377394589,0.420490767337767,0.595697073213046
0.587484,0.208782884696508,-0.0575935900717524,0.28094345885869,0.259422909090909
-0.159121,-0.0522729497818497,-0.016561024627856,0.307247470778401,0.539467145385149
0.492493,0.240530392540174,-0.0547027409654482,0.356797015597317,0.467814997189452
0.937824,0.28090881914092,-0.0452272703168787,0.60962804866904,0.470623785392089
0.962434,0.320021762129802,-0.102867718369033,0.637260302865438,0.468257125780708
0.406004,0.174347301282524,-0.037374817542559,0.560863207101329,0.58473994777932
0.77876,0.2854526769193,-0.0873698415192058,0.556306217041915,0.352748757633588
0.0151989,0.0097760170025528,-0.0417915297184093,0.36126075067046,0.443750112768911
0.505092,0.250972200072975,-0.0420651775413492,0.320565973932971,0.168835789902845
-0.468999,-0.147295550995354,0.0733006373410452,-0.142765530077194,0.334966971721027
0.646223,0.125124683690708,-0.0985769230526282,0.0705553024528591,-0.0367883853226926
-0.534267,-0.17176434792724,0.0768679577868969,-0.184401516238539,0.269292904753643
0.540537,0.238330568277049,-0.0787515277573606,0.127725676016193,0.000228001353226922
-0.17487,-0.168728910366636,-0.0300046265629297,-0.185623831758407,0.25475530777238
0.425326,0.458731831400082,-0.0301689886930205,0.144363254655938,0.112800122484386
-0.377848,-0.12329039288883,0.0173284040997205,0.175055156669227,0.430548913948647
0.646445,0.207269336835802,-0.0901895995587431,0.277685633931042,0.273908544413602
0.936899,0.245620403937738,-0.0341617825656702,0.558984312082083,0.310443015267176
0.958695,0.279985679360059,-0.107510565675857,0.551915311614875,0.235824748785566
-0.541318,-0.0958027755381304,0.0612039824141564,0.377370805908499,0.530435647120056
0.503172,0.192228959706507,-0.0523728355192249,0.247955729537063,0.178215792480916
-0.191273,-0.0708778697843214,-0.0156697762456556,0.192932255512058,0.386496286797363
0.406238,0.296604537412786,-0.0214693077473345,0.241546200074161,0.267707627081888
0.385901,0.0346837669529058,-0.0560618935016118,0.18767455782092,0.344072509975711
0.778354,0.147994309911175,-0.0999412010397678,0.148041195794008,0.247053058102012
0.00327453,-0.000339430820099248,-0.0411202043934684,0.448418587597019,0.461168670714781
0.415567,0.175866602957285,-0.0175633564825238,0.478500037143661,0.324050831453851
0.357583,0.0772807333813162,-0.0365332633678984,0.274197382114506,0.366009632460097
0.767655,0.126594812042256,-0.097632069924927,0.168012010774141,0.236603972328244
-0.0560408,-0.0955268637683809,-0.0480120350332599,0.203422227787255,0.410406633431645
0.40229,0.190359852651101,-0.0164259739423756,0.281463421755669,0.211348768192228
-0.484587,-0.112703974135251,0.0535714594685496,0.411797219905966,0.484321312630118
0.615874,0.126711202358217,-0.0598937671584428,0.283982056349236,0.286604654406662
0.932703,0.132108986146698,-0.0526267804673994,0.499597568226927,0.28871531054823
0.959567,0.155619689535275,-0.0911734074605131,0.504951186276565,0.18815222630118
-0.593167,-0.141244143214276,0.0906777416479673,0.361051512840076,0.467955850451076
0.496681,0.10892045556365,-0.06143153350007,0.200546445265571,0.0848288209576682
-0.226569,-0.113470050336204,0.0233238496398036,-0.12621707006369,0.271018355308813
0.312203,0.370574643655717,-0.025469067316766,0.237830148477248,0.10150245482304
-0.235439,-0.127681500874508,-0.0302655178620936,-0.0234786939931545,0.274487913601666
0.364126,0.247910180235306,-0.0272555540319471,0.273345217038208,0.164476446217904
0.369939,-0.0551373177234912,-0.0515708614507031,0.157816938862515,0.268973520471895
0.773781,0.0463235527390008,-0.0986941643113671,0.122945501162284,0.185445547189452
-0.0103972,-0.0871076882978859,-0.0474621681038626,0.215682202303952,0.385849050312283
0.401322,0.188729447453789,-0.0381527818744404,0.286474928628884,0.215858341429563
-0.458665,-0.136091247335653,-0.00629782679264516,0.430943560871788,0.482152052741152
0.59149,0.12494878615473,-0.0705414001309978,0.303945304151034,0.283738680083275
0.928696,0.105708420384863,-0.0414378823398729,0.479112472504228,0.27369919500347
0.9501,0.130556682234362,-0.068444138564768,0.467142150547919,0.166246274045802
-0.583356,-0.132355808861468,0.0539593309799756,-0.0538094288569665,0.423554569049271
0.44613,0.0734931254659622,-0.0669338173142941,0.349001484079842,0.050529759888966
-0.541683,-0.143570311132928,0.0444471937896215,-0.199460707170927,0.321385986814712
0.459791,0.160156448971347,-0.0900942063343305,0.233683252355178,0.0870499587092297
-0.19942,-0.117765442137048,-0.0619058613966682,0.166183863043637,0.35853110166551
0.280331,0.155696406807202,-0.00700487920703428,0.300651869930169,0.36897789333796
0.931308,0.168819261484452,-0.0188603173323412,0.558718566884998,0.383133764052741
0.959464,0.197809942662758,-0.113323505359544,0.597455373074079,0.411208129424011
0.374565,0.15596586997473,0.00290067340338073,0.52943613930443,0.540025931644691
0.735445,0.194027031828213,-0.0854592243567469,0.526489477133779,0.355476696391395
-0.0113034,-0.00617040047266403,-0.0337472492881708,0.313408010990721,0.480888764399723
0.410232,0.252247849917004,0.0247545317266958,0.292265805985931,0.272850424705066
-0.470973,-0.0737338204174829,0.0315129940153638,0.426557144617771,0.504298139486468
0.616274,0.0931201331030662,-0.0932341288730359,0.30932065070018,0.290588000693963
0.930189,0.12941212741839,-0.0364515625713389,0.493232428340293,0.287916924705066
0.956498,0.103521027676563,-0.100201868076758,0.489113832546242,0.200899702498265
-0.577499,-0.130766142862288,-0.026848460788987,0.338381737010455,0.490685627689105
0.447299,0.0957422322885005,-0.0813560801427206,0.189668228134673,0.133083301873699
-0.241837,-0.105436339724883,-0.0216336383914496,0.136124011071638,0.330437812630118
0.267031,0.245563465267715,-0.0325344020337346,0.200831298873219,0.210619202984039
0.365298,-0.0559750803261278,-0.0436137134108748,0.157778451150296,0.2440086703678
0.752402,0.0479270726682062,-0.0995566759534498,0.107073003029278,0.142886312977099
-0.016041,-0.0790087203560472,-0.0262390794525206,0.192575232489197,0.331933655100625
0.340867,0.210327660754369,0.0211472342969208,0.290127773356079,0.170690190868945
-0.456661,-0.142432588158558,0.0494301779668564,0.337523379943625,0.400207872359646
0.587525,0.142718320193428,-0.0783538064836876,0.269602726514653,0.172668907205933
0.367768,-0.00256234945663797,-0.053918917389426,0.184051317583349,0.3032757951466
0.76659,0.113189663065691,-0.0953074711724781,0.198705266451389,0.199057754575815
6.62603e-05,-0.0808717972479499,-0.0279861487934833,0.224915504913694,0.380070708535739
0.352217,0.243569838049888,0.00508414375503089,0.292885223418029,0.220164137990111
-0.459566,-0.202201585907575,-0.0149154965906833,0.411463914317256,0.475922446777412
0.571117,0.130233053173961,-0.0964779990558909,0.289855909517161,0.289892168135843
0.934782,0.225179694523602,-0.0423690425081806,0.502760992308743,0.27760391191551
0.959045,0.220003496820988,-0.100674617107441,0.499874998055942,0.211398061444934
-0.553221,-0.081483018163032,0.0824324386367305,0.33320131252652,0.512453003122831
0.409079,0.142866214522576,-0.0482756144517239,0.193060013698879,0.177416680083276
-0.213688,-0.0585807904055267,-0.00431166091004921,0.224795874017181,0.384191867800139
0.233974,0.13318775854931,-0.0203205081890841,0.278358200919232,0.331910761970854
0.932606,0.165666080559847,-0.0262317518193796,0.485289696858323,0.222212229701596
0.961313,0.138040460253837,-0.100975148181535,0.480699749788571,0.159925970159611
-0.574872,-0.105052678091715,0.0842162619501337,0.284198588486835,0.479536498612075
0.446106,0.14673130872835,-0.0459797717571881,0.206170165459656,0.133312026460791
-0.225256,-0.0807738014726825,0.000997568119499113,0.161646653466884,0.329105406002776
0.297116,0.271769630321745,-0.0101002824376014,0.210436880317175,0.218453723629424
0.376912,0.00775675525147805,-0.0351440317762693,0.147534276800437,0.254944621269952
0.771175,0.106296529885898,-0.0938597921556483,0.11186330157528,0.130312937716863
-0.00806854,-0.0527467736139405,-0.0349714164543534,0.216653834008347,0.289051261970854
0.304059,0.200884079108266,-0.045320530606884,0.292704663421967,0.115523875260236
-0.455388,-0.124596941141404,0.011555639804545,0.0680016178123209,0.303545561936156
0.580208,0.0972459884614771,-0.0835884045214108,-0.0612998532825475,0.0312552989266135
-0.237639,-0.0947594927729651,-0.00385990502697815,-0.0331456639917237,0.281994405196912
0.239646,0.250094462208291,-0.0178190336743504,0.234882584618091,0.187322525927307
0.373802,0.0127709688941218,-0.0543072845890441,0.170077659697131,0.243152911324601
0.758571,0.122179120285395,-0.0848454082266424,0.112208291519418,0.17608755310982
-6.59135e-05,-0.048188529228567,-0.0312503180778226,0.20859343905582,0.377442526023595
0.375742,0.266736750936867,-0.00371008120020945,0.299394983221607,0.214355840757287
-0.443493,-0.0904954588833026,0.0110272513493751,0.421955305758042,0.473620601123352
0.588294,0.164959758849705,-0.0962520979888519,0.305135026799542,0.311050693776024
0.932372,0.205307531973481,-0.0401641106198644,0.479629186317569,0.325573272962353
0.961797,0.200797496774451,-0.107784861089485,0.478908108728861,0.256216931751041
-0.579157,-0.084094098936119,0.0611524586601129,0.626523046685927,0.576164257980569
0.420569,0.111551256806227,-0.0508013772097635,0.438708969485643,0.273967316620402
0.372653,0.100509426880694,-0.0465478495781885,0.316021835232877,0.343939555343511
0.766365,0.133086163815423,-0.0954008600304461,0.114401149752127,0.232056774982651
0.0135073,-0.0439945106992023,-0.0235957642801204,0.218627936840743,0.387024118320611
0.369839,0.268000680406235,-0.00680202590955998,0.303785087837876,0.218247220159611
-0.440368,-0.0978041305637327,0.0337116885439404,0.425906680929908,0.480719524462179
0.590472,0.17445650737741,-0.0829203641452952,0.304374423489592,0.29657869240111
0.930236,0.233465699631516,-0.0259733835789386,0.494090349559106,0.288544288167939
0.961527,0.231560540448717,-0.110138636218167,0.491904487681021,0.218432668736988
-0.566157,-0.0985526583866213,0.0828621524189603,0.335393670617465,0.52478552185982
0.427368,0.168979533871248,-0.0426924721330832,0.214158760199159,0.211494241498959
-0.218304,-0.0565036435469992,0.0118813059820026,0.226076345955678,0.455933860166551
0.311513,0.190199737166602,-0.0154419394173107,0.285605125698697,0.424761384281749
0.930965,0.279218558069805,-0.0301392610139771,0.553764947064415,0.395431603573907
0.96622,0.291210024924453,-0.108858804720824,0.594262186454051,0.404320106696738
0.360132,0.158529380099315,-0.0225861751500554,0.501194707902644,0.533716586918807
0.736133,0.279801165061933,-0.0853253046785788,0.513503212586263,0.297270002255378
-0.0249865,0.00322149887899891,-0.0299169456572671,0.295980554565554,0.375388109299098
0.345657,0.257031669095159,0.000374922239498535,0.273114873154692,0.126785294413602
-0.472983,-0.142664639868595,0.0418787679070637,-0.172552760867076,0.245233736120749
0.559288,0.112518675558669,-0.0959528094337194,-0.0109756744646174,-0.109194380811936
-0.587767,-0.162017905160624,0.0567450832636541,-0.212528110585846,0.177469070263706
0.410683,0.215974608442443,-0.0548942852622207,0.0445310979626538,-0.0796679731089521
-0.237394,-0.165379653044306,-0.0478127990845555,-0.271122948457605,0.150738764746704
0.223315,0.40819020637334,-0.00749925460065131,0.0635344133100345,0.0502956825121443
-0.432315,-0.123946449884134,0.0282806557796209,0.0965912904972577,0.339873039902845
0.56439,0.171664217892157,-0.0915066367817568,0.218717489029843,0.212180029146426
0.932173,0.233954884438053,-0.0387545888943128,0.46792169684745,0.242450983691881
0.961663,0.251902638639688,-0.0957433285955875,0.468463389841253,0.172401794587092
-0.575805,-0.122272384554686,0.0823052369954138,0.314346517611537,0.467319773768217
0.366153,0.166860324219939,-0.0492275257194811,0.190070798135625,0.133463499479528
-0.241594,-0.0865749228913919,0.00429512210758948,0.137659665042093,0.31157719240111
0.268807,0.275367251228792,0.0019675593294287,0.178767670545331,0.221554465822346
0.365436,0.0403042009757023,-0.0491625059595085,0.126814622737412,0.277621040770298
0.758448,0.168366924760585,-0.0948047881324422,0.0963583561001269,0.191018327862595
-0.0177495,-0.0202187577881947,-0.0249316416931876,0.414332962582885,0.40455434351145
0.294026,0.149002172154889,-0.00043987459349743,0.461466027453315,0.297481019951423
0.34468,0.0900975761669525,-0.0280064082402599,0.235466222450239,0.317152978660652
0.741854,0.165654680953247,-0.0852069472456337,0.136255184139436,0.201732364156836
-0.0492186,-0.0893125192978583,-0.0394736586666921,0.149729623205531,0.367857536953505
0.296771,0.234596940886119,-0.0301029708901299,0.270911378035357,0.19979404666898
-0.463424,-0.12369392307199,0.0561441020170728,0.370143410512384,0.442624387925052
0.56486,0.18940682148156,-0.0855243841076563,0.278241831671444,0.271591320263706
0.928365,0.239071843675744,-0.0451075131631814,0.439060814650294,0.26230536259542
0.962186,0.259146589142937,-0.0640891356899648,0.431695107696694,0.16010650499653
-0.597478,-0.205372857857029,0.0674844977672897,0.393846872167637,0.431959693268564
0.424035,0.209258284245729,-0.0154096250647642,0.176632560072342,0.0578314215822345
-0.244175,-0.110771183457829,-0.00778200684956509,-0.133621428265755,0.218945584663428
0.206607,0.317457913425292,-0.0313262331517169,0.206938760613064,0.0684429131505898
-0.258921,-0.0960978897764773,-0.00736005418422295,-0.0643670064870261,0.21736645610687
0.26971,0.264909682215737,0.000803603257321636,0.199196787601769,0.130378083102012
0.353721,0.0592519736107385,-0.0484428777084795,0.104547679514436,0.221719602185982
0.76528,0.184943629924776,-0.0976431702071592,0.0887696230029196,0.144393753469813
-0.0250253,-0.0374936899405008,-0.0125139649864278,0.24875249315501,0.34615979111728
0.323176,0.211899994004672,-0.0133442188715689,0.258812133202662,0.192979765961138
-0.492169,-0.203925666337459,0.0827296053233101,0.44958671594291,0.449062025503123
0.548956,0.192081862266075,-0.0941312067943957,0.282884559158244,0.261925498785566
0.927755,0.272310365576524,-0.0399835769935767,0.425254522332345,0.247366576509369
0.963431,0.307806809634982,-0.102342741717096,0.432854414947056,0.138553964850798
-0.583431,-0.138850410801234,0.0841036863721394,-0.160019567297289,0.391394438931298
0.380185,0.165804735812191,-0.0436594591465012,0.304921287292163,0.0266805124913254
-0.570816,-0.176933763702017,0.0648705901041983,-0.272517638795811,0.279969749479528
0.385349,0.216952320794295,-0.0711700235335639,0.194767058649255,0.0540190149201943
-0.231729,-0.105998855903279,-0.00276743762752366,0.0189065208387734,0.314011196738376
0.194037,0.113803195487659,-0.037549616008996,0.264516383783991,0.344473244309507
0.931616,0.314102280037351,-0.0321969160956384,0.549867526848448,0.34510970593338
0.965287,0.349417082310207,-0.113435980499574,0.587202147177622,0.380943682685635
0.346586,0.147659653407672,-0.0352875045483135,0.496329675946848,0.519704026197085
0.725543,0.286490878305519,-0.0806212739497764,0.508809163211972,0.330011051526718
-0.0334519,-0.000999583886980645,-0.0127888053771672,0.292125874543143,0.456002331367106
0.343059,0.260538492330904,-0.000460194494539391,0.273990973271065,0.260400116412214
-0.472498,-0.103501987351654,0.0410141962571907,0.398604256412315,0.476549186155448
0.582932,0.172195766835175,-0.0841901295454949,0.286488579831629,0.276488513011797
0.930012,0.234848442100598,-0.0278623733511499,0.49719955952139,0.268722838133241
0.964857,0.224244177815706,-0.102844402926486,0.490442820689627,0.180529488931298
-0.583348,-0.0876673096576142,0.104530946875432,0.330477453630817,0.469681783136711
0.393765,0.158670344109973,-0.0325698370217911,0.171056362798045,0.120024468667592
-0.246604,-0.042167783148696,-0.00810625473607224,0.144442157828212,0.299016066793893
0.201068,0.269385673033113,-0.0231081518362288,0.180282965406554,0.195637154233171
0.350741,0.0118405465805935,-0.0645884244108682,0.119768071053314,0.217858562977099
0.746365,0.117534170626998,-0.0874953411311444,0.0801423093765822,0.118337595246357
-0.0239943,-0.0309930548229704,-0.0223776631776355,0.188364072696133,0.308453899028452
0.279833,0.251646345477299,-0.00620388627981747,0.282823841440086,0.164142870888272
-0.438521,-0.069805760109887,0.0205368865800085,0.314693380319688,0.375782156315059
0.560944,0.137992324266611,-0.088282609377124,0.251762904923169,0.1667852444483
0.358185,0.0098375163990697,-0.0398210527940816,0.166348608823899,0.29679179684247
0.766627,0.115536592761807,-0.0875086856977214,0.181145605506959,0.195425943684941
0.0212184,-0.0265542474962142,-0.0164882876673705,0.232508901897491,0.374234611380985
0.31201,0.219533108798095,-0.0296212766947996,0.303505513826494,0.237278865024289
-0.397574,-0.0515214999311204,0.037628419614956,0.413833177044761,0.469354094031922
0.560519,0.144790011760424,-0.0847597530802947,0.302812954846335,0.306008322345593
0.930248,0.180394019643004,-0.0343973823549519,0.483953670277538,0.293432476752255
0.960347,0.171668844402704,-0.101976290526685,0.482302945828444,0.23260523296322
-0.47372,0.00419046217072641,0.09248807286487,0.353173886030378,0.517590182512144
0.396785,0.142687546687396,-0.0475525444200264,0.218970829409505,0.20087420610687
-0.153085,0.00704887678974616,0.0091574438254083,0.261754721715878,0.383618133240805
0.223367,0.179582842371835,-0.00990246587409227,0.301157506797605,0.337295058292852
0.937691,0.200629032197008,-0.0214171377585302,0.441671812286397,0.216555433726579
0.956646,0.135268216243865,-0.107101785627378,0.469370233633423,0.144282955586398
-0.816299,-0.129642308487768,0.0457680602538358,0.257883203003928,0.532656601318529
0.640676,0.221858801617451,-0.0399598498306903,0.209745701218497,0.0967150633240805
-0.334135,-0.0784001352376483,0.00882662960994601,0.10470838186323,0.411225895385149
0.592188,0.396230962717306,-0.023644406717323,0.224935864150675,0.211402993233865
0.375578,-0.0146723357406043,-0.0228011595875891,0.173294078011097,0.328459776023595
0.79976,0.0790876623768005,-0.104267418661653,0.139532711656322,0.185021281922276
-0.0526725,-0.0618270282508462,-0.0261193528802604,0.239855319291458,0.378192394170715
0.581751,0.320881897576672,-0.00573455270773853,0.289904858892229,0.121211288861901
-0.554567,-0.0842029491214288,0.0725318214805086,0.118760103290623,0.405568032442748
0.669616,0.0847141417057803,-0.0922928814815722,-0.0216815498144967,0.0741134415336571
-0.242259,-0.0717973379090564,-0.00388923923210634,0.0305997590040207,0.363389191707148
0.439994,0.34846674800141,-0.0118736017628041,0.233168641316801,0.220681487682165
0.439052,0.0259404163915066,-0.049845527009944,0.223192061767033,0.302273482650937
0.746359,0.0991494600910455,-0.0898802150950824,0.156354289821693,0.232159380638446
0.029303,-0.0404590694669814,-0.0467626673942061,0.269906914977558,0.414842721721027
0.452458,0.285906068785245,0.000504015820768165,0.290150837074282,0.2289155
-0.433945,-0.044416516676968,0.0194537600825669,0.44616192592471,0.489175926786954
0.535811,0.117765504898092,-0.0801073609371569,0.2970570847264,0.326321331020125
0.938582,0.132449641856223,-0.0533308171277617,0.482116871170967,0.317574929215822
0.945708,0.11965975924179,-0.0954697010033668,0.475548774736169,0.255196479319917
-0.56287,-0.0113118530894009,0.0445125405374491,0.618711144336727,0.562980361554476
0.364702,0.0497150822501372,-0.0277599534850277,0.408622745947621,0.279398984385843
0.435109,0.0930092167688193,-0.052918307240187,0.332261830531792,0.316095075988897
0.692537,0.0577184462967019,-0.071584807467918,0.117251669798262,0.240261453851492
0.0710384,-0.0351254768810257,-0.0205972367684554,0.250342273460454,0.35600389555864
0.30042,0.240800793772839,0.0182307355941807,0.27897805869367,0.218946491325468
-0.421847,-0.0100687406355451,0.0233140073044345,0.430453879792394,0.45200764018043
0.507528,0.109439697001118,-0.07624372714423,0.279180031596809,0.299117603053435
0.938518,0.112052827381045,-0.0443440607340057,0.469737217410872,0.271120711311589
0.948954,0.102613308335668,-0.0973108809034957,0.471196289121515,0.218946574045802
-0.501017,0.0115942314443807,0.0595871922247391,0.366101923132177,0.507837969118668
0.359952,0.117811420310259,-0.0068236977647838,0.207716200986384,0.23468569777932
-0.122992,0.00938246327906251,-0.0262862127651243,0.263572942199937,0.432487849757113
0.240459,0.187142148126819,0.0256566218102805,0.280950454938781,0.445332452428869
0.939221,0.170239516173917,-0.0359464595699569,0.570298787661729,0.390785195870923
0.953382,0.194582881891915,-0.0978455989351958,0.595653928157542,0.410875745836225
0.429573,0.161666674517757,-0.0369409888474335,0.533834281064654,0.514442602879944
0.654555,0.193388988579333,-0.0800467316277335,0.510291382146233,0.318490675399028
0.0541479,0.0386037457376428,-0.0514942325092027,0.343310017308392,0.345534556210965
0.250894,0.249453021253444,0.0380786579328032,0.262274675730486,0.145136482477446
-0.412031,-0.0559973926828009,0.0102210284763467,-0.173514355045979,0.217027601526718
0.465027,0.0533321610292523,-0.0780444493997016,-0.043143638183163,-0.0912702418459403
-0.493024,-0.0393666652919416,0.0542171927053247,-0.211030185210793,0.143364013185288
0.302357,0.155699671375659,-0.0462159618514527,0.0191114809702137,-0.0555698152671756
-0.113681,-0.0927055782520601,-0.0378493242921382,-0.214625676407818,0.109419477619709
0.0916901,0.39510422069137,0.0355397797833049,0.0572205752594349,0.0804465232477446
-0.333261,-0.0286093936822511,-0.00849469335335975,0.167024248523872,0.302931674705066
0.472617,0.092517281892628,-0.0724305914280471,0.224222301220885,0.231159392609299
0.93704,0.125144253282307,-0.037119475951594,0.476336304086882,0.235266879770992
0.947603,0.135588721014831,-0.10325221708023,0.473168929616587,0.186842336398334
-0.452639,-0.0424391178527791,0.00407759836093555,0.338510618986013,0.446101288723109
0.251282,0.130979828018159,-0.0152915936313375,0.19846594321982,0.181074481263012
-0.102219,-0.00718419754333008,-0.0366702228041613,0.189157781097655,0.28454446703678
0.155568,0.245072387647397,0.0311189219430609,0.179831259183943,0.265195379597502
0.470101,0.0763260799056421,-0.057581306494319,0.178705514902526,0.260055714781402
0.692111,0.134969635786705,-0.084839766947481,0.157367141335901,0.222500178764747
0.100036,0.0720671287065628,-0.0452868178340438,0.472439605318378,0.376317356002776
0.148207,0.117657416601671,0.0191155483000519,0.490928257020553,0.340096921235253
0.445624,0.125041504602225,-0.0453508492192369,0.267351154506096,0.289937581887578
0.676617,0.144390002833792,-0.0864871730019712,0.192049712039087,0.225036813671062
0.0632782,-0.0100186738093891,-0.0671433188642552,0.232644427135619,0.337107613809854
0.168056,0.207338931324039,0.0134207602575592,0.282294126601931,0.233116551006246
-0.365074,-0.018798140701818,-0.00540027759451997,0.402506393165048,0.408084058292852
0.475618,0.107095562580498,-0.0678561081054505,0.264854235299784,0.293006168979875
0.935871,0.146187951585494,-0.0389792436519418,0.473927426853142,0.256526139937543
0.952447,0.131549222904157,-0.0982274071795145,0.47575201747716,0.174835564434421
-0.483351,0.0200121128189227,0.0439487816269796,0.359520158638443,0.413150805170021
0.316914,0.121016487823833,-0.0263747764104648,0.172737078898291,0.102785287473976
-0.10122,-0.0373324934085887,-0.014190650497343,-0.0572598680378923,0.191786287126995
0.0756173,0.245418095350586,-0.0306292647140374,0.0857566451923852,0.11829556332408
-0.114243,-0.0222104181485311,-0.0337192641081748,0.0294069425241492,0.188868301526718
0.141027,0.237279292994792,0.0207528635401981,0.127130124193746,0.178844187369882
0.46318,0.0453538246354155,-0.0460538899422491,0.164881756251172,0.205641562456627
0.716854,0.103820283000488,-0.0782661824663256,0.151469606435524,0.177515713393477
0.0894025,0.00855997793453598,-0.0556894866302036,0.243716189983709,0.329473838757807
0.205158,0.20954883931235,0.0112394916271529,0.300293061036609,0.241178738202637
-0.351886,-0.0521127241153016,0.0209242921138257,0.418784722032301,0.420719647987509
0.470659,0.149738116914075,-0.0800873823520499,0.286771022568196,0.292941391221374
0.935153,0.230359429072947,-0.0418627686841801,0.469131661047269,0.248311364503817
0.950292,0.21531184052123,-0.103695861301335,0.464778442276764,0.15476914833449
-0.480091,-0.0310633785924427,0.0400762280449553,-0.0311478176063548,0.371756688272033
0.267556,0.114546097028432,-0.0143562888591737,0.209637343491196,0.0642899878556558
-0.445513,-0.057819093934249,0.0260083229893839,-0.164385812690153,0.247332741151978
0.286166,0.139452665800383,-0.0586127928198634,0.0340259301129879,0.0819131072172102
-0.115497,-0.0188385944262135,-0.0137536590495521,0.0456792538729283,0.273773925399028
0.0348896,0.114488840307166,0.0323118349280053,0.268171934552666,0.374158576231783
0.9376,0.272901814376441,-0.0446128527430425,0.564418248935824,0.33258882425399
0.956436,0.28113199723757,-0.110596513858204,0.597024246638827,0.396545193789035
0.459167,0.21230425432859,-0.0196277888442298,0.553990743672671,0.511313592470507
0.670086,0.240878803531629,-0.0660651344312971,0.53729417031407,0.373856089347675
0.0959067,0.0341681680442303,-0.0276676111496121,0.378907585074971,0.447173021721027
0.252276,0.229308212566495,0.0297677579745013,0.309813806458584,0.314923959229702
-0.329596,-0.0710868748346597,-0.0117854996981114,0.441315517133739,0.461588105655795
0.51556,0.114717823916734,-0.0737901295582827,0.309002258187097,0.312333405100625
0.932208,0.191314167397602,-0.0283673038066417,0.488040390110907,0.275618452914643
0.953556,0.176281396194419,-0.0992140729874808,0.481394444115602,0.198611245211659
-0.466722,-0.0639874615876882,0.0037105736656329,0.353266544196937,0.449028039902845
0.285007,0.0885521522852535,-0.0134293329433863,0.165141035189951,0.158477635634976
-0.140386,-0.0162829199817014,-0.0352877455964548,0.200322283999831,0.268120039382373
0.0690518,0.212489152311227,0.00409169839364861,0.180003505568918,0.23019656054823
0.442648,0.0511360755678889,-0.0408809658566939,0.163096407325019,0.192268166724497
0.689255,0.109697161119217,-0.0924583246182601,0.129122601654345,0.138270756245663
0.0913799,0.0134222517074045,-0.0302009099456146,0.224166071563219,0.274217568008328
0.134392,0.185498997004272,0.0208989387145515,0.290215821431482,0.198381734038862
-0.355128,-0.0614702663685913,-0.0182810402876969,0.346468236700593,0.342925473733518
0.467893,0.127549745700333,-0.0733834580695066,0.243012767384296,0.190155991498959
0.445569,0.0605476873194667,-0.045365042176696,0.183533448358319,0.270962169153366
0.711084,0.13814816462838,-0.0828851378232844,0.183588025941567,0.21045981259542
0.109288,0.00696151404219104,-0.0325432674065651,0.274740375570845,0.342764820957668
0.189462,0.198337185315396,-0.00276908631600629,0.305670237848977,0.259544349757113
-0.310878,-0.022263907896047,-0.00211897403334792,0.423788396429262,0.424872956627342
0.458985,0.118115161208745,-0.0682523741726066,0.296506322247869,0.308440989243581
0.933273,0.175518704644247,-0.036237243133082,0.471940507711928,0.256188317643997
0.950802,0.166503819411918,-0.107177209996826,0.468004221195124,0.193234922536433
-0.466336,-0.00557162719651268,0.0166457527808125,0.316251830644407,0.454977761710618
0.237333,0.115418170197037,-0.0122425861701804,0.144488203952925,0.102738607130465
-0.141488,-0.0251478744990034,-0.0278000705822821,0.210404109482929,0.178666448386537
-0.00748855,0.11815438106741,0.0319990856673978,0.239201306206321,0.0753802126995142
0.892738,0.377471498568257,0.0869922844946774,0.0139458879899546,-0.235796099496877
0.941456,0.221254745577031,-0.103679961696245,0.0844290755173005,-0.572028370662734
-3.11717,-1.15847998624554,0.388042830223827,-0.495561794237458,0.21631906184941
0.533993,0.318785834030373,-0.0052016956111128,-0.291703743661383,-0.894772217990978
-2.02574,-0.864864404228913,0.251769314967226,-0.764723152261454,-0.103632441204025
0.550243,0.351256665358496,-0.00616757356076832,-0.543997360617765,-0.69922861276891
-0.452817,-0.144735763386479,0.0633247500199821,-0.522016216907001,-0.298045870575989
0.802952,0.257290854364319,-0.0997323307908317,-0.551937923715572,-0.72490092297016
-1.46557,-0.588884596135795,0.169782575850122,-0.499719517667253,-0.174770664469118
0.591062,0.376753081591461,-0.0128785309201298,-0.405915430673928,-0.928962476752256
-2.66072,-1.08032401964191,0.312951852029906,-1.09907411676204,-0.103907524288688
0.680815,0.311564237859266,-0.0772324102430621,-0.789848136302723,-1.04159419396253
-2.16317,-0.745889049919752,0.223358230961496,-1.04892334141424,-0.156227701249133
0.467777,0.312637019771221,-0.00133585822499057,-0.70652160547372,-0.777874653018737
-0.487678,-0.0998108601177685,0.0655658418979021,-0.484810780063165,-0.336216184594032
0.776247,0.17596997435206,-0.0870764339521294,-0.634752147553746,-0.680883119014573
-1.49433,-0.406529790147009,0.216998129337493,-0.580774731417712,-0.0811571155447606
0.486838,0.288790410155663,0.00217056197175604,-0.48471934512164,-0.798994764052741
-2.75768,-0.807375803797433,0.315334897577858,-0.106856826548687,0.139057212699514
0.567389,0.199403798669477,-0.0775509843641373,-0.120451315687816,-0.551326904927134
0.897176,0.434891310713697,0.0744192784116093,-0.0778767101459197,-0.421328585357391
0.944903,0.301510626412116,-0.0964814378558375,-0.0401396256430881,-0.639457094031922
-3.16904,-1.36359027440795,0.30705651691111,0.409931891768836,0.284002721027065
0.423605,0.19699078753288,-0.0296510918484284,-0.0875770244190423,-0.717473697085357
-0.447307,-0.112637197794584,0.0441480124360892,-0.4063441669948,-0.297697061415684
0.70943,0.320052306827174,-0.0782270480659365,-0.597329280403082,-0.632774655447606
-1.40687,-0.573213344004555,0.196357246347733,-0.514670184984406,-0.146159096807772
0.370044,0.27219995726095,0.00725143893352133,-0.522126183351297,-0.795028525329632
-2.67182,-1.54133152237234,0.292885740019554,-0.0859093326707991,0.125477401804303
0.5878,0.324119216641608,-0.0771197467090519,-0.14640148945373,-0.590527212699514
0.891272,0.533508086984821,0.0780465594340444,-0.106937349645713,-0.500274448646773
0.95267,0.412680205303894,-0.108875158970548,-0.0303464566057294,-0.718677518043026
-3.17962,-1.26943986878103,0.392246283746283,-0.459237009751143,0.167154659611381
0.465102,0.235989102351713,-0.0388619014951691,-0.399881928751181,-0.870425404233171
-2.16598,-0.804491191215724,0.218351045522302,-0.609057703222103,0.0782978195697433
0.329239,0.195133070831584,0.00640442630320747,-0.490323997447107,-0.317839147467037
0.891468,0.394581479618937,0.0814229831889044,-0.0204429707582602,-0.158032276544067
0.95911,0.269093644819479,-0.115067742056835,0.245438157056373,-0.193817246703678
-0.51622,-0.066159990824016,0.123301341179507,0.0130286889475691,0.142761395905621
0.726591,0.227119188469193,-0.093490534915007,0.269005944899209,-0.511214045801527
-1.49199,-0.39709090523858,0.19058117824867,-0.536940131725934,-0.144491302914643
0.376889,0.257952516859706,-5.37504380962537e-06,-0.515786394165979,-0.998098052394171
-2.74227,-0.840774455764827,0.359423169558549,-1.59861250427152,-0.384963363636364
0.606576,0.216203838223176,-0.0790751298322762,-0.557398369173983,-1.49054681124219
-3.13145,-1.02700926000414,0.328716421094222,-1.64523934756737,-0.509676916724497
0.484996,0.215090487341373,-0.0528931598796313,-0.640743968847184,-1.42934698612075
-2.17878,-0.705056349706785,0.146545434759791,-1.64153130279675,-0.543099652324775
0.286296,0.189040168410011,-0.0011021632822158,-0.98635851357153,-1.17857773941707
-2.67766,-0.869837889839308,0.238686671898983,-0.861005638438107,-0.126078809160305
0.60623,0.225054775589756,-0.0804331864337871,-0.237535039661537,-0.747505239417072
0.892631,0.443508452513667,0.0906166627122714,-0.144124794291972,-0.544521647120055
0.956018,0.290110414205493,-0.115123148344863,-0.0425641676605444,-0.779710453851492
-3.15664,-1.00260036219733,0.384985064652531,-0.47681461165572,0.0905511609993061
0.452461,0.193652272514339,-0.0344196928258456,-0.398668244102173,-1.01474176439972
-2.18487,-0.638273394791551,0.202461510560219,-0.793030099620725,-0.174562822692575
0.317702,0.214350417137634,-0.00733461588586647,-0.673043473027081,-0.713095526023595
-0.495288,-0.0480149453324821,0.0638046416044693,-0.624825076226736,-0.303303067661346
0.772,0.189604617081514,-0.100375467486157,-0.672776347816996,-0.627918936502429
-1.50938,-0.343563216423047,0.156200924292629,-0.125668564467065,0.0552447807078418
0.375105,0.30280176705821,-0.0129136139545764,-0.22479222429174,-0.496075364330326
-0.510687,-0.0566949126274847,0.0569235516975632,-0.523199151310195,-0.173677048577377
0.760616,0.172172319316655,-0.0969750802757309,-0.54888690291716,-0.581738549271339
-1.45833,-0.329261603070601,0.171105147724625,-0.574637822140803,-0.0742080718251215
0.396007,0.248524833393388,-0.00804779559814581,-0.502646599031786,-0.771085645385149
-2.73692,-0.74012387787093,0.343385886136269,-0.10940275332155,0.130305201943095
0.621494,0.2081324397467,-0.0721759879464435,-0.0998732644355964,-0.607104079458709
0.892744,0.459434102977091,0.0725044095867995,-0.107272292560634,-0.504211304302568
0.957712,0.305510233462343,-0.101338094445697,-0.0248741846090084,-0.815250654059681
-3.23657,-1.09758668978518,0.353259627314383,-0.467344361553247,0.0119559632199862
0.500847,0.214948593751482,-0.0461339383895185,-0.355598622480023,-1.1556256370576
-2.18874,-0.662557199311808,0.163986017497234,-2.00927497558324,-0.365641256072172
0.356425,0.236052803664852,-0.0214610226731054,-0.0444544802515592,-1.0754271204025
-2.2311,-0.629184400437944,0.234973175734899,-1.81020875435006,-0.280361953851492
0.338649,0.286722715059009,-0.00738767654858032,0.0651639800014025,-0.856364857737682
-0.485116,-0.0547730180063274,0.065508695730908,-0.705133616913179,-0.385209908396947
0.787051,0.211910507668348,-0.101225111780766,-0.649502644175699,-0.719050751214435
-1.50948,-0.367704187090877,0.172795940732785,-0.590981976975258,-0.11943380499653
0.415267,0.245399159781791,-0.0190711349756013,-0.480180354246249,-0.812544989590562
-2.82254,-0.817991458861872,0.327018003078564,-0.111015062122148,0.137660379597502
0.633377,0.219885531758078,-0.0778051256903638,-0.0964521518075535,-0.647100453157529
0.893005,0.469276977541856,0.0976994994329314,-0.119366157581617,-0.544685986120749
0.960254,0.30103927354665,-0.115245990889105,-0.040141782849371,-0.872014764052741
-3.12729,-1.00714983996863,0.362071905505845,-2.17505254958904,-0.115995128036086
0.489055,0.159818133508407,-0.041170239081687,0.259128213763914,-1.30047414434421
-3.26557,-1.07629993416974,0.294910669360602,-2.21660942612086,-0.237728595072866
0.528272,0.219247112729952,-0.0583634965107565,0.0209739056299057,-1.14380731644691
-2.13476,-0.571172133744025,0.209998281054549,-0.639231834439399,-0.141319085357391
0.294119,0.148275734668153,-0.0165356524323007,-0.510782617844134,-0.447645366065232
0.891141,0.395163286775863,0.0811362839202524,-0.0331088869355551,-0.178376078417765
0.961832,0.239798873748256,-0.111326718260514,0.23539741027084,-0.208551887578071
-0.538496,-0.0254009006262138,0.107062093686669,-0.021191388133589,0.13056826925746
0.738097,0.219963976927885,-0.0814873235668031,0.255487801922967,-0.429647692921582
-1.58125,-0.35091730182513,0.156295437310667,-0.5552986607658,0.0447671308119361
0.409827,0.262801085429777,0.0106408566225701,-0.565528153997216,-0.744885985079806
-2.89581,-0.774319793492872,0.306972112052198,-0.132720619770901,0.126086641568355
0.62447,0.219360388939935,-0.078781400399498,-0.133521965617159,-0.662617092643997
0.891124,0.445880138273946,0.0798320709416013,-0.12873183377978,-0.549037862248438
0.963997,0.269441174803919,-0.0998914623649568,-0.0585139231595037,-0.817866342470506
-3.34657,-0.947768160389363,0.429950402127319,-0.486997735654065,0.078918034351145
0.485774,0.208494865886631,-0.0293268005713534,-0.415393058273852,-1.08567079458709
-2.28102,-0.592810706455308,0.224354866851808,-0.813655408299343,-0.199116130464955
0.319554,0.210720630129651,-0.00554973665268677,-0.69418151785951,-0.822903274115198
-0.547864,-0.0625013906035883,0.0828418219519809,-0.617445826486083,-0.438520317140874
0.763463,0.199279399713148,-0.0978585134819417,-0.7123632969362,-0.815424582928522
-1.51895,-0.456398490121631,0.201501933706797,-0.626411806078725,-0.218118121096461
0.354642,0.261084394097808,0.00201433464345588,-0.565753395367723,-0.901360553435115
-2.80832,-1.08859634659351,0.266262460118542,-0.34097416363642,-0.0179724174184594
0.592844,0.279657102045939,-0.0679506700463994,-0.289071028946548,-0.857736568008328
-0.500718,-0.101209845772904,0.0715724423915514,-0.516742368478366,-0.389479707147814
0.765856,0.311364520153016,-0.0899782621984325,-0.330585898034681,-0.746216923317141
-1.57567,-0.80978074277066,0.161605934074658,-0.537986637057661,-0.160372442748092
0.371564,0.298806663779699,0.0111382441900968,-0.549025567973799,-0.870570097154754
-2.92095,-1.64825478006168,0.322465275970099,-0.151527981413293,0.0982222897293547
0.573801,0.334645307774212,-0.0746403967845943,-0.178345983335781,-0.673842282442748
0.892262,0.584088297603996,0.0750921807817002,-0.14580155389073,-0.575784950034698
0.956683,0.476054211285341,-0.111264103151528,-0.0908196608271781,-0.802248463219986
-3.34292,-1.45941548084691,0.451748873944521,-0.480643427644778,0.11804522796669
0.392605,0.228907117284891,-0.03125878667773,-0.504280117967032,-1.02891356002776
-2.23861,-0.871851874555729,0.222199155191374,-0.636757089398831,-0.134271543719639
0.172123,0.138480292977956,0.00975404315683782,-0.593006826379324,-0.611685014920194
0.892734,0.471269607791708,0.0598326293036409,-0.253305619489477,-0.644877218945177
0.958783,0.329274090854384,-0.107470602982293,-0.202425256850481,-0.88178626370576
-3.35927,-1.2410316421147,0.376183048952827,-0.520286659212122,0.0668769864677308
0.42571,0.216778673944395,-0.0302163770543836,-0.471871385847101,-1.07982785565579
-2.21454,-0.741141956058383,0.199091820295767,-0.827719648700372,-0.232472103053435
0.277747,0.217881478829521,-0.00992267147982378,-0.723859290843153,-0.815401082928522
-0.514477,-0.0913503047246831,0.0763884849076293,-0.635308076499223,-0.453875436502429
0.76239,0.264891181032596,-0.0944127642034293,-0.713594166963298,-0.877727491325468
-1.50705,-0.41180295391116,0.146908550665416,-0.64289450783834,-0.346418773074254
0.305391,0.240283422152931,-0.00232272469155933,-0.578865136138193,-1.06772903816794
-2.93754,-0.941120431987362,0.31712910762234,-1.21621886750987,-0.255476852185982
0.559899,0.23965033351299,-0.0638916206846155,-1.01736433375251,-1.22185033379597
-2.30335,-0.688976777302823,0.181550256726913,-1.23731494638709,-0.3250231648161
0.194156,0.198404021485566,-0.00266278150088652,-0.880045475918083,-0.902591993407356
-0.561763,-0.0938035985561846,0.0489179282900699,-0.60776303294017,-0.487950245662734
0.733105,0.240268622364903,-0.0780856149831023,-0.766486622051751,-0.81430105482304
-1.5788,-0.404164573122556,0.140459354666604,-0.679730848868003,-0.196182726925746
0.313729,0.246789114872009,0.0391612465193599,-0.615993314188598,-0.893553419500347
-2.97265,-0.859616907094346,0.29460638119736,-0.161447397096665,0.0730960388619015
0.574916,0.218170213251884,-0.0667046062130056,-0.199963877470536,-0.639490786606523
0.894075,0.470180585477697,0.076564245122414,-0.156795632276841,-0.47794574739764
0.957952,0.322686241791623,-0.113992624882445,-0.0873165349007916,-0.694014396252602
-3.26921,-1.31176753329719,0.371094646535023,0.398890975044568,0.261949242192922
0.407388,0.178528042926993,-0.0307648102728031,-0.0559033746739168,-0.761949470853574
-0.474629,-0.0587241249588653,0.0488788491973988,-0.440370811626535,-0.33461129666898
0.750561,0.308432810073082,-0.0877663186571446,-0.596577142257604,-0.698654585704372
-1.53349,-0.611067758537365,0.168675831347935,-0.552363913057631,-0.184611472935462
0.357932,0.282018800011067,0.0133432287996193,-0.57365654160615,-0.888203759541985
-2.93843,-1.30481426219331,0.312053403765774,-0.134886150639458,0.0934431155447606
0.571487,0.281456739643831,-0.0747290760150592,-0.170875317804218,-0.681099192921582
0.893599,0.535311290138998,0.0675415109108248,-0.184455823838223,-0.584062608952117
0.961793,0.404014772098578,-0.106834801049382,-0.115107298881655,-0.814857028799445
-3.39411,-1.37581271407836,0.313113598244214,-0.509945639894183,0.116907821651631
0.399716,0.225526271670913,-0.028385294523133,-0.478205300926986,-0.965337005898681
-2.32022,-0.887401954911471,0.209678606220641,-0.630745192444893,0.0231292161693269
0.27307,0.183236413722702,0.0123980852377371,-0.590238596659598,-0.345940998214923
0.894123,0.448800961267321,0.0809553369372652,-0.094208070463946,-0.162527378844711
0.96212,0.302495543804295,-0.113396179903848,-0.103893170584345,-0.0641235149528881
-0.555311,-0.0729647827862704,0.0906857937730223,0.771723282621907,0.566837691674734
0.726204,0.292174286599611,-0.0902053742013246,0.538826626327273,0.0442955794587092
