1000
-0.93427,-0.741438374164707,-0.470969630478186,-0.700551834065356,-0.394969889659958
-0.970202,-0.909689342021286,-0.511964506734454,-0.549341143120766,-0.282300109390126
0.337539,0.327357187278557,0.0498107341912859,-0.422865535398528,-0.557857147890209
-0.322966,-0.382396460252828,-0.0974650869168495,-0.42985902988527,-0.283051333083271
-0.101924,-0.0937184362586004,-0.224230567831094,-0.26855028827005,-0.348676155658693
-0.036116,-0.0854747136180216,0.141142234134544,-0.395252516896874,-0.434524930603747
-0.757461,-0.518399003530463,-0.391273483007608,-0.400125443862323,-0.342467749479528
-0.673373,-0.574788840490745,-0.406455403144001,-0.355984518435232,-0.432779038167939
-0.653829,-0.188802064950731,-0.263119562355519,-0.508596075753077,-0.448412438584317
-0.130212,0.0310576700869086,0.0335502848418355,-0.637968086039777,-0.583468967730743
-0.56989,-0.0691808763824586,-0.0419925654514591,-0.608056006788878,-0.502950415336572
-0.595497,-0.102794446766437,-0.0877998528457717,-0.401369831172838,-0.552187363636364
-0.679382,-0.155410665167915,-0.157438273945455,-0.55331625038244,-0.540720985079806
-0.229357,0.206949373970656,0.544289073729816,-0.69924706376368,-0.69135454129077
-0.907686,-0.36592663869929,-0.35676345980869,-0.700361182137537,-0.567169442054129
-0.804276,-0.2935885998875,-0.275229120742091,-0.705535342728069,-0.649576932685635
-0.785096,-0.242289646076944,-0.257003912742345,-0.70146701603133,-0.646221851839001
-0.366361,0.157617894795754,0.435557445138216,-0.733698697189618,-0.735154470159611
-0.626939,-0.109144781605652,-0.0512453887351541,-0.737175879392383,-0.679254058639833
-0.62772,-0.165807235592727,-0.000897138283619013,-0.774980347695373,-0.74990763462873
-1.05531,-0.495643727475681,-0.428923435808373,-0.789014638856869,-0.682386021512838
-0.987875,-0.540149275056709,-0.496012498130837,-0.828590213911463,-0.691528563844552
-0.471166,0.0920324720471362,0.0946894501786654,-0.789401660409574,-0.767370517349063
-0.47161,0.0648014466858875,0.220949121296912,-0.837777839769136,-0.752382140527411
-0.908192,-0.441243865105453,-0.375497466423084,-0.759765330875509,-0.650000822692575
-0.775513,-0.303595603238454,-0.307670491284537,-0.673286020636485,-0.690793306731437
-0.78443,-0.222252670789849,-0.234519480262876,-0.697646747298874,-0.649898537473976
-0.334975,0.179820481497025,0.37839450855439,-0.717596238294475,-0.730636714781402
-0.621095,-0.0397874719871656,-0.0182903829519454,-0.719684176327692,-0.667514006245663
-0.595071,-0.146282178710584,-0.0299353566025983,-0.759164448952742,-0.733633866759195
-1.05644,-0.509616978112359,-0.453791866356227,-0.76622220458207,-0.638749794240111
-0.97805,-0.56784159961877,-0.509850038975098,-0.813482429712844,-0.642683664122137
-0.461261,0.0870820512172898,0.136502020166909,-0.724231527966583,-0.711833392435809
-0.426446,-0.0289097208878793,0.195690950644436,-0.625063636445467,-0.688155154753643
-0.708402,-0.15051448936008,-0.122272829449446,-0.615339988450826,-0.615013324427481
-0.199064,0.309887499548578,0.583778760401555,-0.644739344540464,-0.804279028452464
-1.0594,-0.519976842727107,-0.460682287584086,-0.825769300504949,-0.648760600971547
-0.977752,-0.616422460083645,-0.513092747273073,-0.867974568420278,-0.72649676370576
-0.890151,-0.36339816310977,-0.341319509961651,-0.846076700194834,-0.742449444136017
-0.74359,-0.403369688517957,-0.271150525640317,-0.889484773013729,-0.731350647467037
-0.79532,-0.242365940550175,-0.247941519171436,-0.750962279319579,-0.631433103400416
-0.279532,0.212897930018833,0.439898943253136,-0.705323971260968,-0.704866692574601
-0.627067,-0.115478504873341,-0.020943142872167,-0.606661204445355,-0.553884141915337
-0.566247,-0.0793851169721664,0.00417863798531537,-0.513938412620547,-0.545376722068008
-0.527149,-0.215499777612089,0.0339922748806339,-0.582377890669847,-0.528107539555864
-0.41573,0.00466465243858346,0.26183713046665,-0.517609689869934,-0.558103827203331
-0.721248,-0.211492534410139,-0.188316665734551,-0.546082028084171,-0.482581541637752
-0.17497,0.0747350689940099,0.631452006940393,-0.551664676145658,-0.650081639139486
-0.646072,-0.128374136131097,-0.0984042363540349,-0.648229547563989,-0.572474825468425
-0.562599,-0.140489598758718,0.0118056222532287,-0.747378211473332,-0.683147804302568
-1.05785,-0.470527123894925,-0.448337438959313,-0.754807814055041,-0.602793899722415
-0.957511,-0.535305116224342,-0.496296968051756,-0.81242909596473,-0.624192683553088
-0.481017,0.0398837194401658,0.0491846328032062,-0.71269491713756,-0.675469981956974
-0.38003,0.0568616294241223,0.274297105375047,-0.64922527844218,-0.659616559333796
-0.723013,-0.212403586156994,-0.208972913432522,-0.612287477319177,-0.53651960166551
-0.135809,0.267161303049132,0.666835525581723,-0.606414609939619,-0.714259711311589
-0.928706,-0.329354120802904,-0.393326729592191,-0.670523401776194,-0.546888359472589
-0.728498,-0.2593249905365,-0.269448224603951,-0.678143601625879,-0.639868717557252
-0.801187,-0.187828307206252,-0.255425199949922,-0.781071218230344,-0.605173397640527
-0.238413,0.258710601042707,0.481083928174366,-0.814427089209234,-0.751331227272727
-0.923983,-0.349181736907649,-0.350364949558686,-0.73158630420185,-0.579826470159611
-0.715831,-0.237397535566186,-0.249362469673526,-0.69968771606741,-0.658011213046495
-0.803797,-0.243633350836776,-0.27821907363715,-0.661556332984682,-0.594406518390007
-0.203842,0.214299201056344,0.497219424901033,-0.691264691272813,-0.716944849063151
-0.632739,-0.0817535521119276,-0.134871731513181,-0.685587518676539,-0.607746300485774
-0.508843,-0.114498238573237,0.0432845679436383,-0.728850083267831,-0.710859434767522
-1.05902,-0.49307507820257,-0.460906604524256,-0.728845410591352,-0.594168874496877
-0.941288,-0.536576143885492,-0.492356294409652,-0.793602917324263,-0.604165778105482
-0.479208,0.037445089604759,-0.0058726803656018,-0.692491665231874,-0.62457728573907
-0.320325,0.095053160178203,0.301441635369543,-0.639166987066158,-0.607010686502429
-0.722518,-0.227142810235923,-0.223928729402286,-0.648769070332914,-0.454979043199167
-0.0877813,0.160157079692656,0.67445520720799,-0.300621566526505,-0.610287724843859
-0.734145,-0.212009677577123,-0.202005546448284,-0.652025927111014,-0.427704567487856
-0.100813,0.271522183079875,0.699782978353275,-0.377758443918402,-0.638325017175573
-0.930957,-0.285704976496111,-0.362713528992814,-0.66848648594463,-0.482377718424705
-0.701727,-0.231854658133915,-0.260225428563989,-0.679667203810172,-0.598456279840389
-0.810288,-0.188079153019431,-0.242422992233095,-0.681887783028708,-0.554452173247745
-0.178173,0.288955594563405,0.515598305498787,-0.689524844604061,-0.708487141221374
-0.640789,-0.0102619113221152,-0.0199081385928882,-0.684099250608677,-0.594539034351145
-0.489262,-0.084664649840672,0.0385008379326395,-0.732105566449985,-0.705267907009021
-1.06257,-0.475628692162045,-0.46166767526945,-0.71177528179505,-0.588003227272727
-0.940188,-0.565092271432764,-0.521083669184465,-0.779676586872549,-0.600844875433727
-0.491006,0.065668859613295,0.0983662853199471,-0.579039631298037,-0.616014269882026
-0.301619,0.138021448653387,0.313467014588708,-0.423915653840122,-0.60799629666898
-0.554901,-0.0749821803471403,0.036750274428548,-0.524338274918748,-0.517677421582235
-0.342004,0.0499506375105182,0.307514456443233,-0.330802161982229,-0.592618089521166
-0.730643,-0.11356384849512,-0.145868599052256,-0.515634342290335,-0.508443248785566
-0.0748388,0.417995419200585,0.702848207972922,-0.634296519010308,-0.751585485773768
-1.06421,-0.495972735216847,-0.469019644033558,-0.799274829329386,-0.587368998959056
-0.943667,-0.588801639685432,-0.514425395325619,-0.844892238276924,-0.697592264399722
-0.900944,-0.357037259681066,-0.353774591123988,-0.824300946578552,-0.694424886190146
-0.65904,-0.352235905864486,-0.240605086214366,-0.871340769840399,-0.719692434420541
-0.804124,-0.232649885076109,-0.244544825943418,-0.733331712772976,-0.612016806315059
-0.138911,0.328824770334137,0.536005143065577,-0.668293212280709,-0.744902384802221
-0.640025,-0.0163898658392444,-0.0551287604098872,-0.665858243948026,-0.598285916030534
-0.471348,-0.0626448541802352,0.0621392694978306,-0.71856443997825,-0.698355993060375
-1.06357,-0.481634244630082,-0.470051159158226,-0.698083769073234,-0.572450345700902
-0.932828,-0.556029820894832,-0.5142227096066,-0.772048704701946,-0.593399711259542
-0.478723,0.0956116226262073,0.0757738945034177,-0.681089506170013,-0.627465456887578
-0.266673,0.139209924162402,0.327116626328397,-0.575774318263243,-0.634787104875087
-0.733638,-0.141238529379531,-0.154563361130206,-0.580346901867772,-0.470647792071478
-0.00524551,0.402714530076682,0.757654263519428,-0.545958915286418,-0.678508823386537
-0.93602,-0.320477813862944,-0.39211909922601,-0.634413926320041,-0.462544041551006
-0.660036,-0.20739992423076,-0.232968324634481,-0.6600463550345,-0.568426099670368
-0.80823,-0.179567879367738,-0.257744540859312,-0.645895689128517,-0.502071653278973
-0.082255,0.363045991483581,0.564113298598779,-0.659800789752863,-0.672871034299098
-0.637784,-0.0417032678784776,-0.0337194903498774,-0.646574946662558,-0.518848212147814
-0.422891,-0.0248167459114463,0.0636423339942553,-0.627387352620587,-0.635026617106176
-0.923425,-0.321418543582457,-0.401848869695783,-0.609150290581316,-0.524285436328938
-0.632437,-0.227221555574869,-0.233957012115819,-0.620432573401117,-0.610956590041638
-0.808284,-0.206897073074721,-0.266552010900665,-0.64406054849948,-0.521587518910479
-0.0434731,0.388518281669119,0.580873439584228,-0.644984074736846,-0.6964675
-0.640427,-0.01458202330455,-0.048810482435695,-0.63635234518404,-0.541013994274809
-0.392774,-0.0328903891096682,0.0864420315712242,-0.69304108477265,-0.678052531401804
-1.06641,-0.48615434385839,-0.477700743743078,-0.673615128911375,-0.53057817852186
-0.914487,-0.556141309184331,-0.520035057747219,-0.757894514538386,-0.563010089347675
-0.461746,0.11328036932303,0.0691015077866222,-0.647479497444231,-0.595690794621791
-0.175648,0.197614926601345,0.368032105453031,-0.539919212397553,-0.614855047189452
-0.722143,-0.13130363451621,-0.178328674171805,-0.529611807134281,-0.351329973629424
0.103259,0.539051982160158,0.790996678709757,-0.530279697717602,-0.5489426814712
-1.11557,-0.54712709756518,-0.629861377917719,-0.497701081626317,-0.0595055194309507
-0.728609,-0.619371770798299,-0.592376221647834,-0.578082531429082,0.0514925027758502
-0.415609,-0.220965086835403,-0.37025288800393,-0.608207740266405,0.422174624219292
2.7875,2.30711071088016,-0.744790710224811,1.21059444672325,-0.0585695385149201
-0.783438,-0.655543533145902,-0.569041949322676,-0.598436790158166,1.15828817106176
3.71003,3.71698891787159,1.95979984442517,1.06315251191791,-0.0727817952810547
-0.983096,-0.919796594014137,-0.61498053884785,-0.546821912338502,0.976514817834837
0.35152,0.0835205671008656,-0.160816071321063,-0.303953356116982,0.34060249722415
-0.841082,-0.702080530264322,-0.533825257740944,-0.501644881847708,0.667430187369882
1.7577,1.66972794734064,1.4393459732173,-0.118484644360828,-0.0773041557945872
-0.600204,-0.35114740798463,-0.397128703764073,-0.341454738863529,0.555857022206801
0.722519,0.508831053555636,0.404801061055168,0.102923729511412,0.0683819170714782
-0.710369,-0.48855780690315,-0.439533431527701,-0.338565038559206,0.588167538167939
2.19212,1.93661076387646,1.52499190996211,-0.119854417994975,-0.190031837265788
-0.951279,-0.76752741784644,-0.591030573419783,-0.392741492732069,0.597668004857738
0.270943,-0.0564983158444892,-0.072474141103413,-0.403772913204769,0.139183156141568
-0.816274,-0.624347935025546,-0.52096816099662,-0.418788259491369,0.533611403192228
2.39606,1.97072115061341,1.05232549091992,0.102330478964036,-0.280787271339348
-0.686573,-0.454807278596118,-0.438390905035054,-0.259767070980142,0.498847487855656
1.05206,0.908989747387644,0.285187268606438,0.212382936950168,-0.244233310895212
-1.12791,-1.01126359881537,-0.640845355877744,-0.406599084687301,0.162722148160999
-0.680385,-0.780702822802816,-0.516623193442606,-0.658746083228484,-0.0714070038167939
-0.553117,-0.355582452551787,-0.408234452280556,-0.45926720666373,0.0834543910478834
1.59665,1.46118203088306,0.759119912119447,-0.53044283369436,-0.427896024982651
-0.989693,-0.826139698268245,-0.615463371955548,-0.588832063319924,0.309115913601666
0.309278,0.0222316839327228,-0.0871527972354492,-0.310501352406266,-0.0718093511450383
-0.868666,-0.706682356158045,-0.571281240889359,-0.493780720102697,0.382004545801527
2.11761,1.90465556120615,1.23420977778437,-0.116540391366791,-0.338503572172103
-0.652326,-0.424700001438655,-0.467442939255418,-0.242504159261882,0.353817397640527
0.797223,0.587762229953358,0.38765919834791,-0.315594541311173,-0.281457528452464
-1.12982,-0.993824993396282,-0.635412708875865,-0.442204315850382,0.135637728313671
-0.696599,-0.805340657608373,-0.527715287367718,-0.6792070752033,-0.0401676460791117
-0.490113,-0.297024459948676,-0.407414622263779,-0.346224959027651,0.0794885454545455
1.29575,1.13689554946078,0.868014834654454,0.286961701096497,-0.283185773074254
-0.752924,-0.557733791062074,-0.506677296224674,-0.386888747665472,0.385830602706454
2.25049,1.96702860263121,1.48850648267607,0.137257130916982,-0.5112574944483
-1.12741,-0.998694674102789,-0.636521501373032,-0.589329647247339,0.2203864888966
-0.695702,-0.808990014425606,-0.542667103511814,-0.742238340714411,-0.109624532269258
-0.925217,-0.725607171151773,-0.581814287743242,-0.634198914638732,-0.00779845454545458
0.348859,-0.0312717305723197,-0.060384938402683,-0.626005126023321,-0.248492069743234
-0.819059,-0.612548455054579,-0.540606596372668,-0.492644680573521,0.319170182165163
1.92395,1.51930305964793,1.21190004123846,-0.0737014447075685,-0.305790444136017
-0.605754,-0.371629175029844,-0.433426361252647,-0.280097937358224,0.496341977099237
0.783264,0.485360721808507,0.38202220310303,0.261545357421127,0.112746121790423
-0.557811,-0.371462497402699,-0.402673055682194,-0.32705969353783,0.547969707841777
1.22186,1.05032999217689,0.75567216165603,0.472871816270525,0.0862698598195697
-0.75748,-0.61063939476971,-0.506008464445178,-0.296867703030967,0.676082338653713
2.28246,2.02598930216003,1.44255806540177,0.306554592348187,-0.20558510721721
-0.655315,-0.46384926366315,-0.437657402558109,-0.349215918329515,0.467074841776544
0.760489,0.439165902288846,0.364675375882643,-0.345394731376181,-0.192704302567661
-1.12685,-0.982824845544953,-0.6337113807458,-0.399788192501617,0.177090010409438
-0.692485,-0.804617748905966,-0.5349904578752,-0.640991735689721,-0.0204055242886885
-0.457045,-0.276825412051123,-0.394447092989761,-0.301299722390816,0.119954291464261
1.30052,1.04787051957669,0.783454302651388,0.267426945643409,-0.213288207841777
-0.738664,-0.569105687208275,-0.495814648459616,-0.387802203483656,0.5381823296322
2.24499,1.79796697099667,1.43121939311823,0.267504284545864,-0.260308193268563
-0.962436,-0.794834635485987,-0.597808632133265,-0.367927168101662,0.524560614503817
0.278253,-0.13958280086651,-0.0704660565758838,-0.399430119569164,0.0724946668979876
-0.82257,-0.640042488758362,-0.537871740652357,-0.530277115971749,0.4627696703678
2.00219,1.38827304367273,1.12696419410008,-0.368432456836648,-0.289145855308813
-0.946698,-0.717709837859275,-0.594602669585893,-0.437643080838779,0.468754757807079
0.280326,-0.131804649725676,-0.086016186766454,-0.393993969219675,0.0136650013879249
-0.806435,-0.630508388554669,-0.538734070263504,-0.336703001196043,0.395997095766829
1.96791,1.41159237658146,1.14369671235739,-0.115739833183215,-0.309892657876475
-0.591441,-0.357506126169649,-0.43354556331593,-0.131017264860694,0.323200959403192
0.713557,0.385326107896491,0.335382484901408,-0.247603789712443,-0.280880543719639
-1.1294,-0.938577972065653,-0.625969180734834,-0.371528260798133,0.12150699722415
-0.705523,-0.801456319638533,-0.548965833601522,-0.618651191529929,-0.0274999337265788
-0.41289,-0.252543701584176,-0.405720453422498,-0.28274375958455,0.163425400763359
1.21633,0.960041761887633,0.752741995253955,0.112816508599542,-0.0855724725884802
-0.720804,-0.529989378223015,-0.521441942528478,-0.474116218852127,0.668621292158224
2.3309,1.9537867478065,1.25443154723802,1.3572817035661,-0.0493194663428175
-0.725854,-0.582677130044904,-0.517777882587512,-0.46447306263741,0.861846086745316
2.20982,1.81854833125182,1.34306569852712,1.32784481712503,-0.0233734014573213
-0.949315,-0.770482351890647,-0.589038513460147,-0.325992866329355,0.666937720680083
0.263437,-0.149256372449924,-0.0861608754740918,-0.370685919740195,0.15341956315059
-0.804007,-0.605159842699762,-0.552063340943124,-0.32712273437049,0.474682918459403
1.98353,1.31786870523349,1.09405991789241,-0.0971282721625279,-0.297745343858432
-0.601388,-0.340592458391976,-0.445570671799679,-0.15080324626083,0.338857239764053
0.731521,0.382316878696421,0.328538447877549,-0.164018053461061,-0.270298044413602
-1.12268,-0.884027591555936,-0.613557510615992,-0.35614834239229,0.108857644691187
-0.689594,-0.773184835944828,-0.535481004969285,-0.608982712612178,-0.0565711110340042
-0.408357,-0.243851668718078,-0.398845933909451,-0.246060862824244,0.114315811936156
1.26374,0.921564460354271,0.755171577088668,0.515326312004709,-0.194989869188064
-0.533024,-0.35765429274427,-0.408888048094454,-0.297222352441872,0.39724447536433
1.16917,0.981869597788282,0.674107795747731,0.86970334400567,-0.0582831308119362
-0.735925,-0.614294408979234,-0.507088690840682,-0.102667579685517,0.501701667938931
2.26817,1.82842103807359,1.31498948610307,-0.0127865999152955,-0.414879968077724
-1.12961,-0.968406454899659,-0.615225763002682,-0.551729975635583,0.27060182685635
-0.703433,-0.771761704266609,-0.531581437038269,-0.689747497576403,-0.108294144691187
-0.917368,-0.671763655018328,-0.573053892287869,-0.569944831777766,-0.00811033102012496
0.368091,-0.106686921533785,-0.0832393250001927,-0.624352064663613,-0.264541715822346
-0.805656,-0.548104119894955,-0.532754089164303,-0.428219549023574,0.235345650242887
1.90585,1.21205534926725,1.04333935214436,-0.106223796266474,-0.431282462179042
-0.573301,-0.305123336646214,-0.469537529971791,-0.0796005965869934,0.235940234906315
0.676886,0.305857761301567,0.302137834085078,-0.250415087076809,-0.276676769604441
-1.12646,-0.868943688439322,-0.618971204823494,-0.296330133021054,0.117544748785566
-0.705251,-0.787390034960239,-0.562802497864754,-0.51821720831126,-0.0330657591950035
-0.388176,-0.222393077135085,-0.395197139174832,-0.247526794369034,0.0972468601665511
1.22717,0.903968785713776,0.697042423513045,0.172474512095626,-0.185688514226232
-0.712317,-0.539186359536356,-0.509546516336184,-0.325714077436177,0.545861233865371
2.31145,1.63447399866254,1.21467223099141,0.201409298622785,-0.243128016655101
-0.956572,-0.736641312208249,-0.571528583865749,-0.306539551144686,0.576806456627342
0.288776,-0.16669738661602,-0.120441888362227,-0.357108620328107,0.137518355655795
-0.801427,-0.57905049944903,-0.561293235396061,-0.295655168871897,0.506675268216516
2.03653,1.21391486855525,0.97887582047419,-0.169957047626683,-0.236021841776544
-0.579479,-0.312428464564896,-0.466491838380874,-0.106085480080683,0.462220850104094
0.719694,0.262200230618314,0.283843203019859,-0.115990136511781,-0.0755571606523248
-0.940068,-0.682881388489831,-0.606403292315426,-0.218296363884342,0.341593228660652
0.303763,-0.195540702415675,-0.147286354381106,-0.232816094297691,-0.00518909160305348
-0.789346,-0.506081412111744,-0.563207624242892,-0.282555473161666,0.424810627342124
2.19372,1.03773504741828,0.936056473340512,-0.0734180032091452,-0.331674645385149
-0.56024,-0.287490907685951,-0.461229423145603,-0.0919169473640481,0.374308001040944
0.824054,0.220605004440347,0.222735757971097,-0.184741199778418,-0.225096484385843
-1.12874,-0.833549581799566,-0.648388792719902,-0.291634707450912,0.206205988202637
-0.687652,-0.743704008536075,-0.581596216644064,-0.550392739456508,0.0477238546148507
-0.336204,-0.161327863016367,-0.397008939128466,-0.183707388884666,0.147186207147814
1.38649,0.723428248562363,0.602992969468924,0.273999824414293,-0.169992942054129
-0.699765,-0.45365369285183,-0.529985736147285,-0.165397612192701,0.521015577654407
2.66764,1.49795312524392,1.13878711643788,0.0954262868315479,-0.467572915683553
-1.0453,-0.77036055446909,-0.487415631638573,-0.525452082017633,0.276551762317835
-0.907016,-0.728883094169013,-0.509356792490495,-0.700705294013896,-0.0510252133934768
-0.483904,-0.00849314173299317,-0.105315163127355,-0.324798086731137,-0.242646549618321
-0.0548332,0.204156781044199,0.270144914571796,-0.435573094750577,-0.409356402845246
-0.746846,-0.238000591203547,-0.328715337725113,-0.563975034957696,-0.183654723108952
0.528356,0.670123341688866,0.735406772668289,-0.434623896835587,-0.594053106870229
-0.949246,-0.45180272927921,-0.490300137962723,-0.554460192226409,-0.217197726575295
-0.430681,-0.311046861429038,-0.286938359186644,-0.577744078705832,-0.379243497449688
-0.803513,-0.324827553313478,-0.399751477315645,-0.546716920559496,-0.176415589156836
0.576288,0.681087592736891,0.570993087572075,-0.483967382340853,-0.475818714521166
-0.629004,-0.193385205883217,-0.284969487114924,-0.52926254776163,-0.116097584229702
0.00935121,0.0698330759906446,0.0328198307485652,-0.222698187666526,-0.318606740458015
-0.701782,-0.291009082438111,-0.363317573751346,-0.443992927368961,-0.0559507393303262
0.881874,0.943590096212412,0.810880986248286,-0.467064902125286,-0.483612622918112
-0.943123,-0.53685581941375,-0.490564593616393,-0.463725769503561,-0.0482279454371964
-0.308365,-0.298719113901135,-0.278435963792688,-0.49682343398916,-0.306575203209577
-0.78569,-0.372631497152816,-0.419217493820228,-0.483383886154049,-0.133729303258154
0.746009,0.767206008058706,0.598608162237932,-0.418260360194197,-0.508587604094379
-0.601175,-0.138892331810658,-0.26512064735078,-0.41293712439515,-0.161666199167245
0.121046,0.0491648840739661,0.0487720179781401,-0.498954775000038,-0.50159760444136
-1.07391,-0.682217982000235,-0.531757361683941,-0.497859476122537,-0.268070052394171
-0.82123,-0.764221167539094,-0.56660402649652,-0.631753777751687,-0.357781573213046
-0.323758,-0.01083261970034,-0.204302971681675,-0.440842288402865,-0.352321036086051
0.534255,0.50828660471335,0.362598569637013,-0.638766644124726,-0.542873385496183
-0.925243,-0.590993355707235,-0.487313177022338,-0.518399598314855,-0.149958301179736
-0.249616,-0.317966237897062,-0.279066876211794,-0.36324161090197,-0.352844342470507
-0.780864,-0.371023444084865,-0.410206025322863,-0.444356473603169,-0.12486326925746
0.84851,0.817870262997343,0.631896569892556,-0.395494424722704,-0.496254743233865
-0.583197,-0.138988680685559,-0.256388019725891,-0.402813421179598,-0.136220456280361
0.14717,0.0656635793917072,0.0594497592674687,-0.484992107972507,-0.471950118667592
-1.07491,-0.67995926414774,-0.531853201327858,-0.476333207870179,-0.196806874045802
-0.820747,-0.775534915339799,-0.578870185728925,-0.615051867384232,-0.267886510756419
-0.300192,-0.0204725730177222,-0.192056018965259,-0.443920804679697,-0.268135816099931
0.54344,0.454450965415371,0.357345643247375,-0.185038267059532,-0.416730011797363
-0.688129,-0.281484372580014,-0.359005512328863,-0.309982228550326,-0.0396851974323386
1.11609,1.11478655331321,0.844071598894661,-0.226100816765407,-0.609101786953504
-1.08039,-0.732154447110789,-0.545433929879295,-0.631002434710395,-0.155335731436502
-0.823327,-0.757490628813973,-0.563646883944239,-0.706925000916467,-0.365940425399029
-0.871682,-0.530884085283049,-0.469252431451671,-0.669357890171132,-0.327525522206801
-0.161419,-0.3527605222593,-0.266502618274779,-0.726435729946087,-0.432074995836225
-0.76318,-0.411846385134252,-0.414478516624761,-0.552781614066397,-0.0808373369188063
0.967354,0.864029519294348,0.632478830428305,-0.328770447418667,-0.440086499653019
-0.564124,-0.190946507269448,-0.285736539274446,-0.290744920430596,0.0785982019430951
0.23626,0.118154323915259,0.0595494687428392,0.0168536836121013,-0.115443945523942
-0.423144,-0.202391844844633,-0.325133870623879,-0.267507794687445,0.126719908396947
0.572945,0.511945428238039,0.380808499213696,0.0931713547451932,-0.129098157529493
-0.668897,-0.303455066387226,-0.394708689806155,-0.251524555781942,0.227277930256766
1.24947,1.09231474592395,0.860151797352912,-0.0152759674205557,-0.335945544413602
-0.584474,-0.187801269243409,-0.371292982989614,-0.351982108180164,0.0667774427480916
0.222955,0.128073391494599,0.0640875798944222,-0.474097743152685,-0.348719620055517
-1.0756,-0.672600773720416,-0.534337341286973,-0.469319061750131,-0.102236759195003
-0.820419,-0.735078306685385,-0.54869191551704,-0.60344622806138,-0.201283240804997
-0.265775,-0.015385672436732,-0.282855238473521,-0.395690373543979,-0.186936658223456
0.690395,0.519079881409146,0.385775873478232,-0.191219321964813,-0.349175967383761
-0.670776,-0.285559063883129,-0.412559591927188,-0.324003561714368,0.120100914295628
1.18012,1.13604143345498,0.883168159401838,-0.0822716667875319,-0.409172327550312
-0.933678,-0.502794581049984,-0.480327045039667,-0.360830267862947,0.0794148122831368
-0.179554,-0.225869297985565,-0.241157079191708,-0.410415982496658,-0.212347766134629
-0.769109,-0.372985071105052,-0.435612454877693,-0.552457137860074,0.000369052741152051
1.02252,0.921566629372336,0.656426050255392,-0.568458569757513,-0.477588862942401
-0.929968,-0.551110705054825,-0.459407546229406,-0.460614529132192,0.0214893841082582
-0.173457,-0.237181488145227,-0.223621032233169,-0.421179710341017,-0.256626508674532
-0.763282,-0.377567493956205,-0.417943544229566,-0.395596329435668,-0.0229252845246356
1.04017,0.906435353393188,0.667013041906987,-0.344870491835122,-0.456017053435115
-0.564187,-0.160284791182204,-0.336733649406604,-0.336188419603965,-0.0479530031228313
0.23331,0.159457626413918,0.0961374959518978,-0.426570889757274,-0.427039262317835
-1.06744,-0.669818015675039,-0.518572688949523,-0.449045872003555,-0.14019078834143
-0.833851,-0.740726319914754,-0.560513307998804,-0.577217352197509,-0.199368807078418
-0.256464,-0.0124516194437493,-0.290177262468953,-0.398616336920495,-0.140302080152672
0.696095,0.541118969811173,0.398546842288831,-0.169178155527745,-0.266322367106176
-0.668096,-0.277329937595926,-0.406392332057184,-0.504923897485929,0.222699214087439
1.18122,1.10559170797427,0.881700587699177,0.850412014094924,-0.235617235947259
-0.69711,-0.299363948833519,-0.388160030410968,-0.489872594683497,0.318787919500347
1.23858,1.07798840687558,0.870236744740801,0.729133107220349,-0.269702764399723
-0.93749,-0.484098762268605,-0.489618769586683,-0.363129390324855,0.19751575260236
-0.163075,-0.216033496574488,-0.230109066314371,-0.398162475658353,-0.132687515961138
-0.760629,-0.392015132951384,-0.477020421980059,-0.392433424926868,0.0709057165163081
1.15292,0.977504643387953,0.694013061358576,-0.322172521768431,-0.425472301179736
-0.553618,-0.158722982051588,-0.316493589960451,-0.329484618553436,0.0126701179736294
0.334174,0.169448267151957,0.0983712410265121,-0.414953164171593,-0.38975456315059
-1.07336,-0.709804064587013,-0.542109528399117,-0.415357824188943,-0.0837484437890355
-0.81077,-0.771333963400459,-0.56996862177258,-0.546905377541568,-0.148620961832061
-0.219952,-0.0107122935817898,-0.239744727914618,-0.318414161226881,-0.0771534541984733
0.86262,0.637614596707774,0.410383134418945,0.356536751681645,-0.23610256870229
-0.402331,-0.0924014409435321,-0.322800927736547,-0.203248125518483,0.177681012144344
0.78161,0.606661388084619,0.406686622912539,0.628835877799522,-0.161258904927134
-0.657598,-0.310610960987085,-0.402387232117033,-0.0321207328835369,0.221821268181818
1.45306,1.33072923846769,0.913217481745327,-0.166550231414181,-0.467117829458709
-1.08091,-0.72515847755083,-0.542683590938994,-0.573111021323732,0.0083308405621097
-0.830157,-0.745482876027953,-0.56544617679703,-0.622537272891123,-0.265125948820264
-0.858164,-0.515554746492169,-0.491371654113347,-0.616239588130256,-0.215612096981263
0.0339429,-0.244049443499594,-0.223108551368456,-0.690188000934869,-0.370662084663428
-0.753944,-0.397702615981043,-0.433691771520507,-0.48363598960087,0.00104470732130466
1.30656,1.02815046948691,0.696344822525802,-0.23150708077587,-0.473067702463567
-0.512531,-0.175379069865873,-0.317118872686396,-0.269922843033459,0.0396426570090215
0.469784,0.208260586262004,0.106019443659818,-0.405703184472663,-0.351810858258154
-1.07563,-0.742965615364031,-0.550576012934623,-0.366874911407033,-0.0133635739417072
-0.818196,-0.784187041237324,-0.560628011935472,-0.491191931581723,-0.0961972505204719
-0.191936,-0.0140039743388858,-0.249424506863663,-0.311816686353426,-0.0732065165163081
0.933192,0.671082784390613,0.436365886026092,-0.0133092067985844,-0.257992278278973
-0.650416,-0.31081504216513,-0.390993213805248,-0.229652934259645,0.295393493754337
1.55943,1.34829801048977,0.932225463249596,0.0688871111921744,-0.316201646426093
-0.929677,-0.591812517572728,-0.493324925980676,-0.262481489254636,0.289809231436503
-0.0406526,-0.249628110503052,-0.238420599060784,-0.311380200710121,-0.0297081384455239
-0.743829,-0.428071709829799,-0.444745526219795,-0.306125403715916,0.226727110409438
1.41797,1.08048458323526,0.70602130316559,-0.221177957144126,-0.319378549271339
-0.51523,-0.196028826794307,-0.318416142412816,-0.250939927487503,0.21051583795975
0.513161,0.266386617665025,0.111778405496754,-0.116777266129858,-0.208611933032616
-0.909174,-0.572014714314069,-0.515220812088715,-0.194624422976592,0.137513140319223
0.0378692,-0.206535986381484,-0.239179966629951,-0.186906355337509,-0.13799296981263
-0.739975,-0.432684470151012,-0.447949497937169,-0.289603276358708,0.168624326162387
1.47335,1.10089053559101,0.732914336105111,-0.193634924340672,-0.381430585357391
-0.508163,-0.181498193577556,-0.310668801600844,-0.211983686756941,0.139737333795975
0.547971,0.232462580027826,0.108380476269794,-0.324642571227114,-0.313182102012491
-1.0717,-0.740728196766892,-0.555383366014196,-0.328947452512864,0.0495482374045802
-0.819877,-0.790784045101754,-0.582113359904322,-0.453133994947098,-0.0276097501734907
-0.124072,0.00196536820680698,-0.252915434062028,-0.276549693632106,-0.0269896780013879
1.14382,0.711891393378547,0.456703378794792,0.045761565770211,-0.240093829285219
-0.638311,-0.327537244692577,-0.395610250368641,-0.111463825222471,0.338644918806385
1.77735,1.5275251956197,0.964501281000373,0.0382671597364477,-0.385509324427481
-1.0813,-0.763256875643983,-0.554876748021054,-0.385209311037369,0.272490715822346
-0.826612,-0.830233271311908,-0.583119639491479,-0.531263179456556,0.119058240111034
-0.139638,-0.028119722710126,-0.26540780655945,-0.203692193972602,0.0765214497224149
1.13411,0.724020886925064,0.45320430954996,-0.217622449274846,-0.162161688931298
-0.635963,-0.322030939650895,-0.389453344745135,-0.203050259143021,0.426391057425399
1.71998,1.38539329808073,0.890967625280127,0.0415858347188614,-0.266523152151284
-0.93132,-0.609822643477993,-0.51211392893224,-0.242357917117568,0.375735232997918
0.0577001,-0.246375493284983,-0.238155827726295,-0.325767852326426,0.0274437078417764
-0.750635,-0.44887769042178,-0.444316936907107,-0.306165054308256,0.359208128903539
1.51868,1.11302055315044,0.732739267073412,-0.176035882586641,-0.187541418285913
-0.506532,-0.23304244470994,-0.339287259227355,-0.313197759817564,0.388212588688411
0.606221,0.288182404732261,0.132609308234477,0.186796090271057,0.0115556092990979
-0.626611,-0.360611850134923,-0.404886292256171,-0.182178624676382,0.431383787508675
1.78252,1.41168936311292,0.954611163090772,-0.194972547450511,-0.236924214954893
-0.920067,-0.582228303734601,-0.509296430798079,-0.238894287862937,0.404283220506593
0.0469401,-0.251746767890462,-0.237051642399958,-0.248339143782996,0.00537157113115888
-0.731036,-0.451394404771996,-0.446457218905416,-0.289144579492712,0.271076803435115
1.58453,1.12028250526417,0.732290530735237,-0.158210745692579,-0.312005383587786
-0.503165,-0.194984777980701,-0.358971833111941,-0.185289856142139,0.219200370402498
0.632424,0.262058576721307,0.127785775220334,-0.278199171529836,-0.304677737855656
-1.07669,-0.756843243094637,-0.556984739534027,-0.344083616900075,0.0196306769951423
-0.830051,-0.775621751257752,-0.580898853215843,-0.470905449194911,-0.0954962970159612
-0.137567,0.0145818722296395,-0.255582118224644,-0.206778871109342,-0.0853292643997225
1.21769,0.757542051992818,0.465546339404519,-0.51008602378116,-0.386466385496183
-0.918092,-0.574554181779417,-0.516268183519421,-0.372883126149333,0.197521752255378
0.107378,-0.243672807287725,-0.242219282515172,-0.0872913694640854,-0.108226419153366
-0.734732,-0.438542742810249,-0.434804325603813,-0.256888876627908,0.231717195697432
1.63165,1.13844849936609,0.752989645753852,-0.157150019660155,-0.319702812283137
-0.497908,-0.175526819611349,-0.310291716330099,-0.170276414346657,0.210617015961138
0.607246,0.258345007949903,0.123578260949067,-0.281546988015341,-0.289868963219986
-1.0756,-0.753688986546811,-0.551922346221655,-0.323686420232838,0.0756511339347675
-0.835586,-0.801829536066362,-0.59711955045216,-0.45301051050765,-0.0111331651630811
-0.133678,0.00257507330463609,-0.187289852046957,-0.259570778040613,-0.0165693518390006
1.1576,0.713372096132103,0.453437406525228,0.0658227648134422,-0.25834860166551
-0.63578,-0.335954829441483,-0.362177472128785,-0.112273910168062,0.283443163775156
1.80647,1.52991411865714,0.975465125000692,0.0471285155201551,-0.493368435808466
-1.08219,-0.814098148926669,-0.56288902931601,-0.554363422333016,0.0921301297709925
-0.854082,-0.817549508618217,-0.598849145927925,-0.60944813773411,-0.167092555863983
-0.846602,-0.582566559752001,-0.484573941102579,-0.592236680455533,-0.140727186328938
0.133032,-0.251485177198682,-0.228247731895469,-0.668483326073643,-0.301238584663428
-0.733882,-0.407962277503178,-0.431647575155999,-0.457069692528537,0.162839537473976
1.48865,1.07225432525636,0.745726532723381,-0.157031568420059,-0.316877714434421
-0.513838,-0.190151741161308,-0.293246826923258,-0.184938724288558,0.342892457668286
0.569609,0.273528630079501,0.136624526804593,0.316063460375532,0.0678038421235252
-0.351806,-0.142911860350153,-0.224095774940594,-0.202405634839278,0.384301086051353
0.952952,0.670539685911847,0.44717811205701,0.323585344525557,0.035472067314365
-0.653768,-0.346538845567198,-0.373845434220963,-0.138389939892135,0.483356471200555
1.68298,1.40087022942049,0.960936280815328,0.180157873377265,-0.212494548924358
-0.537385,-0.214477722449848,-0.280663050681125,-0.26283587198366,0.279109791464261
0.506618,0.207006401655582,0.123174187174036,-0.401240307280224,-0.239947185287995
-1.07899,-0.757482528337097,-0.544047068848626,-0.378858258946344,0.0609770687022901
-0.84787,-0.815994875200107,-0.596873031199521,-0.492454117516236,-0.0469374420541291
-0.174842,-0.0127453808421842,-0.205325471592743,-0.298991533431003,-0.0278338096807772
1.07402,0.695285938238879,0.463879621797009,0.0123385965972138,-0.242174733344899
-0.656387,-0.336349582061819,-0.360243947219915,-0.208730352957483,0.35475321148508
1.67235,1.39692823025822,0.969124503200517,0.129670469646698,-0.304977723282443
-0.9356,-0.609098684077323,-0.505207852067036,-0.252441029061043,0.302987348903539
0.0181405,-0.271692221120395,-0.24227550752231,-0.324104185298107,-0.062594239278279
-0.760999,-0.465202041265095,-0.432388941116232,-0.48677111817122,0.206709820090215
1.43685,1.11572064778008,0.725882927045412,-0.483558540914198,-0.386949803782096
-0.926716,-0.5899739712065,-0.503862352506713,-0.399622428842133,0.210501612248439
0.00758984,-0.259500036127326,-0.235794452854194,-0.347539840191132,-0.142958734385843
-0.760854,-0.459245907338276,-0.417618593113687,-0.348388797002485,0.136135842643997
1.37139,1.05206739541646,0.688607114198389,-0.271097440622874,-0.397736888965996
-0.56854,-0.184268422283708,-0.296975955379649,-0.262521947951888,0.0744629448299792
0.364689,0.188508936272359,0.0895164326335125,-0.373663039090715,-0.383751948854962
-1.07553,-0.747573850713869,-0.536835985958705,-0.423573652466703,-0.0920051155308814
-0.835582,-0.75395732517734,-0.571780573298249,-0.576567867231952,-0.186662204024983
-0.29674,-0.0331178848864383,-0.208673272814476,-0.393764919138975,-0.142952772380291
0.657738,0.51260731282855,0.37708933682952,-0.195291119275349,-0.2903618240805
-0.693259,-0.301312629978394,-0.373509504234798,-0.566536991557807,0.183565242192922
1.14526,1.01100293538132,0.822192182478657,0.737949619279809,-0.285189646773074
-0.715008,-0.297639913338569,-0.350696807295642,-0.560343497472427,0.240252415683553
1.04835,1.02053504601546,0.802884426278247,0.734576784749588,-0.319779908049965
-0.938767,-0.519507645307936,-0.480368688043906,-0.441422370855632,0.0806846842123525
-0.295256,-0.289069374572697,-0.269775523140982,-0.493541853589462,-0.227295639312977
-0.787192,-0.370893057848026,-0.413034687422814,-0.477854901589214,-0.0753674217557251
0.813154,0.795873670602327,0.600380652315509,-0.433917142443105,-0.506789525156142
-0.594825,-0.180632668654586,-0.274966208834177,-0.437521713276433,-0.160967240978487
0.0635299,0.0725251571412622,0.0435263119402105,-0.49910958804987,-0.490066058292852
-1.07069,-0.677943563343978,-0.531331576650159,-0.511533276861207,-0.259350248959056
-0.835407,-0.729560095776971,-0.560550791299881,-0.646828797361712,-0.328807062283137
-0.353251,-0.020297047252898,-0.183466666221588,-0.440088744407686,-0.295080368320611
0.355259,0.411627150701269,0.324028953693522,0.0356840314444438,-0.398861772553782
-0.475793,-0.0711352687225075,-0.204765674873758,-0.358663657352584,-0.128640030569049
0.271976,0.345148066503909,0.300067354752898,0.218548778077061,-0.353736894864677
-0.698094,-0.234550417992998,-0.326185159132826,-0.268772464462696,-0.107005907009021
0.775207,0.883883936605869,0.768723105201072,-0.378587043103764,-0.601829745315753
-1.07596,-0.629947280771129,-0.531740545398984,-0.691832571592689,-0.26979465648855
-0.86804,-0.704180554654902,-0.55803584328427,-0.758270194266763,-0.484367056904927
-0.882116,-0.508250111793019,-0.458720082428975,-0.748609167145629,-0.471952084316447
-0.384627,-0.36360368076099,-0.276146217663646,-0.793997504138227,-0.561182464954893
-0.79084,-0.339906240052231,-0.364162154067513,-0.640251015442614,-0.349124401804303
0.501446,0.632931968131835,0.552379225157539,-0.502941271596401,-0.644647011103401
-0.610845,-0.114495708064844,-0.244711092189614,-0.508958863489958,-0.337119983691881
-0.120608,0.00510630535066667,0.0233089186659113,-0.581512552860216,-0.560258391047883
-1.06854,-0.608769683930839,-0.524751134235425,-0.580377067717356,-0.358944711658571
-0.866253,-0.674646160366003,-0.552269066711351,-0.695302594821429,-0.414637337265788
-0.397241,0.0265671360980353,-0.149103881185198,-0.551813188620384,-0.42261979111728
0.149832,0.276545498059211,0.289719155360159,-0.383774318151515,-0.501352089174185
-0.713327,-0.21650831574338,-0.30880575148161,-0.482653171286606,-0.199128456627342
0.592858,0.728539851363425,0.712835344637276,-0.35162538827492,-0.566626763011797
-0.932901,-0.437394536378885,-0.456431628443535,-0.54302216542225,-0.21308200277585
-0.499934,-0.296414561813291,-0.294947603910854,-0.5831458584268,-0.392838081540597
-0.798676,-0.289230198790963,-0.375380355433618,-0.571482872966521,-0.28421800277585
0.369991,0.561733015476309,0.512298458269235,-0.551989627734579,-0.578673034698126
-0.619866,-0.110212373993188,-0.24460515395031,-0.550765993127175,-0.31611747814018
-0.181024,-0.0278554304629063,0.000126117741609569,-0.509922991271352,-0.52767419500347
-0.921435,-0.441955441109353,-0.446368582136922,-0.524193912061703,-0.364937473282443
-0.490376,-0.309306063514024,-0.286266116412447,-0.548461931284712,-0.500318796321999
-0.797749,-0.287752085913273,-0.367638979245001,-0.578258692261051,-0.368192481956974
0.30028,0.513860062462526,0.512299251744062,-0.562432295182022,-0.637567312283137
-0.624514,-0.0837104212521119,-0.209316458425711,-0.567838923946239,-0.405557465301874
-0.230924,-0.0376744028259732,0.00282495371766245,-0.619764956889152,-0.611542373351839
-1.06476,-0.552799137669322,-0.503374752645896,-0.629887966404511,-0.437332747397641
-0.894399,-0.640053125701487,-0.537594550490157,-0.733896272406562,-0.489685860166551
-0.441753,0.0302726354016829,-0.113773533638739,-0.606339066124576,-0.522780669673838
-0.042661,0.184457925658681,0.258356781097963,-0.471201367065046,-0.571073058292852
-0.720865,-0.177566225978474,-0.275763229805954,-0.510983678935522,-0.336396977099237
0.364853,0.625657067455776,0.699830224692586,-0.499382226598759,-0.658888287994448
-1.10586,-0.588645324641935,-0.550347495432391,-0.644654056161365,-0.264924382026371
-0.89183,-0.640966329043472,-0.573626807705797,-0.737742774419111,-0.30090962074948
-0.37123,0.0597027674509642,-0.0720687904209548,-0.49896972291752,-0.279752753643303
0.295726,0.427222591259265,0.477127638671713,-0.130805499573329,-0.305090236988203
-0.701126,-0.338940489113437,-0.307967054517841,-0.385249937340913,0.160151612768911
1.79234,1.10271361589174,1.3792506191841,-0.263594951031052,-0.449145428174879
-0.891779,-0.593743587947961,-0.483672120902191,-0.377699633022031,0.216000971894518
-0.25023,-0.431132338452418,-0.174037564952045,-0.362230841983326,-0.0406300222068009
-0.671038,-0.438403643138625,-0.371129898989124,-0.326220479512202,0.180447732824427
1.20291,0.689845355315382,0.869319774855246,-0.329299528343253,-0.250637201943095
-0.417819,-0.193214309393194,-0.212684752703722,-0.301832464247114,0.195401340388619
0.183016,0.0107345203563795,0.23682907577081,0.0894401660206372,-0.0545039531575295
-0.572244,-0.365096705528925,-0.294544648871291,-0.163200255691323,0.233261849410132
1.47186,1.05774545031709,1.23168626098156,-0.328031518798305,-0.321203538167939
-0.87736,-0.666739731976875,-0.482595660434149,-0.340951744325015,0.223428155100625
-0.222702,-0.38632488595585,-0.0982785098289564,-0.317458962922381,-0.0804514812630119
-0.701979,-0.515581344194662,-0.38971310142,-0.367177164181314,0.104388051700208
1.3424,0.869754599268189,1.02734353021314,-0.286590294379756,-0.401852470159611
-0.520149,-0.278367527530539,-0.248951721457216,-0.286704452620496,0.0513835072866065
0.333348,0.111630858574405,0.365633106966442,-0.317249199564626,-0.39311876648161
-1.11357,-0.882715425389336,-0.595996252701481,-0.485722282784034,-0.140542619708536
-0.843336,-0.786573111455212,-0.470776020187482,-0.643662002335753,-0.263085460444136
-0.325195,-0.168572837409262,-0.192678420302649,-0.343096278896764,-0.246935702637058
0.797018,0.45677071606145,0.7135181499415,-0.613348019814013,-0.50003096426093
-0.91846,-0.69053575704954,-0.518261267538896,-0.503407379057409,-0.0290172307425399
-0.171213,-0.362185011195988,-0.0985723246309491,-0.309810742098314,-0.245750333102013
-0.746103,-0.546534177287428,-0.434425663033371,-0.398883482947319,0.0224345853573908
1.29655,0.846485863403822,0.998607074361966,-0.334641099143779,-0.44586559888966
-0.528725,-0.314930901789575,-0.294452221181951,-0.309654437615837,-0.00355414018043027
0.243413,0.0483212934275373,0.277488796922013,-0.396023095661054,-0.40085639000694
-1.10701,-0.903945935775785,-0.604659129669451,-0.50446113685477,-0.116510757460097
-0.844739,-0.810719289955163,-0.486861590511705,-0.658752776548378,-0.205779275850104
-0.330596,-0.200371955896264,-0.22878067992137,-0.381638178591492,-0.194096744274809
0.67717,0.437479107090425,0.638602437201547,-0.0787814108795737,-0.370106375086745
-0.666846,-0.504314372671507,-0.400523946406273,-0.302538977072683,0.0646825287994449
1.51629,1.17898015986835,1.22033308071221,-0.178505774386281,-0.60225077480916
-1.11193,-0.962480535450275,-0.613768882408231,-0.61914698145588,-0.0556579975711311
-0.850932,-0.840980776408596,-0.481651441538202,-0.719293616862949,-0.298816669673838
-0.876218,-0.714529929067749,-0.513073594643461,-0.647100516382199,-0.274267188063845
-0.1729,-0.394238469771417,-0.101883034320206,-0.700102849423807,-0.370297799097849
-0.743318,-0.584600766980773,-0.469005669492714,-0.535037811390164,0.00355786467730746
1.2634,0.823770457959398,0.9319639413925,-0.30724405043381,-0.413958351492019
-0.497286,-0.310728158377957,-0.320760915037023,-0.311412036649708,0.174939258501041
0.272244,0.076662948434473,0.25676116758027,0.129431224925969,-0.0212049993060375
-0.432441,-0.279846829275931,-0.292349763361919,-0.28573633295609,0.241067247050659
0.736181,0.491970868785807,0.59934017713245,0.176039000417114,-0.0433201589174185
-0.677759,-0.517104165038364,-0.412447356306652,-0.210518162492767,0.385035480916031
1.69483,1.20999992559536,1.21296710613742,0.0602227265761012,-0.2939459944483
-0.550875,-0.404120978799817,-0.365695601241659,-0.304204937632403,0.201381355655795
0.348781,0.03747502095228,0.251422906466699,-0.40698272752623,-0.278909220333102
-1.1139,-0.915740233277773,-0.62618096345123,-0.464508371737563,-0.0021860752949341
-0.808914,-0.802306831243382,-0.530198316792521,-0.63086250570415,-0.124337475017349
-0.314315,-0.192638377009198,-0.293914946155617,-0.332193372930539,-0.0683464724843859
0.865698,0.43717408235895,0.583947656378141,0.0256731176665897,-0.254696571998612
-0.661232,-0.48753339741987,-0.436721628984363,-0.297933371453543,0.334480844378904
1.86103,1.02589190044238,1.1269514513231,0.0196586527471542,-0.333393481089521
-0.908079,-0.688919347656995,-0.561622037363974,-0.30690199042418,0.327237279458709
-0.0533327,-0.377574278743605,-0.188061606020735,-0.336322190148896,-0.0095792527758502
-0.730636,-0.543191555525821,-0.493442064530468,-0.471673362324901,0.261332726578765
1.64115,0.687803545807583,0.850631239741491,-0.482598141918544,-0.35352510999306
-0.88481,-0.594194971732442,-0.566627331920105,-0.365663737700566,0.289498854961832
-0.0172761,-0.348727675807501,-0.17398175707838,-0.306437363479408,-0.0499272513879251
-0.715383,-0.473904502945649,-0.476528489338165,-0.231000001396788,0.232581015197779
1.65414,0.698770386930137,0.853186474820168,-0.218564841992634,-0.343846808639833
-0.474525,-0.253255431253659,-0.384412503941832,-0.197027230173869,0.177499587612769
0.461705,0.0329354406243,0.199054752766587,-0.28213245930496,-0.306760222935462
-1.1101,-0.834266125671859,-0.633629151153077,-0.357709373789746,0.0290307480569049
-0.781653,-0.78944545600599,-0.558349036162062,-0.55928410272217,-0.0698664087439279
-0.270749,-0.16706447343118,-0.350767011343641,-0.281108681863432,0.0504959108258154
0.944854,0.435811309126846,0.542624444591804,0.0697641737304892,-0.0987637904233171
-0.648749,-0.438396360124185,-0.444347570932194,-0.378292464113045,0.537166839555864
2.0234,1.24142487739569,1.12181847788299,1.32194654356296,-0.0796686877168633
-0.636657,-0.495528438029624,-0.461821047361871,-0.366152893803872,0.714874839347675
1.97497,1.17386175778759,1.13408698871663,1.3012757945526,-0.080776153018737
-0.902474,-0.710814488054128,-0.552109425305305,-0.243486793619298,0.518792929909785
-0.0118964,-0.346994245004672,-0.160073331081868,-0.314749227185163,0.0931396759195003
-0.742444,-0.537195224786175,-0.491638119789558,-0.264492396383644,0.316224702984039
1.64415,0.7685582266558,0.878840877656984,-0.237786886169063,-0.336143451769604
-0.490374,-0.283445175467248,-0.378441731076142,-0.201341972606082,0.17960324184594
0.46238,0.0632700739730398,0.24294110896142,-0.322546091316469,-0.310544281054823
-1.11256,-0.859574594315309,-0.621637721386949,-0.348434874090314,0.000490798265093684
-0.773281,-0.745529555293654,-0.534948076791516,-0.524982796932393,-0.118161702290076
-0.301996,-0.185994060022937,-0.33123502821872,-0.29918869905244,-0.0134080239417072
0.937748,0.430548742359404,0.564178548243851,0.487595660304487,-0.215935728313671
-0.452115,-0.259582630783088,-0.36308924988108,-0.210634071825807,0.254814926786954
0.915659,0.479257109138826,0.543515552736028,0.734119916255528,-0.105262983344899
-0.677392,-0.54524928874381,-0.474129463884666,0.00828932366271573,0.360027130569049
1.97201,1.23156691785652,1.17133798821022,-0.0918039147779988,-0.456295697258848
-1.1183,-0.934094447218137,-0.630638821434749,-0.538833968569929,0.15260835721721
-0.774481,-0.839369234094206,-0.555807544698545,-0.653419003129188,-0.18180965943789
-0.863623,-0.655174198875378,-0.54458945939392,-0.571557228426659,-0.129131649722415
0.0613573,-0.348399406857941,-0.143209321828469,-0.645969795318358,-0.294993954545455
-0.741419,-0.504643753698105,-0.501766970421896,-0.449008610748527,0.101722699687717
1.66152,0.776700984985028,0.932601488272974,-0.205560960555027,-0.466053256939625
-0.491996,-0.278721315923107,-0.380260505036697,-0.200854155748494,0.114105528625954
0.457954,0.0339618465922382,0.228019652588033,-0.282337947198603,-0.307339015440666
-1.11754,-0.817984801616171,-0.630760569600741,-0.352741927971401,0.028450161797363
-0.764842,-0.777637576906414,-0.545768793490868,-0.560810619047733,-0.0862355024288689
-0.282349,-0.201397755231004,-0.345015778689668,-0.306594421687097,-0.0190295636016654
0.950787,0.506565316523677,0.576967828257064,0.0422414632424441,-0.216937929736294
-0.64671,-0.451571086045196,-0.447296128527783,-0.252702670757335,0.390894839174185
1.96094,1.16830015014845,1.13539148657864,0.05610784268675,-0.294670045975017
-0.921559,-0.693569111483541,-0.56406498588845,-0.258077870972263,0.412481805517002
0.0312417,-0.31568093294764,-0.147163788006128,-0.300928735844703,0.0578960503122831
-0.746697,-0.521740856994404,-0.489775986086556,-0.270756434789352,0.334402250624566
1.70164,0.79724112501829,0.942183727073828,-0.226901814218859,-0.295541904059681
-0.51535,-0.303455144287111,-0.39740990781337,-0.225673109146324,0.288692181644691
0.481878,0.0633138586262775,0.246144997998153,-0.114461554070538,-0.157600894344205
-0.901569,-0.627159334150019,-0.557375598472093,-0.176155957761027,0.168444216412214
0.0235428,-0.288661063268856,-0.143560022126622,-0.17860519303398,-0.100456081540597
-0.749508,-0.471128032810235,-0.489062546586111,-0.238387128313184,0.221609443789036
1.72646,0.819124680065498,0.942163151915621,-0.205629413961951,-0.400866444829979
-0.513238,-0.327743463009998,-0.434307734976627,-0.196282447232425,0.16470995870923
0.495409,0.0659161796773569,0.259535935901241,-0.239114405757399,-0.309553987161693
-1.11611,-0.844092381768796,-0.632998535020216,-0.366726429095867,0.0327576758501041
-0.765383,-0.790170622012138,-0.550393647262797,-0.575436128318677,-0.0931285246356696
-0.329549,-0.189030768278204,-0.318141753666046,-0.303523952135963,-0.0423905517002082
0.984143,0.513885570235789,0.633672682620807,0.0509741274292637,-0.270796894170715
-0.671835,-0.4886087798454,-0.444639678618406,-0.213701321471665,0.306712510409438
1.96636,1.22152007118331,1.22133249440994,-0.0543211802326724,-0.449542437890354
-1.12186,-0.914504201757525,-0.634699368890238,-0.387429258561521,0.274585718945177
-0.75825,-0.852606185781184,-0.561565740567709,-0.586082133789232,0.0716629687716863
-0.300481,-0.227526381279952,-0.324094217312585,-0.226562694620323,0.0737763674531575
0.964056,0.483838208277551,0.615111599941109,0.0537020183102134,-0.156821804302568
-0.665321,-0.479891851997283,-0.449678124101379,-0.270151707095408,0.437033549618321
1.96129,1.13469946613078,1.20689351114301,0.0703514137442748,-0.293533513532269
-0.907285,-0.691331855163207,-0.564293589663607,-0.290130880988542,0.413460326162387
0.048543,-0.327678933243364,-0.129371663563338,-0.300564875001506,0.0654354691186675
-0.747035,-0.553156663217652,-0.490870454793563,-0.296167364216926,0.403509885843165
1.68903,0.872523367452252,1.00842724820548,-0.20653839943276,-0.18623213462873
-0.517321,-0.29053154369032,-0.368327866793122,-0.311297707812682,0.419645854163775
0.493305,0.161935857899636,0.311631229779469,0.187305555861088,0.0504112055863983
-0.649942,-0.489855313133274,-0.423660996584218,-0.207767905547953,0.459710012317835
1.95491,1.26109143053674,1.2961217142242,-0.221147188571572,-0.243659554649549
-0.914956,-0.702637362887807,-0.559631155725486,-0.290339136118047,0.43837005499653
0.0702157,-0.2980223863486,-0.0907578652134337,-0.304746455065508,0.019109550312283
-0.743795,-0.559351126924249,-0.47707229824948,-0.301425705440557,0.289083084142956
1.64634,0.944203734096345,1.06847149541587,-0.195043898078373,-0.325979616412214
-0.512344,-0.300087223481072,-0.364235560550146,-0.201111221539446,0.198594702463567
0.507451,0.144651523511114,0.328152287379561,-0.263286068147306,-0.318229516828591
-1.11556,-0.878081691272388,-0.637843390789979,-0.337200312871883,-0.0238257102012493
-0.742204,-0.800282922666061,-0.549956400968346,-0.546369895602761,-0.184011144170715
-0.3113,-0.169898202296235,-0.283900562959801,-0.254393660486512,-0.124794659090909
1.0109,0.509149169907761,0.702354511542392,-0.527662401397352,-0.422803883934767
-0.903596,-0.639288349930108,-0.555702378465444,-0.407248932691799,0.121636601492019
0.0710215,-0.276962204992575,-0.0921004078269987,-0.201084794172743,-0.147147791464261
-0.75215,-0.524213092680674,-0.479764034616535,-0.308713964509217,0.20497637074948
1.68873,0.950272549103417,1.05545575932713,-0.199568078878332,-0.365955054302568
-0.521817,-0.305933251567507,-0.349977257405491,-0.208383145553858,0.177013923490632
0.495352,0.142670913911256,0.336630363988622,-0.261431381456082,-0.310052193442054
-1.11683,-0.867594575225122,-0.62924634286939,-0.35457158240449,0.0361720858778626
-0.747698,-0.802268321903846,-0.5620073865159,-0.568071768684535,-0.0917594309507287
-0.327954,-0.179834684496569,-0.297353311683202,-0.292783275295085,-0.0334635513532269
1.01974,0.583233633031334,0.7029563499066,0.0792941719563544,-0.285910299097849
-0.658533,-0.483531954311334,-0.436348501618831,-0.209582999073553,0.259680834489938
1.92484,1.29814525456807,1.29264585391564,-0.0160663240016674,-0.521813611380985
-1.12283,-0.953066909359638,-0.629880594330052,-0.503586988713592,0.129614789035392
-0.740865,-0.830580826119886,-0.55642336491161,-0.629995506931944,-0.160796366412214
-0.858425,-0.653370752750221,-0.543776721022455,-0.545333368257611,-0.0914580284524635
0.167213,-0.293030636696309,-0.100562320833533,-0.620962240438906,-0.258775761623872
-0.732458,-0.479600200485765,-0.494008277640115,-0.435639194600267,0.22725864295628
1.71703,0.839395810038622,1.0262993536576,-0.1566184069069,-0.311046153365718
-0.488609,-0.25544597265439,-0.365616841652348,-0.222064577541659,0.396806722761971
0.537382,0.137979996836227,0.288805206217309,0.290627170322418,0.113986487855656
-0.420207,-0.255113749094895,-0.317467347945642,-0.204025421843567,0.44215746426093
0.995394,0.583011363387815,0.65658835267167,0.365463989634033,0.0839193900069396
-0.656929,-0.496224631796106,-0.452890863797775,-0.14869565591874,0.584343446564886
2.09673,1.32647132818753,1.27246226230529,0.206523457412419,-0.207310518736988
-0.544787,-0.383969583829232,-0.367596286457407,-0.222835931133985,0.382000897640527
0.576264,0.125855347110246,0.293729499594295,-0.307486293371252,-0.188973904927134
-1.11701,-0.887719623556075,-0.63554334684403,-0.324059820188594,0.133632716516308
-0.734792,-0.781214359741531,-0.561595318063533,-0.535309054658249,-0.0255224368494102
-0.292181,-0.164179557871621,-0.307394845606242,-0.257063227865795,0.0576638074253989
1.10545,0.573100247161066,0.683541460384348,0.164862497911666,-0.181696283136711
-0.651282,-0.468667549703657,-0.441621674820122,-0.244795637375734,0.483625232130465
2.14276,1.17185107274744,1.27949938004235,0.162049812794766,-0.260065971547536
-0.906894,-0.66594766752138,-0.570886650689228,-0.251270603453828,0.47382772241499
0.148108,-0.308187042295312,-0.117500585235503,-0.272508250588269,0.0708111842470506
-0.743906,-0.534940369010691,-0.504171627450855,-0.44329231742793,0.396053716169327
1.85037,0.817260116466254,1.01242760548041,-0.39970825257779,-0.290115948646773
-0.898025,-0.574118411737363,-0.54778525425598,-0.325888868920646,0.408986014573213
0.149518,-0.283514035411709,-0.10832313573086,-0.251800717841698,0.00931634663428169
-0.725381,-0.487270599337236,-0.491752412019126,-0.205069800296123,0.337370628730049
1.84899,0.873890387876041,0.998233594743096,-0.161326843499889,-0.304368698126301
-0.498612,-0.275821371562433,-0.375337911066746,-0.17290998968926,0.268739153365718
0.575099,0.105075736858944,0.294292536137901,-0.249167599598202,-0.267718760582929
-1.11592,-0.849930348037777,-0.641282957543379,-0.268605805585983,0.0959278306731437
-0.736756,-0.737080381411886,-0.536171953873757,-0.46285972848489,-0.0227182838306731
-0.257657,-0.158825755377525,-0.320218488754598,-0.201275149580311,0.116951311589174
1.08894,0.615451950381703,0.697978109776063,0.188711017937454,-0.0642680621096461
-0.652333,-0.482745858199894,-0.445310521081635,-0.403189881229462,0.618634850798057
2.14749,1.33648275859189,1.25522536309067,1.71652783640601,-0.033454159611381
-0.651968,-0.514712721897665,-0.456528179285153,-0.3795938660553,0.809633877168633
2.13594,1.23063917173435,1.26388791145959,1.71517393041226,-0.0278829712005552
-0.905308,-0.690170925395734,-0.565534465961707,-0.237058059311513,0.625433564191534
0.156946,-0.316783811385613,-0.136888658068644,-0.260101519655542,0.156924986814712
-0.743528,-0.519947044252953,-0.50042887629963,-0.242888017568356,0.434250785218598
1.91172,0.812760847914255,0.965064932886756,-0.170581228773494,-0.292507941013185
-0.510801,-0.265121522446651,-0.406055521881616,-0.0620915464842843,0.292163749132547
0.595722,0.0866166893635299,0.283270907110278,-0.27431877676986,-0.258595272727273
-1.12301,-0.797537025505836,-0.620077885277284,-0.253770811461288,0.0828581561415684
-0.732262,-0.762021465634566,-0.57442546551539,-0.470384280990698,-0.0556402713393477
-0.266893,-0.149350865076348,-0.310464635637915,-0.297761038717532,0.0653824375433726
1.10492,0.512463611064213,0.653061121431977,0.643221735208856,-0.168223163081194
-0.445848,-0.242413144000088,-0.355517282072614,-0.211355601638186,0.350367186675919
1.04789,0.513462907110326,0.629026174145102,0.870717220625285,-0.0449897866065233
-0.660274,-0.504557295399175,-0.456157339593698,-0.00427640158634299,0.459115825468425
2.18859,1.2424330185135,1.19171457582158,-0.0932849358390607,-0.414684907356003
-1.12327,-0.933977322619774,-0.644248711686218,-0.507004089051418,0.24280513185288
-0.749875,-0.796781234706069,-0.567163762340495,-0.624541659304563,-0.113398070090215
-0.858785,-0.642213092521065,-0.562294890401045,-0.534389396007784,-0.0456709139486468
0.249206,-0.281690665472231,-0.127513670764842,-0.617914438341782,-0.252845409090909
-0.73838,-0.470202899965868,-0.50574282750645,-0.42259886887363,0.196438875433727
1.8363,0.799478721586618,0.984629151809286,-0.137610882898502,-0.426890090909091
-0.503175,-0.258727216434428,-0.39683429223933,-0.132567863405919,0.19702128556558
0.567896,0.082692576026399,0.273185136349413,-0.240001168304651,-0.26930085704372
-1.11821,-0.826226735531792,-0.639195038533377,-0.329266854016049,0.0909584042331713
-0.744446,-0.780330348937628,-0.57783069972209,-0.551825989347927,-0.0365459226231784
-0.286377,-0.164839323697157,-0.333705491396934,-0.254333909187851,0.0510516446911868
1.08864,0.548275670528515,0.661043499573772,0.14785376785193,-0.172094667244969
-0.650395,-0.455570652294622,-0.441953511722362,-0.238841080475814,0.495613886537127
2.19451,1.17728325571512,1.2649485863692,0.15238539898344,-0.243679614156836
-0.906874,-0.664476449296531,-0.56131452837926,-0.240464200674352,0.527180546495489
0.18903,-0.285713003633275,-0.11336709072655,-0.259108843170662,0.129397524982651
-0.741386,-0.51867803436384,-0.495354793219777,-0.252211260783726,0.447861132893824
1.89968,0.871918197985824,1.03085794420084,-0.14353416726169,-0.241209879597502
-0.521638,-0.274622715313807,-0.389825805880112,-0.175727671458989,0.39230286259542
0.599381,0.116182330197545,0.298911462658124,-0.0142798519379342,-0.10085855759889
-0.903876,-0.601579266990707,-0.572848761105999,-0.202396801288386,0.256280201249133
0.172905,-0.249412600637548,-0.11327804718932,-0.179075814243196,-0.0590625957668287
-0.752238,-0.476432014487745,-0.50513201651758,-0.296023697455318,0.299414051006246
1.85761,0.844652703180677,0.995872504415676,-0.162417710943335,-0.372569208535739
-0.539774,-0.301809068559391,-0.386699213123315,-0.178402106695008,0.225475392435808
0.56641,0.116214470189893,0.305911267993861,-0.239898751403039,-0.287914750520472
-1.11816,-0.839819214158165,-0.637960756462491,-0.326033610075719,0.0647272709923665
-0.735755,-0.784751694333505,-0.552759352949647,-0.548770799544716,-0.080755112074948
-0.343936,-0.196202740688255,-0.306798774864189,-0.296193134326618,-0.0247270596807772
1.02164,0.586959938436989,0.69214161335679,0.0529844319927426,-0.26737744666898
-0.687255,-0.497603854261353,-0.437802692936221,-0.233477798684236,0.330020582755031
1.92927,1.37363374720259,1.32672687882546,-0.0392087441777099,-0.409571083448994
-1.09458,-0.879667045199762,-0.580648860410783,-0.360808309755647,0.32327179129077
-0.793426,-0.844368789905611,-0.566981757137445,-0.508247662627251,0.179841378036086
-0.0175333,-0.0312426070845936,-0.178221667847208,-0.0860237912706323,0.141882112866065
1.20678,0.504054905533525,0.672757684739833,0.22164200354138,-0.0604930314712006
-0.54326,-0.301547329603118,-0.319183694250551,-0.0611167917646015,0.545341703851492
2.02513,1.0570801261045,1.2530759761319,0.246989063145038,-0.198298641741846
-0.854745,-0.582381490039087,-0.486289925215278,-0.171216750448154,0.482206013358779
0.00524888,-0.337195405843763,-0.142593606036967,-0.223222590163686,0.14543712203331
-0.649733,-0.434837844681843,-0.392380602776178,-0.211333171249515,0.440960759888966
1.67144,0.837090084162348,1.03715141389809,-0.172195449092662,-0.115541741151978
-0.394943,-0.155846476528591,-0.234163433678389,-0.201683788819941,0.459272599201943
0.499452,0.125718112569673,0.316101765456977,0.231376449420029,0.130819372761971
-0.550502,-0.373462973838856,-0.330085084639138,-0.0621136766103079,0.529842681047883
2.1411,1.3320961934827,1.42319436390832,-0.187351585795539,-0.190408828070784
-0.883803,-0.650134305574253,-0.494637749655558,-0.215642055890467,0.520050515440666
0.0573359,-0.294320643966179,-0.0899940541811729,-0.277364537791084,0.103971553435114
-0.690703,-0.505920233426207,-0.420763546643297,-0.237064098357952,0.360341150416378
1.82408,1.01276492487736,1.1812795462355,-0.159771769120057,-0.279016383240805
-0.445797,-0.218435583516635,-0.275726459437727,-0.124145925806652,0.267496123351839
0.562143,0.182480139693737,0.359044746154809,-0.219056362721877,-0.266381109125607
-1.1159,-0.85861770587834,-0.602856731672874,-0.331257356062754,0.0288932918806384
-0.771639,-0.809044361944484,-0.544117365400671,-0.533242928808033,-0.123172414469119
-0.203342,-0.0984736728920201,-0.208300705467679,-0.20114679739361,-0.0894941663775156
1.12425,0.595027100452043,0.806157564665793,-0.506040117210679,-0.389556262491325
-0.902235,-0.63054607806664,-0.525009535567113,-0.39904584166355,0.17570203834143
0.0575403,-0.27588479619278,-0.0679951455815193,-0.209875557669765,-0.0930997761970854
-0.711341,-0.512382216274863,-0.437782179401688,-0.297543772995034,0.253631825988897
1.82137,1.07487139711226,1.18223621538601,-0.184346466462127,-0.331964761797363
-0.474864,-0.260369882666824,-0.293894640086987,-0.15721357645201,0.22904754944483
0.540624,0.182317095281819,0.376855667534274,-0.259919186889745,-0.269362218424705
-1.11438,-0.871785835019681,-0.613421993573662,-0.336220441616683,0.0846566270992366
-0.754831,-0.807888991775199,-0.547013337509693,-0.542815231433964,-0.0371593393476752
-0.238499,-0.126619185693943,-0.219716826892498,-0.241196218559771,0.00401303435114506
1.09061,0.683230990336619,0.808246223150118,0.148791565569039,-0.240336465648855
-0.631874,-0.464295742735035,-0.38221374736133,-0.199873748414966,0.316375783830673
2.05986,1.47322352796157,1.480026659095,0.0355002994754638,-0.500063921582235
-1.11837,-0.944343941202366,-0.619877408691535,-0.521066983412789,0.171318977793199
-0.75314,-0.833025566778479,-0.537504329829345,-0.652464575557233,-0.130418933032616
-0.84605,-0.663704912314487,-0.517653983720484,-0.557863814049322,-0.0770687068008329
0.144915,-0.268926211469002,-0.0555144619003935,-0.622867056666768,-0.23794559888966
-0.706247,-0.502943239245449,-0.449863582271405,-0.431356008413164,0.239386679389313
1.75249,1.02795007488844,1.16844374750716,-0.142009206996668,-0.300111910131853
-0.473066,-0.256831590588003,-0.302962905735484,-0.245665118104944,0.41349602185982
0.559367,0.226301973968909,0.382270073624514,0.265353039145171,0.127246416724497
-0.428032,-0.254896675973099,-0.268211785507155,-0.234117116073384,0.461499161346287
1.03972,0.73851350542219,0.768879890527378,0.368687292036958,0.0879529139486467
-0.65913,-0.519908925264716,-0.402113314917967,-0.131020997069758,0.595641410131853
2.0963,1.60255704249621,1.45044005601991,0.224145178354304,-0.202024948646773
-0.543117,-0.406764853016034,-0.339293605514614,-0.206483177925936,0.384060731089521
0.569543,0.208727239487431,0.392270211893493,-0.325089756814854,-0.186929181471201
-1.11785,-0.920640980176503,-0.624622292118782,-0.364520978409701,0.131970440666204
-0.745381,-0.807305977526056,-0.54591687228811,-0.57076676116122,-0.0254560083275504
-0.284586,-0.179220486310946,-0.258294485618903,-0.269675345859739,0.0527418629424011
1.13268,0.72300079368242,0.807454873354095,0.135792273159699,-0.195438113462873
-0.660339,-0.483505195112362,-0.40919735666831,-0.284795307765892,0.467539921235253
2.07428,1.45083474496344,1.50653983571324,0.166151233249772,-0.270153309160305
-0.914031,-0.721944743933325,-0.540898526894489,-0.303112473048325,0.442293352532963
0.108834,-0.27585288883358,-0.055439751696101,-0.34592597467772,0.0456363244274809
-0.758356,-0.581754961401044,-0.463561719725939,-0.480100277452771,0.358387604094379
1.76493,1.04358255181169,1.16617649655566,-0.418223822496929,-0.309901940666204
-0.896292,-0.648961280212098,-0.541318882339932,-0.379699861646917,0.369609485079806
0.124518,-0.261249044782593,-0.0608468074399158,-0.355208083672307,-0.0183316849410132
-0.732917,-0.54217697631722,-0.456478452147256,-0.280743782073943,0.30345567314365
1.75623,1.07063628594987,1.18559410922181,-0.162408918452915,-0.314764672449688
-0.488364,-0.289762945949731,-0.321838246796562,-0.170255010413204,0.236409049271339
0.558076,0.210338803558085,0.39003393053675,-0.25228025744598,-0.28493307147814
-1.11723,-0.884625357088372,-0.618156057178769,-0.3490845503206,0.0748555787647467
-0.740124,-0.8095766851628,-0.54434767988201,-0.565652472841177,-0.0452599611380985
-0.292635,-0.173649328245624,-0.251837171187952,-0.264603871886166,0.0946850208188757
1.04632,0.682458288768141,0.784801839661098,0.0699586925459649,-0.087731174184594
-0.65969,-0.480383670166188,-0.407631235084921,-0.43488735990356,0.580867290076336
2.09544,1.6695981980144,1.4245544409431,1.30917319804208,-0.0632344760582929
-0.657026,-0.558776437227063,-0.405145629779044,-0.434786173050953,0.756648884802221
2.01465,1.52581589985364,1.4779662751201,1.29119148557019,-0.0549105912560722
-0.918945,-0.738464028937491,-0.53852792269452,-0.282911478932772,0.569718072866065
0.117204,-0.271388360182076,-0.0576750990280393,-0.333447590764236,0.111059203678001
-0.74028,-0.566123021440803,-0.469943506920003,-0.306575505376643,0.371434602706454
1.74623,1.0693191196625,1.16703543980213,-0.180396267442972,-0.314547841082581
-0.509994,-0.310264139409704,-0.339220922073142,-0.192597264816105,0.229845312283137
0.522076,0.20784642550879,0.389451426734996,-0.253929331676427,-0.28849809333796
-1.11842,-0.889978043378768,-0.628608872814804,-0.347365485918086,0.0382374188063845
-0.72998,-0.810375448437699,-0.549694740322817,-0.568143715602969,-0.0980223889659958
-0.328887,-0.186167784782507,-0.274829343010078,-0.294618487179713,0.030838414295628
1.04791,0.660534502400503,0.794910339696665,0.323781177004257,-0.205779014226232
-0.457775,-0.256712028910214,-0.301045943504066,-0.261891494606595,0.297652981609993
0.966457,0.756855148250129,0.77210847079972,0.685435709581917,-0.0811153122831367
-0.68124,-0.572301318934189,-0.417531384666432,-0.0743523270971477,0.403100064885496
2.04562,1.52129475590848,1.47054031659215,-0.0841772676979116,-0.433198309507287
-1.11699,-0.949438765050507,-0.634777880203599,-0.529285094695368,0.198524224496877
-0.726823,-0.830994358245998,-0.543545405330853,-0.656741633755055,-0.148405951075642
-0.856555,-0.663509760743865,-0.537035189620821,-0.566685808650194,-0.076735743927828
0.205452,-0.231976587179448,-0.0315936539624438,-0.629835250132627,-0.277809871616933
-0.756621,-0.520865721824628,-0.478372760144732,-0.433796574796747,0.156457272727273
1.72784,1.06905345667941,1.20247598815305,-0.159356561963001,-0.444710452810548
-0.512641,-0.2898804047329,-0.336463296860727,-0.153853494041531,0.153614938237335
0.508284,0.223145863813321,0.386400270051245,-0.255709168602229,-0.292537379597502
-1.12005,-0.88304021630344,-0.626015861881519,-0.346081306389022,0.0552618587786259
-0.721885,-0.802519371833229,-0.548960463372176,-0.575090853795746,-0.0776211721027064
-0.31148,-0.192712488421244,-0.288607478559402,-0.279178357686411,0.0109760759888965
1.00799,0.711788099040874,0.788450339412757,0.133977349003689,-0.210134302914643
-0.666728,-0.491047792592967,-0.413365960095806,-0.296885206338254,0.422709120055517
1.99703,1.40250622455424,1.41611568517812,0.129830757866224,-0.274131043025677
-0.911282,-0.710599043218374,-0.55417171975409,-0.304953553935569,0.450973616585704
0.141211,-0.260665585554152,-0.0510045544394632,-0.34368489004648,0.0733790565579459
-0.75944,-0.562928709003511,-0.462987459829238,-0.302754230072598,0.385299701596114
1.75133,1.08943262484492,1.16365757473841,-0.159926098544637,-0.263273639139486
-0.518936,-0.317081039449485,-0.350906338576627,-0.216985263459437,0.341283539208883
0.590743,0.229454744020473,0.394793500772527,-0.0645551368854045,-0.131367924358085
-0.910864,-0.670120250855346,-0.551791880360037,-0.237662871834131,0.229751618667592
0.16057,-0.218782752138367,-0.040019946111442,-0.243364104751191,-0.0832298022206801
-0.75976,-0.528420601180559,-0.466690916633019,-0.308823068945038,0.270128767522554
1.75405,1.08587121236244,1.17559684047152,-0.161291997819441,-0.373575456974323
-0.520571,-0.31211021976064,-0.345692668448244,-0.193561533533253,0.199765457321305
0.552314,0.25724718353725,0.420506704059654,-0.242427425784045,-0.294234224149896
-1.11869,-0.894252224112598,-0.628480840655012,-0.351138594852642,0.0662321512838306
-0.732152,-0.816534980822742,-0.546810516244706,-0.573045233817826,-0.0678963566967384
-0.320931,-0.19326591439783,-0.263711854349144,-0.293826150644532,-0.00362277133934774
1.05819,0.746824942557835,0.831432829140686,0.101452299568053,-0.201734051353227
-0.6698,-0.45264805300276,-0.418203527270474,-0.230903637429508,0.455527862248439
2.05029,1.43224655377004,1.47929054615531,-0.00897536940712096,-0.229631921235253
-1.03784,-0.564355561138196,-0.360903467736339,-0.00995454406315621,0.649685216169327
-0.750732,-0.756411907420452,-0.601706167993394,0.0330030595011448,0.695815501734906
1.20592,0.844015436615371,0.043467895170967,0.553023545729049,0.540020591950035
1.93464,0.464190368448236,0.514370578671841,0.92327523741817,0.591804754718945
0.238698,0.364569498538287,-0.118907181403234,0.960824976437773,1.23241677602359
3.16226,0.930092095826735,1.04497430222433,0.871552333898486,0.384314820784178
-0.504023,-0.104772154637327,-0.269546065692902,0.758331601987809,1.19889527602359
0.197581,-0.234901029873063,-0.226764254134159,0.849369809001815,0.874836584489937
-0.0483649,0.149059116883976,-0.186179258940227,0.776777083959672,1.11605885149202
2.56882,0.675069286041516,0.82428947415287,0.325620384362395,0.564778760062457
0.642146,0.504830580396744,-0.00182554683126513,0.546105386439944,1.12937475832755
1.01213,0.0926941611716709,0.161341911609306,1.51040711922596,0.927029494725885
0.292384,0.350807549567897,-0.0900704921168272,1.0220817622853,1.24634679736294
3.3092,1.02383807646224,1.11744776972732,0.369456608529345,0.417498548438584
-0.523769,-0.0945980758382039,-0.260261211797128,0.633109665542232,1.24640297276197
0.232596,-0.239867361874412,-0.2056783004101,0.859260414293063,0.806946035218598
-0.0636747,0.164125311171118,-0.179601894625159,0.787389381394269,0.953637539555864
2.66113,0.749698803406425,0.868832754565005,0.358156356018488,0.328376294760583
0.602376,0.539684406675778,-0.0112882335399075,0.533557800702672,0.812462984906315
1.11329,0.153089778745313,0.219465950065823,0.34659212345559,0.311866861727967
-1.06629,-0.452352196301055,-0.32850763024558,0.566476935066856,0.66519609351145
-0.768376,-0.693780211134281,-0.590751298833565,0.36429248588055,0.581113906419153
1.18585,0.855726568419706,0.0481559916590149,0.281720098961092,0.359675355655795
2.09095,0.589446260737869,0.64525320926589,-0.203596021082418,0.193388939972242
-0.552828,-0.113553804138861,-0.2396019092913,0.36743324001448,0.840521693615545
0.32233,-0.201089240837154,-0.170115840092907,0.857682963496724,0.551461108605135
-0.127191,0.13153366088897,-0.151992872661456,0.670192246419648,0.840603453504511
2.64727,0.887460487256185,0.983611119689072,0.284063624805232,0.255122543372658
0.506674,0.524057208674407,0.0394406357358985,0.511157203251247,0.73382972241499
0.984036,0.158150864189349,0.249963671692184,0.222314757722219,0.291213303608605
-1.06262,-0.459082744527551,-0.303601915831764,0.532799780460567,0.695880674878556
-0.769661,-0.709030620407448,-0.588892003346489,0.310403302621888,0.650490088133241
1.20058,0.875140517550862,0.108022804119152,0.298419221188991,0.402462680083276
1.67094,0.532610398118582,0.599074031464171,0.746627078023211,0.410362080152672
0.207589,0.395464597961872,-0.0513106379691206,0.92700245736813,0.822497104094379
2.75017,1.14431266743848,1.18849996588034,0.605273252848405,-0.0626750058639834
-1.06407,-0.503982576525737,-0.315830466948508,0.254450268062175,0.647203776023595
-0.767186,-0.722502115007282,-0.581415071786425,-0.0130192802871991,0.313096572345593
-0.394359,-0.0870616583567655,-0.227874271546302,-0.0423931318992502,0.229293009541985
0.232438,-0.234805900291137,-0.172994970894523,-0.308870281694088,0.247383535218598
-0.0868999,0.171006638983363,-0.123238046437581,0.258316226939522,0.673368332755031
2.21791,0.75159752612432,0.926256688283845,0.28025331097685,0.2974959148161
0.567749,0.583564807541261,0.0847079492706704,0.800858653905472,0.955705432512144
0.849616,0.101687842229475,0.251412796743193,1.21335446193541,0.959387718424705
0.970507,0.77757468396102,0.163472423532427,0.773412515737761,1.03047709420541
1.42567,0.46874606486979,0.62822399562285,1.16090567522677,0.916254910860514
0.231399,0.385157472561451,-0.0233735578844232,1.02160969431466,1.23474709472588
2.67721,1.12854872228558,1.24686460157659,0.891435395000111,0.504073523247745
0.541126,0.579481268981467,0.0924653861981965,0.639344682063952,0.863390853920888
0.821614,0.117254953910073,0.263963956498539,0.164552900201512,0.406349682859126
-1.06047,-0.462389278544521,-0.283026538345436,0.501855698674986,0.673264980916031
-0.762733,-0.74260919698964,-0.571191461074533,0.265769210684816,0.587212919153366
1.10747,0.897164926302427,0.187557358324034,0.218220601427939,0.357552078417765
1.40645,0.544946839908526,0.666952991295823,0.599255339158032,0.428442296460791
0.192199,0.419902890978023,0.0274663579600888,0.743463448594538,0.875784536086051
2.39305,1.18441181073833,1.29794827875976,0.613269119612136,0.221585886537127
-0.503431,-0.0997992106000322,-0.137980177912419,0.564442967695079,0.829466858778626
0.104955,-0.250000106003649,-0.126607723805624,0.620201844958317,0.516028678313671
-0.0732296,0.164302921951693,-0.0394677385977482,0.251826996728131,0.61124017574601
1.94207,0.814238785354506,1.02649419808031,-0.176326133708094,0.086127131332408
-0.489665,-0.0812173405531269,-0.134993203580399,0.229270982487794,0.677180535218598
0.118735,-0.213046340640116,-0.110888571751895,0.555571219532425,0.415109532095767
-0.0831811,0.194811726363014,-0.0100515186577576,0.550421637404613,0.594174040249827
1.98547,0.86628148925413,1.05935295241187,0.188589271075088,0.163214816065232
0.511891,0.616745135366945,0.195193484399095,0.326845705500786,0.502460876995142
0.703215,0.156526367498954,0.335229808000467,0.121266062881431,0.176582586918806
-1.05527,-0.461398756755942,-0.250211891472093,0.407567444974802,0.521478742713394
-0.770325,-0.754443602581892,-0.556801078058852,0.195723551903553,0.523739387196391
1.10576,0.960082095531663,0.31543911347869,0.181331873109977,0.376495718251215
1.24334,0.55464948039471,0.709227664971818,0.564797427072471,0.551145789729355
0.228963,0.454184687508278,0.056391007987397,0.342161537866478,0.988200447952811
2.25242,1.2986666740308,1.27937529790971,1.86250730756367,0.523103832512144
0.195468,0.396090844125649,0.064569212056054,0.368851128324441,1.11151578955586
2.197,1.24329986830682,1.30657097774242,1.798496189811,0.440084383587786
-0.50768,-0.118443776617847,-0.130513689211425,0.596960184160818,0.92184851648161
0.101471,-0.236181281042052,-0.119973904648953,0.588164489596117,0.567412383934767
-0.0815737,0.193074033289801,-0.00806251309824888,0.539397219879301,0.648677860513532
1.83418,0.820408609441583,1.02053066904984,0.180419638426039,0.181611428001388
0.525336,0.620966925498876,0.159162363821348,0.292232613225835,0.474179622657876
0.685022,0.160958140734804,0.331063327269265,0.113770784680166,0.181691547362942
-1.05442,-0.460816975322218,-0.241874216717489,0.423676196991302,0.515293874566273
-0.763651,-0.762554016192764,-0.561209822133702,0.22442863745059,0.528098046946565
1.1513,1.01983283600623,0.320659433262888,0.665709401688479,0.380060031228314
1.26206,0.550291014838387,0.735828297168213,0.923020049362526,0.550855425399028
0.854582,0.917805510345497,0.303014254934027,0.910267153098177,0.729788702984039
1.1883,0.60650743410163,0.750785406419987,1.28419475993942,0.59406929111728
0.239061,0.455631628556345,0.112367112800723,0.954093771893344,0.786031959403192
2.29021,1.2744925650426,1.34944868307388,0.367546536302954,0.0124179179042331
-1.06305,-0.527124544572,-0.244688289879125,0.173356406831964,0.547960863636364
-0.77424,-0.752977127225472,-0.567036008564758,-0.0329272056843051,0.217520926092991
-0.374733,-0.0716315826181269,-0.123551378209974,-0.0681016857413205,0.160230696044414
0.206303,-0.191052096285703,-0.0872303787859119,-0.3263620566434,0.150042378903539
-0.0486576,0.219959002194471,-0.0204204539063548,0.24886575778506,0.447817596460791
1.94823,0.901152109131643,1.08701889901924,0.267492013070238,0.0812621079111728
0.664492,0.66237599359476,0.188404823720038,0.365620293702593,0.461809724149896
0.762406,0.184002316778262,0.337187906253756,0.126958404571532,0.240242665163081
-1.04934,-0.449931655483346,-0.247124068933657,0.468649423556799,0.601375982650937
-0.769187,-0.764434392689583,-0.577925180420004,0.292128796529796,0.600902782581541
1.24594,1.02903233280903,0.321332545586947,0.261243303084032,0.377381012144344
1.48502,0.607696805077375,0.738091042703265,0.67066057007342,0.497426197848716
0.288944,0.502129193995361,0.0979107675580849,0.813652573075306,0.94245289833449
2.46125,1.23514372744653,1.33789320689701,0.703180612415073,0.327715112421929
-0.490365,-0.0712050737586054,-0.128665864977167,0.652851884359021,0.990987510062457
0.231217,-0.199145923177094,-0.0774150514094357,0.675608421006916,0.690057155794587
-0.0218908,0.254291370562208,0.0254734662283743,0.680249158824342,0.829565123872311
2.1024,0.964565013397411,1.16278216861941,0.279419062360648,0.34364749296322
0.695999,0.656089404089937,0.199860111034282,0.441488026322457,0.713388215197779
0.815581,0.233091050669366,0.395626926444193,0.448200810197083,0.468957113115892
-0.439242,-0.0405497389473744,-0.0904406816097799,0.609635226158296,0.70363239833449
0.220987,-0.172965493436029,-0.062317674491147,0.59183050539498,0.497878946981263
0.00222612,0.233899025738324,0.00261527386412295,0.472336019729565,0.682175630464955
2.09831,0.920757471984123,1.1110988291902,0.312259926396759,0.220855650242887
0.610483,0.682519236098832,0.225653045347806,0.44045610964818,0.577750480916031
0.923838,0.23369327525787,0.382500907781426,0.224285298042008,0.24987206870229
-1.0545,-0.455984484827209,-0.268500430519789,0.505370816134933,0.647692669396253
-0.753233,-0.755974684175378,-0.565475729160374,0.292113218652903,0.609678914198473
1.17966,1.04193385238484,0.357912218219508,0.31653678620094,0.364908191880638
1.53795,0.689063339265226,0.813680083145243,0.720071565106962,0.458464466689799
0.314022,0.527179972917097,0.116441077835197,0.903271405208141,0.871315155447606
2.59218,1.37738547517661,1.40237378389422,0.575378855266935,0.144317895905621
-1.05816,-0.480140573740064,-0.277166746243379,0.563528324764038,0.961859209576683
-0.762151,-0.807855911240334,-0.571142977626471,0.364604205811626,0.840441528452463
1.26185,1.09730482091067,0.321461826909929,0.636127167682846,0.512401332061069
1.5108,0.701831193143906,0.835400448973431,0.75657432207458,0.600616702498265
0.294926,0.53012277089539,0.139780751131227,0.858165519967692,1.04078010791117
2.63373,1.38329705329689,1.46483829316406,0.72333004667177,0.334335321998612
-0.487825,-0.0706582953641885,-0.0934910562604674,0.658997390621638,1.0336289888966
0.223549,-0.182325028067713,-0.0507866929054479,0.705084301304984,0.742819060721721
-0.0192884,0.264103501442608,0.0465551305991725,0.689418096214349,0.95202945870923
2.16805,0.970543748590229,1.14253429630979,0.281351225143146,0.496932036086051
0.618193,0.663465935797984,0.207086500384315,0.53830924755829,0.950207380985427
0.863487,0.27995414496881,0.420742904423527,1.22940384055543,0.788402210721721
0.356698,0.503580639885792,0.123857377996459,0.893942348499251,1.0038056334143
2.50486,1.34791212217283,1.41909049826696,0.352119531779333,0.387727913983345
-0.467788,-0.0723915099222914,-0.106592012406537,0.557581809954317,1.02096774375434
0.235087,-0.185859499533803,-0.0628329852452869,0.709192090962949,0.65223195888272
-0.0281827,0.253419283802683,0.0378613379043957,0.691510812651857,0.785885177654407
2.20919,0.979342806104178,1.1487603347829,0.281120531467865,0.284239446738376
0.651611,0.699326393922856,0.207335377728905,0.446295066452033,0.63143728573907
0.84421,0.235446416941365,0.400482692044294,0.209151714122064,0.255928969292158
-1.05601,-0.460594031902379,-0.263676154498962,0.51163869366462,0.553144405794587
-0.750145,-0.766082525922111,-0.560152675770214,0.283587196854397,0.484171593303262
1.25771,1.1037432783908,0.417628994607857,0.128152991404477,0.212568222068008
1.53524,0.671713064316135,0.864899801657297,-0.208113520107808,0.20437235981957
-0.42657,-0.0388630022458877,-0.0861806196451722,0.353193909442227,0.679826916030534
0.237395,-0.19259557787979,-0.0578468498691282,0.753844970480976,0.471124443095073
-0.0199274,0.250862134219428,0.0429393685437363,0.62384610032406,0.690844633240805
2.10274,1.0381476640286,1.22297158182202,0.28792658813801,0.271485595072866
0.657865,0.70973386600888,0.252075549254829,0.424421288735003,0.583544795281055
0.842352,0.255304206268376,0.399458452871522,0.185632059657227,0.264842059680777
-1.05329,-0.452665681005742,-0.23781303753271,0.533001368724277,0.640949162387231
-0.741962,-0.758809905702804,-0.560536973266554,0.316338055259739,0.607079736502429
1.26922,1.09279574668708,0.392529306476144,0.279412394744535,0.338619429215822
1.46871,0.697443972757807,0.812167030830322,0.700821721795477,0.41606769222762
0.287171,0.537189373416978,0.121478916673475,0.894806821054316,0.740864735600278
2.50533,1.39599723538667,1.47262701882043,0.554869886617022,-0.0508452249196715
-1.05073,-0.471124913944886,-0.246139236847212,0.269011382506006,0.59582586384096
-0.759695,-0.771939904279412,-0.564543420610089,-0.122435763704472,0.230198287587054
-0.320266,-0.0189534600932392,-0.0790561134622209,-0.132440906993867,0.0202899782187801
0.302911,-0.180718001175173,-0.0417813943872652,-0.738630217699457,-0.249816602359473
