1000
0.328639,0.221783040931317,0.0181669249663654,0.186835035925385,-0.0133928514920194
0.476019,0.173199621011516,-0.313714059994391,0.241991784509654,-0.155500180009681
-0.927176,-0.237220947608317,0.738400095295209,-0.152168812857507,0.222734788816059
0.437012,0.0920913766103419,-0.281849674010526,0.197210891263232,-0.232420990435109
-0.736901,-0.152817261905734,0.522846809522947,-0.0807276952095686,0.136250426097822
0.395481,0.0854240048828797,-0.237766247601762,0.113607249768958,-0.134305641047883
0.0167351,-0.06356455067758,0.144233951352,-0.0463100519144313,0.0122552751561416
0.430951,-0.0423019648372244,-0.257458625944949,-0.0247104703622269,-0.155191600451076
-0.522053,-0.142772756860705,0.33472522285223,-0.0543980748835705,0.0528733658917419
0.306016,0.0490200881594305,-0.149973859788761,-0.0277170031874742,-0.256655179701596
-0.846534,-0.273101875361706,0.447311181391443,-0.398211926275669,0.0313096660305344
0.303944,0.0320441856833496,-0.197395589708364,-0.228343039325064,-0.307874782061069
-0.779689,-0.288430953125215,0.369589404755181,-0.363347590910211,0.0139758448993755
0.184226,0.190903209904865,-0.108035143818066,-0.195392552409168,-0.212779479181124
-0.0840224,-0.1374486490173,0.0299466793366092,-0.097872311080236,-0.0567570152671755
0.441947,0.0367873584521851,-0.217548935060044,-0.237496690335517,-0.194610583622484
-0.463905,-0.229326419890191,0.212823267018172,-0.176040722299953,0.0353297369882027
0.173289,0.215937533708089,-0.103022361768933,-0.123481318142242,-0.22144392574601
-0.996186,-0.314340899375761,0.427587196521755,0.0508068092678717,0.116767047189452
0.345906,0.0866347232374071,-0.206266781160295,-0.0810960993451552,-0.162433615440666
0.344817,0.0981332700725256,-0.130286616995617,0.0920896937985882,-0.0806329359819569
0.459068,0.115171203080672,-0.260586950942729,0.0682748926291896,-0.193602020645385
-1.27726,-0.362358629216787,0.622688381014584,0.27914190873477,0.214043390874393
0.281558,0.0772764771561741,-0.178150111186533,0.0265375848965003,-0.186745469292158
0.0337387,-0.06126707124263,0.033972811622573,-0.0510473354968626,-0.0196426599583622
0.456587,0.0814494601048683,-0.233366043789746,-0.163164950725729,-0.140704875954198
-0.510981,-0.169985427341911,0.244072038758998,-0.0562079779712849,0.0824122173837613
0.257946,0.219858737715403,-0.131194862837348,-0.0603348423728036,-0.189275144864677
-0.837189,-0.253779235090311,0.472696757646188,0.0441465570271264,0.149692874913255
0.367448,0.0888552361744368,-0.215443918232152,-0.0294229539638654,-0.124311562907703
0.329533,0.0777858291849076,-0.127439648249715,0.132671020269573,-0.0633621235253295
0.456235,0.0711438529419883,-0.270630532586714,0.0961976830300692,-0.173919382373352
-1.10837,-0.318332189268651,0.649895968508865,-0.028912219178417,0.176143516655101
0.314453,0.0827907956428971,-0.202157237500573,-0.111681834948912,-0.209864101179736
-0.632939,-0.2515228104986,0.358035918118061,-0.151052759104242,0.146842164469119
0.257148,0.202655847518225,-0.125553013816452,-0.086237928424686,0.0156141450381679
0.400681,0.0535591025600309,-0.138862986263768,0.20936446940943,0.102725806731437
0.459799,0.084147966061069,-0.277909968457206,0.264098729251342,0.103896849410132
0.0963824,-0.0228235797257769,0.0724455372396852,0.208839276886141,0.209854053435115
0.468671,0.0809058136113887,-0.230405756483969,0.237499282403003,-0.0152627807078418
-0.296797,-0.128058507085572,0.255436529523631,-0.0190019526788807,0.089049845593338
0.317435,0.235884956301943,-0.140412342054409,-0.00461204528393716,-0.249448021165857
-0.86114,-0.317797350844052,0.452269726508312,-0.561022731988881,-0.075996957668286
0.401209,0.139466684299514,-0.219560983946635,-0.264544704056346,-0.592534755586398
-1.78022,-0.541165468684087,0.555601057891334,-0.471052004947682,-0.0950118365718251
0.293722,0.175064617472919,-0.186695532191689,-0.369888144014429,-0.648369597848716
-0.947168,-0.493968806651099,0.317956294993355,-0.906486392537433,-0.235944903539209
0.207155,0.215721015427029,-0.140635944700494,-0.501455007123626,-0.539587616238723
-1.2984,-0.476989110313646,0.434609718096658,-0.362050014408673,-0.0294670922970159
0.361926,0.102079101199525,-0.228157404594303,-0.233479361725911,-0.36558170888272
0.322261,0.092011545569165,-0.135483232519319,0.0396810565822407,-0.22210824462179
0.453978,0.112165273847061,-0.269255426605875,0.0152739143038752,-0.356717056904927
-1.42144,-0.464679538625148,0.562915087859871,-0.253021798527819,0.0463545652324775
0.311531,0.156387871509117,-0.189937268763696,-0.349059349887155,-0.481096704371964
-1.18542,-0.410064553468023,0.332966765682433,-0.369592834596658,-0.0178577914642609
0.213427,0.253651099873516,-0.121966646380651,-0.35036651748357,-0.31297127480916
-0.18292,-0.191496394728825,0.0170829849271532,-0.257797566702462,-0.0854750093684941
0.402217,0.0321256227180077,-0.241960097238124,-0.339805999400753,-0.204979127689105
-0.454947,-0.216265738698118,0.210041881905677,-0.0053939072225828,0.0781956551006246
0.222504,0.226204751924888,-0.148935329029151,0.0298565050667365,-0.134335194309507
-0.11935,-0.153711638564259,0.043161273012275,-0.102288781478495,-0.0137413959056211
0.433305,0.0247413994307712,-0.229275906764247,-0.213055639975158,-0.219006049271339
-0.585186,-0.341371073776233,0.223999320502291,-0.334735286128154,-0.0238073185287994
0.204242,0.225380289516806,-0.147853754795194,-0.256473438143569,-0.393857257807078
-1.5936,-0.493177188002234,0.409039403081785,0.00372614138185891,0.068173779666898
0.329085,0.0970198522424145,-0.226459731634746,-0.207407951943337,-0.386965242886884
0.322761,0.0838573400812589,-0.142103404780198,-0.0586913594955697,-0.314064066620402
0.449811,0.112336362925237,-0.272598544193046,-0.0709674516319991,-0.507894164122137
-1.96211,-0.577992607980368,0.563159270745868,-0.186074556950187,-0.00597132789729354
0.318889,0.184150045288221,-0.200447545260935,-0.430201406807494,-0.655950377793199
-1.04897,-0.484528874933105,0.320620399349808,-0.895577266320319,-0.209012990631506
0.11429,0.211115936146902,-0.1438739609538,-0.27758581625587,-0.493867957668286
-1.02681,-0.506826939297923,0.311908769852282,-0.666995998610755,-0.0936538757807078
0.149801,0.239043573922012,-0.144661298473476,-0.117469265056161,-0.284795174878557
0.0343352,-0.131227310909458,0.0337286047439066,-0.168373192686792,-0.05867926648161
0.468594,0.0465804210103067,-0.240222803126074,-0.166168012247099,-0.11281106315059
-0.22349,-0.15861485768418,0.231556735349689,-0.0619171635123681,0.108687177654407
0.332819,0.277158414373084,-0.140935597274086,0.0153189375669679,-0.098503551353227
-0.763094,-0.212634249807998,0.470353053366303,0.169458313514742,0.2181045
0.388285,0.116958720335855,-0.227148842937532,0.0672237951115217,-0.0648223018043026
0.394631,0.107410481982954,-0.139077095502332,0.144768819663243,-0.0320554656488549
0.501916,0.11718480295633,-0.274866465889937,0.123309696865483,-0.186564438584316
-1.11024,-0.278861382315262,0.600139960908929,-0.704550528660262,0.119704965995836
0.351331,0.157661076234309,-0.197992341574577,0.229223144894142,-0.337806882720333
-1.0239,-0.316613131730048,0.534429231084348,-0.789116527825058,0.067739146426093
0.373439,0.19162953246937,-0.205514465929817,0.155662851351307,-0.251914749514226
-0.530217,-0.201157316909937,0.337575601806184,-0.152616985307511,0.102895796842471
0.295518,0.242861382316691,-0.139124080921677,-0.0326601895993171,0.00342627220680083
0.395358,0.0732011252045152,-0.148999167506655,0.193816014363701,0.126914168806384
0.492495,0.0924134277120996,-0.27495934720822,0.239884901824659,0.111818020298404
-0.0324161,-0.0255215904643382,0.0565255174311084,0.249063991424056,0.258219129770992
0.467819,0.10760648558464,-0.230372171116737,0.231401318737014,0.0812982663081194
-0.167266,-0.07853310111759,0.236837808594543,0.017580399699619,0.227859614330326
0.337191,0.294982102446023,-0.140852038176259,0.0629993064338867,0.01587365111034
-0.578963,-0.152834254377774,0.44516625284757,0.200861571696492,0.252999338480222
0.439358,0.109363781339514,-0.225968396257594,0.115860366542502,0.00957318733518389
0.407668,0.0663917896957904,-0.13657997026829,0.191213258716725,0.0519530218598196
0.503888,0.074761301875592,-0.273426621347235,0.174472136896738,-0.0689663156488551
-0.975528,-0.264320192831274,0.593292701491102,0.0786705074586987,0.244619037994448
0.385142,0.175996111846113,-0.196657461258309,-0.0318512092174119,-0.146297326335878
-0.446305,-0.199855897785209,0.342102548490613,-0.144262450853696,0.137436948473282
0.315405,0.326844533720831,-0.133107843057263,-0.0347510756128245,-0.0395247336918806
0.0382403,-0.116138081814182,0.0263498135073117,0.0204732110636013,0.0876311044413602
0.490131,0.0496223682755092,-0.237650223589241,-0.0464133813093496,-0.039109796981263
-0.236204,-0.170158273580637,0.224127331282036,-0.0385374775533398,0.150311508501041
0.337585,0.302334520263455,-0.139124043533148,0.0349296752303432,-0.069459041464261
-0.754043,-0.205372418921622,0.46025787639203,0.124392080916007,0.228886459576683
0.4333,0.133001258411975,-0.227572013329311,0.0599163151621017,-0.0601443284871617
0.0586176,-0.114756074646606,0.0315064087848301,0.0283221440848392,0.105956411519778
0.456592,0.0443011477798159,-0.232681097576086,0.0519559714155069,0.000728599930603733
-0.215125,-0.134597288262379,0.233141442965305,0.0295020194781548,0.175365734559334
0.367426,0.314635197585132,-0.148872839907803,0.0544194591602783,-0.0411045378209577
-0.664569,-0.19320880427429,0.465684338954801,0.185135026418882,0.257845637751561
0.443187,0.129622230618546,-0.22524726089736,0.0936720934025056,-0.00734173192227623
0.401984,0.0640230380898421,-0.141708076592337,0.196719744018848,0.0429079188063845
0.501217,0.0818739289346145,-0.271102820735852,0.17435318138344,-0.0697127397640527
-0.923325,-0.262956314561495,0.61168195236454,0.0242068249442353,0.196630693268564
0.401692,0.203770923948806,-0.196852451980945,-0.0475011310637266,-0.241006443095073
-0.583327,-0.211860967243786,0.331059609826905,-0.125926209220279,-0.546091555517002
0.32869,0.426332866835726,-0.124132889405226,-0.226675493659757,-1.22820005898681
0.152129,-0.202322993230589,-0.295733269922334,-0.512798834129625,-2.37084467834837
-0.788633,-0.416936941763945,0.0827197580289268,-0.971656028248578,-3.63718799309507
-1.09072,-0.621666660410045,0.0430161861803553,-1.14664079837699,-5.89671303660652
-19.9923,-9.55966809944521,0.827160455680624,-7.37392063177435,-2.69643695791117
-0.903399,-0.362027934220562,-0.184888338100409,-1.19667135938892,-8.20881614312977
-16.0944,-7.78459112628442,1.91550462779867,-9.77467926328885,-3.25245571148508
0.0730319,-0.0327781176108296,-0.250928232899173,-1.18124779329771,-5.85756574739764
-1.73926,-0.860575221777995,0.324158966780798,-1.270004107169,-3.52141904562804
-0.0821522,-0.048143852735639,-0.136246954778826,-0.662086192346707,-2.91824805950729
-2.33682,-1.30697378007094,1.0203174266677,-0.739803453158373,-1.31937634750174
-0.392012,-0.210512573209444,0.0653205321425549,-0.588018277429454,-1.47028500121443
-0.960311,-0.563578852089489,0.389452741060518,-0.767074539510477,-0.743251421894518
-0.282762,-0.038952700007036,-0.00940714557977877,-0.434009657690476,-0.938451603053435
-1.56056,-0.784118465131665,0.674049341444847,-0.430185181486581,-0.517577005968078
0.123868,0.0790493853599544,-0.175861330128825,-0.275663483311039,-0.968591656835531
-0.25046,-0.198316764551338,0.0340368355774092,-0.423013600942766,-0.875995216516308
-0.0677628,0.00114781409773618,-0.112243992504192,-0.317064341478709,-1.20677885773768
-3.52176,-2.1935563586513,0.621471976222375,-1.14562802579111,-0.542182223108952
-0.460458,-0.171177293995802,-0.0121270092938373,-0.400943089442923,-1.50098268736988
-2.65821,-1.53778022668636,0.507978704137924,-1.13502159626844,-0.725528240804996
0.415603,0.341070244003005,-0.282578747583589,-0.442085660317168,-1.35264424600972
0.185148,0.0911290055360709,-0.145483593972926,-0.417447363919886,-1.2476988295628
-0.67255,-0.230760955564326,0.0347526351759938,-0.547819824988134,-1.39618614503817
-4.6743,-1.83211295563692,0.897726679352152,-0.247877504649892,-0.48711384351145
0.119397,0.061766160481494,-0.235794331692899,-0.25283646201177,-1.64746962526024
-0.868504,-0.496240650943947,0.157153685904184,-0.947306393534687,-1.13103724982651
-0.13175,-0.00841862526910258,-0.169810213574462,-0.497087560601377,-1.36715435704372
-3.20978,-1.82884753915247,0.825777382264665,-0.562370293197373,-0.566767681124219
-0.447829,-0.172282843197693,0.00527633929822876,-0.496351064522973,-1.10126680083276
-1.01154,-0.720346900406929,0.313066786830922,-0.56651239463035,-0.524847256766135
0.426983,0.331610846919488,-0.268117211611284,-0.14732420342334,-0.695106590562109
0.3632,0.0917219250022643,-0.208956257925389,-0.0629187906927854,-0.573608564885496
-0.649772,-0.156808857928221,0.0722001673263132,-0.19565974414549,-0.384823183900069
-1.01637,-0.579975448248487,0.509037566474119,-0.595046297902331,-0.297150896252602
-0.141781,-0.0285505117134373,-0.0417188593624648,-0.239263281501872,-0.535644472241499
-1.58426,-0.710204146664275,0.667740909840866,-0.457677469964653,-0.0333224240111034
0.458011,0.269786469079169,-0.261012155303722,0.120018680684346,-0.409139795281055
0.430774,0.241983092539759,-0.222194607753637,0.133004064469368,-0.265725172102707
0.145471,0.121667059806262,-0.160386436702469,0.0943788832066317,-0.210272125260236
-0.252024,-0.100338272593986,0.0538914743965224,0.0473333684008557,-0.22106048612075
-0.126014,-0.0521620781740081,-0.114119913812732,-0.0811717118288196,-0.448627717210271
-1.22093,-0.404905833624059,0.528459476481719,-0.303257393674867,-0.2837213240805
-0.487269,-0.150500646163558,0.0467449078322687,-0.466467134347678,-0.587484682859125
-0.54082,-0.258772473466493,0.180502519753826,-0.679505196588617,-0.606280488202637
-0.592535,-0.129835660024447,0.0960383708899791,-0.455352763519596,-0.626964204371964
-0.900351,-0.355738727135287,0.345134178570512,-0.633428895454236,-0.523120156835531
-0.125717,-0.0624036789684387,-0.0688144166291115,-0.508199698959168,-0.689986569396253
-1.24514,-0.443835599035098,0.613934946179789,-0.567795298439306,-0.322375367800139
-0.369988,-0.0402542404887811,0.0436764454994916,-0.190334386426118,-0.44684450832755
-0.420608,-0.20926835808618,0.13679720771697,-0.164496287981116,-0.242323500693962
0.440837,0.179813221457939,-0.258819163086794,0.0358058047132163,-0.339889185287994
0.429897,0.0990718964544056,-0.225738267547307,0.0265837259832376,-0.318836158223456
-0.436236,-0.0788008295500755,0.104031015925765,-0.119202020503748,-0.223164338653713
-0.942478,-0.355225985231757,0.350789344188716,-0.324516614833337,-0.172739139555864
-0.169434,-0.0472329814978135,-0.0258363982938349,-0.127390446343464,-0.416034171408744
-0.963511,-0.412402653564069,0.470972004630154,-0.435430861449145,-0.136614658223456
0.236009,0.0962001517511793,-0.170199380851725,-0.0913913804374304,-0.36056056037474
0.071576,-0.000116789350607318,-0.0517632010970706,-0.119907756283661,-0.250405628452464
0.0692938,0.00684151778552769,-0.0937829052721784,0.0973308477716884,-0.289920995836225
-0.991507,-0.432147300831584,0.441631717995274,0.0785662217026348,-0.0375023452463566
0.171938,0.0539648727435749,-0.170255346368909,-0.0264169656363934,-0.342201078417765
-0.100227,-0.0271693254175397,-0.0499299784957225,-0.102670757499922,-0.237722754337266
-0.0470942,-0.0353722444093006,-0.092188265861373,-0.135300699886237,-0.312194420888272
-0.847685,-0.356909940197019,0.429528384410909,-0.216487114952959,-0.166910159680777
-0.399725,-0.150067836563048,0.0461575386304245,-0.111098672819654,-0.283618234906315
-0.462272,-0.225472509897635,0.0816908475939472,-0.148415671068299,-0.154397345940319
0.426258,0.126502052600802,-0.24056320172957,-0.00850964425345649,-0.343219087092297
0.40153,0.0991670772926792,-0.249422548266568,-0.00679887687815967,-0.39753162741152
-0.634518,-0.24343142031855,0.138162223980846,-0.230993768766483,-0.337726870229008
-0.813381,-0.388390376077099,0.264530727060855,-0.510591739636961,-0.45877078407356
-0.388584,-0.171893314692232,-0.0291226552279764,-0.461038653293367,-0.704000552984039
-1.51454,-0.912448018153404,0.371505668735857,-0.991176414201875,-0.475282225017349
-0.457645,-0.249539174485681,-0.0289801192287061,-0.386814580973754,-0.762907321131159
-1.24518,-0.721766840913752,0.365568151879275,-1.05446609946961,-0.452809252081888
0.0566163,0.0451358105961889,-0.166934444830074,-0.375498742418478,-0.637962621096461
-0.0288962,-0.0291217431661043,-0.104830500294117,-0.36155989011118,-0.49467798907009
-0.292771,-0.15519936028793,-0.090598738798546,-0.250403035601362,-0.422597564018043
-0.829797,-0.266456255659757,0.327715571688997,-0.285597523173717,-0.297505985600278
-0.605369,-0.186806162669381,0.0532692479349074,-0.186231329101905,-0.323031673317141
-0.411868,-0.240424851729207,0.0561872008532057,-0.279808251071748,-0.245575812873005
0.379872,0.0815324691772903,-0.242522977578483,-0.0850797083316625,-0.38222727314365
0.377188,0.00507929977790353,-0.241823416913627,-0.0796719259283616,-0.435548345940319
-0.922838,-0.220534875809557,0.116914439628423,-0.327573109020553,-0.277856770298404
-0.594638,-0.212214213797927,0.265507195521145,-0.67317799873233,-0.474755915336572
-0.542991,-0.210326921121688,0.102407665232844,-0.575680191890148,-0.534587078070784
-0.878519,-0.412457103112747,0.178213768406621,-0.708689271673995,-0.455431438861902
-0.317762,-0.131114480437759,-0.0321388655392099,-0.451964388617388,-0.58869354000694
-1.50042,-0.666377043871515,0.376977125222258,-0.383844309883377,-0.161036096981263
0.359441,0.182866413179909,-0.248251241031446,0.0378201871190152,-0.430538191707148
0.389499,0.13810642584283,-0.249613294748473,0.0553197471123065,-0.280019103573907
0.0439002,-0.00518730602246567,-0.140765257053083,-0.0164528408270731,-0.186220624739764
-0.0825433,-0.087205247792228,-0.0551484897028278,-0.0106528220098516,-0.219182904580153
-0.349483,-0.15987078627158,-0.0878618067241675,-0.129711846677674,-0.250700748959056
-0.727143,-0.190506001210021,0.274112177390724,-0.288103130736531,-0.226261683379598
-0.674263,-0.227714917759792,0.075376021897065,-0.20247188181127,-0.26228434333796
-0.320794,-0.164795589284989,0.0117020084433616,-0.273531871823628,-0.27835329295628
0.350101,0.0496597664337135,-0.230727999706541,-0.161290595944153,-0.406319093442054
0.372934,-0.0369259283070103,-0.261725857469858,-0.187223202231065,-0.488350100659264
-1.00848,-0.19746579325326,0.153814553323458,-0.271179902360592,-0.296880105412908
-0.837576,-0.280432513325704,0.188492430243596,-0.576927802681162,-0.454859281748786
-0.501021,-0.196166626623801,-0.0277302795841004,-0.455955211460445,-0.590653172796669
-1.22228,-0.521066678757873,0.287056500585096,-0.575523568500442,-0.371014810201249
-0.0695091,-0.0170413571403668,-0.168246818495385,-0.303588014325356,-0.576826296807772
-0.0260833,-0.0384098657411388,-0.101478530033159,-0.385793187435877,-0.507408289729355
-0.131494,-0.145755740687012,-0.0887490080999809,-0.347270398837163,-0.479326665683553
-1.13797,-0.335479198257574,0.309741747230827,-0.178325317604888,-0.235093478556558
-0.708584,-0.252132487715579,0.0574348167041776,-0.106895076651359,-0.269502584663428
0.0135881,-0.0621830640931937,0.0250887417093638,-0.225586735425032,-0.269583968459403
0.166128,0.0355952075611066,-0.147080508369004,-0.108129811985236,-0.169742323802915
0.282823,-0.00632231176683743,-0.113901150898239,-0.120714303654845,-0.138635844725885
-0.0263557,-0.0392177830693678,-0.0552929116716853,0.0345163330571833,-0.0658543972935462
-0.404636,0.0138149020349534,0.239292440494816,0.0258773211624406,0.0216557388965996
-0.221387,-0.0354428736661683,0.0657891276421502,0.0786137939012957,0.00415309267869532
-0.0248629,-0.0484280800807764,0.0420847854868077,-0.00073915375781021,0.0290468613809854
0.452021,0.070825009220117,-0.248824107418847,0.151131440997889,-0.0487660634975711
0.449522,0.031657372036261,-0.264805379969522,0.149724436459213,-0.0742672963913949
-0.292495,-0.00574405757200263,0.181401571893507,0.0175552449008888,0.0328116701943095
-0.346138,-0.0709363228823163,0.213129339289772,-0.126138120355168,-0.0267541733171409
-0.128801,-0.041698852165918,-0.00379446841848949,-0.0100572922574047,-0.0801709118320611
-0.571461,-0.148795282065449,0.3749232775768,-0.0722913200322948,0.105521091082582
0.470166,0.149364769290899,-0.181911808603035,0.228578237962001,-0.0458738339694656
0.519802,0.096935223715734,-0.296169533654331,0.264358459208186,0.0178743624219292
-0.301789,-0.0845615230554281,0.309026039592649,0.150624276523289,0.278167368320611
0.487097,0.246191374855578,-0.290605791381999,0.214297966525436,0.108861366724497
-0.0457865,-0.103162542514454,0.155963405151492,0.166475339629722,0.310597245662734
0.482601,0.414285685491803,-0.256593031623439,0.231362571359471,0.214155217383761
0.277365,-0.0490159437905458,-0.0580100987973604,0.21204017850729,0.295966340215129
0.508626,0.097701253418742,-0.300394653780448,0.194240125472159,0.208447423837613
0.0715204,-0.0934311469437575,0.104448344945913,0.195747245367623,0.307908373178348
0.493869,0.351303043593599,-0.266369027637742,0.250636212390783,0.139157613983345
-0.296987,-0.151038942837429,0.293493213031001,0.0605673648545792,0.328222632546843
0.516313,0.1609072912006,-0.306187425286174,0.0790722207425193,0.0927696718979875
-0.214513,-0.187277602835634,0.208541171769894,0.0165303201669366,0.313835934888966
0.482972,0.469350281370976,-0.25976418026984,0.168585716258929,0.147310032841777
0.207795,-0.0687296150898283,-0.0336985156818823,0.155613257394717,0.264013213306731
0.499991,0.0864419120298718,-0.302010537533709,0.119756730600756,0.183787823126301
-0.00915439,-0.130188935529398,0.128978567715974,0.173280890222221,0.323102080499653
0.495462,0.372257485250136,-0.261380872055622,0.223792094318253,0.143784548317141
-0.28196,-0.110119367514847,0.33292958141135,0.304743891998488,0.36382491351492
0.505118,0.153117103427938,-0.30186973589508,0.228027464113353,0.180714558032616
0.450402,0.015589619628632,-0.166702183372468,0.287314108412474,0.225217016082582
0.504288,0.000145873831029385,-0.304955890547491,0.27550505554734,0.146840264680777
-0.550385,-0.173579365454511,0.469371976989122,0.419185406806966,0.391145583275503
0.47999,0.20300029531996,-0.28556727023951,0.226464556920296,0.121190015614157
0.214869,-0.0175675019784012,-0.0189224767973826,0.184280952219527,0.250283092643997
0.525662,0.0689224420171952,-0.293866699943113,0.102779956895086,0.162738656835531
-0.0709536,-0.106836263181619,0.143151029172918,0.181317172274097,0.307996447605829
0.47181,0.391797170835021,-0.251662890895742,0.218627396875909,0.115466795975017
-0.267735,-0.12240519429755,0.32605518315344,0.268540341047353,0.332948878903539
0.501095,0.19063539033986,-0.303373578558149,0.200286989754812,0.134574267869535
0.419857,0.000358706164133008,-0.157038122045066,0.237813697689862,0.160918940666204
0.494819,-0.0297160712633364,-0.30894790792812,0.224477627967356,0.0540226434420541
-0.869254,-0.144580304826474,0.475020807297431,0.212490890741465,0.360669784524636
0.500109,0.268976933233101,-0.293701305499667,0.0852090131404405,0.0150493924358085
-0.173529,-0.139758024667559,0.253775984670096,-0.0383794480147481,0.295806045107564
0.486886,0.434535530073017,-0.259373537130067,0.136785920156992,0.193860784524636
0.453365,0.0544875063465056,-0.163761210677065,0.325257014567512,0.277531271686329
0.489814,0.0699901844207202,-0.320227908297229,0.353970709525682,0.263056432338654
0.227299,0.00839750069800054,0.0139631905402673,0.266549467683027,0.333776839694657
0.519782,0.152993458920425,-0.295383938750515,0.293659359751422,0.154273811936155
-0.172241,-0.0783535912999861,0.145149421945145,0.176166171291668,0.269298285912561
0.497406,0.423847631981944,-0.259142989800355,0.181440752209346,-0.0306152727272727
-0.385723,-0.19587181632557,0.355645727184485,-0.311129494013128,0.109671046842471
0.482103,0.184229340648425,-0.30902116069515,-0.0818154954433411,-0.2706685
-1.13554,-0.392851586300431,0.360387934014871,-0.287849987252491,0.0738322054129077
0.416774,0.345230747585159,-0.299674867550556,-0.149052147449595,-0.38006243129771
-0.863831,-0.34668613961369,0.222054396925358,-0.653925095372056,-0.00830124705065924
0.368253,0.602707453699359,-0.275436041355288,-0.216710065156953,-0.358905637751561
-0.954006,-0.354921933814023,0.316600546103084,-0.336790907631857,0.0688530517002082
0.428849,0.155469310245345,-0.302606544049245,-0.178890297156105,-0.229608594378904
0.317649,-0.0194190647747076,-0.157907034514323,0.0253084818263097,-0.120319572172103
0.406785,-0.0343378787233067,-0.316377061897771,0.0202080295191655,-0.254927097952811
-1.48219,-0.380827048763689,0.460983215893109,0.0122637177081525,0.18014058795975
0.421067,0.276136138314443,-0.289866163689688,-0.184256818971529,-0.327509876648161
-0.591644,-0.332640312849903,0.237936550202343,-0.345778297379657,0.0529495265440667
0.366354,0.518625516555887,-0.262098675613182,-0.138523969073453,-0.133874094888966
-0.0865513,-0.177682682866334,-0.0361878515117524,-0.119997776473386,0.0667854261103401
0.447307,0.067101502005147,-0.298012791344595,-0.171763436407622,-0.0635627028972935
-0.378616,-0.212808392114514,0.138278447947648,0.0921607397509899,0.205526358344899
0.371154,0.370477507486963,-0.255895500902215,0.10823520678244,-0.0180886459923664
0.00415663,-0.149452867048624,-0.0122039611431439,-0.060681109898709,0.102953306904927
0.445928,0.0551792525429044,-0.291343791634454,-0.106587870027873,-0.0634132035218598
-0.417604,-0.246278572269399,0.14466501563764,-0.17058414628569,0.114760921321999
0.383524,0.462315888531423,-0.256750228479345,-0.0683607279424292,-0.213965952203331
-1.14732,-0.341896062425882,0.328356153990076,0.0884219373571485,0.186452795645385
0.426897,0.165701757692658,-0.294467149666151,-0.0892796066027004,-0.200720858074254
0.308299,-0.00577706200294867,-0.155788619308748,0.012550852740198,-0.117927000693963
0.428632,-0.0240283366178933,-0.302600128178784,-0.0116034385910762,-0.278864410131853
-1.40108,-0.416649187924402,0.438325484266681,-0.0858251068185168,0.109673486814712
0.414548,0.296149140222953,-0.29321454629223,-0.19666212085595,-0.409133779694656
-0.814135,-0.36284953278968,0.222609849822896,-0.698331892157759,-0.0140524229007634
0.391076,0.539855296207254,-0.257541705106361,0.110500787088627,-0.325637252255378
-0.810601,-0.369298115921472,0.231311476775056,-0.546719344606696,0.0583547734212353
0.345555,0.480060714544499,-0.272668414350567,0.217632803675138,-0.188266734906315
-0.00413368,-0.136306909361939,-0.019382844671707,-0.211358179199434,0.021693179389313
0.438682,0.0854569441317411,-0.28316686363806,-0.197406352862054,-0.0928039635669674
-0.419157,-0.251381614971242,0.129172939952718,-0.1154546255034,0.143281047883414
0.41569,0.496442455758436,-0.245603274305574,-0.000111722567937317,-0.144953979528106
-0.810355,-0.236184439552716,0.345100063486384,0.0772183816725145,0.2109797759195
0.46588,0.154658275552998,-0.300908636858221,-0.0165558311362285,-0.119420681151978
0.328392,-0.00981065522170689,-0.152670769543295,0.0902494924554819,-0.0614127897293546
0.434999,-0.0215167515953292,-0.304055518770773,0.0681358510895889,-0.242618206800833
-1.24935,-0.354127589445887,0.453965157641732,-0.733017659633984,0.0781079656488549
0.441376,0.300835006507366,-0.286911166637111,0.151909058130854,-0.455383792852186
-1.29643,-0.434945467079632,0.42011742988787,-0.817076531208087,0.0325061897987509
0.439253,0.393633017350881,-0.287862724620124,0.0687738976165387,-0.391730402498265
-0.880085,-0.323490100087296,0.244947422526112,-0.305577969007467,0.0781549583622484
0.386057,0.486544035114125,-0.252534610350347,-0.112163281852823,-0.130739168632894
0.316174,-0.0264959282362954,-0.160785818015939,0.0672736740028559,0.0490067331714088
0.399229,-0.0493407374805288,-0.335148357283153,0.11491390325123,0.0212366471200555
-0.101092,-0.109172213166427,0.0101600810292464,0.0800325906871972,0.157190035392089
0.431586,0.0659419028342094,-0.281505151309227,0.082880607718382,-0.0504765863983345
-0.506009,-0.232209864983568,0.158122831516805,-0.130234746026015,0.168773970506593
0.370544,0.494647726765212,-0.259494949911907,-0.0492689272587342,-0.14097812352533
-0.892333,-0.311700967003093,0.366704183738355,0.0411240670544069,0.211317641568355
0.474224,0.221026209150493,-0.294667308399174,-0.0618194768997494,-0.0892130100624566
0.371413,-0.0166663213311157,-0.158475814992513,0.100817770980885,0.0126190818875781
0.456641,-0.0439084432298645,-0.308926825906674,0.0971015664742083,-0.0722465225537821
-0.913441,-0.242626361830964,0.505631209579813,0.105280470204055,0.249910308119362
0.447954,0.291248660821864,-0.285278195448436,0.0125004642934658,-0.117889658917419
-0.406228,-0.225815142057326,0.235151582322499,-0.100771306355919,0.19441517314365
0.441658,0.535161819620919,-0.260040745015054,0.0417441131722947,0.00429997883414296
0.101876,-0.139749259535024,-0.00337027945926158,0.0169678895596382,0.147132382026371
0.475919,0.0591559298715772,-0.292200748463966,-0.00606923723199304,0.0381231147467037
-0.176634,-0.166058848562306,0.163095206429234,0.0149714002820597,0.213241421755725
0.420995,0.443841319729406,-0.255944095736553,0.115639233613694,-0.00319582668285914
-0.581954,-0.208907009299338,0.344990270504888,0.140462137201807,0.27239485721721
0.475309,0.17776824200111,-0.299887305264391,0.105270080619915,-0.00172458657182513
0.0591217,-0.160121883471814,-0.00567341387333911,0.0136853531714582,0.154476351839001
0.472559,0.0292914788964443,-0.284019513521024,0.0572343582511432,0.0324197107911173
-0.228922,-0.208024060671688,0.16371459186652,0.00298344916206689,0.207856844031922
0.455413,0.479565639071321,-0.247732373035809,0.0754875653848953,-0.0383123152324774
-0.691537,-0.246641741576529,0.374957357351863,0.178956950493213,0.283225213219986
0.473132,0.18713621915869,-0.293657259403459,0.0675801387589004,-0.000269033067314323
0.378688,-0.0226417779437379,-0.153080407483475,0.144232775916008,0.066586751908397
0.446392,-0.0697663217671163,-0.307491146907252,0.137760423571171,-0.0201792165163081
-0.809406,-0.235891050946858,0.527490070524461,0.066320157010622,0.260759509715475
0.441686,0.280850073008642,-0.28018839063435,0.00979528841857658,-0.10908843129771
-0.469256,-0.222767216796202,0.266101958789906,-0.0521507781141819,0.198901580152672
0.42202,0.455967267515045,-0.253074227816624,0.0618396319595003,-0.00480815405968079
0.36115,-0.0170008142473868,-0.15632159380901,0.141208844426728,0.0391098282442749
0.453429,-0.038235538766954,-0.310480202698042,0.11331475425647,-0.0675746827897294
-0.943437,-0.309957270111717,0.47856240090162,0.0212128234824593,0.253255430603747
0.456442,0.348182626467907,-0.280142205664809,-0.0903460784552881,-0.141369415336572
-0.495378,-0.253107783239188,0.25036901096163,-0.142852022504327,0.180804250173491
0.410223,0.466687405867518,-0.326081051507621,-0.0313895333001597,-0.0265024521165857
0.0907742,-0.157239326804323,-0.00595319769949276,-0.0326781086389141,0.11562302463567
0.489038,0.0931967301232919,-0.2882517374974,-0.0538134099195772,-0.0181676665510062
-0.230899,-0.214588724295341,0.160198852059489,-0.0519829816395164,0.156044315405968
0.436274,0.479454133911653,-0.246015107413341,0.0700030268357996,-0.101782166238723
-0.780187,-0.28153835278973,0.349614584520939,-0.19164784732622,0.20083655777238
0.477058,0.239028793098142,-0.287542653604261,-0.170074751280008,-0.145920331124219
-0.553328,-0.287554027596167,0.23956249051804,-0.282844061889188,0.183657653539209
0.4308,0.55969915943712,-0.247866592171436,-0.0182200213197419,-0.0375595792852186
0.0860329,-0.126383817849891,-0.00324626724546497,-0.0203864906845489,0.129212199514226
0.469173,0.0971930388233087,-0.290578077075502,-0.0450756330877692,0.0307092260582928
-0.202032,-0.181545620330601,0.15719286156281,-0.0116296971538793,0.218565170541291
0.460567,0.477820216751192,-0.249505735470792,0.102140480149744,-0.0238950490978487
-0.646856,-0.208097805584203,0.369375586763516,0.189205776268312,0.286433547709924
0.48782,0.160643405550355,-0.292320112630721,0.0881051181074063,0.0237180044760583
0.366899,-0.0264940024247038,-0.156200552339588,0.167094269134591,0.102226465648855
0.481021,-0.035808070465885,-0.301663956081723,0.137195978283689,-0.000165545107564235
-0.955171,-0.306714497136438,0.507381477334575,0.389393749838029,0.350383140527412
0.488638,0.276063781853947,-0.275296199771885,0.117038421492629,-0.00701059229701598
0.176919,-0.0342045882389709,-0.00313530746879351,0.113423821179045,0.174345980222068
0.514411,0.111584967198931,-0.294460786229872,0.0265091044120809,0.0930553570437196
-0.104944,-0.135521757511017,0.174351941254953,0.0840006875399487,0.247994063844552
0.475564,0.483110147241541,-0.238003086336135,0.16591963844663,0.0406407557251908
-0.539326,-0.226777099231655,0.371478598206516,0.251979177104077,0.337733053435115
0.514015,0.234339592197429,-0.289454158785147,0.14248846145018,0.0853845874392783
0.41776,0.0299240164869671,-0.152534280624155,0.211075517723749,0.149201549618321
0.492321,-0.00715046748298525,-0.310127088062506,0.201181405836859,0.0711591623872311
-0.675651,-0.123195402165139,0.508577908902157,0.215401307081435,0.341891139486468
0.478867,0.299089060677618,-0.272523186454071,0.117948007539916,0.0449174909784871
-0.168998,-0.11220214773049,0.27323248541389,0.0346108670396735,0.307217004857738
0.459545,0.452977956530831,-0.241207722178777,0.167035490410062,0.207456369361554
0.43908,0.0860435363056202,-0.161544682646525,0.308264936407032,0.285030896426093
0.50634,0.0868488030724065,-0.308062801715037,0.330905901207827,0.264367562283137
0.167365,0.00382271505802072,0.029131935190322,0.333630170771591,0.360618591429563
0.521978,0.141738753581321,-0.28231520069264,0.318172314796906,0.197850120575989
0.0398865,-0.0605193546815062,0.164041138990688,0.149783789070541,0.282202803608605
0.483375,0.448684840581881,-0.237274621057446,0.214390409547571,0.0702344644344205
-0.386627,-0.130248523284515,0.368252585140883,-0.233259075514061,0.233664108431645
0.506861,0.183344324129557,-0.288145096805419,0.0923059805844217,-0.0790023214781402
-0.729002,-0.140937303524066,0.472986130481702,-0.122786005542533,0.241114050832755
0.507805,0.370471325073395,-0.283070018731921,0.101379110287944,-0.0581270928174879
-0.157936,-0.17493955173661,0.266831456910076,-0.217688794937946,0.189441341776544
0.480903,0.69495346992667,-0.24545640102164,0.0868399279260698,0.0303552914642609
-0.302388,-0.12174378484954,0.332618627700732,0.0956378365683718,0.297920893129771
0.507784,0.162644519365416,-0.294707351653436,0.167002867623013,0.123571545107564
0.424612,0.00904702048104744,-0.153460929047067,0.27327607896238,0.201057782095767
0.521262,-0.0172586174902048,-0.30740241426404,0.250658249013131,0.111983644344205
-0.551253,-0.118309698705796,0.469766526279309,0.220466682445712,0.35367437647467
0.505108,0.298982178915278,-0.273324842610576,0.149751238129341,0.057704664850798
-0.17525,-0.118778957912152,0.258623642272971,0.047633320764513,0.290960845419847
0.474143,0.541668052122632,-0.237649823124937,0.175452245731539,0.148143851492019
0.165224,-0.0624742927402183,-0.0122508475210188,0.145908859461297,0.274356466342818
0.529975,0.0909646502062228,-0.28879792468586,0.108385750985683,0.175505119743234
-0.0151209,-0.110022181351865,0.144155045908621,0.215777064798892,0.336700456280361
0.473309,0.374226135485366,-0.237435947911524,0.26118669453207,0.172294220506593
0.0473355,-0.0666570663327467,-0.00710797897885392,0.166350760050949,0.28652129944483
0.495969,0.0907237225920374,-0.284551546686818,0.094020119025811,0.137643239937543
-0.0619299,-0.130653669863884,0.150936597016599,0.0259119021105841,0.263307876127689
0.449861,0.459943174574269,-0.237992033254621,0.134270614380669,0.0589860076682859
-0.519724,-0.216171495048984,0.328858106367813,0.257564796318535,0.314919232824428
0.467142,0.221675775890802,-0.287571397497957,0.136532026796723,0.0760111748785566
0.394651,0.0552728853327906,-0.162966111369295,0.202238181080272,0.134036595593338
0.482583,0.0479369731844781,-0.301834187435707,0.181144828244661,0.0375839733171409
-0.677813,-0.157454092474383,0.455037106528751,0.184354333913589,0.292807255031228
0.448175,0.281566695711388,-0.277945029116571,0.0897051696843164,-0.0146964864677308
-0.213372,-0.169298689040928,0.208429340524576,-0.112733465059426,0.222134119361554
0.453406,0.560139906340607,-0.249148639120863,0.326771836148297,0.06945196759195
-0.122577,-0.161094120010835,0.204559859833398,-0.0985776852490541,0.272558865718251
0.460688,0.443661944896506,-0.250773814430178,0.373039711187412,0.148014946564885
0.23782,-0.0600674659022672,-0.0297770791572693,0.157277650335099,0.267028421235253
0.510995,0.0788588160818734,-0.301402277415593,0.147871558639365,0.185487093684941
0.0272066,-0.112957475255804,0.122388041235972,0.123866192462251,0.302273135669674
0.468732,0.386103903006697,-0.257841332921396,0.204352902603995,0.119234847328244
-0.420871,-0.145862536751444,0.288755550125862,0.296544961500848,0.351334127342124
0.492315,0.179631645613369,-0.294636851260117,0.176888203881003,0.115567625954198
0.398596,0.0101106483692658,-0.171815477997927,0.235863058706476,0.162253787300486
0.482121,0.00594951394333559,-0.324305699988425,0.212518302826318,0.0610284033310201
-0.581608,-0.129988275135921,0.397263494682964,-0.209495853278614,0.279273369535045
0.467397,0.233006136612823,-0.285643700968696,0.337468147525371,-0.026492890353921
-0.446767,-0.136375200101793,0.361651795993897,-0.310157851722387,0.262368328591256
0.483254,0.302611080035047,-0.292408884529575,0.299241618888064,0.0610107068008328
-0.0633202,-0.147732082677982,0.184022565105107,0.0824076324353325,0.287904082581541
0.461441,0.370079458220121,-0.266928018993193,0.215401169924276,0.217093470684247
0.422996,0.032632374055473,-0.170594012295416,0.325385649246614,0.310430545634976
0.502998,0.0335722461437316,-0.313833427582943,0.340334866446244,0.28301462463567
0.206586,0.0251475978916487,-0.00138633792812864,0.323236853852361,0.360138210617627
0.51181,0.169931437772262,-0.303674143059117,0.311166629602339,0.239423776821652
-0.000252648,-0.0305483394061944,0.12521901602204,0.206692130453142,0.351218990284525
0.453838,0.354360800857534,-0.257995161588809,0.226633948468928,0.174816205412908
-0.232409,-0.113649602500997,0.27437236799528,0.295438065438618,0.354124668979875
0.493539,0.140676505622029,-0.298120058465691,0.216170025141025,0.173930791533657
0.439161,0.00669272732087455,-0.164747217383757,0.280859019780882,0.206843935988897
0.498494,-0.00998396220292391,-0.307437878167278,0.2697665785152,0.123132318706454
-0.525052,-0.16445035246991,0.391509870963954,0.20449643115891,0.3435851703678
0.479231,0.254063119273033,-0.296466274845956,0.129255230388101,0.0592937164469119
-0.214894,-0.125801888086468,0.200783617562004,0.0807786922052794,0.295771897293546
0.466656,0.450162859597705,-0.2691361161625,0.157894939489691,0.141128006939625
0.248857,-0.0507847734113794,-0.035837118298746,0.152778658033882,0.241392710964608
0.493938,0.101264752365425,-0.309220725435638,0.136621093945456,0.169101053088133
0.0263108,-0.107425760702195,0.0986061446378342,0.138410765649805,0.289792917418459
0.477726,0.360863005964532,-0.264259683095785,0.194543340623156,0.116979031436502
-0.426905,-0.173130310166283,0.269394938732857,0.269718383714475,0.357948856002776
0.479779,0.172297246182195,-0.304561194832369,0.198458182842249,0.137676965301874
0.230787,-0.0322306909874613,-0.0246789553437223,0.158319639071963,0.257751960791117
0.503087,0.104339995871506,-0.31380533851586,0.171824938299931,0.194454785843165
0.0115096,-0.0739346218718271,0.106436771534053,0.237896024906088,0.333408163081194
0.487371,0.314920759673567,-0.26896470982137,0.252498750922268,0.17719966759195
-0.118393,-0.0867509708781051,0.269826083712063,0.302811457216157,0.361166682165163
0.48887,0.127075860158023,-0.30035621767626,0.251555710439247,0.204484834836919
0.449043,0.0229794566692793,-0.16538847215698,0.294400604771285,0.220387795628036
0.494665,0.00772719521015575,-0.317169433125182,0.286163942936252,0.138728425954199
-0.548453,-0.172843321805037,0.369515661292436,0.211985423259646,0.364559783483692
0.463619,0.237605285198159,-0.29778854538251,0.12634726509031,0.0837485988896599
-0.172608,-0.132444218203292,0.184092734998717,0.0776289453926774,0.319177761623872
0.463469,0.339266909666003,-0.271826035268721,0.174320193022745,0.210128514781402
0.505466,0.0561255454781896,-0.240205829345381,0.327669568706554,0.257372543372658
0.51929,0.000999742020658773,-0.276088785708347,0.331723145501078,0.242818654753643
-0.105555,-0.0320763980948563,0.249988284037967,0.300933282126708,0.405446470159611
0.524089,0.256498672021177,-0.227235553807579,0.257950250642879,0.225888341082582
0.0272936,-0.0279511428520169,0.0742600769147924,0.253287294518861,0.388117281054823
0.492454,0.399849504214569,-0.192035423460458,0.293211897386553,0.276872191429563
0.340436,-0.0071625412544881,-0.0678344121810874,0.259407526790323,0.339143677480916
0.509968,0.0812200609394836,-0.253918465804966,0.248613399282965,0.27607353740458
0.157517,-0.0233083841346434,0.0418512161928732,0.290518625111388,0.355181188063845
0.45071,0.200530244314438,-0.173598133543555,0.313129881987698,0.240551348230396
-0.0400113,-0.0337111438899575,0.226280073459458,0.233679634621059,0.365796958188758
0.492019,0.074653094905565,-0.231938053160593,0.194626107315498,0.220277914295628
0.0614033,-0.0377808694420964,0.073699521074863,0.218732166296279,0.356409132720333
0.427376,0.284938184645375,-0.14542501456892,0.284235155292436,0.274861207980569
0.336804,0.0179532254121397,-0.0910699490589164,0.286937095706504,0.332571299097849
0.502562,0.0775058611935052,-0.250728588300076,0.261942783000583,0.292362254059681
0.206168,-0.0172473659490457,0.00452319745983013,0.278654391271622,0.37083331592644
0.4489,0.22279173130172,-0.121494596505699,0.314890897912293,0.271855843268563
-0.0159126,-0.0214527987781579,0.139835960642988,0.369794913489423,0.398100005898681
0.447598,0.114239105881689,-0.180723795881559,0.310108449865749,0.296350845940319
0.503509,0.0644472194184663,-0.247151677924784,0.360797825284761,0.305494093684941
0.503182,0.0750652631392862,-0.271762671295887,0.36080851636102,0.270179775850104
-0.140747,-0.00351320932163014,0.213847260397716,0.431672531000206,0.412208219639139
0.413661,0.0882192721419851,-0.131808841613557,0.311491286401864,0.261120647640527
0.328564,0.0762019051193044,-0.126655325891911,0.311441339819663,0.318045637925052
0.468781,0.0913694029668424,-0.207964667993083,0.240136696151807,0.282139392262318
0.222551,-0.018025679084833,-0.0465719026685772,0.260420232508688,0.335262038688411
0.40108,0.209861174947407,-0.0753267205350644,0.297574687236315,0.252548765961138
-0.0736809,-0.0241594229294749,0.122866220362055,0.372149866453398,0.388554749826509
0.452637,0.122719599171192,-0.183587102223426,0.291879087394381,0.27378346443442
0.513302,0.0502834564760707,-0.247485745280689,0.354082596709169,0.284101212526024
0.506311,0.0703625111881752,-0.281811901881948,0.363333419284125,0.255041711832061
-0.159822,0.0129557963830465,0.206051871284186,0.348810652887435,0.401348459576683
0.427338,0.137057375973537,-0.132102992500512,0.264023839933169,0.248385910860514
0.151918,-0.0169244960477607,0.00190200841132534,0.237906099454157,0.370062853920888
0.396076,0.218377295078168,-0.0821620107609647,0.298215771898708,0.346488910478834
0.50455,0.10951730659874,-0.249748722030133,0.410543806481953,0.360541154406662
0.519542,0.121978168302418,-0.283018689562006,0.418056825398952,0.356912037196391
0.346918,0.0985441887808595,-0.0984414561161147,0.388671447175454,0.396297480569049
0.481533,0.138654783109341,-0.2021488261995,0.384685249160267,0.30909079333796
0.199698,0.0348751018199387,-0.0434352381851549,0.304734912581951,0.337511022206801
0.356351,0.190111189250089,-0.0762919747279976,0.300589195579008,0.233839971547536
-0.0569928,-0.0401866196511788,0.128983570565295,0.105137682908629,0.30554236537127
0.439989,0.0920549766574337,-0.180284256148186,0.196084438189482,0.147404109125607
-0.0638236,-0.0565647697134951,0.145875997017671,0.0789228251096114,0.283459650069396
0.405341,0.178659251771154,-0.13712834227866,0.218470925674023,0.170134598716169
0.120263,-0.0586738515969225,-0.0163419640702297,0.109824278210367,0.273769725017349
0.33591,0.344986190073917,-0.0475523534391127,0.242510787878596,0.221485444378904
0.0524445,-0.0268239213517964,0.0647742151626894,0.25079164214404,0.336174619708536
0.445321,0.115586587629179,-0.179190823695542,0.279387393982628,0.268043306349757
0.502633,0.0619117129570832,-0.247883531578771,0.367221655313051,0.28558417019431
0.515667,0.0834790717587371,-0.287040101031225,0.365614486832971,0.245084024115198
-0.145045,0.0218732136050746,0.174187856742113,0.320612481865472,0.381353655274115
0.399151,0.140272927970877,-0.113381654257736,0.244188931175014,0.221310330152672
0.103398,-0.0259576227849079,-0.00661309014239455,0.219705870080885,0.322857448993754
0.354885,0.256790413592387,-0.0482621656947929,0.264184738971693,0.279121668285913
0.346907,0.0370752562567024,-0.140415067123511,0.266743361182398,0.312565705412908
0.479887,0.10172081057856,-0.21698674046655,0.251589449394524,0.275060157737682
0.211002,0.0168938212470566,-0.0622186873956023,0.347689787735347,0.342534343858432
0.334482,0.139849500847514,-0.0504460691680689,0.35892028325178,0.278590750173491
0.28426,0.042557727612353,-0.130831590914952,0.235456791063698,0.277057301179736
0.438906,0.0542457990452318,-0.212249758934011,0.185152484594576,0.19673049167245
-0.0382034,-0.0800882139801315,-0.0453290093665116,0.188098174471528,0.280133582234559
0.268892,0.151243414874094,-0.0570673441122256,0.193117444343102,0.146456119014573
-0.163346,-0.0787058934886624,0.109688900352121,0.22315515935754,0.266180665510062
0.349512,0.0551562652622356,-0.164597071892074,0.166402409856441,0.155166620402498
0.44612,0.00547008944111391,-0.254164309064703,0.247218658805221,0.145787730048577
0.470957,0.0276271130060813,-0.288244174081004,0.239734801889589,0.0633181837612769
-0.466207,-0.117400706519383,0.194571196943424,0.181439238077199,0.232548856696738
0.252001,0.0778361197751854,-0.123156482112753,0.056350464348261,-0.00200542505204718
-0.12089,-0.10597950705968,0.0095727769940987,-0.176996888310106,0.101996022900763
0.150306,0.282435284407527,-0.0418549291960916,0.122056702085412,0.020162892852186
-0.247829,-0.109574080160246,-0.00406427519339995,-0.00449565772350157,0.148409779319917
0.218088,0.199273425842924,-0.0482866778625344,0.12837539660769,0.0617768414295628
0.249036,-0.0780443412173314,-0.142659746292114,0.0839234212841651,0.12512313185288
0.408426,-0.0114264611520821,-0.221922595840093,0.0744623677519755,0.0937193056904927
0.0776112,-0.0997015573391522,-0.0624143131504727,0.0440787383099137,0.159989873004858
0.186825,0.145497679126356,-0.0550732646715975,0.119323289564782,0.0610596165857043
-0.542951,-0.109049742007916,0.0755632995815912,0.2542582047366,0.250462762317835
0.32367,0.0566041573062128,-0.160688731293602,0.0906005987512439,0.0619238261623872
0.467074,-0.0575150788355083,-0.253196451967824,0.158503934290091,0.0722425603747398
0.439613,-0.0393002864008547,-0.281698684549151,0.177251057363953,0.0239635665163081
-0.463766,-0.100397080261332,0.163895526603656,-0.0812843518464183,0.187714898854962
0.234963,0.0606102584502109,-0.110989848783433,0.153310855791733,-0.0343492666551007
-0.360139,-0.117599972744678,0.112261013346483,-0.181154760013986,0.153981151804303
0.232426,0.115312977691503,-0.130034169796263,0.116117715494174,0.0382049252255378
-0.0269385,-0.0959516964416735,-0.0421751883481386,0.0570729221701491,0.182372795281055
0.197091,0.172458345988427,-0.014881101999711,0.148242787628507,0.208003576925746
0.476262,0.0562108320946181,-0.249067901736775,0.327796731158096,0.238833678868841
0.479552,0.0605561937525493,-0.295293496267669,0.360764341186842,0.269339876995142
0.312073,0.0926533538920714,-0.0978498365699635,0.313649792912361,0.321381353747398
0.465533,0.093600622112286,-0.197027764864677,0.319949145382039,0.245047906835531
0.0674112,0.00478964614985461,-0.0601325898662912,0.243250548950961,0.310814299097849
0.270825,0.217567146164064,-0.0247853690006405,0.239131634052212,0.196949780707842
-0.158393,-0.0387702428627919,0.0945253246342679,0.28234128675859,0.297146713046496
0.402193,0.0560130573461797,-0.179685217749659,0.196918292228086,0.163034228313671
0.461941,0.0119848848685306,-0.247013231234605,0.238476845822896,0.148412385079806
0.455539,-0.0227182192780272,-0.290482529094922,0.241055430873776,0.0693874424705066
-0.492494,-0.0935710242905135,0.136704945120485,0.173417257836165,0.236709678348369
0.191425,0.0528816600110522,-0.116999673988609,0.0178800030989944,0.0127022346634282
-0.130407,-0.101315811143708,-0.0122749390576362,-0.0164968706774831,0.116951352012491
0.0310448,0.178398690790156,-0.0408015096156526,0.0526210920296664,0.0986771624219292
0.188034,-0.0681214245388961,-0.142819933255252,0.0971685976836015,0.114278817314365
0.371638,-0.0100580245620362,-0.208324297649323,0.0762998422631891,0.103462483865371
0.0687693,-0.047766928445957,-0.0638038343406161,0.156326120078322,0.215317306037474
0.269683,0.181717575074074,-0.0203375873542941,0.220019607644303,0.159891050832755
-0.0340994,-0.0429228381237464,0.0764992259312819,0.2426231701919,0.267226002879945
0.385569,0.0758867349463973,-0.164147484787062,0.216257553788189,0.172907679562804
0.295255,-0.0266269185250779,-0.141115284775446,0.160321084690665,0.211051832928522
0.376486,0.0167500772586876,-0.214755046735876,0.202314702994521,0.166059232928522
0.02458,-0.0935271830256687,-0.0617209481394612,0.106422543194341,0.227866691880638
0.303189,0.226709209533492,-0.0284413122461996,0.136274949983402,0.101637704857738
-0.426564,-0.147133765867999,0.0474842334537833,0.2345632987237,0.299425415683553
0.306669,0.0354281804862317,-0.158850180898387,0.142170302320297,0.160173883310201
0.502136,0.0508149588406594,-0.25045725504657,0.269092608999075,0.181232089694656
0.498432,0.0326972504656684,-0.287503402630571,0.282256651697078,0.188890710097155
-0.0989422,0.0284740843971552,0.17240693264167,0.275640049483242,0.33348467852186
0.366351,0.137144986005725,-0.0853700576427377,0.220434703116457,0.196662537196391
0.0779457,-0.00613287944615722,-0.0113108813578128,0.224345756817924,0.305200902671756
0.261787,0.175205083199719,-0.00561435110190133,0.271438637311893,0.281221422241499
0.496059,0.0670388769239025,-0.250687633328297,0.340208032178712,0.244985742019431
0.509137,0.0366525797886706,-0.290447757618368,0.333901148405411,0.221709354718945
-0.0660973,-0.00717878622887671,0.170898642981627,0.267967985069982,0.345998252949341
0.341673,0.142451004804584,-0.09640205497725,0.234702989783398,0.215150178591256
0.0798259,-0.00830865047311635,-0.0105946524726848,0.236212316176723,0.297947372484386
0.280007,0.240090411386896,-0.0211389978778731,0.256203731509214,0.261979190284525
0.360496,0.0269021504188137,-0.138877522931106,0.244404933785687,0.269577877515614
0.477607,0.0842556041561215,-0.210979758445921,0.234668322494364,0.232459661276891
0.206133,-0.00119055974238247,-0.063389011532474,0.260429746379294,0.282320942921582
0.268108,0.169350612742499,-0.0458231504440942,0.29561191679112,0.224250341047883
-0.0496796,-0.0239219470130038,0.0616782359686844,0.211821107011429,0.301071804649549
0.411965,0.0940570347540717,-0.15979987972234,0.150291797766757,0.185847416030534
0.0875596,-0.0222015700742403,-0.00537835137851889,0.146133741279983,0.293335404580153
0.309317,0.23318001987726,-0.0131979222208893,0.2636438021883,0.251574177133935
0.34666,0.00471618471253606,-0.146606544557623,0.249022028765251,0.276399698299792
0.460544,0.0756011651727041,-0.201142671021094,0.236746316232122,0.255557427099237
0.187332,-0.0103025036053804,-0.063757491582069,0.256105714894469,0.323552169500347
0.339174,0.229146464226613,-0.0232413670668343,0.291507444840029,0.250494982199861
-0.0394195,-0.00126785383045214,0.064349965970255,0.340989108876676,0.358887027758501
0.415331,0.112403919689182,-0.164261258068688,0.277754721447149,0.274255638619015
0.507345,0.0701708786789841,-0.249109791160362,0.328241396997761,0.284453420714781
0.502609,0.0633919010088278,-0.293646061445799,0.335599243480543,0.258246913081194
-0.0966094,0.036713618422016,0.156355599455164,0.410164967029299,0.386453898854962
0.329901,0.0932904229260103,-0.0865367492017121,0.32680566663746,0.269711089729355
0.334328,0.0782135303046757,-0.142245199566099,0.289789806279798,0.303765268736988
0.479297,0.0846847792438307,-0.208817821298082,0.222212519446846,0.269785676092991
0.198444,0.0138116179999156,-0.0617261591567179,0.276416878227293,0.332020635843164
0.34051,0.225139133828842,-0.027196234223011,0.313411423393484,0.264229661727967
0.0354371,0.0131807358402354,0.0682558076715536,0.348470497971888,0.359626999306038
0.43081,0.11837153734217,-0.160496956594217,0.2936097405697,0.275997703851492
0.491271,0.0635643168237866,-0.244835096582992,0.332996805113703,0.272759259715475
0.502365,0.0505841011759761,-0.293936822485646,0.33492824921019,0.227886104614851
-0.200571,0.0295326047143016,0.170354297770551,0.308364919257514,0.372786819049271
0.371281,0.144388978980205,-0.0901933699667405,0.217104423670484,0.215274385877863
0.107712,-0.00279547240553897,-0.00199578991192045,0.184726174735965,0.326331301179736
0.302172,0.214861868817005,-0.021856346236314,0.26017938212722,0.317733402845246
0.484587,0.109610782817779,-0.248942880864116,0.383301203914271,0.321675145038168
0.506404,0.0933494857711301,-0.294430968517118,0.395677641321497,0.324850273421235
0.343135,0.085100566360317,-0.0999048571556636,0.349349104045407,0.36636413185288
0.47604,0.141560390158591,-0.191076718455111,0.362116688995334,0.275087335530881
0.153511,0.0236302318917328,-0.0590546804147785,0.265676035741441,0.305337605135323
0.341413,0.227647750167726,-0.0248751206472262,0.264378135922551,0.180191054198473
-0.144196,-0.0515708783058154,0.0881633536239954,0.0320771333311776,0.255304798056905
0.402372,0.10058021675975,-0.161058062273777,0.12331116595699,0.0669590831020125
-0.197031,-0.0659497426886242,0.116936041442992,-0.00122559631566073,0.214284940839695
0.329656,0.189064279483394,-0.102116701262938,0.137171959435881,0.077371715648855
-0.0112198,-0.0775160087851087,-0.0320848460391356,0.00846930667006147,0.196225830499653
0.248567,0.352431893482409,0.00215807701705185,0.15343033787403,0.13854290648855
-0.0375225,-0.0339247930506664,0.0560422853491533,0.14801518834381,0.268033846634282
0.387277,0.0835128343001598,-0.160592017935651,0.207578975015992,0.207446737855656
0.482951,0.0472258768514162,-0.249488102111007,0.310467179162506,0.229637229181124
0.506588,0.0498475402511619,-0.287957630414972,0.309469830138345,0.193329088029146
-0.178605,0.0114745087249147,0.160294554248032,0.271425754100369,0.334985497050659
0.347354,0.144074668364145,-0.0748053943093602,0.186512367299144,0.173319425572519
0.043942,-0.0226319622824324,-0.0138221460310651,0.177508384111959,0.267968801873699
0.234504,0.254555016256729,-0.00283685491577751,0.224606652526098,0.239526858431645
0.317548,0.0152920271982397,-0.144749340850447,0.222366467690571,0.254971983691881
0.448043,0.0786119119993383,-0.20737176803918,0.202016030055444,0.228955450971548
0.196547,0.00566105569646557,-0.0674329820526864,0.32037402939429,0.296025933553088
0.22997,0.118827165301668,-0.0105898716305698,0.336127565907892,0.265547148785566
0.29037,0.0463310577776624,-0.129093202161512,0.228260616651063,0.251477275156142
0.395484,0.0430666517930166,-0.19974300983179,0.19009912715434,0.208351311589174
0.0410637,-0.0560967091550865,-0.0638509524955759,0.189886644505846,0.278417857911173
0.247662,0.196280163446075,-0.022795817952716,0.242307457706212,0.187941537126995
-0.0577557,-0.0133869230622546,0.0805304895926719,0.252470771564884,0.288133865544761
0.421535,0.117841416629523,-0.15690954704889,0.213656307605471,0.194571378452464
0.492197,0.024354653925457,-0.255242704453081,0.240739909927993,0.187491903018737
0.461026,0.0382385272898283,-0.284186403550562,0.265940415849996,0.124711334038862
-0.488697,-0.100814843758745,0.172580113300871,0.291598768064197,0.311002381332408
0.340898,0.181821245101748,-0.0762429301495879,0.124673152555719,0.0790540814712005
0.0155167,-0.048604859074749,-0.00337121116420508,0.077987240034603,0.203014715822346
0.266324,0.303139080448772,-0.0115112682593777,0.249855488276182,0.157025350277585
0.100095,-0.0223016589070066,-0.0104812248647707,0.105300922047341,0.231718563671062
0.298383,0.259477836402156,-0.0073616139146488,0.25987039269477,0.203847188584316
0.309122,0.0345839010220867,-0.14062948290776,0.234254837645085,0.248328098716169
0.470506,0.0722092588374925,-0.214353267324242,0.210219542641991,0.201659252498265
0.18937,-0.00642881297818897,-0.0549434303233171,0.211887699463309,0.248322539902845
0.168292,0.148916761383833,-0.0286916853964319,0.236300822089382,0.196680944482998
-0.244938,-0.118647654082313,0.0776877588451698,0.329109168277889,0.306895206453852
0.396878,0.10969833733565,-0.156859356352632,0.189627965088341,0.175373816099931
0.449653,0.034999054129831,-0.250741118575652,0.261857614307924,0.20374415648855
0.495381,0.0573476209217082,-0.291834563926434,0.26074041785298,0.155917701353227
-0.119688,0.0283530848252372,0.168779883413591,-0.0058354931748555,0.257783183726579
0.302962,0.11812122274632,-0.077820276024471,0.249926509524525,0.101584608084663
-0.204104,-0.026606704619386,0.113408055693923,0.0133700240348097,0.23589983778626
0.297648,0.153585569597278,-0.102392617527974,0.208058216159738,0.113453135843164
0.0429663,-0.0537940430248523,-0.0129496339440114,0.0765626065565974,0.220587927827897
0.114223,0.114833998676407,-0.00677753623008314,0.214099724624074,0.256623275329632
0.466086,0.0610245262247534,-0.254265229062401,0.343021044574254,0.248400005725191
0.497777,0.081366862544907,-0.29532274605594,0.357778248976561,0.272541267696044
0.281492,0.0628018594599411,-0.112474009251613,0.331381006126348,0.338565463046496
0.468347,0.130315644871292,-0.186710027033076,0.333439881919439,0.26417908684941
0.13953,0.0199566022243768,-0.0602149727988672,0.260244999731042,0.324696259541985
0.290687,0.215051453199425,-0.0204423866395755,0.261244052680614,0.243571520818876
-0.051735,-0.0186581731995704,0.0783054375150224,0.309814769139108,0.328157419500347
0.380021,0.0984111786397535,-0.163867128227827,0.250052526024922,0.238427346634282
0.482953,0.0921192656432255,-0.245060290285101,0.314540003469841,0.235710334836919
0.498057,0.0767013929585251,-0.297541614392905,0.309630976246086,0.191949010409438
-0.187993,-0.00388110312259219,0.177533390640281,0.289214027398931,0.327380877168633
0.280776,0.145866331092249,-0.0811740094153272,0.201944369515905,0.182398992713393
0.109001,0.0109510991423012,-0.00718390890227657,0.1655763743132,0.251583891741846
0.251228,0.248421843872561,-0.00918314200190881,0.204445469070091,0.226047157529493
0.292628,0.0277716261862839,-0.148720033004501,0.21281117341049,0.240851650589868
0.452606,0.0984141858445107,-0.199095802118858,0.203187726176865,0.199572782095767
0.140027,-0.00973880657797177,-0.062293793025015,0.198401458935468,0.275984987855656
0.302975,0.234670484598732,-0.0069000520936249,0.253488019591389,0.199297142609299
-0.13623,-0.0291551257279409,0.0655765580916282,0.289482644431076,0.316795886884108
0.40662,0.121511492526378,-0.156985503663222,0.239188521814631,0.197869421030881
0.314676,0.0169904530500622,-0.139902104119677,0.183524896243024,0.256356667482651
0.451189,0.0968619322956346,-0.207145860391802,0.204193355513856,0.21754359731957
0.117194,0.012849851231547,-0.0530104366578262,0.254761391583162,0.292279279363289
0.246493,0.182773483974608,-0.0304823269618452,0.269789354458351,0.23095905026891
-0.000451069,-0.00842734884986584,0.0604546442103844,0.290629102234211,0.318542782095767
0.378934,0.103322991944609,-0.152969096971095,0.2451164840901,0.252961428825468
0.487381,0.0816523023369277,-0.249825796112531,0.311823934586879,0.254074385539556
0.490954,0.0656585181095065,-0.289251325921022,0.321970767905536,0.230565476917071
-0.114039,0.0621846496435005,0.167389830089787,0.319440022398618,0.362630508218251
0.350968,0.147625436753175,-0.0839708961917378,0.23466110060516,0.220741550107911
0.16878,0.0255803362906985,-0.0106688972916954,0.217306186761192,0.294056429562804
0.270551,0.22219779733818,0.00845693034711488,0.276862172650569,0.281780192262318
0.497161,0.0674684962639188,-0.224408689378322,0.31502507254441,0.234594389486468
0.489921,0.00237865028681226,-0.283418840795794,0.332099386211111,0.198820254510756
-0.276311,-0.0103240519548777,0.254858171578258,0.263288464781104,0.372264177133935
0.437846,0.174151099152116,-0.121532215857894,0.216417720189839,0.177369082061069
0.0432951,-0.0287410475904376,0.0633437955942572,0.168728074319726,0.319995610340042
0.412718,0.335845469402451,-0.082285045210485,0.246962142641719,0.250523648022207
0.3425,0.0299253125957969,-0.0946825800783671,0.250658177914157,0.300694481263012
0.483373,0.0877129850479789,-0.229019684828128,0.244390869444686,0.255851877515614
0.172202,-0.0117763538105527,-0.012260001618369,0.272314971732842,0.329571454198473
0.426348,0.267150102268377,-0.0732468978058354,0.297363237092656,0.225623545315753
-0.0631079,-0.0117818286185681,0.163104076201836,0.229594193307032,0.346657693268564
0.462068,0.109113345668742,-0.180765081010144,0.170254155100952,0.203936102532963
0.078732,-0.0166964992034364,0.0200672884715025,0.180426413779141,0.322315031748786
0.342114,0.300233772021435,-0.0214909698555402,0.268963038692409,0.264517028313671
0.337487,0.059594290701766,-0.132497751809747,0.279662070658105,0.298187596460791
0.478324,0.118024752346493,-0.191500168361644,0.241494513621342,0.26581689888966
0.216715,0.0164928897371499,-0.0525705738588703,0.265328032627651,0.33059437074948
0.348121,0.257291639396012,-0.0173729663787572,0.293187405436184,0.254270894344205
-0.0433219,-0.0110320594663418,0.0949880891345235,0.360370505484395,0.358297181124219
0.411748,0.133171560399817,-0.131076407463433,0.272438569014696,0.265182506766135
0.494435,0.0603849897430258,-0.257020083996706,0.320117568961594,0.26966162092297
0.512456,0.0355493975552894,-0.275370439799641,0.310492916854416,0.226699835010409
-0.225502,0.0285583875074859,0.153912855445898,0.40773807608551,0.383385479007634
0.311832,0.0788020047607167,-0.0362948313803275,0.281264918695278,0.241853730475364
0.34029,0.0764942694334579,-0.153447373731949,0.294466242628271,0.278914680621096
0.46811,0.0927395158610417,-0.163122449799982,0.197382279224695,0.255745411606523
0.239017,0.0219393588955437,-0.0814954878997366,0.273402048256351,0.303621606783484
0.297906,0.223839920409816,0.0310693717002712,0.285959337687284,0.254162019899375
0.00304673,0.0283925597249246,0.0619505528037008,0.350123944525917,0.342736777064539
0.351323,0.114593777074752,-0.116249459600709,0.277009042272725,0.274393136727967
0.490527,0.0619197574842225,-0.25878228266436,0.32915900467183,0.261457830586398
0.506531,0.045252772324243,-0.279966601827616,0.324570185049532,0.232697158657183
-0.0645609,0.0512510841174726,0.136269550295511,0.283472461730486,0.34639061556211
0.328941,0.136845796844288,-0.0283015772713956,0.212968368515916,0.224878208927828
0.0769823,0.0343105600152471,-0.0363662498310733,0.241934224782425,0.315813237161693
0.232261,0.230089056986314,0.0525131101126628,0.261437138293679,0.315761175225538
0.498345,0.0632013635371515,-0.257138503907588,0.360892541448407,0.29813539833449
0.496137,0.070172113205949,-0.280673639338711,0.372821048673904,0.310703780048577
0.322698,0.112487573238761,-0.119533099043492,0.377941555761731,0.350371647467037
0.406304,0.128581736402072,-0.147768955925702,0.366002689179953,0.281631504788341
0.246835,0.0371237142867136,-0.089425254630159,0.26443234606393,0.276508410305344
0.284336,0.235016194170428,0.0462340128044658,0.245856759633491,0.199768571651631
-0.0936705,-0.0127182946860877,0.0517193742957291,0.0576658926514214,0.245906770645385
0.317004,0.09745833735672,-0.108821583637093,0.13328756798584,0.100674305863983
-0.103847,-0.00183260792542781,0.078643383311251,0.0250577126048739,0.210416085877863
0.30043,0.158896087485669,-0.047177015623303,0.140101586872077,0.117572825988897
0.143466,-0.0296261252172112,-0.0589945886848994,0.0237470297833434,0.185400523768217
0.211246,0.342535480528976,0.0823293178832378,0.175588749500296,0.170310533483692
-0.037296,0.00320047184765852,0.00425920668511412,0.239156636269119,0.273051379597502
0.359818,0.0878605711509188,-0.10644601270078,0.225853308497579,0.217763046148508
0.475337,0.0243821099839821,-0.257231829517218,0.310279191095557,0.230592292852186
0.501411,0.0297536026711082,-0.279042053242134,0.298574245257208,0.199701375433727
-0.118497,0.0179781393316084,0.0792779935043052,0.298450820922241,0.322682906315059
0.270282,0.129527848009633,-0.013799100912666,0.18891643705942,0.200568362942401
0.152081,0.0155316849037966,-0.0611963531627877,0.198266218395266,0.245346650936849
0.149923,0.229980760897589,0.0762812691555971,0.227510958931608,0.268696040596808
0.370638,0.0643796846089138,-0.159904655196187,0.245871710896862,0.248610838653713
0.43924,0.108363740497267,-0.167556942735428,0.235780450217262,0.245888089521166
0.217303,0.0606814023447383,-0.0931175976835708,0.352330366097472,0.305883606523248
0.192715,0.135106125282419,0.0552140510791262,0.365951738397442,0.30076912130465
0.335447,0.0939061620236202,-0.152128871203787,0.280570295525116,0.275489427133935
0.440416,0.118237768263707,-0.167897398640057,0.244846278201221,0.249545979528105
0.205646,0.0246516040820985,-0.101746096039937,0.241278011681836,0.289656361901457
0.231982,0.20707819475615,0.0531014440703235,0.275867233346317,0.245374145419847
-0.0254664,0.0130994912819984,0.0140581433997074,0.327401909849655,0.320165420714781
0.3689,0.0971024608488785,-0.108654174530099,0.248779633980122,0.252317944934074
0.4872,0.0625776265734437,-0.255736993296725,0.323653146979858,0.247153309333796
0.50924,0.0453765604515872,-0.281233655812635,0.316736350892708,0.2026152796322
-0.0789939,0.0632641139297111,0.10612514428786,0.280852237987814,0.297159989243581
0.289439,0.140305961779985,-0.0320992343149055,0.184726118489673,0.157947406002776
0.0795088,-0.0151521928844181,-0.0421660863987294,0.0753212941309108,0.199772093858432
0.137551,0.208677425449325,0.0420091815334107,0.125226090322236,0.165903891915337
0.0398454,0.00299438700098143,-0.0545965948393228,0.141105829947596,0.197840163948647
0.123972,0.237028240138881,0.0661518944086903,0.167032609635635,0.207083955621096
0.36143,0.0372952538903501,-0.155609622292401,0.199843373928974,0.206177970159611
0.452302,0.0865622277476154,-0.176630435985261,0.195563368482364,0.209341811519778
0.193704,0.0207620170929059,-0.0963870315911177,0.257884531509336,0.275959990978487
0.219079,0.198046182298067,0.0387555161708898,0.289656519295771,0.247947655308813
0.013576,0.0101418811723188,0.0174602231174316,0.324603988538601,0.317939131505899
0.372838,0.0942842884700397,-0.116620275777959,0.253812292112848,0.257164431124219
0.498243,0.0863026612655652,-0.256463196491942,0.318809367709212,0.248224872137405
0.487784,0.0630976655822056,-0.280353389184513,0.329012468211366,0.21373742869535
-0.0448558,0.0375211783656957,0.0936607614658904,0.113983339941178,0.294646591776544
0.278688,0.129366279832288,-0.0246949861035449,0.236642488960992,0.17045704111728
-0.0649745,0.0118632717976928,0.0401028963087706,0.106616239621989,0.263748079805691
0.286577,0.140739419792121,-0.0570400595049053,0.180053583645255,0.189887923837613
0.196458,0.00739270953126677,-0.0634361949141287,0.147741902282994,0.251466728487162
0.162746,0.188982482189103,0.0876526656507498,0.263960527959511,0.307754456176266
0.491414,0.142585118929915,-0.26321827074638,0.371587408462145,0.283855467557252
0.491453,0.129290873932082,-0.287664499370214,0.384776659273372,0.298279876995142
0.327306,0.114911579901072,-0.12203269290516,0.362788258214004,0.33086623074254
0.408178,0.137827445242355,-0.14695441310038,0.348184653024766,0.26960606592644
0.211715,0.0141838831388963,-0.090510931900355,0.240111552109307,0.272714136016655
0.173852,0.201372892030828,0.0371134374628728,0.230013144449364,0.213079829979181
-0.1838,-0.041915262454806,0.0177197311351584,0.314269136221082,0.284488164122137
0.33281,0.0624851967883484,-0.130963636067371,0.197914372632589,0.172040572345593
0.476554,0.037338656663955,-0.249683400658726,0.23396907813225,0.156234070263706
0.482239,0.00371205086168221,-0.285314593795521,0.236356538752834,0.104103017522554
-0.411639,-0.0201716188448171,0.0976028339712208,0.241637433452601,0.278477743060375
0.202021,0.0918068900695187,-0.0307557558802864,0.103703149339865,0.104127112942401
0.0359235,-0.0188662859923459,-0.0540163967523522,0.104153314580981,0.189886312977099
0.16155,0.226248100681645,0.0521460746963906,0.127483420488089,0.194304176335878
0.367104,0.0397213809049062,-0.163519310686074,0.21234828154306,0.187108374739764
0.403361,0.0920943046254432,-0.171427429253199,0.208403823118804,0.194176819569743
0.236757,0.0245900096690793,-0.096685339873632,0.221255165110791,0.237020105482304
0.175389,0.178752074886468,0.0545068516467963,0.257979758451437,0.220019027064538
-0.0859013,-0.0188404505072096,-0.00570795335578158,0.303232154759026,0.290715191880638
0.334705,0.110301329549303,-0.111937974263944,0.239949605375638,0.210771893754337
0.345458,0.0525615612385101,-0.155230839857706,0.215921692274781,0.247506114156836
0.449563,0.107950622351965,-0.17678540224488,0.212613796180155,0.228082670714781
0.213565,0.0256534205449855,-0.0905142209836455,0.249268358410177,0.275450698126301
0.213803,0.190813336023604,0.0267575181553959,0.275477774541698,0.24243954684247
-0.0433377,0.000929071070356322,0.00857311163546996,0.329225210126436,0.319361820610687
0.357027,0.0938280783053543,-0.106682531636836,0.244485372968278,0.246570600832755
0.49728,0.0670625681355063,-0.258871770532905,0.310555438448594,0.23546759888966
0.500836,0.0581277552587763,-0.282162074835666,0.311524291977683,0.206379616932686
-0.0692422,0.0449539149103483,0.0732488457801948,0.265158487268654,0.309389933379598
0.232409,0.136998817319634,-0.0087033873448275,0.177094528321942,0.146952416308119
0.0789131,-0.00757199603431878,-0.0671309115088928,0.201992703192747,0.167250221721027
0.103381,0.187523183372306,0.0907402321616,0.221011829230696,0.110046842990978
0.470381,0.267071190616394,-0.119966201959341,0.0767094010312944,-0.045723761797363
0.478402,0.0818557264585045,-0.288139289315977,0.117818304131641,-0.219717465995836
-1.68031,-0.620338437304741,1.02408237002564,-0.0980239316873504,0.220658353573907
0.397292,0.218867676689769,-0.0893348822454631,-0.0581024901357788,-0.348211273907009
-0.747971,-0.249734272837221,0.675438390454909,-0.308392491931618,0.0616412989243581
0.409962,0.255759951251356,-0.0698139190197558,-0.133168818324824,-0.167442054649549
0.0574577,0.032762396006506,0.212636339785058,-0.0179190085699758,0.0139271707147814
0.493673,-0.0245308993610497,-0.238147981372227,-0.0212348994632763,-0.124842311415684
-0.305725,0.00221197439336686,0.501545017328506,-0.0702811311621017,0.0712502933726578
0.39959,0.220533929784159,-0.0899452976673359,0.00836088931842097,-0.226733389798751
-1.17137,-0.0932811154703929,0.908272622824923,-0.245241476055444,0.156946331020125
0.462099,0.0882556499846738,-0.187252643935293,-0.153177650238855,-0.282581098473282
-0.694709,-0.0445254584293897,0.672962495577671,-0.347997584358212,0.104827707668286
0.384426,0.245860628713376,-0.0530965198980161,-0.137267884391121,-0.135329332928522
0.0993711,0.062714862396278,0.204065028196957,0.0014655207722693,0.0215981887578071
0.456486,-0.0583265849199746,-0.221849284691727,-0.0199808510598882,-0.084870462352533
-0.353102,0.00498120698894277,0.503378753480626,-0.0921563380070556,0.112401857911173
0.387308,0.207848855892017,-0.0607380287865924,-0.0367707991351985,-0.212593619535045
-1.24523,-0.160624782775683,0.853040393807642,0.148057671764674,0.213079260756419
0.39954,0.0932214136040832,-0.148448570158914,0.0868369885448175,-0.157980354927134
0.48927,0.30623626147937,-0.134390204613275,0.0372994511138852,-0.104388502428869
0.496048,0.12452495424224,-0.285004234737923,0.0621762774162165,-0.212889086398334
-1.60227,-0.347927230275528,0.98144249552292,0.349442948518156,0.274041691186676
0.354125,0.0430374572325486,-0.0605881923437753,0.0726190191847098,-0.240045470159611
0.103633,0.135564984765763,0.146128796080587,-0.0397614734858305,-0.0501840058986815
0.45806,0.0467658270189694,-0.187425725894685,-0.0714416327141081,-0.157225664122137
-0.360615,-0.0139843243389652,0.472654633376523,-0.185460746543788,-0.00593899201943093
0.352451,0.184599893454693,-0.00784931505033776,-0.158346548696502,-0.347033613809854
-1.75995,-0.169233318972229,0.880518893781587,0.143654612800149,0.212712485773768
0.39633,0.0879632940073163,-0.151452749740292,-0.00620162256126165,-0.288250940666204
0.480506,0.279381877962348,-0.124751752523312,-0.0251238592189462,-0.198622834836919
0.491842,0.100616862895535,-0.292228981902467,0.0208759438206841,-0.270705369188064
-1.37095,-0.283693778004374,1.06231059579649,-0.129498619021438,0.144740233171409
0.355134,0.129434767346055,-0.0904220513765924,-0.0798897577265375,-0.326306918903539
-0.941604,-0.0503899435902085,0.669389986856744,-0.172518377641274,0.158327215197779
0.32147,0.152326554132712,-0.0132351103083548,-0.12232678395703,-0.0441121797362942
0.501676,0.206696967128544,-0.123611488616352,0.128649573919316,0.0599777824427482
0.500081,0.00717204187646862,-0.301935234913474,0.252245601852072,0.0719304371963914
0.00601512,0.114742517474509,0.274538794045021,0.164974233416739,0.202111038167939
0.474488,0.0383992397169458,-0.200965959157255,0.265179179077913,-0.0669186030534351
-0.433915,0.035496060075986,0.499743344011467,-0.0494786540803604,0.0744005843164469
0.338087,0.211448087211699,-0.0352549738165071,-0.0356009523742528,-0.313667006245663
-1.00659,-0.241754931668319,0.878868707417078,-0.832869177610428,-0.0913181463566968
0.417383,0.104707373735376,-0.162794642866452,-0.118642695952809,-0.637494247147814
-1.84697,-0.422322136124932,1.0025492348888,-0.605834114229383,-0.0941985471894518
0.381789,0.138778825793873,-0.110996858034139,-0.207756925362715,-0.667393504163775
-1.03207,-0.393916428444428,0.629088542531175,-0.794318838382005,-0.18617012352533
0.31275,0.17675713511191,-0.0128982067754797,-0.434721377295194,-0.539398475017349
-1.24265,-0.387427159410482,0.833361805012235,-0.343413080624461,-0.00565431228313677
0.432089,0.176063114565329,-0.167338223678906,-0.045842836953233,-0.34196895315753
0.486721,0.355980527054806,-0.116254788141951,-0.053519958224747,-0.247633627689105
0.489437,0.206036775428484,-0.298919738374039,0.0143770470341646,-0.405034150173491
-2.13434,-0.412109356068965,1.11888345295003,-0.0155617778241085,0.179533097501735
0.374429,0.122588492753618,-0.0946918575830841,-0.147855730811512,-0.477752438931298
-0.666193,-0.158376977652695,0.630086109140347,-0.472882142415423,-0.0434879621790423
0.252626,0.155159267822958,-0.0149473074779324,-0.23913350736358,-0.183276453088133
-0.0398668,0.112708403734706,0.197863094202679,-0.0414358268715366,0.00995460409437895
0.47588,-0.00848916553458412,-0.225832325654496,-0.0831483680833008,-0.0911176582234559
-0.336869,0.0911275388659267,0.48588288337546,0.128978313683194,0.193836878209577
0.316794,0.245500601888905,-0.0428127448933946,0.111986896695823,-0.00929137855655794
0.0243852,0.100957387321627,0.188827328128068,-0.0303272828759537,0.0902901040943789
0.483895,-0.0102543812791003,-0.218107465940786,-0.0241689979122089,-0.082055080777238
-0.484681,-0.0760118105513377,0.504880217921806,-0.10889491094856,0.114039183553088
0.349929,0.233757488688564,-0.0378951710982127,-0.0761929591622714,-0.234404427133935
-1.24384,-0.392457354503397,0.903216447982865,0.0982912312402795,0.188247481609993
0.430832,0.181024559966943,-0.166548621833256,0.0611111311838378,-0.211045606800833
0.464983,0.391370501863492,-0.119706136362709,0.0285871546282615,-0.163816741498959
0.503197,0.26712290962607,-0.296285669292055,0.0636945706042393,-0.336074679736294
-1.6268,-0.610001289399466,1.09819436277338,-0.16769290255364,0.0876506141568355
0.376671,0.17369615197054,-0.108328432936779,-0.11862648264368,-0.51250490870923
-1.04245,-0.321984120199302,0.63647736228773,-0.879085609011313,-0.0777515261970854
0.297336,0.220376286243187,-0.0441562050439077,0.122264086589566,-0.421236341950035
-0.974711,-0.221702002275456,0.675535616888912,-0.833466491338773,0.00157888844552392
0.327951,0.291947222708008,-0.030849308316563,0.157707759866356,-0.264046789555864
0.0499551,0.0705462396687383,0.191080961114264,-0.152236059601787,-0.046312193962526
0.479136,0.125132687019845,-0.229409175764061,-0.0971118165269725,-0.156797989417071
-0.407398,0.00977351872001519,0.501754994154621,-0.138827263268359,0.0619747041984733
0.336207,0.171204446535179,-0.0556201600712102,-0.0611476750467624,-0.263272834316447
-1.38814,-0.263549275638581,0.895082273256242,0.129202018182913,0.199464201075642
0.437801,0.122435687931498,-0.174437372893883,0.0680558382288965,-0.261099778591256
0.485027,0.390369726896629,-0.108567912739541,-0.00139256850006167,-0.222259246703678
0.500864,0.197700738544052,-0.302384516621833,0.0478636111001886,-0.413348975711312
-1.65064,-0.576325760008436,1.113281093559,-1.31465924169325,-0.0304770235947258
0.382943,0.0754085250663936,-0.0995952075717909,0.22363026908745,-0.699596395905621
-1.96684,-0.647020008029242,0.989586154854072,-1.13778666539091,-0.0427746363636364
0.39789,0.159746878250614,-0.123097029456932,0.119518357612387,-0.586816340527411
-1.00958,-0.240170077225925,0.658460752218977,-0.346240286027133,-0.0224142272727273
0.294996,0.130620798330388,-0.0259558014184111,-0.236989405873897,-0.167904729007634
0.483847,0.277422181946033,-0.119601878389837,0.12538015479881,0.0190548605135323
0.505642,0.0814799897939545,-0.301374497810931,0.231400381588866,0.03119379944483
0.0270816,0.114498605241611,0.260233133202977,0.145000058520864,0.167459877515614
0.458637,0.151422682896584,-0.200134838083612,0.262084539893488,-0.0439195305343511
-0.464304,-0.0245095032605704,0.478407927102022,-0.143345463637572,0.12407277758501
0.33854,0.196922177763179,-0.0374265071511132,-0.115685003007573,-0.25603969222762
-1.48793,-0.289436870754119,0.86852649888954,0.111457452829876,0.189082891741846
0.432167,0.145972532356225,-0.170785223695428,0.0413978504293374,-0.264907425884802
0.489473,0.401620523547588,-0.115839256367036,-0.0139517293126946,-0.203799643997224
0.504449,0.219126038734481,-0.304495785199359,0.0341136012212532,-0.334852291082581
-1.77272,-0.512747492719533,1.138330962894,-0.0772631542471646,0.161029940492713
0.392796,0.16693072090717,-0.0958187931561816,-0.0951000904812733,-0.431541713219986
-0.856236,-0.160666007177515,0.681374569686948,-0.303601627269167,0.0319520421582234
0.328159,0.163682802955955,-0.0263657155970795,-0.187109279511389,-0.219276276717557
0.0329081,0.0830719087664259,0.206792706425169,-0.0773862037328103,-0.0514858872310895
0.478755,0.0773100880080179,-0.220068903961008,-0.0927849765102357,-0.174428943650243
-0.405205,0.0399936788105243,0.497153152206663,-0.128697502857149,0.0547107161693269
0.324886,0.189585566023698,-0.0229889487142226,-0.0861366245560465,-0.243199538861902
-1.30593,-0.17572116294788,0.846845984531668,0.0683227640105354,0.19476076370576
0.415009,0.131038241483902,-0.150594888229698,0.0547892272700645,-0.2184080296322
0.0754749,0.129299492267656,0.192008345448367,-0.0528409348393667,-0.0245092508674531
0.483424,0.10289002307521,-0.213103716228337,0.045917056205652,-0.129279222935461
-0.38516,0.0359178852549384,0.480901659374738,-0.0537366850679504,0.0792039939278279
0.333306,0.202433802264552,-0.0253577821687184,-0.04015351698206,-0.228749685114504
-1.20982,-0.159954269800952,0.863909099698086,0.1358595166651,0.194658539382373
0.409364,0.111879832988389,-0.151209937011909,0.0779375480943618,-0.196394149930604
0.494987,0.365040194388785,-0.128304917612218,0.0150608250134724,-0.171595916030534
0.504527,0.195932883945896,-0.301948634816221,0.0525698878212631,-0.305741201249133
-1.77655,-0.564217030185717,1.12911703030323,-0.0688416412359022,0.186674783830673
0.36287,0.185155800795454,-0.072843846424867,-0.128830694933145,-0.426930123178348
-0.832137,-0.204971959252998,0.656452445014993,-0.276340815635076,0.0143348018736988
0.280316,0.137211648859198,0.0141260074710175,-0.185607554848353,-0.208040049965302
0.469658,0.299780174447627,-0.1367073718123,-0.00929065867075624,-0.205442216863289
0.494456,0.0767480114035765,-0.302434361282674,0.0108911057244221,-0.332729281332408
-1.67117,-0.362786996478991,1.08272596539882,-0.133625198398804,0.156663904927134
0.373595,0.145456994178957,-0.0734996300419437,-0.139532171570257,-0.426449365718251
-0.955836,-0.136770534070884,0.649081512114351,-0.281674408789079,0.0284930562109647
0.305234,0.182116726651318,-0.00891876881500575,-0.211573798631595,-0.239722689798751
0.0346052,0.0978859887376928,0.200867492003876,-0.116480905229668,-0.072520893129771
0.466862,0.108192689621085,-0.214294580033377,-0.119444182011162,-0.212450856349757
-0.419225,0.0301382547645985,0.481992594642643,-0.130567107629471,-0.00519658292852185
0.317902,0.187438174985265,-0.0142786236636799,-0.0903285690562473,-0.321858368910479
-1.32907,-0.157370571108205,0.860703257165267,-0.319593743805599,0.0844718254684248
0.4133,0.128487396663276,-0.14169215893839,-0.26874467547144,-0.37869531221374
-0.769558,-0.0287213659892993,0.622844037624701,-0.448383511231867,0.0187306124219292
0.258853,0.184780036097234,-0.00154561584153804,-0.22658900446006,-0.204636554476058
0.0205328,0.109795747378754,0.177376462065516,-0.0567465412201389,-0.0456170360860513
0.454157,0.0301614660397195,-0.20238893405982,-0.100168312262322,-0.158348631505899
-0.413276,0.0444684166129165,0.456652359246511,-0.139367671255607,0.0628248171408744
0.314148,0.193094579616455,0.00285032354945223,-0.0941336749106981,-0.253767939972241
-1.31185,-0.176568203544526,0.855001393068384,0.118494425033445,0.183203583969466
0.41434,0.120976685525913,-0.149667516014928,0.0469492784058094,-0.193846818528799
0.474919,0.362573423833803,-0.125570182660736,0.0131017588548235,-0.121069832061069
0.493148,0.196922062798757,-0.303572412972437,0.0495532560969502,-0.228427132199861
-1.59882,-0.578299322448345,1.09760812735973,0.334753330604645,0.258481126995142
0.352218,0.109731217287339,-0.0698077330185489,0.0845188766669144,-0.245507737682165
0.0478662,0.161237439438489,0.17183401158812,-0.0404796187262415,-0.0354719368494101
0.46925,0.141174582541367,-0.208418078504452,-0.0783914526212929,-0.148717451769604
-0.385619,-0.000102173533450564,0.464141090548852,-0.106585434562643,0.0336584718945177
0.314185,0.212706151348874,-0.0090566099743532,-0.0821245928985398,-0.289740562109646
-1.37395,-0.222193000575624,0.873157292898241,0.133001846776259,0.169623678348369
0.428083,0.135061836062715,-0.153184751162469,0.0487945762630951,-0.274065382650937
0.476905,0.401615122356325,-0.126362667916706,-0.0587804723289261,-0.247621771686329
0.501038,0.209705632434509,-0.301847117253981,-0.0105771762472671,-0.414292372657876
-2.16741,-0.453938265256872,1.10782181130227,-0.118109310939106,0.162558983691881
0.370366,0.13775154286716,-0.0745257842565595,-0.199095230651747,-0.496781659883761
-0.95933,-0.178314045764889,0.645020574492344,-0.396323002299028,0.0474692689191533
0.286399,0.129674625186051,-0.000627793190233941,-0.256976908986081,-0.105877947741878
0.472851,0.300100519601448,-0.124575229530929,0.1132284605747,0.0252161979088522
0.496516,0.17961216402884,-0.307340996331879,0.089287410966079,0.0978083098627612
-0.000334985,0.0937252223726226,0.261718424347798,0.43677878413201,0.362198207163601
0.473168,0.222469803770954,-0.197510655373323,0.358144524902895,0.175804125173491
