1000
-0.697429,-0.682082873429641,-0.330041819571896,-0.730444052912137,-0.433673963636364
-1.01473,-0.906049947311687,-0.508707845110178,-0.486349584620134,-0.222709521297193
0.368033,0.331494134483115,0.187204732799303,-0.439945079163277,-0.57362706718558
-0.454255,-0.401144805853877,-0.23553075252138,-0.398124628467662,-0.2583903975994
-0.163641,-0.0846490740932132,-0.0289096464261718,-0.220344466414804,-0.339294308818279
-0.0547086,-0.116588225301833,-0.0630231511085816,-0.473849016795413,-0.38141812352533
-0.49006,-0.450949772868367,-0.265227450086745,-0.355308449832797,-0.321758306037474
-0.996781,-0.686999777986765,-0.414570020624179,-0.227081282725065,-0.174221968424705
-0.170665,-0.130663729199898,-0.161112193304056,-0.232851606301054,-0.256072140874393
-0.206399,-0.0968701230088002,-0.0542343200499473,-0.26388609308509,-0.0655650308813324
0.375197,0.219243701319001,-0.0153440498073231,-0.0586199551983202,-0.0750436785565579
-0.176018,-0.110368461954038,-0.125257170023292,0.175910148103483,0.200951500763359
0.202924,0.0833024218023678,-0.0365421152030197,0.219089673918291,0.291063825815406
1.73415,1.24741886131479,0.52311501938314,-0.072351899767955,-0.0245171891047884
-0.319202,-0.364797617358097,-0.235971426357538,-0.0238365282195635,0.41711490315753
-0.51344,-0.392189050269888,-0.242362297633057,0.256777923934345,0.371228188237335
-0.0159908,-0.100542192249722,-0.133152002698815,0.187968446378518,0.292097704545455
1.38169,0.940803395864395,0.461461018341516,-0.0421757823625255,0.0197794942748092
0.430866,0.240134262860528,0.031948734722407,0.0426390197231868,0.198804286433033
0.0704329,0.0599379667286417,0.0441590137716875,0.00678476743215228,0.0496047463566967
-0.59018,-0.550565509215664,-0.297755469849191,-0.323147785165836,0.0431361809507287
-1.0148,-0.779253247515227,-0.430305106392462,-0.143859481357069,0.142394226058293
0.677741,0.513894432008765,0.173921672079725,-0.200127120678206,-0.175688506072172
0.588596,0.426477421395365,0.282112229354797,-0.402101852792866,-0.122856312109646
-0.348594,-0.376231170820186,-0.257790837061608,-0.272547113787651,0.0559362026717557
-0.662796,-0.490519872544453,-0.285363835262943,0.191820827128291,0.12035903851492
-0.0709622,-0.115716018562124,-0.141642703530638,0.0515437661237993,0.0734664330326163
1.04767,0.727981963606949,0.405917883796855,-0.137653761349118,-0.0878239632199861
0.397811,0.256651418809226,0.059191739459089,-0.0727075862749381,0.0273992949340736
-0.0875298,-0.0256778036198396,-0.0126681949461471,-0.0754230028033205,-0.0202957890353921
-0.615833,-0.592721689576003,-0.368778731745731,-0.388753686477866,0.0322054795281055
-1.06384,-0.795991963830111,-0.489041927553311,-0.197401637044013,0.199233019708536
0.620247,0.482587231821883,0.0963777706657325,-0.100963228215505,-0.0804463913948647
0.500852,0.394091650129445,0.159897930624966,0.302534674590343,0.0792177793199167
0.12771,0.0330690500739411,-0.0889063850646025,0.215983642447029,0.217543386953505
1.58344,1.16204942408765,0.526202658868412,0.0882981574867261,-0.26274712203331
-0.632829,-0.618463336230039,-0.323319820204307,-0.437048286377281,0.098595943962526
-1.06971,-0.844526781075965,-0.499858712618008,-0.40219438816845,0.0164941698473282
-0.358813,-0.374357837885264,-0.248727701485985,-0.412589688716577,-0.214791806870229
-0.645535,-0.479089207499434,-0.273304730134495,-0.451408740782416,-0.0140314521165858
-0.0788967,-0.129553979568572,-0.130705957365619,-0.171215701596899,0.0804422357737683
1.17751,0.76650328731978,0.420775137641821,-0.145396340640087,-0.0611159352879944
0.343163,0.207214712139106,-0.00563670336267925,0.208814236472345,0.297907847848716
-0.0673499,-0.00205478824523473,-0.0189491632072354,0.518692004739394,0.463424719986121
0.529174,0.340988137360548,0.0312017967246275,0.339752125437915,0.378258824496877
0.577681,0.486935669608141,0.270514337320088,0.456320716857871,0.423388334420541
0.0664335,0.0379883133278147,-0.100217776793818,0.43497193473776,0.579739989590562
1.69446,1.2158044136516,0.574226780819491,0.30972286122628,0.109563996009716
0.277111,0.188146117577374,-0.00371271040141446,0.192506332593164,0.314619885877863
-0.0379943,0.0292650903628177,-0.0577091490846928,-0.0380115964770437,0.127270621374046
-0.607672,-0.57233125145933,-0.333835426779499,-0.40330787971952,0.114360883587786
-1.0815,-0.783024841687761,-0.471342710328756,-0.197205060288681,0.23653130759889
0.538595,0.459676546725089,0.131043627442096,-0.0981955997121279,-0.0175169163775157
0.605848,0.515391969511227,0.232657214037643,0.202494809605537,0.108594805690493
0.0588103,0.0193270294855151,-0.112540970912074,0.190271970803392,0.391725722310895
1.75448,1.3047625672234,0.694288591989079,0.12152917170353,-0.0720055744274809
-0.42789,-0.384072115308133,-0.263854813586517,0.00106903471040461,0.337227836051353
-0.623253,-0.406058014390205,-0.292417823961632,0.199678458034525,0.249052591776544
-0.159898,-0.172601851036883,-0.191441788646701,-0.147035126142601,0.167612584489938
1.26547,0.913824796332852,0.417134220649225,-0.451828588990136,-0.179031759090909
-0.384441,-0.338851068023572,-0.271294917331819,-0.243040413414959,0.183702043725191
-0.635484,-0.375274356367819,-0.232505541234561,0.112373624938005,0.15453630685635
-0.169168,-0.181458549034981,-0.237111730803419,0.0848298652274879,0.127933658084663
1.23887,0.848983551243316,0.482743670707675,-0.15843076644679,-0.125604940666204
0.268406,0.200336110402989,-0.0361156531101803,-0.0796625066936519,0.0840842015961138
-0.000105864,0.0545600384654001,0.00193784917123511,-0.0836576626055872,-0.0518288688619015
-0.658642,-0.592235230122917,-0.327143746496975,-0.414289104328833,0.0320175870575989
-1.09406,-0.773360588696753,-0.480924334371444,-0.213401509533985,0.203906826169327
0.479433,0.406830167994135,0.0774288324187693,-0.123371986549298,0.0564374539555864
0.646324,0.520454840478615,0.224562791969916,0.166080267815492,0.224834987460097
0.00110674,-0.0425726835224692,-0.147470976312161,0.129465657080395,0.579249407708536
1.79855,1.34898836181085,0.529879549400451,1.12421224344457,0.21770954111728
0.00424492,-0.0059005397508755,-0.133237950195266,0.181473812998082,0.742272070610687
1.81799,1.36057273822834,0.660970798458093,0.919148326687982,0.143978936675919
-0.450155,-0.373537045613251,-0.250564749606303,0.00235694010838131,0.490611445801527
-0.656997,-0.41813051033093,-0.267106021936604,0.153721237617667,0.337491993213046
-0.208253,-0.19905366004372,-0.163261127801875,0.0133753676812469,0.22514796554476
1.25549,0.847992216228273,0.477694915561987,-0.205093311266351,-0.13329552462873
0.204786,0.160572636674253,-0.0652866975204307,-0.109770465190696,0.0798830643650243
-0.0306441,0.0122524842946512,0.00308058652943812,-0.121491193318275,-0.0709108070784177
-0.668975,-0.610588594936455,-0.371177384645307,-0.40611488773063,-0.0160297382026371
-1.12673,-0.82880526748471,-0.49311932362726,-0.217052892642249,0.150140932165163
0.419937,0.35470330797179,0.0520953412221721,0.225797436453189,-0.00625771079111728
0.639699,0.497329381435131,0.264013567906631,0.448918768871086,0.117305262491326
0.353544,0.275107129434928,0.0108427514589532,0.31566021098472,0.28155757907703
0.618209,0.532654255347076,0.299010501836607,0.664798057272968,0.23190569777932
-0.021553,-0.0397849694244868,-0.11750334298439,0.419737812792901,0.392600968077724
1.80263,1.36266002022587,0.62635301824315,0.0351068358415793,-0.221753160305344
-0.680166,-0.64596990651165,-0.354385231775135,-0.472730759507464,0.141647716516308
-1.13085,-0.888293820791313,-0.485412581646969,-0.435923574288377,-0.011009138445524
-0.463009,-0.438863761824092,-0.287096626779509,-0.470000770716097,-0.234778771995142
-0.63551,-0.47366664195216,-0.222504204845972,-0.509303860179562,-0.103269889365024
-0.225045,-0.203008837556741,-0.175362224502498,-0.264998214844295,-0.0291907859993061
1.29391,0.928871359927449,0.479872454541082,-0.200713747812024,-0.299383716082582
0.170339,0.150796197256973,-0.00296535160993509,-0.101755449378541,0.00615352836571814
-0.00105969,0.0462778697415735,0.0308771592686617,-0.122037840178151,-0.0931608341776545
-0.685095,-0.62795465173717,-0.386987616763071,-0.409949276653668,-0.00342558631158923
-1.14691,-0.856462003119403,-0.493002375185116,-0.223489968399864,0.155855547796669
0.38266,0.337515119716291,0.0306093403128573,-0.147523454039791,-0.055727206020125
0.67279,0.54536324026213,0.243313429433685,0.256099520084848,0.0307325962352533
-0.0603021,-0.0571249860068798,-0.105104337307247,0.12738531974408,0.375788599968772
1.82376,1.34172403075759,0.647281208765672,0.106916134768858,-0.120428075468425
-0.50761,-0.458769456448188,-0.341292581801825,-0.0700693473292121,0.356191096939625
-0.66839,-0.423036627550376,-0.233236065649208,0.115674240375947,0.275489526127689
-0.268941,-0.234096840624417,-0.21639357060781,0.0117000295923637,0.210224071998612
1.31924,0.922389040897215,0.5048442133001,-0.22621301101271,-0.147596024323386
0.158799,0.121048566863185,-0.0380270242195822,-0.122585643734336,0.129450435461485
-0.00618952,0.058412201302913,0.0056099399927645,-0.109816955516187,-0.0159819951422624
-0.524298,-0.423048033246257,-0.303180520436258,-0.119686344213126,0.021687553053435
-0.674564,-0.414824124812003,-0.240384674657797,-0.0324590492934709,0.0595483075988897
-0.267202,-0.205007061023094,-0.245287465940704,-0.128491773010415,0.0714857045454545
1.34474,0.969114993444464,0.569227816963111,-0.227163947726505,-0.256650820159611
0.1366,0.118323573755373,-0.0656632606835303,-0.123859072402413,0.0261407562040251
0.0152559,0.068487856107549,0.0395127849091749,-0.140101321426018,-0.126299213913949
-0.746768,-0.664773786675765,-0.398619062175495,-0.465960068977612,-0.0222637244968773
-1.19721,-0.833551383159667,-0.486416350783382,-0.27397291156917,0.11602886814712
0.30599,0.302955534366681,0.000453603070623118,-0.171199659333848,-0.0989307775850105
0.700013,0.586280700502972,0.296158995263241,0.224886739408785,-0.0483124712005551
-0.0945415,-0.0979516808232613,-0.14574262058391,0.092809370479942,0.328306786224844
1.87644,1.44434082503285,0.730034224832788,0.0235599478191167,-0.240048638965996
-1.00029,-0.903930563923852,-0.52862525714693,-0.0987301970715777,0.544853357911173
-0.948601,-0.773134065222785,-0.468160834625697,-0.146623040281529,0.569879896079112
-0.223186,-0.247989779644302,-0.214164548599741,-0.425361523815403,0.746403160131853
2.57747,2.44596628202446,0.965542790933761,2.47706140718528,0.416946645211659
-0.726022,-0.60862062087755,-0.387531299182709,-0.596268843705262,1.78178430083276
6.49087,4.8196170310899,2.98798253040164,0.925927918052403,-0.069560241151978
-0.914537,-0.841592217734462,-0.50251728748921,-0.505845757557884,1.5615552130465
-0.279783,0.0472571467373437,-0.1317913040111,0.0717676141422456,0.928657878209577
-0.747042,-0.635927895595465,-0.39352218165078,-0.377352874977477,1.09666650589868
3.13976,2.20079393977713,1.36698930222118,-0.243969381877396,0.0724716443442054
-0.41034,-0.335887812545111,-0.223467331129494,-0.316868860930732,0.934774386190146
0.57849,0.588818242947498,0.286625452569797,0.543221262768052,0.380321976405274
-0.603734,-0.472498249872096,-0.309973112945711,-0.141473817782334,0.824247524982651
3.08731,2.2486356813739,1.2899929179625,-0.239583166411377,-0.176657620402498
-0.894119,-0.767541454523183,-0.436097340663885,-0.436994853559921,0.694272663775156
-0.452234,-0.20453651520586,-0.200222952432442,-0.270740082300621,0.29183366759195
-0.779087,-0.646039322765026,-0.403322328741515,-0.451379868606457,0.458105962873005
2.43858,1.96181737175797,0.992282920751158,-0.0591866935289391,-0.324806274462179
-0.55876,-0.470330778968101,-0.289172508678669,-0.453715353531635,0.439879304302568
0.866622,0.873266704660819,0.349673528878988,0.205711375849333,-0.246760246356697
-1.0578,-1.00567740050448,-0.543348531770259,-0.589331483123811,0.0698875204718945
-1.09334,-0.840054724331864,-0.505231541594072,-0.563577267673106,-0.00799792019430957
-0.449809,-0.384442753956017,-0.270474244049624,-0.536265062118357,0.0774203053435117
2.09785,1.66561565884441,0.908744384687501,-0.727496991296875,-0.502027941013185
-0.969271,-0.847421626177121,-0.509345748757598,-0.784063700531008,0.311429504163775
-0.329747,-0.0837874163124409,-0.147157898737428,-0.156369824793859,0.0782218164469118
-0.867294,-0.732207188946803,-0.427398556653811,-0.505917094334301,0.413486533657183
2.83523,2.17070708534881,1.18344081336048,-0.303206442936903,-0.42680666204025
-0.587731,-0.454556349345581,-0.29775331427512,-0.390515155969389,0.403290628036086
0.573014,0.590277558398216,0.266136909419429,-0.250425008373416,-0.241207783483692
-1.07709,-0.974725782178007,-0.560548516515408,-0.706844156994145,0.0719164340735601
-1.19303,-0.893228855925152,-0.520174574109995,-0.631441683152182,0.0585952102706453
-0.458966,-0.331830197762611,-0.226042082889127,-0.426245157711501,0.0878377272727273
1.56526,1.30179752774961,0.672084682195981,0.486278466385352,-0.270743538167939
-0.745031,-0.61507816157854,-0.370556071551335,-0.426594504214092,0.504313734906315
2.98207,2.34546650901824,1.27633543716026,0.199109423152925,-0.594658216169327
-1.08839,-0.999338983947933,-0.523314240917508,-0.79410095692605,0.215046632546843
-1.22804,-0.980646256837155,-0.55941361301743,-0.795551428581675,-0.0875967727272727
-0.930951,-0.807862895832947,-0.453301739373618,-0.845553341071222,-0.221044237335184
-0.481215,-0.244394136338828,-0.160616898746508,-0.697930844869291,-0.259950280360861
-0.844144,-0.696330354384569,-0.424858172161149,-0.695513961252204,0.166983580846634
2.23005,1.66597504399957,0.981802050201423,-0.349734836542394,-0.474986731089521
-0.565588,-0.423855392155631,-0.256091299002716,-0.407517260572567,0.428834911519778
0.411798,0.427959104711453,0.168530573980343,0.356766564038606,0.170145489590562
-0.508342,-0.388444950498931,-0.242718906390914,-0.323074752203669,0.525401486814712
1.32213,1.07628264738625,0.606533973109465,0.480191680748785,0.11946586259542
-0.771599,-0.621604017135624,-0.365638438765604,-0.290798470904724,0.765528860166551
2.86468,2.22141227359086,1.27582237545667,0.258893994108451,-0.287237778972936
-0.658278,-0.513250055170815,-0.308623986534385,-0.371072867000356,0.461593057945871
0.338745,0.358868353503631,0.129428027947857,-0.34893285995028,-0.176825492713393
-1.07972,-0.990178884969796,-0.550405545784729,-0.731752882087545,0.0220309698126301
-1.23962,-0.96065670530183,-0.543213079489501,-0.655194036107201,-0.0259131523247744
-0.519651,-0.364430084419598,-0.194175333521752,-0.457069333305893,0.0111180416377516
1.34906,1.15827727970005,0.634901093625532,0.340902190657181,-0.299267376821652
-0.761278,-0.648437384650179,-0.377557187241019,-0.491154920198063,0.523493077723803
2.71627,2.1154918412404,1.17270229292904,0.142155755415108,-0.399756495142262
-0.981856,-0.85624803007912,-0.47074380042749,-0.522011217760827,0.406803009021513
-0.542999,-0.321403758006308,-0.190595580001899,-0.378501218328063,0.0867898039555863
-0.875337,-0.721467125890683,-0.417564345810111,-0.658760807588375,0.271179253990285
2.08055,1.53615202915892,0.877985037303483,-0.758339303172466,-0.496459816446912
-0.951954,-0.785369432388865,-0.466775706649013,-0.681090317955429,0.235468332061069
-0.552393,-0.288687218389262,-0.20130837156161,-0.396994409902915,-0.0376200610687025
-0.838454,-0.691027319379617,-0.423563464678545,-0.503812093271304,0.162866249479528
2.04402,1.53077233586031,0.873326205615811,-0.41479733979225,-0.507056880985427
-0.609558,-0.431052938917823,-0.276194391682461,-0.418658173335091,0.140351474670368
0.287488,0.326498783968868,0.160606750381379,-0.323663532644979,-0.382998936502429
-1.08647,-0.964696959352081,-0.555034660735405,-0.726366303355785,-0.113896815752949
-1.25063,-0.920571174388895,-0.550245387661505,-0.643047007799543,-0.0784593646773074
-0.487439,-0.303533601497202,-0.206581369486846,-0.432007059785373,0.0476060235947258
1.24223,1.02583824535059,0.534104304665522,0.0621398942118858,-0.15088299722415
-0.728401,-0.569381995089477,-0.31059686533541,-0.542028780123213,0.655555957668286
2.49321,2.01688975063501,0.989026418327228,1.60245278621627,-0.0647598920888272
-0.736315,-0.571744447320156,-0.350137671912531,-0.446406228464379,0.90203294240111
2.63577,2.05559138979348,1.17824663598503,1.34714471029056,-0.121891346634282
-0.938905,-0.782340506583951,-0.425075924123556,-0.484919817474369,0.561187485079806
-0.591943,-0.315305553829715,-0.219394065981483,-0.349707263295996,0.178435053435114
-0.836564,-0.660224686054107,-0.400260726841261,-0.480054872170431,0.258984430950729
1.88905,1.48727994901554,0.826427873410855,-0.407238065555119,-0.47822439278279
-0.597242,-0.433970381517151,-0.243358604522053,-0.438403657765629,0.118420085010409
0.272997,0.313588288950341,0.114213728280013,-0.267077606223848,-0.394197619361554
-1.07749,-0.952372599023208,-0.500586882732356,-0.717920150996707,-0.158998325121444
-1.23213,-0.906899257537254,-0.509168391211845,-0.637370784215278,-0.142770180083276
-0.47741,-0.293235222185973,-0.188188621482403,-0.381767935677628,-0.055286552741152
1.18394,0.967779075582619,0.55952569541041,0.409519752410133,-0.300756414642609
-0.542459,-0.38888147037249,-0.249971345927427,-0.403041814500123,0.302500122137405
1.07299,0.957271831553893,0.522118168645733,0.846270026706007,-0.0917953150589869
-0.761525,-0.571011454564597,-0.318402410930723,-0.0983221304448838,0.452215862248439
2.5412,1.94095227613636,1.14704707588675,-0.120848099003452,-0.543176864330326
-1.07958,-0.954231774364532,-0.499702277198991,-0.801735206436729,0.122207336918806
-1.22993,-0.908688826694033,-0.518085027795984,-0.797549751314423,-0.202728206800833
-0.944618,-0.723063599419833,-0.420365663844435,-0.821661154535135,-0.325807836224844
-0.55795,-0.280426509683972,-0.171182191592324,-0.738603924922314,-0.365417952810548
-0.828873,-0.642029676655011,-0.369716682212928,-0.705608054257999,-0.0782139764052741
1.8001,1.31742809365897,0.849241855305562,-0.450318007619915,-0.676994031228314
-0.604273,-0.392684773662785,-0.227666703082566,-0.406109892505078,-0.0296719309507286
0.182651,0.240263486946667,0.11137851134839,-0.36380001696888,-0.417884940666204
-1.05785,-0.920783863587448,-0.456363756486032,-0.662096248680714,-0.17887887925052
-1.26628,-0.948281212891226,-0.5621509779605,-0.575569361727185,-0.137498628383067
-0.489553,-0.284474912015881,-0.107685210244541,-0.44998229551937,-0.125124497918113
1.06761,0.918686796871051,0.495160950691353,0.0657171541638953,-0.354404827897294
-0.757336,-0.574256020355964,-0.346218546591084,-0.473452221941807,0.359407543719639
2.29656,1.75733351072054,0.916826061733362,-0.0299778796918921,-0.442982524982651
-0.957289,-0.791281240349007,-0.441738665170079,-0.526340265593916,0.289802480569049
-0.599568,-0.324116805492372,-0.176680703111483,-0.406032846909163,0.0324527730742539
-0.861826,-0.669528122993427,-0.394978336349236,-0.51822606305869,0.151705254684247
1.72777,1.33133576682786,0.838883053455498,-0.52971805912491,-0.51602121721027
-0.655627,-0.435121460961656,-0.306248081640085,-0.464041625881597,0.0768206644691188
0.123259,0.17929053498492,0.115683595868054,-0.463835444183796,-0.368314297362942
-1.01043,-0.828071947588028,-0.461162808280431,-0.585976645741734,-0.161330386675919
-0.683401,-0.455775269585396,-0.24776202058107,-0.470568024148373,-0.283217527758501
-0.911662,-0.696968099622103,-0.381790001900874,-0.627075748004791,-0.101662855655795
1.50068,1.17278166977777,0.735683462529812,-0.544047336614145,-0.686325297362942
-0.702586,-0.515706626611983,-0.296849236602694,-0.536674892805029,-0.126604851492019
0.0768806,0.126166884683946,0.0947805609942664,-0.479592035007121,-0.533706776197085
-1.13734,-1.01208656885427,-0.578989160636947,-0.79806710589077,-0.293434998612075
-1.28816,-1.06571083904662,-0.581776989242772,-0.725908003064422,-0.259665987508675
-0.592885,-0.430424239330468,-0.200981986663019,-0.540572852200039,-0.248144231436502
0.834444,0.753553393974584,0.435101903430873,-0.0836801274878998,-0.429090900242887
-0.838359,-0.642608433521278,-0.328123734843658,-0.435029241985446,0.225025928903539
2.017,1.65276887901515,0.93127484634596,-0.165735568163624,-0.495739509195004
-0.778309,-0.776722123330817,-0.405046515586709,-0.645613063926774,0.187941940492713
-1.03024,-0.863253851685138,-0.473273143654431,-0.485060033515516,0.167673759715475
0.0148955,-0.00288817478907199,-0.0473003437807411,-0.101317960849857,-0.0144249482997918
0.586576,0.491104251404133,0.234511489954772,0.102209105607301,-0.0660461153712699
-0.345608,-0.354484381538131,-0.225404503003562,-0.167932605402857,0.319463524462179
1.7905,1.38181135906077,0.723384642370762,-0.0707310752275251,-0.30351567297016
-0.690407,-0.64019743573526,-0.379536616062162,-0.300619085944425,0.21310128296322
-0.74948,-0.54385153415931,-0.295458629789041,-0.148032078603046,0.0979128457668285
-0.512273,-0.482548207317851,-0.290384977988147,-0.270620521181941,0.147263261970854
1.22996,0.952203350708663,0.585623992800592,-0.424423578970296,-0.219727430603747
-0.223988,-0.194345602476557,-0.12748336427538,-0.318884140577159,0.165141553088133
-0.1459,-0.0147713464758684,-0.0128744036459262,0.269342165305732,0.0643411013185288
-0.387054,-0.362340211707289,-0.206691782547489,-0.0925208384440474,0.24406822519084
1.83176,1.48272134762189,0.798894714073159,-0.42687683433606,-0.322750918112422
-0.690197,-0.633347594448113,-0.389623484074896,-0.383079446284105,0.195858842123525
-0.821159,-0.56577470665346,-0.203759112712714,-0.134136112463039,0.0454284864677308
-0.522194,-0.482812305005988,-0.279417667501316,-0.285773195368562,0.00720527585010414
1.2462,0.990856361595099,0.612705777498806,-0.439838468615238,-0.394909315995836
-0.236243,-0.146027894642593,-0.149543349733556,-0.356468245489996,-0.0665993603400416
-0.138957,-0.0410268724045375,0.0233877358320903,-0.302692778893855,-0.330365265961138
-0.848459,-0.787138244654539,-0.44033206303927,-0.654398297186243,-0.298387050485774
-1.23134,-0.935591735171735,-0.550489283230167,-0.471593888150134,-0.224483175052047
-0.0934537,-0.0150933614482438,-0.0666196436348549,-0.455151946050709,-0.37273680777238
0.608163,0.491608747289813,0.327790188985649,-0.722253469981877,-0.499124420020819
-0.698337,-0.624328745058191,-0.345706757499237,-0.605293930327681,-0.170378589000694
-0.812663,-0.535962579902785,-0.260750064833914,-0.114491425117198,-0.140804920020819
-0.495884,-0.423627209445056,-0.264464134974393,-0.311542761800004,-0.0805858898334491
1.32489,1.00441286236784,0.655346874831374,-0.428744452236676,-0.426255216932686
-0.192523,-0.139959206331596,-0.121505310094016,-0.34521990938525,-0.076494744795281
-0.141699,-0.0238248549115196,0.0140760126281113,-0.281019130348107,-0.291889548750868
-0.813288,-0.755715245510639,-0.423073963851472,-0.63863248936868,-0.194206530360861
-1.24844,-0.942814909932766,-0.554571590851171,-0.437537691867059,-0.0605716348022207
-0.0766005,-0.0117213855775487,-0.0520774676111387,-0.368604321381586,-0.19840982130465
0.618405,0.576272443226506,0.341684355229427,0.125990833551645,-0.229240149375434
-0.366215,-0.347396620075979,-0.204123181073535,-0.172158841586308,0.136098751387925
1.91386,1.54111213233413,0.884460427634375,-0.12987322306754,-0.539801211138099
-0.845685,-0.823916361517495,-0.455561888219142,-0.68906821244368,-0.0364958197432338
-1.25464,-1.00965827596756,-0.548707525717924,-0.634699810369635,-0.177736760409438
-0.69227,-0.625019683573251,-0.335965999469331,-0.684766826281459,-0.388881361554476
-0.822852,-0.588715566400547,-0.251361817632113,-0.659847853732761,-0.266672569743234
-0.508455,-0.447738492768051,-0.282680485838571,-0.542635108079051,-0.094518011797363
1.30673,0.995030766688975,0.644800981443605,-0.432347693142335,-0.407178296321999
-0.210263,-0.17924383533213,-0.169472268791662,-0.209850073093697,0.126775964607911
-0.140989,0.036689614299471,0.054012256004566,0.272408985764103,0.14024359333796
-0.119961,-0.132516127827473,-0.121891402330418,-0.0438906882072115,0.226597155100625
0.65409,0.611913337474173,0.355353861921765,0.286473927008846,0.109159018043026
-0.376815,-0.287940063752546,-0.129133073847427,-0.00114760272514286,0.448697380291464
1.93037,1.51823777385096,0.814000188248926,0.0835648989488946,-0.208146025329632
-0.234454,-0.177776039611725,-0.125076510659584,-0.138739589665121,0.197926856349757
-0.109687,0.0614893652257153,0.0399786020287366,-0.265224333302697,-0.127764702290076
-0.81841,-0.736468360160555,-0.39880411461372,-0.647735386909479,-0.0954662109646079
-1.2322,-0.864408429314943,-0.493445093140824,-0.453354704216717,-0.0243500121443443
-0.104192,-0.00627693929038918,-0.0435497021952647,-0.3599079391738,-0.147069875780708
0.647694,0.646448270280647,0.377137271696114,0.0838739083681126,-0.186542493407356
-0.367766,-0.325107493392243,-0.213702892235285,-0.203062417859736,0.280433219292158
1.95075,1.59576328996742,0.891445749574466,-0.083212272489715,-0.322294715128383
-0.657195,-0.567822919091886,-0.320920017099763,-0.28489073002803,0.204372419153366
-0.789502,-0.457104873476333,-0.219959653402196,-0.0711969437686199,0.0792284153365718
-0.490192,-0.417170220294591,-0.274871257342766,-0.390717164561118,0.0607953639833449
1.35963,1.0555791952881,0.681160132389723,-0.685934466454143,-0.40134414573213
-0.645064,-0.521947738382163,-0.279674533119063,-0.489517304720313,0.0553572519777932
-0.811538,-0.458455001827322,-0.231306587569773,-0.120212623383875,-0.0162935256766136
-0.46289,-0.37173116041029,-0.189683993285232,-0.239484680529431,0.000835148507980554
1.36521,1.03657931205152,0.657708397720533,-0.376850510772196,-0.368046099514226
-0.155497,-0.105300208373066,-0.171605519562318,-0.301295447028016,-0.0138211648160999
-0.0425158,0.0940923950531996,0.0884411503965467,-0.244609946364929,-0.266948762317835
-0.808228,-0.693938080501844,-0.432456796313705,-0.610574379128042,-0.150993812630118
-1.24126,-0.830724923488899,-0.542092465509476,-0.408058726297203,-0.00781092678695351
-0.0398828,0.0191349551189457,-0.0708257039710001,-0.3432933487439,-0.053792951075642
0.671236,0.679606755163634,0.370660897752759,0.129818413032604,-0.0130444309507287
-0.360304,-0.292573217960794,-0.219226201906964,-0.199421303675537,0.489881607286607
1.96455,1.63715041117288,0.827232028301578,1.38983318614081,0.0104654299097848
-0.298521,-0.299732420820081,-0.216308626356892,-0.174593213014968,0.68428011519778
1.94674,1.62138505823335,0.855282583188767,1.33111519498973,-0.0342234766828591
-0.668735,-0.567930728079844,-0.327736117944732,-0.227435380095265,0.398681062456627
-0.796608,-0.43269242205862,-0.216544783921745,-0.0595895912701604,0.197469834142956
-0.491313,-0.420443237815129,-0.278356542476039,-0.241470598400157,0.126410935114504
1.40606,1.09819926577207,0.705499762266135,-0.42003830012808,-0.369048232477446
-0.218098,-0.129976718269404,-0.1201855510126,-0.338579829134563,-0.0160931835530881
-0.102704,0.0511669369409318,0.0577466037351373,-0.287227245582584,-0.289300385496183
-0.852929,-0.743098284507748,-0.427558882283056,-0.653863524611858,-0.210506950034698
-1.26691,-0.903191595205289,-0.600048214156557,-0.456339597543179,-0.0903355163081194
-0.10118,0.000425015152130422,-0.0709472068675178,-0.210441687413115,-0.151071722761971
0.66243,0.613600563926952,0.397319480024548,0.280468815200566,-0.172376686675919
-0.135316,-0.0704717421275818,-0.0652147544579225,-0.13452052891859,0.155544465995836
0.651443,0.646925927404738,0.38328495753946,0.604214593649921,-0.0112084149895906
-0.399685,-0.320928194890489,-0.205674239090318,0.122443117585839,0.295455869188064
1.96354,1.6800011870672,0.978333415264318,-0.153432427049437,-0.441190179736294
-0.862818,-0.775799301174061,-0.466078459621921,-0.652114939872216,0.0272832616238724
-1.25758,-0.963130411278477,-0.609157431651993,-0.622516126600271,-0.171225540596808
-0.689788,-0.581549023404571,-0.318124370606257,-0.681564345739493,-0.377712118320611
-0.80557,-0.49074150078065,-0.247436262952692,-0.651852219785739,-0.275574676613463
-0.518228,-0.41049866283593,-0.259318015272529,-0.535110175502613,-0.155707298750868
1.42232,1.13898470222992,0.759543341864306,-0.442357491617012,-0.550802003296322
-0.244432,-0.154341002650977,-0.145360097780923,-0.367544632180477,-0.109757245836225
-0.109073,0.0565132424084903,0.0736587865002771,-0.32324484882241,-0.30445608795975
-0.861988,-0.762294755247795,-0.465321758677336,-0.631048446723114,-0.189150804129077
-1.26649,-0.932509508291313,-0.57612621937733,-0.444956123119892,-0.0604795883067314
-0.0984005,-0.00558501588678801,0.0248605603246231,-0.379698758803066,-0.175310851492019
0.67857,0.701801450564883,0.4737778306398,0.140303137874783,-0.206552901283831
-0.402555,-0.330756068182734,-0.223463338632275,-0.212091348134403,0.274181150069396
1.97547,1.65970352215559,0.940878574718182,-0.0715697433627402,-0.340271064365024
-0.725603,-0.630736013727842,-0.411412785478657,-0.311844326330251,0.231650523490632
-0.836849,-0.562466357322754,-0.263549415102945,-0.102091297180878,0.117268818008328
-0.535177,-0.457818748358115,-0.264199555688387,-0.267736933580557,0.0816866925746009
1.37185,1.15248293214088,0.762178819993701,-0.435917838905963,-0.373290970853574
-0.222907,-0.140477944326784,-0.0775737579925647,-0.363715439982118,0.0160481263011798
-0.0957298,0.0251698238158871,0.11853554614722,-0.279935388501271,-0.223757144691187
-0.731763,-0.6010734758971,-0.358571469984422,-0.362419034088456,-0.1498768740805
-0.839952,-0.516997918368888,-0.249153016894679,-0.230351403592128,-0.12516935721721
-0.556613,-0.425298197391099,-0.275080082842,-0.388299286793852,-0.0680094665163081
1.40919,1.17590875432993,0.81652492161321,-0.44212937548025,-0.495559860687023
-0.253093,-0.159067881794328,-0.0846355474191148,-0.370951159906458,-0.0882365299444831
-0.0784791,0.0532500229407959,0.145040017288749,-0.301050583904171,-0.323187921235253
-0.891437,-0.765087359618939,-0.425326151426584,-0.630318774041161,-0.192156014746704
-1.28324,-0.936648019854102,-0.551796910163438,-0.46005259863386,-0.071961156315059
-0.102336,-0.0109701744319011,-0.063205725001611,-0.394070057417805,-0.20342051092991
0.680277,0.689813160418782,0.414023298871368,0.108759380800488,-0.236731464434421
-0.422656,-0.340073363505864,-0.244396456817896,-0.197133782287907,0.216829460756419
1.98363,1.68017744324863,0.961112343336916,-0.134122958796499,-0.447200918112422
-0.899502,-0.779748386237398,-0.453433747555187,-0.640459049685865,0.185404772727273
-1.28178,-0.948677962115324,-0.546045973504617,-0.421503519870962,0.164874783136711
-0.119624,-0.0285232422009979,-0.0350725859936428,-0.195119208443484,-0.0445477831367106
0.686783,0.704204888741988,0.464687791348187,-0.154068932258246,-0.118470297362942
-0.422859,-0.353547005468169,-0.222369245137315,-0.250535154691457,0.344887926786954
2.05297,1.72475471311919,0.652164620005995,-0.175206459757959,-0.350021459403192
-0.737534,-0.645684964283652,-0.377229935685329,-0.346295874728183,0.244634669396253
-0.831358,-0.501105755714445,-0.226205272592727,-0.148754446521763,0.128460170020819
-0.550176,-0.462941044704603,-0.283773844617773,-0.316394969245025,0.182900551006246
1.40178,1.14496917373378,0.755896149802219,-0.445706379897475,-0.2293614944483
-0.270814,-0.165637490200921,-0.14933771175055,-0.35040357462471,0.217253934767523
-0.0861188,0.0937402521352027,0.103006242621809,0.341940657216282,0.0804028938237336
-0.442148,-0.331935323376098,-0.193046729707367,-0.0942866738492839,0.304917308119362
2.06594,1.73310891514858,1.02783115966304,-0.442522055251483,-0.334815902498265
-0.743458,-0.610247947737471,-0.383803131606244,-0.395106860525302,0.248835602047189
-0.84171,-0.524435625793874,-0.261993022203499,-0.101697116780097,0.0719745785912561
-0.572846,-0.473422873705055,-0.31763062702433,-0.303096562009423,0.0470005411866759
1.41565,1.13625811139034,0.754421241195692,-0.450623893577588,-0.409832674011104
-0.271175,-0.169381804145621,-0.164597378479201,-0.377074863821425,-0.0298954075294933
-0.0851479,0.0724204042716321,0.0712117124214108,-0.280443490224937,-0.337120749826509
-0.863221,-0.772968798369748,-0.457254201809289,-0.682348733875135,-0.301212446044414
-1.29935,-0.949610095769969,-0.54661742949438,-0.473056126655274,-0.227796620229008
-0.150936,-0.0178651638304245,-0.0555004473021719,-0.463638238351602,-0.377419976578765
0.690658,0.641715528312405,0.461604146185392,-0.772780143420722,-0.544640080673144
-0.774493,-0.628493245376936,-0.367736593864178,-0.654336186115773,-0.17627647519084
-0.843722,-0.5499932835315,-0.286765016642234,-0.113572574211706,-0.165585843858432
-0.558796,-0.477029778779705,-0.26051716543777,-0.367043921022597,-0.0925024653018738
1.39784,1.18538754441163,0.849231280732755,-0.456034957304833,-0.470911193268564
-0.282741,-0.185170917625138,-0.127092879133554,-0.376625961260253,-0.076185095072866
-0.0836136,0.0413090640834914,0.107160688085092,-0.303328943892591,-0.340144771686329
-0.900015,-0.795752786515254,-0.455870703415567,-0.659706716822931,-0.206913911172797
-1.30756,-1.03919729500648,-0.579488053634152,-0.474379681734112,-0.0831398986814712
-0.138058,-0.0411844409482558,-0.0260251802508915,-0.405968654902508,-0.209231658570437
0.708478,0.674849765928031,0.437582216051834,0.115931135579112,-0.27284247536433
-0.458589,-0.371382120223629,-0.202608619005494,-0.206822171041205,0.147017113948647
2.00894,1.69867350436492,1.00430650935637,-0.131315284938967,-0.582910709923664
-0.901127,-0.842420256974478,-0.422377903478617,-0.726059687295591,-0.0436402879944482
-1.30499,-1.05457939370589,-0.58218850028712,-0.675480233049575,-0.195781502081888
-0.750922,-0.658393531559502,-0.385028989629689,-0.720693666791083,-0.401636745870923
-0.833526,-0.562569809654394,-0.222994957143069,-0.684959588419863,-0.285570767522554
-0.548961,-0.460007997779227,-0.292927108417249,-0.577648312168049,-0.0883755836224844
1.41509,1.12930327651096,0.773324879915346,-0.447586097891448,-0.433811722068008
-0.262866,-0.16441535160846,-0.179120906263783,-0.200909260655716,0.148633004857738
-0.0933166,0.0726717138080115,0.115943868794197,0.316493019314169,0.13345742574601
-0.141242,-0.106089318146643,-0.115637973128959,-0.109675632846626,0.237704143095073
0.674188,0.625905684780078,0.4436386152632,0.241291043082066,0.103875138098543
-0.449396,-0.353570675396881,-0.229301344492577,-0.0306704512367942,0.467782472241499
2.03304,1.64965956189795,1.0626400078795,0.0676735667128172,-0.237895279666898
-0.281072,-0.213153385826184,-0.118409660718227,-0.193475667240625,0.204932421374046
-0.0881756,0.0397172693565023,0.0824030243520149,-0.295486552162899,-0.152428300138793
-0.87853,-0.807525448884108,-0.452803188955306,-0.643589503096069,-0.104693017696044
-1.29875,-1.05392122909006,-0.572508683423959,-0.467060919804785,-0.0358017383761278
-0.125389,-0.0503964820962154,-0.0729597100869901,-0.393679006743837,-0.161007806731437
0.705278,0.691771606737257,0.465142865838692,0.14175775758802,-0.217760863289382
-0.436624,-0.374084646460518,-0.22372816344026,-0.227869598606298,0.288440435947259
2.05442,1.72956812920251,1.06983493751473,-0.0750574421561018,-0.366297816446912
-0.753939,-0.669601868045024,-0.3601853958279,-0.329504773928336,0.203824186328938
-0.830574,-0.582807643197329,-0.263160951510132,-0.12530908939238,0.0542353011797362
-0.56298,-0.508178990228364,-0.306371408167754,-0.463371001077794,0.0503454902845247
1.44526,1.22670840976174,0.831520446330247,-0.744148058596412,-0.453884889659958
-0.719967,-0.608445285992119,-0.357347101666057,-0.55285880320657,0.0408780465995837
-0.829385,-0.518364512049355,-0.247089989652819,-0.17745534535315,-0.0578085026023595
-0.566118,-0.472230326153577,-0.276810422474247,-0.32619657930895,-0.0179597333448994
1.43508,1.15066345070014,0.842882419615632,-0.445395491661964,-0.436600423490631
-0.277443,-0.149623820311921,-0.127218863951254,-0.370787659159071,-0.0364462781054823
-0.0849987,0.0608570593992989,0.0907908897098611,-0.300636825663638,-0.317869007633588
-0.853851,-0.748247675970224,-0.457316510584835,-0.663938940943204,-0.197238160131853
-1.28149,-0.867791422945188,-0.567051038874827,-0.460651950460452,-0.0565316920541291
-0.130388,-0.0190328121671192,-0.122641897276894,-0.380787263023946,-0.0841794439625261
0.695409,0.654395825293234,0.359475075397126,0.0840228448680078,-0.0713929262664816
-0.413803,-0.33921094042644,-0.2169922676087,-0.321437407754119,0.455736903296322
1.95878,1.55333828549853,0.914180604761069,1.39712596239411,-0.0428803868841083
-0.413136,-0.354418122462581,-0.213402181660288,-0.266701354733318,0.653964358084664
1.90681,1.55855609878511,0.88236818955232,1.37647606004824,-0.0834964639139487
-0.716276,-0.626058871424018,-0.378937494561806,-0.29865564503385,0.35978280499653
-0.78343,-0.468490913759846,-0.23570176171422,-0.160276861398566,0.144927217557252
-0.545074,-0.442839039332141,-0.289214066527669,-0.302991478785964,0.0918399583622485
1.32474,1.00263374555022,0.677239871922768,-0.437990015060319,-0.396513487161693
-0.270641,-0.187993841054935,-0.149370228798321,-0.368872628895466,-0.0402854559333795
-0.106295,0.0310673015022167,0.0644722242954489,-0.305786780423571,-0.309539348369188
-0.845986,-0.75941035827244,-0.445996699885368,-0.627109725975539,-0.219978089868147
-1.2017,-0.87836814649397,-0.553010408107844,-0.460906209698454,-0.110789276544067
-0.117284,-0.031594144899802,-0.0924673604641634,-0.172747821296831,-0.158560744274809
0.601851,0.525667102145432,0.402601696639946,0.300605068803957,-0.174881658570437
-0.108376,-0.0771783083859795,-0.131288864137926,-0.137266977296838,0.127034132546842
0.5825,0.537705086394326,0.298344843202977,0.551976470128781,-0.0169128972935461
-0.384346,-0.313181890094727,-0.174100477461865,0.108990605725675,0.266338634975711
1.84929,1.40560901201438,0.727523345933339,-0.15436668277333,-0.428861982303956
-0.831224,-0.734129035832365,-0.422435769293184,-0.646218657307066,0.0147159857737683
-1.19346,-0.878853378297298,-0.503794191843165,-0.616744811794792,-0.175227872310895
-0.675109,-0.586562756413304,-0.358294153706406,-0.671567715406407,-0.366909183900069
-0.771704,-0.473908029652241,-0.230628587574994,-0.649022282630555,-0.27231610999306
-0.474379,-0.388478884703856,-0.209264112820055,-0.520125574589014,-0.166296551006246
1.26304,0.921553316943374,0.562189968187429,-0.408731279198154,-0.511578584836919
-0.182712,-0.122935648076268,-0.116723075049406,-0.334656984218501,-0.124672839521166
-0.129723,0.0127868500621579,-0.0147976778413853,-0.290902709354863,-0.281598537647467
-0.806808,-0.715124437899766,-0.359350580191241,-0.604887263283982,-0.178933714954892
-1.18038,-0.850042204059188,-0.560153763111466,-0.427804878445939,-0.054738541464261
-0.0546125,0.026117690607327,-0.0690224437589266,-0.331611097459163,-0.169519778625954
0.582919,0.512678522802295,0.279676631785349,0.0807792017057531,-0.172296101145038
-0.307674,-0.287730525894146,-0.157130095363473,-0.187316062874636,0.242989841950035
1.7885,1.33047756536332,0.772869596535343,-0.0719655250330609,-0.295253141741846
-0.648315,-0.56467219126409,-0.370665794934337,-0.280634693968551,0.21919255055517
-0.747587,-0.455097463450445,-0.282853515043391,-0.121363135684676,0.115490257980569
-0.463384,-0.410771299918245,-0.252487843285728,-0.246841527968371,0.077717510409438
1.20412,0.890678824827263,0.5275817119926,-0.381195575666204,-0.316613506245663
-0.160249,-0.120297370182794,-0.102896037595185,-0.311626369959942,0.0155442713393477
-0.0886128,-0.0288240482315756,-0.0472890417019903,-0.253339775253947,-0.184135202637058
-0.637071,-0.537678482414314,-0.325645141449252,-0.308106976117499,-0.122613374739764
-0.744324,-0.450727751986649,-0.263166241091441,-0.211449659186212,-0.0941745933379597
-0.444011,-0.357529020981486,-0.210036262216265,-0.318859430379456,-0.0539736936155448
1.2167,0.864410468820154,0.494909983770675,-0.375634131306904,-0.406023436120749
-0.141099,-0.108240758203598,-0.0963772538713406,-0.30570069720146,-0.0748163134281748
-0.107574,-0.0111489785462092,-0.0265441100856731,-0.24343765734462,-0.246065697605829
-0.758814,-0.681873245366623,-0.363239463008732,-0.538733138300563,-0.140969048056905
-1.09002,-0.832783127858836,-0.461823522783098,-0.388288749799254,-0.0299810789382374
0.0143911,0.030675213568245,-0.0587256513685791,-0.29483980571836,-0.164933358778626
0.570393,0.489189990684186,0.240377875835995,0.101394915319841,-0.1629139388966
-0.277442,-0.257421221657603,-0.113233241834103,-0.102644063740053,0.192018225711312
1.79419,1.38648934259303,0.666516875545625,-0.132887075881766,-0.401043609125607
-0.876936,-0.824085988131734,-0.435326455141981,-0.60557755436081,0.152222312109646
-1.26644,-0.972693960930409,-0.591016049087279,-0.387437318035925,0.125587308848022
-0.0519784,0.0127987479937523,-0.0106393803638249,-0.20005319889093,-0.119433461832061
0.584697,0.469904634668843,0.276131136286842,-0.105309370562298,-0.186521711311589
-0.434125,-0.348303369354669,-0.189058539640184,-0.293350357201943,0.180164418112422
1.45005,1.19092982637895,0.648424790541311,-0.129183896717566,-0.389664277238029
-0.78261,-0.649273049243813,-0.391821168537067,-0.405198423327834,0.071889693962526
-0.7348,-0.537451864466392,-0.336297669264899,-0.318499661528834,-0.0603321954892436
-0.614095,-0.478922519661894,-0.258735352347468,-0.401463648823875,-0.00791353157529499
0.823783,0.601889246934758,0.304557333629501,-0.468518827877529,-0.315018570090215
-0.316141,-0.199171680058995,-0.162558003052237,-0.396247245115694,0.00710607772380291
-0.140653,-0.0697023877840708,-0.107933266147579,0.060062957440881,-0.097351300832755
-0.500617,-0.374789362069243,-0.191610919328618,-0.19235109244833,0.10124070610687
1.45464,1.07658400889038,0.556139568151656,-0.449364745924576,-0.404336612421929
-0.820174,-0.691632114374625,-0.384863538490681,-0.441071558747624,0.0866082292158224
-0.635824,-0.464434363486051,-0.307051684902325,-0.30091196879276,-0.109619616932686
-0.658829,-0.53631614533956,-0.314579232903573,-0.411715882443637,-0.0597493226925746
1.05833,0.789005106088833,0.416366888816332,-0.437571855966384,-0.462332320263706
-0.414817,-0.269721104825437,-0.172026282957728,-0.418510944927882,-0.116208548577377
-0.0232994,0.0120598490642883,-0.08352036942318,-0.354686043178642,-0.427772674184594
-0.990086,-0.88534671257404,-0.501327251528616,-0.631754887448661,-0.303463616932686
-1.01921,-0.829703315206407,-0.470485281562369,-0.617101532210694,-0.336128558292852
-0.310695,-0.15982676621332,-0.108346502806963,-0.473312219797129,-0.393198180083275
0.540248,0.410686660791862,0.170524768992013,-0.725644577482173,-0.586182243927828
-0.888478,-0.748359623928023,-0.429855272024498,-0.660015279844187,-0.224098163011797
-0.62023,-0.443833764825105,-0.27112590092205,-0.356111180864144,-0.317141620402498
-0.767001,-0.593688043293571,-0.36091819320133,-0.50374138327935,-0.161450907356003
1.10161,0.825387155942177,0.38998489138728,-0.506718742587359,-0.559476993754337
-0.515201,-0.351780425649481,-0.217098443992597,-0.467347374649538,-0.167496431644691
-0.0637674,-0.0343644404010177,-0.0594513186885363,-0.455429445396353,-0.464542159958362
-1.02221,-0.913706436395854,-0.529233480494551,-0.673190708638145,-0.272423278972936
-1.04314,-0.856296838661892,-0.481968096826488,-0.659960326168997,-0.266087746703678
-0.389826,-0.22471962925189,-0.129754054438092,-0.481387836690066,-0.288727836571825
0.526506,0.43337918608888,0.15462945891036,-0.102645505116032,-0.418313679389313
-0.678387,-0.531382459148899,-0.276131066520747,-0.368885913202092,-0.00744175065926439
1.54467,1.21048280436192,0.584338140771018,-0.26377826592949,-0.666763822692575
-1.04238,-0.975221054084506,-0.532247575572344,-0.718827302860011,-0.153218992019431
-1.03276,-0.898161101978943,-0.50177832312047,-0.772256528547232,-0.361373333102013
-0.885499,-0.776476888264271,-0.422555130704251,-0.763583481408246,-0.433239251977793
-0.605821,-0.474962656164815,-0.256953639250137,-0.757589896509255,-0.4424846703678
-0.789282,-0.63452961280035,-0.364525169520456,-0.659594036094075,-0.178959044413602
1.06736,0.780691071720249,0.412197900669866,-0.507906580271942,-0.545761925052047
-0.518425,-0.33386127823815,-0.218086698016331,-0.391645900724631,-0.00398931471200546
-0.0789292,-0.00764433391380518,-0.0749696879378291,0.0305415331401103,-0.100972646079112
-0.410151,-0.273190860016584,-0.143363927038217,-0.356605814758176,0.0695555630117974
0.535224,0.414594971335303,0.174119221039032,0.0402455703272546,-0.126985586745316
-0.687238,-0.51116366527868,-0.313067365442313,-0.277376891294118,0.253096667244969
1.6343,1.17374838998275,0.595726438343632,-0.099814540209663,-0.415215659611381
-0.574252,-0.431100695843477,-0.251408465610508,-0.387345105826408,0.0311163614850798
-0.0904494,-0.0265834065824303,-0.0668818792429993,-0.476913993221898,-0.362730529840389
-1.05515,-0.951926705553093,-0.53850500347879,-0.739199109302951,-0.243971967730743
-1.15173,-0.900326222059341,-0.522252954953617,-0.693382255762283,-0.272341619708536
-0.459094,-0.253479516357411,-0.137898763730863,-0.520838536369549,-0.304493484385843
0.501499,0.428531465930504,0.198578439890208,-0.148153845331756,-0.439162338653713
-0.701081,-0.564948256737799,-0.307040470657345,-0.48520371369628,0.0450155945870924
1.53401,1.11034135239772,0.5988107538138,-0.26984041084993,-0.557022962873005
-0.959695,-0.787710992710775,-0.450624357372747,-0.566288866265798,-0.0321734066620403
-0.773652,-0.525342102111598,-0.314020405312731,-0.468067043723145,-0.227254579111728
-0.832139,-0.681329401554697,-0.351190742797551,-0.684867030110408,-0.151329328938237
1.04826,0.78155048578467,0.480079920850849,-0.841849689491211,-0.631311315752949
-0.930059,-0.758541193415385,-0.413359477580376,-0.70908026201168,-0.156646694309507
-0.751358,-0.509494314543162,-0.312925146890628,-0.478832406858549,-0.307035291464261
-0.808378,-0.606577315658415,-0.341302967387254,-0.505376269150536,-0.194244377862596
1.08587,0.777341901315154,0.432890072772733,-0.572942253970207,-0.609974226925746
-0.558846,-0.36085456291201,-0.245902659540055,-0.526609313959173,-0.209527367106176
-0.139833,-0.0350321706029223,-0.037615064456206,-0.49698876105426,-0.518415118320611
-1.04474,-0.911039261351663,-0.531418401051827,-0.744523445763295,-0.34511456037474
-1.22092,-0.943486432815052,-0.563517743400417,-0.663744741884897,-0.285237531228314
-0.422123,-0.23731157367701,-0.154639398209457,-0.527717556748297,-0.250344184594032
0.508473,0.453504332656521,0.201138136868543,-0.147021937872626,-0.302821532269257
-0.693832,-0.51750803833024,-0.268816715092616,-0.53280281821363,0.222326332061069
1.58821,1.30903481603631,0.653432070997698,1.02107674014073,-0.275284738029146
-0.705862,-0.56077363423001,-0.310457048582209,-0.465448261976768,0.407746136363636
1.63762,1.27320234194326,0.602320909906236,0.922552878151712,-0.317227389312977
-0.9388,-0.789306097272372,-0.450829462861095,-0.511297918257068,0.158250838757807
-0.757298,-0.46741244167105,-0.276819096341371,-0.432085955023377,-0.0983762600624567
-0.808095,-0.628063502697172,-0.347566467722256,-0.517459785274265,-0.0684959116932685
1.13799,0.827689362828939,0.577414753896551,-0.574867231340076,-0.583405740631506
-0.593513,-0.370752389074364,-0.2091252719446,-0.51491973783418,-0.172842300312283
-0.0886197,0.00632933009132764,0.0414122129427668,-0.527419053051059,-0.516469595419847
-1.06728,-0.925175895333506,-0.569458978836248,-0.725953341918277,-0.350720223629424
-1.21625,-0.852709187176294,-0.554262952241557,-0.63916209442288,-0.313307594899375
-0.450535,-0.226846350122061,-0.168953927270143,-0.457170642076492,-0.286301352359473
0.595543,0.433575862482686,0.251125208550084,0.175491788488464,-0.406077637925052
-0.494454,-0.300065816112838,-0.191682557595512,-0.403804052843763,-0.00962239788341426
0.536126,0.480678577021108,0.241937990485914,0.454055554795946,-0.259394842123525
-0.742861,-0.598157536505104,-0.359220850257927,-0.120573497020124,0.111645889312977
1.67921,1.32793104739595,0.762904418855697,-0.308192918091259,-0.630884596460791
-1.03734,-0.993781575234186,-0.546325542969921,-0.819029604209321,-0.149860038861901
-1.23908,-1.00041183530659,-0.565647689358832,-0.799936982784192,-0.376779530534351
-0.92093,-0.769635404543609,-0.406310887341379,-0.833587023901307,-0.501531556904927
-0.739987,-0.530059747316242,-0.30271930491315,-0.811889734818209,-0.495094034004164
-0.833597,-0.652144241773524,-0.353138692948262,-0.73546729686994,-0.296307846981263
1.15877,0.884130615914545,0.586210791204513,-0.568295641474484,-0.731022363289383
-0.595378,-0.391360609790183,-0.24249939898887,-0.530605156558224,-0.252141154406662
-0.101298,-0.0285695938522303,-0.0453570476232462,-0.496620691707732,-0.519351415683553
-1.05741,-0.886110462019295,-0.470560387182675,-0.740641238794193,-0.331724261623872
-1.2188,-0.896216776391362,-0.548527890545555,-0.662173184733619,-0.282296824774462
-0.459881,-0.258461590857888,-0.193213394426391,-0.534463822058856,-0.299430401457321
0.605418,0.52727369038707,0.261398203409813,-0.145201458683645,-0.427252309854268
-0.709535,-0.519363267692367,-0.265204251148191,-0.454062545978715,0.106521992366412
1.67992,1.25024214724364,0.729902000816102,-0.237046472161399,-0.517603159958362
-0.943382,-0.753923555873889,-0.451563475849641,-0.510998061216069,0.0690409851492019
-0.719852,-0.419595042431532,-0.258283731640014,-0.402126342626926,-0.11605693407356
-0.791569,-0.607250110343477,-0.333636501856855,-0.505471561605454,-0.0486466488549618
1.22096,0.852170318374761,0.570634195126344,-0.565391668805904,-0.551573679389313
-0.602612,-0.380754263785551,-0.240259418211117,-0.519369320415658,-0.0919030412907702
-0.0855318,-0.0200772190346533,-0.0451836235841758,-0.455335072706463,-0.414331812977099
-0.93411,-0.723837801294646,-0.436347985976787,-0.496943635686012,-0.25677994167245
-0.73492,-0.424809739348623,-0.286356030288909,-0.40966400833728,-0.319758556731436
-0.789139,-0.542638332847461,-0.315900963211979,-0.53791880651768,-0.187890488376128
1.20695,0.871535444181987,0.598166674528132,-0.54587871186985,-0.65408915111034
-0.612383,-0.391125743016269,-0.271720307806939,-0.494458629371065,-0.194728364434421
-0.0467779,0.0185257485655278,-0.0542458956945332,-0.452289671119032,-0.51812446426093
-1.06258,-0.935217184308629,-0.552051195282727,-0.765603391201717,-0.320166182338654
-1.24582,-0.939654275883338,-0.563686692465298,-0.668671046486304,-0.27443371148508
-0.471576,-0.255495357253988,-0.144889680192001,-0.522832323253674,-0.312434796148508
0.622742,0.521910899380522,0.246530077684524,-0.111764044537246,-0.447600860340042
-0.707886,-0.564950447650437,-0.332133889291353,-0.415435212457354,0.0630653785912562
1.74797,1.3263143873298,0.70672805018379,-0.282625513861168,-0.620252016308119
-1.06161,-0.968362013347966,-0.554445847638629,-0.736568562891895,0.00540013358778629
-1.2547,-0.962538420426569,-0.578314491688258,-0.620294394973851,-0.0704773435114504
-0.46769,-0.315979152489864,-0.170789002476206,-0.400926619481387,-0.188044152671756
0.592551,0.494166366189709,0.236888378321319,-0.134057434849985,-0.353177836224844
-0.729036,-0.563560480408783,-0.296251902164118,-0.481840642565668,0.157416372310895
1.69955,1.23880801569781,0.732868324681533,-0.238756233022149,-0.522665337265788
-0.950653,-0.776528049917524,-0.416220675638463,-0.531791636747903,0.0786971198993754
-0.72641,-0.457621277630016,-0.301085953748453,-0.394144146870487,-0.0906671529319917
-0.796743,-0.644800486539606,-0.357148562854239,-0.517104122682667,0.0692380429389314
1.33372,0.91469067671366,0.558804938475611,-0.528390198026215,-0.398212967990978
-0.574057,-0.355103316492997,-0.219171262043537,-0.509997861481605,0.127159899288688
-0.00474945,0.112305808678137,0.0198324598292565,0.0814417640372224,-0.102403340041638
-0.678159,-0.526247445283486,-0.280203941522563,-0.329189812644537,0.207531947866065
1.88131,1.37299032189905,0.830345466192876,-0.519500838867163,-0.45337830352186
-0.920944,-0.776244059461467,-0.460732517133208,-0.527191671293437,0.161406577453158
-0.690049,-0.421620293004445,-0.263511075638832,-0.348668434831833,-0.0854298179389314
-0.783003,-0.624843979847152,-0.319230905214823,-0.484058724136178,-0.00831841072172107
1.39705,0.969946075598701,0.685231307119737,-0.508085881234525,-0.535375622397641
-0.560824,-0.357597527236863,-0.215017745367978,-0.464110981001506,-0.0744288755204719
0.00594287,0.0751657380753678,0.0218668874115643,-0.409354611532783,-0.472629157182512
-1.05578,-0.922365024819744,-0.532412145982261,-0.703215501794707,-0.345810977532963
-1.23891,-0.939152942564602,-0.57636501447286,-0.618512413117986,-0.348255902758501
-0.414211,-0.211608318609806,-0.0299009895353583,-0.490928839685132,-0.403686642696044
0.741292,0.516897275985504,0.301998335927768,-0.82029933588908,-0.651041066811242
-0.913462,-0.735865396916848,-0.428864306190253,-0.712631781311313,-0.211586912501735
-0.698702,-0.418362639262436,-0.271636814192031,-0.299488531388934,-0.285758109125607
-0.7936,-0.594764685289783,-0.307160562007323,-0.503602037919887,-0.121930151804303
1.37789,0.989348013357635,0.616656600482044,-0.501052658422338,-0.580251375260236
-0.557783,-0.372838326261037,-0.20656067011673,-0.467991493463137,-0.107406898854962
0.0320497,0.0707609658874528,0.0322120721785701,-0.416302349575739,-0.470680950034698
-1.0394,-0.920810358690698,-0.505156736726858,-0.728232560786489,-0.268665502949341
-1.25421,-0.936547314182602,-0.521323755232995,-0.623207435071826,-0.222372589347675
-0.438105,-0.231864304336219,-0.102692854533476,-0.490599109546415,-0.269371059160305
0.721458,0.588968570461904,0.295726432263727,-0.0405505925312833,-0.43438547241499
-0.698656,-0.541537976793032,-0.270146858732794,-0.386674444474062,0.0515607674184596
1.83593,1.40154581337187,0.796031954008024,-0.223509061382131,-0.703197789729355
-1.07269,-0.998716642599408,-0.549762883228822,-0.786932074402952,-0.140033362248438
-1.27626,-1.0193480459599,-0.573747245825993,-0.782853217356402,-0.327996551006246
-0.879003,-0.767415888714621,-0.426093066341227,-0.822346082753324,-0.470689624739764
-0.709594,-0.487220157231279,-0.241349141703965,-0.788253238172775,-0.440181940839695
-0.81259,-0.618281319149683,-0.343870162572628,-0.705807921765073,-0.164093783657183
1.30886,0.968834189244389,0.56785058049858,-0.527172878812909,-0.583115323213047
-0.57321,-0.38404086764946,-0.185591620381163,-0.446027299940525,0.0450852871269952
-0.0333665,0.0539794307315258,-0.0285068199839804,0.0881342537645356,-0.0816993507980569
-0.493965,-0.327865908857212,-0.179774006820927,-0.365573711323181,0.130323646013185
0.673758,0.549308055231393,0.308209321704717,0.0840659752462221,-0.11166224797016
-0.724194,-0.55319394548936,-0.308448216501977,-0.305369903930416,0.32488419925399
1.85904,1.39451486328847,0.769166015366769,-0.0558260334090977,-0.417945441099931
-0.619191,-0.443470733464319,-0.253885265406408,-0.381110212672873,0.0946424764920195
-0.00167149,0.0585665560453842,0.000138916517037213,-0.471666110157757,-0.355581041984733
-1.07962,-0.965144051090027,-0.511793303103309,-0.742854069843942,-0.21576822111381
-1.28705,-0.97959439780475,-0.554813414866973,-0.649864111767088,-0.219054348976405
-0.471515,-0.270283624496125,-0.140495166576584,-0.510902256419527,-0.251441231523248
0.732935,0.619578945189455,0.336114411692881,-0.0483461312311523,-0.418004841828591
-0.720763,-0.570498006792662,-0.313621910386865,-0.468975008151424,0.167175905381679
1.85089,1.37867894876117,0.806100473374851,-0.166674204194988,-0.516002844205413
-0.947781,-0.781122048654717,-0.450079220512362,-0.529179660127556,0.0828673282442748
-0.719794,-0.470805669234974,-0.283151998278182,-0.39279739518311,-0.135304636710618
-0.830107,-0.679270966116275,-0.344941637901293,-0.659104280163685,-0.0359937456627342
1.34117,1.00788487741396,0.597705012959244,-0.821145045922259,-0.595911774462179
-0.940742,-0.749579121374938,-0.400384697248275,-0.687731688576691,-0.0508195645038167
-0.71979,-0.455653947543205,-0.24988835515444,-0.40442614291827,-0.233494058813324
-0.809058,-0.627584546905754,-0.375960268219947,-0.486850742188189,-0.107672120575989
1.34275,1.03211992712186,0.687174139363333,-0.545198021026791,-0.592465692054129
-0.595851,-0.39796918226334,-0.231250790465128,-0.509776428284621,-0.124055544240111
-0.0226479,0.0426827623302276,0.0123049926935888,-0.479790483149451,-0.502566632893824
-1.08561,-0.951001601200004,-0.591841786329002,-0.700602724431185,-0.301106914469119
-1.27384,-0.909734492725607,-0.553192430525534,-0.609007738834063,-0.24736215943789
-0.45587,-0.214170033486223,-0.15415007827618,-0.491364118252396,-0.198856066099931
0.696089,0.642506631204943,0.469235009922019,-0.0546832838526233,-0.295021675399028
-0.732304,-0.550808614437329,-0.311693640811053,-0.573615311680584,0.305192417453158
1.78467,1.48115458974679,0.81022183727179,1.39015564369193,-0.255276167938931
-0.738843,-0.577545351507571,-0.252825142114285,-0.497111294253757,0.489737159958362
1.78611,1.45312066285898,0.804931765262936,1.36350767897665,-0.293253450728661
-0.969216,-0.831703760294665,-0.455664484339057,-0.525151576459815,0.218296564156836
-0.727373,-0.484160927189217,-0.285744176179577,-0.413655757970488,-0.0691388645038169
-0.843471,-0.674501310457958,-0.372444347064952,-0.536736342581801,-0.0217148030881332
1.27637,0.978518954496797,0.61118147577304,-0.568700832330994,-0.586935783657182
-0.603865,-0.3658413667405,-0.263063937144656,-0.466516644140943,-0.142186251387925
-0.0487231,0.0217881339120399,-0.0049471933865276,-0.528551589530845,-0.51825304684247
-1.08254,-0.912281389393596,-0.55804832446719,-0.720138805733975,-0.351306101492019
-1.30103,-1.01987399515076,-0.563911862523245,-0.623969118656391,-0.305859843684941
-0.492868,-0.29648500514013,-0.148452072649966,-0.493029135377583,-0.280376883240805
0.670261,0.554616017529988,0.349044650220416,0.266170949130106,-0.421842728487162
-0.536565,-0.354944782745632,-0.151730432893628,-0.454143270725815,0.0151191286953505
0.612796,0.551872360109285,0.281575440821951,0.500374272706126,-0.260952501734906
-0.741411,-0.587136030924147,-0.328959994488077,-0.184040347830452,0.133217094031922
1.78591,1.4252255299854,0.732179963176354,-0.355293401797768,-0.645411011797363
-1.10476,-1.02168367765146,-0.541542256213473,-0.849782756564739,-0.13213639278279
-1.3006,-1.03290363713909,-0.567290285500325,-0.835564850168931,-0.372681454545454
-0.938545,-0.80975099936306,-0.455836196309601,-0.862141685876741,-0.501295656210965
-0.73225,-0.532720790497932,-0.286209487477474,-0.827063798503969,-0.491280996877169
-0.840748,-0.655495690083483,-0.346223618141719,-0.750789334004467,-0.275068660652325
1.28853,0.98006921466349,0.602571933875488,-0.558028892646467,-0.740460540943789
-0.609337,-0.421566422975699,-0.25024404390491,-0.518458175941252,-0.223543029493407
-0.0453312,0.0150881152462199,0.00674884527311911,-0.488788675890611,-0.521363709923664
-1.09308,-0.966665462576492,-0.536230549346407,-0.78513310227594,-0.320760525676614
-1.29732,-1.03699394570232,-0.583542955991514,-0.678843088385905,-0.26562346426093
-0.478899,-0.30607464991655,-0.123636358066915,-0.524200347669378,-0.286622596460791
0.707309,0.597976258063866,0.344186134653633,-0.104282405848302,-0.434963844205413
-0.727822,-0.558461776431115,-0.330381217647464,-0.482577462675994,0.141869648785566
1.78789,1.38200062841384,0.776310887267572,-0.193483452083927,-0.517412653365718
-0.958481,-0.783639786042034,-0.441253999739063,-0.540095654236842,0.0974987429909785
-0.731388,-0.448211750675044,-0.271164133947279,-0.400953838387095,-0.0944956611727967
-0.83351,-0.655715584728282,-0.329579600837985,-0.534991743137212,-0.0133649387578071
1.34083,1.02220724086135,0.658396694843946,-0.546918150092978,-0.553974441880639
-0.620452,-0.429126212970105,-0.235052644567369,-0.527104912057026,-0.0532610591603053
-0.0143067,0.0351917074830652,-0.00684455375479656,-0.411981204938886,-0.404825286259542
-0.950802,-0.775909213807733,-0.455953102341392,-0.534639860278744,-0.226344797015961
-0.70436,-0.460766902016133,-0.259767334311669,-0.421197321930217,-0.305207555517002
-0.813912,-0.609629864195467,-0.351620695596808,-0.585911718369791,-0.157464387578071
1.28443,0.957163515602972,0.616421815838419,-0.538824459808758,-0.652504133587786
-0.613614,-0.42922593043298,-0.241725481214426,-0.51399690373635,-0.171997083344899
-0.0166895,0.0377616616242503,0.0054737364962011,-0.471208401424969,-0.51116934351145
-1.06837,-0.941082529072848,-0.529465697066945,-0.753686399560732,-0.304834867279667
-1.27583,-0.984958026215528,-0.572980773398604,-0.646483658341848,-0.250641788861901
-0.483714,-0.295072808232254,-0.102215953861238,-0.520246508179201,-0.280216048750868
0.718316,0.597003820607926,0.293840571405489,-0.0636398324244422,-0.422729789555864
-0.717016,-0.56718515570905,-0.305782324809286,-0.410350411858334,0.131562471721027
1.89999,1.47725562314428,0.789279710882627,-0.231868925606032,-0.575209536780014
-0.987471,-0.904710043000028,-0.480214115532931,-0.666815662593927,0.0705893095072867
-1.25002,-0.96391466137071,-0.565430374534602,-0.544978163944068,0.0167594899375434
-0.230102,-0.121102959467548,-0.0733655437789796,-0.233683823741567,-0.170387362942401
0.486148,0.442699874813341,0.259136093639167,-0.038681410580602,-0.257450551700208
-0.48527,-0.363200544688074,-0.213119910451037,-0.333569844494248,0.132377637057599
1.42626,1.0480604411226,0.561428478306104,-0.165838902452885,-0.425798868841083
-0.806671,-0.653991846803856,-0.37360426114374,-0.429479081502419,0.0625473142262319
-0.768526,-0.501476483559374,-0.32447554014284,-0.290985126893686,-0.0403136658570438
-0.641264,-0.500805206579457,-0.28413828160678,-0.404718743787827,0.0627444146426093
1.17531,0.84364735520424,0.496116085843109,-0.457969745148217,-0.311007876821652
-0.341594,-0.193501492307023,-0.131604031429958,-0.390950022536709,0.114196658223456
-0.0465384,0.0291815578076945,-0.055476092362814,0.111748688079619,-0.0329819625260236
-0.512074,-0.404653635965042,-0.171222115198509,-0.180070701531499,0.202390728313671
1.75327,1.33572920142327,0.739822166916567,-0.450422383179227,-0.391195758848022
-0.859276,-0.700029366779373,-0.413513726055969,-0.477605517589259,0.164225450659264
-0.692066,-0.434335519417333,-0.262780237019127,-0.343280964319948,-0.0595571755725191
-0.735645,-0.558577128439816,-0.309586834093704,-0.438028112552032,-0.00182161880638443
1.3125,0.96625705140138,0.525834820199766,-0.460773658419697,-0.483833924011103
-0.430728,-0.252559605758547,-0.183611314367838,-0.43081419277772,-0.0679061065232476
0.0266898,0.0873039120467965,0.023612202462355,-0.386162081864598,-0.423772772727273
-1.01238,-0.887640862557254,-0.499164526647365,-0.692421426506285,-0.299486084316447
-1.23691,-0.931942465534463,-0.530621812399675,-0.569092575966338,-0.27941568945177
-0.284175,-0.136629409353262,-0.0917230206447535,-0.432754395062656,-0.353580827550312
0.854086,0.620548200160074,0.42699506029857,-0.753219442119555,-0.588437646773074
-0.870725,-0.719604397841696,-0.399830497570174,-0.688967552109682,-0.137394110062457
-0.656879,-0.420159716123141,-0.230080371575689,-0.285687723397513,-0.214573419500347
-0.756972,-0.58747938060701,-0.352888944820627,-0.46725269640425,-0.045593199167245
1.509,1.11917515469094,0.651848665756786,-0.450286141820701,-0.522027587439278
-0.471838,-0.328209154198677,-0.177656210235893,-0.41813663574152,-0.0390316790423316
0.101151,0.115038077471158,0.0566624628057306,-0.39119101740202,-0.408801936502429
-1.01005,-0.912540402586985,-0.505625825693004,-0.68867602049433,-0.203225377862596
-1.24114,-0.941155940980304,-0.561817414004973,-0.572021065221966,-0.15376427203331
-0.365857,-0.18422082567325,-0.0546581641514481,-0.433619256316572,-0.2087804944483
0.847055,0.699941564256292,0.378950430126625,0.023744414853323,-0.386513203678001
-0.678311,-0.518508944986381,-0.283334005495741,-0.374668827535544,0.124456134975711
1.94804,1.55995291349994,0.790677157057182,-0.14502983159771,-0.661254473629424
-1.05415,-0.961575363654431,-0.549154776816676,-0.775286351031808,-0.0754648039555864
-1.22908,-0.962166540304558,-0.543444833968442,-0.773822958042668,-0.274203774115198
-0.88246,-0.73534484194621,-0.39755881497603,-0.801235823758745,-0.396293170020819
-0.65005,-0.423064831887615,-0.243450040970617,-0.745004996149584,-0.365681756766135
-0.761628,-0.605977059844942,-0.338823645944008,-0.674542343448649,-0.0538503049965302
1.56625,1.1080499044513,0.682733184024452,-0.440036901462817,-0.503107578417765
-0.47896,-0.323017771511542,-0.18735165796954,-0.366841800693029,0.185189880291464
0.125444,0.170220276351458,0.0308934527194932,0.186172902059723,0.0426148778625954
-0.405012,-0.268011889280098,-0.128087152696858,-0.295196936294281,0.278976476752255
0.866971,0.673985564047639,0.358217452175743,0.231937701404405,0.0100894125607217
-0.665546,-0.529180658787352,-0.278876489808588,-0.201359951231857,0.483680048577377
2.14355,1.62105751254715,0.869008524951923,0.0726231900483014,-0.329698947952811
-0.570227,-0.440307328576002,-0.23489709999228,-0.279785059159084,0.22942583240805
0.131976,0.152999163092952,0.0497344318741771,-0.401380321643412,-0.269859018736988
-1.03948,-0.949647791351847,-0.51195401922753,-0.71868678761105,-0.121637957668286
-1.25545,-0.923589021656807,-0.527696791612543,-0.618718641288439,-0.138385157876475
-0.445458,-0.232354599454424,-0.113970166571248,-0.459728472142403,-0.166498495836225
0.86971,0.740184709446462,0.428013792920906,0.0317928616148033,-0.358740891394865
-0.69598,-0.528898605166883,-0.299020593676887,-0.466602884911986,0.271612281748786
2.07519,1.57315833663681,0.966149750482307,-0.0946300180256738,-0.462680888965996
-0.951804,-0.764214788043399,-0.439241482489389,-0.497679075957643,0.193796034698126
-0.65098,-0.389049396778254,-0.256445624488912,-0.379338962813913,-0.0443618341429563
-0.785212,-0.64497524247964,-0.352032901104851,-0.63783244139844,0.081551707147814
1.61466,1.1676267117287,0.692608022849338,-0.77223935705564,-0.52862903296322
-0.901232,-0.743053932624302,-0.391054036099645,-0.639789907867056,0.0795562227619708
-0.637688,-0.413984826928641,-0.214378815329444,-0.389172007675048,-0.121439310895212
-0.762688,-0.627035197087079,-0.346993220562064,-0.464105729165495,0.0265160270645385
1.61304,1.1857617444186,0.702436036573504,-0.437987020736814,-0.507405289382374
-0.518603,-0.368907673430698,-0.203139237406938,-0.415655859952514,0.0133533688410826
0.161569,0.161888379751507,0.0595678096843465,-0.365635092789542,-0.4122696648161
-1.03581,-0.936683603367374,-0.51761869450896,-0.704556036112418,-0.187823585357391
-1.25706,-0.94304249244557,-0.552022613747817,-0.590671125592776,-0.134830743927828
-0.392962,-0.230900006999968,-0.0749380141610728,-0.424317831318368,-0.0814937265787648
0.914044,0.723883472299262,0.406807350337541,-0.0475869193400146,-0.205592556210965
-0.672007,-0.532793904054555,-0.297499672699601,-0.535886283404577,0.448749045801527
1.99943,1.68059503978262,0.841205240807388,1.3140683833511,-0.151347705065926
-0.703371,-0.558064322375332,-0.30838398254668,-0.450938258424503,0.653063985079806
2.07453,1.66295973825638,0.889989117194336,1.15797004742695,-0.196194904927134
-0.911749,-0.776777569403296,-0.380241746067003,-0.482621909790645,0.370126527758501
-0.624679,-0.372546915541909,-0.230784887686961,-0.366458265435099,0.0578309621790423
-0.812256,-0.632368365422271,-0.353454942252082,-0.46845768000307,0.13243277758501
1.59547,1.16968648291605,0.701980897350222,-0.457477754007822,-0.503596227619709
-0.549514,-0.382203811907567,-0.187748256279572,-0.44105376713521,0.0117584163775157
0.134854,0.158871974639192,0.0702858966648931,-0.382540438147666,-0.416980678695351
-1.03549,-0.940502237094256,-0.516326740659872,-0.700033075321052,-0.219626968424705
-1.25208,-0.935576869994987,-0.569273259476976,-0.588711782030326,-0.175528489590562
-0.401267,-0.231279203047436,-0.12304359166191,-0.384410183724564,-0.13220486814712
0.948531,0.70837172116302,0.419078778856844,0.224758936026715,-0.304180296321999
-0.453182,-0.303430079408346,-0.141331330386129,-0.357528180469227,0.198935044760583
0.875026,0.719414369232446,0.366963856503582,0.645237797074728,-0.12189583795975
-0.694901,-0.559611064430308,-0.295142113741101,-0.0644605231098499,0.337695429215823
2.20365,1.69427836679886,1.00152473096064,-0.180739368926172,-0.546887009368494
-1.02557,-0.976133363828684,-0.518809864152298,-0.779133336883814,0.0310421776544067
-1.26065,-0.995657338890367,-0.562758558546476,-0.75219600020256,-0.239041539555864
-0.88504,-0.750095185050893,-0.423030945077137,-0.807599212626267,-0.38202018390007
-0.630933,-0.399994897352923,-0.21313909896115,-0.750721072975882,-0.385234348022207
-0.808619,-0.61681026656128,-0.371096894378426,-0.695838807361362,-0.13434427480916
1.61923,1.17595011244713,0.724999850248334,-0.464284750063283,-0.67359858778626
-0.57136,-0.340361746692383,-0.204257601612873,-0.424120887573108,-0.07959173629424
0.111089,0.168237991732929,0.079180184034485,-0.377196454748129,-0.422238219986121
-1.02555,-0.896532327883287,-0.502641710346766,-0.70784136026061,-0.201780701943095
-1.25505,-0.923948805816189,-0.529339388914333,-0.591403236991614,-0.142099725884802
-0.386535,-0.228479826547915,-0.109452534141403,-0.431452456493367,-0.160416684941013
0.927186,0.776010342645313,0.395456340953731,0.0876398431897156,-0.332147074600972
-0.676365,-0.543234388786466,-0.278205782143458,-0.41877217535371,0.308020400416378
2.11468,1.64839366727321,0.877629062965885,-0.0396541747420064,-0.422649805343511
-0.915716,-0.791106213197624,-0.427240683865006,-0.472459003364778,0.260899812977099
-0.622076,-0.422730802128264,-0.231753328791776,-0.347372441099645,0.0412741634281748
-0.780844,-0.643060415894947,-0.342811045101547,-0.46130161940338,0.144769108605135
1.631,1.22489550524922,0.725800866750831,-0.434735491271362,-0.454680173490632
-0.524269,-0.391482007320222,-0.218937175574761,-0.446108533184604,0.0982962248438586
0.179196,0.155708769045461,0.107656427976099,-0.313574833343477,-0.30141510166551
-0.904166,-0.745346581068669,-0.423368431641165,-0.471289152084282,-0.0968649805690493
-0.632235,-0.366798774277171,-0.241799255412334,-0.353316918562526,-0.194887973282443
-0.796095,-0.569753335223627,-0.343141268723903,-0.524039655707303,-0.026489939278279
1.55335,1.12649982324323,0.689971297342229,-0.433830380908486,-0.583046083622484
-0.582482,-0.340668521358494,-0.193426206053476,-0.437964006143396,-0.0342606443442054
0.210857,0.208155370017011,0.11959596322326,-0.382253384920225,-0.437332119014573
-1.05052,-0.918418829854798,-0.503083528848956,-0.707314223785442,-0.181228223455934
-1.25709,-0.941118924190228,-0.536069503765057,-0.598265451964363,-0.110236174878557
-0.406489,-0.25038091692507,-0.114354873478207,-0.421625113993802,-0.124467505204719
0.970787,0.826182013781291,0.480167019701609,0.072387375384834,-0.250280077376822
-0.651211,-0.526880500817284,-0.2866232265412,-0.191272782389198,0.41512959611381
2.23613,1.71371016728046,0.967112510222155,-0.0124749006928084,-0.266358569743234
-0.243231,-0.347313750802804,-0.124347303340205,-0.237102710353187,0.326956528452464
-1.31542,-1.02245134573747,-0.578072159881132,0.0617056994233017,0.538755445593338
0.740819,0.73593711569411,0.394192020463708,0.454014103993347,0.0922844854267869
0.484819,0.355505106561609,0.320560786303876,0.336441176834536,0.285033526370576
0.428922,0.393935614124286,0.232343788499112,0.333781944093073,0.401177765093685
1.29045,0.958466978123258,0.676948837878071,0.221496158236862,0.116000529840389
-0.0121178,-0.065158256080344,0.022219794300929,0.201409735801162,0.322128991325468
-0.828512,-0.546606841502578,-0.327496793561937,0.48142837616201,0.47467220055517
0.245869,0.20373962623896,0.167233609195437,0.317053785976832,0.292902558639833
0.917164,0.632776109308092,0.524766941313531,-0.0605368887456828,0.255194200208189
0.668608,0.654914277285224,0.394430150717294,0.307201474339341,0.334512385496183
-0.154962,-0.0766623855966111,0.0141737855012336,0.778166056790246,0.531670252671756
0.525608,0.441245771146788,0.24993469054269,0.58321170491267,0.432264638445524
1.46836,1.03692993588055,0.757956444508927,0.0623990791997498,0.218445229701596
0.123543,0.0203586347846781,0.073645660608276,0.148956890274862,0.422825394274809
-0.804322,-0.551159691687178,-0.318312796364787,0.609452197044677,0.54218887074948
0.3656,0.255533222241276,0.176233345198823,0.431929735656979,0.260882893997224
1.07442,0.664433252520239,0.594053460288307,0.038469035443151,0.179719037994448
0.766608,0.673117260580546,0.351116034362834,0.176192793697624,0.192782818008328
-0.0687217,-0.0690091682260948,0.0359746363245157,0.137037388505417,0.208985168979875
-0.140458,-0.30385461021966,-0.0960096599751711,-0.184810285336438,0.0403971566620403
-1.29772,-0.949177731181287,-0.580111054214165,0.200604014908221,0.354412514746704
0.937122,0.867708469430984,0.502497893283077,-0.0544195167880737,-0.0899688749132546
0.659789,0.412135455066667,0.358660943813247,-0.26752242990506,0.0717232645732131
0.136809,0.0119750010573481,0.0538483207836125,-0.088928148545797,0.153598350312283
-0.75704,-0.493000382738926,-0.254393699990618,0.545542597729815,0.391293899548924
0.322505,0.261433194521732,0.132536382329549,0.345316651317612,0.205218356176266
1.14226,0.77892925099157,0.603065131900823,0.0474051778108456,0.141360806210965
0.71668,0.665156300497638,0.348483881838351,0.178531117082372,0.183842218771686
-0.0759607,-0.0631285707944643,0.0217958142698475,0.102139033929071,0.223764617626648
-0.128544,-0.257745147431247,-0.0686292833268975,-0.160980541706884,0.129637559854268
-1.29365,-0.925530008135867,-0.585188413572429,0.205969449512173,0.497439967244969
0.964089,0.896538702119089,0.491723985211098,0.183380949768325,0.0721350922970159
0.617308,0.407412686569455,0.337565681798466,0.535883515958067,0.347510204718945
0.646599,0.518530366599669,0.315512327246259,0.541372345043055,0.395310709854268
1.65336,1.1140668663935,0.774372900171092,0.333026265364721,0.0561124033657183
-0.0230649,-0.216424585429744,-0.0242109933008673,0.021233664604895,0.249314956627342
-1.29308,-0.940706506320272,-0.572800255022826,-0.0389062744047343,0.393604006072172
0.257217,0.12924632066668,0.137581275639042,-0.01321603919439,-0.0724662507633588
-0.76506,-0.543206389459466,-0.2978467045375,-0.160879006616216,0.344245480395559
0.481058,0.372915776695079,0.268921932789082,0.221865287116871,0.259004838827203
1.20191,0.741590180332277,0.585195943617311,0.137381280837477,0.293061918494101
0.956799,0.784070689659722,0.373296635811422,0.656524713753519,0.488473572172103
-0.0389392,-0.0175418781308512,0.0575671402417529,0.778190920319908,0.827301543025677
1.04285,0.975116830415226,0.512009644006479,0.786384498748784,0.589794598681471
0.571307,0.440585533551856,0.311613332163657,0.66848887355619,0.791561995454546
0.669581,0.537905512899339,0.335829708400257,0.851997353127563,0.76774315111034
1.63796,1.22128552537031,0.756867341540894,0.576211577656107,0.488272574427481
0.888595,0.737686573210297,0.414000809799018,0.627711262548363,0.503841148265094
-0.0584986,-0.0305162696814726,0.0283918070893073,0.250799409146117,0.507511674011103
0.0350569,-0.203807147398694,-0.0174418292831881,-0.0136247795539931,0.307268919847328
-1.25654,-0.948831443481379,-0.588102775229148,0.33162584395399,0.679093351318529
1.18393,1.0441472593559,0.561493902088844,0.311005179069965,0.223908108431645
0.708442,0.481022326626198,0.347286760188648,0.69957986114153,0.562935407876475
0.840207,0.630350530371516,0.364139723170256,0.724581531604941,0.683659762283137
1.87918,1.25752905750073,0.868207375476216,0.525826803926907,0.433267763324081
0.41384,0.185788569431585,0.208086007514393,0.574902180641964,0.630384380291464
-0.722424,-0.48467770086648,-0.247217706188642,0.93719189502271,0.811429590909091
0.694454,0.466158913503196,0.335002969987562,0.577466109349679,0.464426813671062
1.30125,0.781409600017527,0.620094755540694,0.0500292506459295,0.362837389659958
0.47691,0.259525588287378,0.24816741020334,0.311990740914108,0.487524582928522
-0.695271,-0.471700186541462,-0.248466925646312,0.866493269057368,0.723490285877863
0.730461,0.488445888705409,0.315729040626697,0.695996818848506,0.4237292444483
1.31947,0.839225090287594,0.650044133563618,0.28347242458337,0.408382000867453
1.08504,0.894857687538148,0.486387992881571,0.427908129089749,0.385498356176266
0.037878,-0.00457865405791427,0.0391990470179004,0.334209062463677,0.457342363115892
0.0768969,-0.163851021046028,0.0545614666613714,0.0286492905421791,0.310707097154754
-1.25417,-0.914895831767349,-0.571405989029775,0.401738128449346,0.741458880464955
1.25405,1.13225761789053,0.618290768625739,0.379330661331971,0.348650811068702
0.733925,0.508654437974957,0.36362922415187,0.708847046899712,0.762213166724497
0.950613,0.694561955591009,0.402846380503452,0.935728642843952,0.890500289208883
1.80049,1.35078572306182,0.788797214429472,1.61867499956829,0.815461402463567
0.95349,0.698187287645293,0.390673890694023,0.978721808914187,1.07426884281749
1.83873,1.29426941811699,0.839797735247648,1.52835219257209,0.752443818528799
0.504279,0.257721868933389,0.209500412898433,0.743954614436535,0.827259263601665
-0.721826,-0.494821214058205,-0.2658747127079,0.99269179654214,0.964875827376822
0.743908,0.519218558774359,0.331183240618854,0.781796180427893,0.561400157009022
1.29737,0.813180351409543,0.576750395525507,0.297614178509248,0.478453548750868
1.18356,0.953924400243499,0.547172591632416,0.4438095451876,0.421812509195003
0.0616317,-0.00573730994326865,0.0426247236816732,0.37802466668238,0.520042192574601
0.190067,-0.0714773543706833,0.0713998105138298,0.0892726163566494,0.328880668112422
-1.26544,-0.952103573911783,-0.593492043205423,0.477155973321739,0.78358875277585
1.3698,1.20220060691015,0.665559991797932,0.970690244426154,0.337573234732824
0.756099,0.526478397450603,0.386577046080869,0.645893329585043,0.731426035218598
1.32362,1.19757595855941,0.579283069285263,1.07659076383132,0.653305847571131
0.741054,0.576290831848605,0.372782515258456,0.922103270065386,0.849155839694657
0.95281,0.724390878768162,0.423792267653031,1.02080051404486,0.741374902845246
1.84556,1.3122113894704,0.813635600139213,0.527373323675029,0.367509696391395
0.132599,-0.0960970467019757,0.0503585263865372,0.219685529376274,0.47098486259542
-1.271,-0.92959572799084,-0.579437222833169,0.122648806868275,0.584459396252602
0.467413,0.254248156065778,0.220330240799034,0.151651953230224,0.0667490043372658
-0.688195,-0.489441408995256,-0.254420210272508,-0.00466071510379149,0.503876566793893
0.696405,0.548244389604057,0.335045152630442,0.413262495342543,0.323442388098543
1.47968,0.993204174479529,0.73082424624085,0.308519269632694,0.302915845419847
1.20132,0.964466099828311,0.518908117231519,0.45764276240703,0.368537392262318
0.0861615,0.0334857721136871,0.0974523536242649,0.379999780930216,0.524367648854962
0.104188,-0.0973604797808272,0.0765194790999978,0.107401522305489,0.381011472068008
-1.27358,-0.995876274898411,-0.582745636016955,0.476570940126844,0.817094193789035
1.44266,1.24668478542312,0.66289534018592,0.399887589095648,0.302917325988897
0.861012,0.620393875749984,0.436754675280093,0.792682967099634,0.670379167765441
0.932311,0.76221149657764,0.430754949109547,0.83273717185802,0.783325462005552
1.94976,1.45199784776709,0.910681647375428,0.638221395072002,0.534054619361555
0.412904,0.194157706360804,0.178096070925381,0.641054690262964,0.771406070437196
-0.662729,-0.417966280855034,-0.19171462726085,1.00269896994411,0.961343300485774
0.719659,0.526743310151749,0.352902241514342,0.80826899163017,0.625991527064538
1.51168,0.99806597240899,0.759675099308304,0.335341169404687,0.519096916377516
1.19661,0.950811401167132,0.506790366050153,0.522785616028784,0.552869427480916
0.152,0.0902184593752847,0.13467621967505,0.377096245012808,0.655112416377516
0.396052,0.210372237276949,0.182346418817008,0.478810800690204,0.454285640874393
-0.642241,-0.399917583744461,-0.175695871842536,0.579139151955947,0.745174114122137
0.689447,0.499866791513709,0.329365260300094,0.563143247458031,0.495855040423317
1.50677,0.976273094177474,0.741921320886264,0.338224067910236,0.422278602532963
1.261,1.00790725905297,0.581148317446259,0.481585528815365,0.435776116065232
0.191621,0.109449734515038,0.149058320151774,0.43242532708676,0.539677824600972
0.0730359,-0.148311582964069,0.0206863592309686,0.12138276547927,0.428860580846634
-1.2819,-0.991339454179667,-0.578066860115777,0.519843795111524,0.845999395732131
1.44477,1.28262643637969,0.699971022054644,0.443960464524537,0.317623304129077
0.994939,0.735335166478276,0.515994387477585,0.85212959515505,0.660580885669674
0.955056,0.777073182811529,0.438308008786898,0.879599292756462,0.76834400537821
2.09711,1.62131170405844,0.958380212798356,0.633345445322169,0.420185955204719
0.044444,-0.172199917293004,0.00725103758768385,0.288862826585944,0.778687555517002
-1.28446,-1.01272485980145,-0.572207164228185,0.773099449804462,1.06986739174185
1.4464,1.27033855460833,0.723451679906543,0.79488729699111,0.465696311936155
0.989721,0.699314603140254,0.491901692957159,0.852166421149998,0.774740146079112
0.961405,0.74400666653296,0.432939920461222,0.872414419375921,0.892173749132547
2.07626,1.48664466850226,0.973200909574539,0.700870141000838,0.557157995836225
0.384898,0.188521104694701,0.176174092559092,0.687741588772821,0.827898981609993
-0.633788,-0.394722423733097,-0.201944678793223,1.02038843884978,1.01314338133241
0.73442,0.510689927900165,0.344723727826261,0.830258271583953,0.770947422276197
1.54152,0.996539891384447,0.744396820272178,0.366022145180288,0.725884357390701
1.25713,1.02155614105496,0.620311274426579,0.78946353700107,0.808684282442748
0.222975,0.178524558249372,0.145787827764975,1.35138316875532,1.0400193462873
1.03204,0.775342611506038,0.481042817021506,1.1254230940355,0.900978482650937
2.12552,1.52853668973279,0.949553370515199,0.476324766016385,0.631538079458709
0.461848,0.27807513296984,0.220742619760005,0.574450970642105,0.865866462873005
-0.651003,-0.441877019540895,-0.215055947948213,1.08410136115601,0.992007311034004
0.797213,0.57673806081585,0.359096813870578,0.869819608253092,0.630336535045108
1.58511,1.12020402871343,0.753566328906741,0.381682576080494,0.541183834142956
1.273,1.04735431271434,0.57460887220237,0.533451928110659,0.527551276891048
0.180671,0.114452848549908,0.148357569328969,0.445142334921696,0.5561295
0.0692834,-0.139334081904432,0.0298532429259887,0.141401214654749,0.353722609646079
-1.27639,-0.978607601089157,-0.569203700250421,0.529504380621474,0.727332340388619
1.53643,1.29870247910206,0.735583225567295,0.192987195835018,0.161633584316447
1.03188,0.654508304851567,0.491603882691537,-0.038111328076483,0.397695124913255
0.421856,0.202572724879077,0.171247986280146,0.256962021100386,0.486804016655101
-0.616656,-0.37281538767688,-0.190162287933165,0.958830615237334,0.773027364122137
0.756002,0.52121583915792,0.348424190501668,0.736876826056405,0.536903396946565
1.60811,1.05814521467487,0.834083486586234,0.367792776767792,0.502548115891742
1.2572,1.01000336963941,0.561117957476152,0.54229532043064,0.512158986814712
0.190686,0.118106813903989,0.128387630097427,0.457228158989863,0.591803215128383
0.174058,-0.112406626680966,0.0786109848117999,0.181134911922221,0.460640580846634
-1.2908,-0.966752901700732,-0.557363809146523,0.577462039684946,0.91435364018043
1.55869,1.33762857009325,0.736275128262082,0.49427360765176,0.35718276370576
1.00301,0.734593989606638,0.520575660836311,0.932784483867311,0.704808606870229
1.04834,0.832551167789559,0.457146522055649,0.943849329091671,0.731551979875087
2.19802,1.66116416071315,0.986669536967218,0.678172342822911,0.302153533737951
0.132759,-0.0454616098242443,0.0832758823673597,0.318609680206233,0.500457511252813
-1.29,-0.989249504871813,-0.569080899374097,0.671264444782529,0.604189057763212
0.48392,0.319809541100409,0.254972078547919,0.182722971197495,-0.206419670861568
-0.619715,-0.443788676452688,-0.191533145108042,-0.368288031932393,0.159763369188064
