1000
-0.782725,-0.711415047612773,-0.0644801420124575,-0.821579797628676,-0.511989517696044
-1.11305,-0.928302946796348,-0.214512707580655,-0.577685633468362,-0.294064763794773
0.304823,0.340102047110604,0.0525178533529453,-0.477410912078845,-0.648882185989349
-0.559757,-0.417578481350809,-0.106145211603434,-0.475426979097727,-0.313734396474119
-0.139869,-0.0787397200283303,-0.0307715375174263,-0.309377919749369,-0.424223529810782
-0.14323,-0.134653064649625,-0.0027396270757093,-0.53695385079862,-0.439809860513532
-0.594242,-0.471673446646526,-0.0690351694971163,-0.426355042713538,-0.381519673837613
-0.987591,-0.680130499181707,-0.205605827033813,-0.306803873837395,-0.265713525676613
-0.311911,-0.141302357974048,-0.0259410534161634,-0.317465961414222,-0.315357283830673
-0.246062,-0.0874610450701414,-0.105572130258148,-0.378367930816262,-0.157384852532963
0.247142,0.191229816467318,-0.000932110972562267,-0.10466679190146,-0.15011964573213
-0.326025,-0.103712486602858,-0.0292591496217379,0.107075299696802,0.139044112803609
0.213546,0.0672967672675229,-0.00539351923494601,0.121123143050519,0.197797976231784
1.64583,1.0890824357991,0.365874467840854,-0.153416143740294,-0.0811703006592644
-0.325451,-0.357884293433901,-0.0716168511115085,-0.091192010962864,0.345531647987509
-0.624039,-0.390984134608903,-0.0703058545154302,0.220068068919652,0.334109557078418
-0.0371329,-0.103770815662379,-0.0219720578168662,0.158979943858949,0.24288189833449
1.20284,0.81970446086125,0.389736364453244,-0.0311043304979241,0.0402545844899376
0.507772,0.210971090447409,-0.0171458567313756,0.0252308189906915,0.19719088740458
0.145459,0.0329932365041759,0.0652693734030277,0.0280093234941801,0.0918766400069396
-0.452731,-0.520390150207657,-0.0962276974137161,-0.258661099387839,0.0934540643650242
-0.919474,-0.688607248449505,-0.211574859086826,-0.0188106367103355,0.213333124600972
0.753919,0.45549573894127,0.0581920114023677,-0.116318730617323,-0.100524984385843
0.80804,0.406826036505597,0.180779377377372,-0.376097743806157,-0.0995891197085357
-0.439875,-0.386274600870329,-0.0634393634862795,-0.245115351031019,0.126987994552394
-0.710431,-0.455715774756006,-0.122278579964659,0.211501782417553,0.155236762144344
-0.120035,-0.131380129837289,-0.0191152723942664,0.0825045489271981,0.113137511623872
1.13586,0.71539170384512,0.290738764308248,-0.131813347782609,-0.0705098395211658
0.526985,0.243514146706692,0.00795052797107184,-0.0826413229649677,0.0402931889312978
-0.0398277,-0.0128867355497595,0.0244660275295684,-0.0482970672066842,-0.00611302859125609
-0.662381,-0.58998589165183,-0.107289129321611,-0.347870738727053,0.0455193294587092
-1.02747,-0.757830039351694,-0.248485589528196,-0.207881580376003,0.168149374913255
0.498236,0.449884550988704,0.0468553691069685,-0.129667094254194,-0.0912134758848023
0.521093,0.362818569944592,0.115432987643711,0.196338637265904,0.0102677007286607
0.0302936,0.0172621817695485,-0.0134615693732479,0.16606617167762,0.159199961936155
1.36587,1.05216987302192,0.429247264856788,0.0526070137958314,-0.292578215128383
-0.576244,-0.607674669048822,-0.0934730089405549,-0.506024538783096,0.00712151110340042
-1.14905,-0.798231028557966,-0.225840626329875,-0.419780736728979,-0.0313478605135323
-0.384397,-0.353954872367562,-0.0639208624202486,-0.432703897640947,-0.2738633407356
-0.704031,-0.464775640043038,-0.105533799261494,-0.476582729975014,-0.0651551760582929
-0.05822,-0.129088326826155,-0.0242351552698109,-0.242424679406764,0.00755001908396951
1.02203,0.684839942740693,0.350643398583293,-0.189088341563758,-0.0897678167938931
0.240385,0.197615786085383,0.0209902695712428,0.174126569802755,0.259907250173491
-0.113607,0.00290281133945195,0.0418314482525122,0.527981945038401,0.441585861207495
0.500616,0.319575097078681,-0.0300321520860103,0.311738454565043,0.389591499548924
0.749215,0.508727081251818,0.17602528075697,0.421877687679312,0.416033573386537
0.105611,0.0449601164045634,-0.063386030932369,0.506124704668565,0.622582584489938
1.67818,1.18245124917985,0.406775692059971,0.383984241705696,0.180743117453158
0.423099,0.187994515322625,-0.0515453624028683,0.241522359972847,0.353418323213047
-0.0491383,0.0260327305355681,-0.0183627295204084,0.0424178211447816,0.217799337265788
-0.524771,-0.545825891148127,-0.109194298418584,-0.299807121660577,0.194476189278279
-0.950699,-0.741996988125344,-0.25999317504899,-0.124960028204418,0.31669399184594
0.710792,0.490031913453753,-0.00150238000030762,-0.0372375235262816,0.0561004828244275
0.599772,0.505723124913712,0.187390785390009,0.323667555151503,0.222267534524636
0.149179,0.0502908736108255,-0.0756907737921915,0.298822254702615,0.473323623421235
1.8833,1.28407641463821,0.478941804961056,0.210056522430057,0.00115326578764745
-0.347599,-0.377191462124335,-0.106238331409587,0.0509211415350431,0.417079693268563
-0.456216,-0.380785348991811,-0.184185762577701,0.232080920152366,0.281232271339348
-0.202434,-0.172806877642077,-0.0646710459706592,-0.0787317391139397,0.225716978487162
1.16926,0.806559583960096,0.316386286750424,-0.373190522787372,-0.118447032269257
-0.344162,-0.332189849555413,-0.0981601732814873,-0.216327223503613,0.223930435114504
-0.49943,-0.335742171214828,-0.131384256590915,0.113368643254201,0.191531256766135
-0.218236,-0.175942759475065,-0.0994983761165001,0.158669853418569,0.23519033240805
1.40302,0.930151912434681,0.305042150878395,-0.0617088843950248,-0.0466208941707148
0.372859,0.194615189892131,-0.0633806731497822,0.0182063250193547,0.205439716516308
0.191194,0.0759958372156319,-0.0118152202899802,0.0214515691687975,0.0649339064538514
-0.438584,-0.567052249583797,-0.137110968860933,-0.287704843193183,0.135573481609993
-0.991331,-0.703214543291611,-0.261251984893519,-0.0565469752180735,0.312954212873005
0.655337,0.420485252103724,-0.0301925433033872,-0.0574212738644264,0.108227617106176
0.502513,0.456670106704044,0.214719810020119,0.255947027992411,0.322750101145038
0.0363884,-0.0224176509649801,-0.0841028001007948,0.200128663203612,0.609964590041638
1.74683,1.30357184930242,0.364494222953413,1.19483134127463,0.277091866238723
0.0825925,0.0132869320430431,-0.0880584105387801,0.219064161122708,0.779321840388619
1.93902,1.33156429141983,0.411824509791254,0.916141678723446,0.180679968285913
-0.28589,-0.353443256518541,-0.112925090059617,0.0377119227071798,0.50054027480916
-0.685898,-0.416775417631665,-0.120591106151109,0.227625907438746,0.367758784663428
-0.154735,-0.193306581478395,-0.0520400210062267,0.0321993006555367,0.189909153365718
1.10976,0.718937962320482,0.388670618628738,-0.229517213376108,-0.157620808466343
0.0718511,0.148654235080305,-0.0116924888953444,-0.150509952422771,0.0221928886190146
-0.143696,-0.0084083640831744,0.0635502237792412,-0.179321834426729,-0.141333307945871
-0.767178,-0.60415380620255,-0.0919330410251999,-0.455421927331911,-0.080099817314365
-1.11547,-0.787576472896205,-0.248525499457335,-0.315003625323521,0.0714247242886885
0.342075,0.346046584248172,0.0184875151991632,0.179099977433677,-0.0570168546148508
0.574685,0.494166842442471,0.228764541697245,0.498521612040888,0.0735588281054823
0.313794,0.257077719673442,-0.015052261133494,0.251947067889748,0.245896534177654
0.691277,0.501530025500056,0.223565567266912,0.592794575748716,0.170801210097155
-0.0921241,-0.0438312901174373,-0.0314642920779122,0.391064793022565,0.360348650589868
1.64602,1.29095139314865,0.482579282560699,0.0447059327489575,-0.237435400589868
-0.668394,-0.645431581871166,-0.104953166017098,-0.494015117929211,0.0894054710270646
-1.11378,-0.843607791739479,-0.243818419415269,-0.462371272952862,-0.0537872541637752
-0.525272,-0.432304456383863,-0.0869950335142566,-0.483147447872835,-0.257940300208189
-0.653454,-0.446671248440458,-0.0832687294059134,-0.532791981596772,-0.14431496759195
-0.247137,-0.18920304029569,-0.0505390477195284,-0.275689241430157,-0.0721098030881333
1.14175,0.848355575929966,0.38540008193261,-0.210068228322357,-0.305412214954892
0.274962,0.148378800117655,-0.0161636015371296,-0.158655149275067,-0.0685050071131158
-0.0427577,0.0268052329240004,0.0750435645457758,-0.168154075090261,-0.137060266516308
-0.79142,-0.612633215804795,-0.104131140574654,-0.440990552493978,-0.0517776231783483
-1.17495,-0.788370174023439,-0.237845717929058,-0.303337597351136,0.0695648750867453
0.282283,0.327049505001834,0.00524623746863674,-0.19403799363911,-0.138421808466343
0.488492,0.462497214113262,0.233695901400566,0.149937332595777,-0.0376505312283137
-0.0353381,-0.0637069434533163,-0.0451907464421616,0.00983766785595333,0.239975975468425
1.56959,1.16132337515436,0.509826676846489,0.0203320844386029,-0.184362839868147
-0.597308,-0.441215685384212,-0.120531732443859,-0.124284230190994,0.257553956453852
-0.646462,-0.380415495195354,-0.104820349020761,0.0169084351685891,0.159979915163081
-0.340776,-0.234418807850179,-0.0703277652863117,-0.0692666604376375,0.115563126821652
1.10582,0.785193069346207,0.423394259473254,-0.296213628752336,-0.210268741186676
0.122313,0.108510776306351,-0.0161158229836915,-0.201642864264427,0.0227633431644691
-0.14582,0.0311891577395606,0.070575257961468,-0.177688396868366,-0.0783270631505898
-0.55073,-0.392986100367031,-0.108584584594861,-0.203268704319694,-0.057319724705066
-0.700242,-0.385108289379865,-0.0979463975277726,-0.109344475939681,-0.0125016734906316
-0.352351,-0.196270142564908,-0.0858061707746858,-0.17770833729217,0.0216221512838306
1.28388,0.907940330723972,0.434955768392478,-0.273487450772434,-0.306456534351145
0.101412,0.109979680511969,-0.0398494648019602,-0.186492510460881,-0.0273476804302566
-0.0388566,0.0709596387931748,0.0786420300281653,-0.171727589633219,-0.169242284524636
-0.804346,-0.658136170828813,-0.12759821987148,-0.447823335477943,-0.0623243188757808
-1.10999,-0.780215324843975,-0.262555262712566,-0.34276715922648,0.0313742015961138
0.189015,0.284737033311717,-0.0141375131193364,-0.225104434637468,-0.148917588827203
0.55248,0.539940303364331,0.264993934134217,0.160295795038701,-0.109931380291464
-0.152144,-0.10584494198146,-0.0587153517141136,0.0107582106866053,0.256810475503123
1.74254,1.32477514225416,0.558923094235228,-0.0743307165737029,-0.273076119361555
-1.06442,-0.873747322495916,-0.229140966982311,-0.17968900893708,0.545824281748786
-0.979876,-0.72635312653547,-0.230353480136676,-0.210273102825588,0.61996895593338
-0.336864,-0.21509657660344,-0.169732770219069,-0.418938152949229,0.91231534906315
3.22775,2.66794436699579,-0.42086905902949,2.77085092549915,0.469171324427481
-0.664925,-0.606571726020761,-0.252150276653908,-0.634114765816065,2.02864808466343
7.20227,5.14747420334371,1.19929200509838,1.19791092183095,-0.0280577414989592
-0.983539,-0.833645790549141,-0.250044374164566,-0.505935160221358,1.7185837480916
-0.384444,0.0497288282831252,-0.175748246826868,0.0647708401622258,0.99016675537821
-0.806869,-0.624002198886824,-0.199681109667365,-0.460514226985754,1.07947931644691
2.98028,2.22983806666048,0.806760709532142,-0.321176474392963,0.0293144035392088
-0.534676,-0.356302273731432,-0.0932261250868452,-0.405526743357813,0.865050647467037
0.542728,0.588018191006149,0.101957556552427,0.428871509985905,0.272914400763359
-0.711222,-0.503313971211134,-0.131876245086909,-0.223445390330812,0.739914197085358
2.95926,2.19789909603413,0.657672459425163,-0.31988835940622,-0.249068090215128
-0.901644,-0.758150275279628,-0.207578557949615,-0.514244612446632,0.598623336918807
-0.589354,-0.193944844953543,-0.156492404673723,-0.332194963683402,0.242853243927828
-0.821693,-0.634890675792036,-0.206346688789714,-0.502512295626782,0.400477331020125
2.4117,1.90138884373203,0.287107913954962,-0.110430983663276,-0.373200482997918
-0.613162,-0.449676939158905,-0.159460254787022,-0.507046877557347,0.419577595419847
0.835722,0.872052184381815,0.029420946170279,0.198041589708767,-0.253465376127689
-1.01132,-1.00785395719972,-0.26654952210052,-0.580644375098983,0.0583562029840388
-1.01268,-0.810439178841063,-0.294941729915194,-0.569878308541983,-0.0195978542678696
-0.567035,-0.353059172185331,-0.154975578256046,-0.514338456388203,0.118897831367106
2.29621,1.60770220482298,0.285455469457711,-0.780670029295852,-0.550332302914643
-1.04626,-0.805757544660777,-0.250598403647373,-0.756625237550023,0.317730381332408
-0.469299,-0.0478071351834454,-0.141849458864153,-0.193565237919515,0.0839019743233864
-0.824453,-0.691972616057525,-0.241292582645245,-0.575022539313397,0.373158247744622
2.81895,2.0866427691513,0.539814517705994,-0.351444316878925,-0.452042566273421
-0.65027,-0.433630093186389,-0.158441860580983,-0.417870476838824,0.388274345940319
0.566642,0.597341282084551,0.059342441318102,-0.255793454735835,-0.276552289729355
-1.12541,-0.977870101705496,-0.259138140560939,-0.68147627044231,0.0496169607911173
-1.1176,-0.88913491553714,-0.299363615155387,-0.685004924852666,0.000908356002775779
-0.520311,-0.351773870099988,-0.129648508076953,-0.48037228952116,0.0452279215822346
1.44144,1.2740449611958,0.326510514476029,0.419963651288793,-0.31742327758501
-0.853704,-0.616059255096145,-0.175965290083057,-0.438244013849352,0.447210029493408
2.86777,2.25938422759538,0.675286417839912,0.12032826762157,-0.640682298403886
-1.0416,-0.991654071280085,-0.251497186309993,-0.847341131924125,0.137199184594032
-1.26618,-0.939529072880695,-0.301790226537978,-0.815555210932401,-0.143156996877169
-0.959031,-0.78234403966883,-0.215512258049967,-0.88710982470877,-0.292881693268564
-0.578127,-0.232026295272855,-0.125521561940691,-0.745189583508453,-0.330204473976405
-0.921859,-0.673597362761541,-0.212454016794435,-0.745276432854343,0.0754401561415683
2.03905,1.57928193076452,0.537575212188713,-0.439438824519593,-0.544484768563498
-0.605179,-0.427813679544399,-0.122702430463884,-0.504664440047824,0.319482505204719
0.260025,0.3976206445179,0.0479027368375261,0.288889497257416,0.0975231727966689
-0.59872,-0.38262251580023,-0.115918219419232,-0.3804997636382,0.447881582928522
1.31431,1.04532119476344,0.271367674123946,0.399819817720752,0.0366013466342817
-0.829038,-0.608046652633811,-0.181785260280132,-0.384481617910816,0.705564864677308
2.86855,2.10148198023273,0.655011403328306,0.185304616387327,-0.363982578764747
-0.76031,-0.471434969088768,-0.147177847078942,-0.435232086354135,0.402814078764747
0.177504,0.351681351468027,0.0219022235731157,-0.396007011702459,-0.220636913601666
-1.14458,-0.960477957713356,-0.245155878305889,-0.753448511309128,-0.0318397519083969
-1.21732,-0.894542760170573,-0.303575868407494,-0.725896173298433,-0.0848113993754338
-0.550478,-0.319853180846468,-0.0968733142355703,-0.512431224297535,-0.0246587453157529
1.35173,1.15320186809664,0.301252401977805,0.297616634394828,-0.345197264052741
-0.809365,-0.648325998177381,-0.191563786257343,-0.516599672315432,0.482349234559334
2.65223,2.07285867574755,0.617185529701,0.113403781843994,-0.444200746703678
-1.0303,-0.845012792006712,-0.223063268471132,-0.563369668633089,0.350400506245663
-0.613009,-0.317422234683166,-0.13877118415369,-0.432567244707612,0.0269093053435114
-0.905205,-0.720831674892532,-0.211624472427371,-0.713696261501875,0.188742522553782
1.90882,1.50015486999898,0.471192156749678,-0.805677109630729,-0.54697310721721
-0.994187,-0.779377034465902,-0.220625263866359,-0.741889377170747,0.157480705412908
-0.594891,-0.290180358779922,-0.15440613352565,-0.467281557070389,-0.105204401457321
-0.925134,-0.683213361462109,-0.20349686673245,-0.537387646085729,0.116112840388619
1.91386,1.46960322300121,0.455749243621442,-0.416591797006511,-0.52228928834143
-0.58253,-0.411049411028241,-0.162899046720499,-0.453115940447833,0.114492564191534
0.360998,0.346122449946738,-0.00569336193457724,-0.344257547289421,-0.388360187716863
-1.0483,-0.960611482264445,-0.274327541861831,-0.685006642980561,-0.0962888501040944
-1.18249,-0.913382051199067,-0.32085531301219,-0.616576652945046,-0.0675506696738376
-0.498904,-0.289883075015273,-0.115172881461831,-0.37170341144199,0.078694989590562
1.17386,1.0089187889484,0.262992758816036,0.1074374596592,-0.0933775201249135
-0.635459,-0.549652568948649,-0.176691156928927,-0.507295619927456,0.688961355308813
2.53821,1.92900795342897,0.405575080015625,1.699943370845,0.00516617626648153
-0.682671,-0.49772708796744,-0.199728654261336,-0.338217325196004,0.991645907356003
2.80321,1.90498860230744,0.580133054900128,1.41041157705341,-0.0380886568355309
-0.728973,-0.715547494266088,-0.250709841295237,-0.391188843301626,0.641922399028453
-0.559722,-0.256076772363455,-0.182197821413033,-0.229307893970161,0.302439937543373
-0.695035,-0.579384509444171,-0.239723183592669,-0.343807720829576,0.346317967383761
1.85161,1.27086275460011,0.419844352464569,-0.289560899166213,-0.341072292158223
-0.470285,-0.310911697603106,-0.152618578026313,-0.325620579799263,0.229989781401804
0.382264,0.333676354389652,-0.0399686490336534,-0.132536548842218,-0.252820198473282
-0.830831,-0.871891612238969,-0.281491412830185,-0.52290166528742,-0.0301724781401805
-0.958318,-0.795921749884974,-0.337974324597156,-0.452247307011331,-0.0171609212352533
-0.381565,-0.240603006880499,-0.135474053403574,-0.311335207664498,0.0996881210964607
1.27507,0.913733607002904,0.23888031536917,0.591806667120506,-0.158225528105482
-0.564259,-0.353737948572954,-0.140699118974802,-0.257495421918171,0.481671136016655
1.28839,0.902604486826419,0.170911211165339,0.958686868288443,0.0560691193615545
-0.59309,-0.472447810955102,-0.198739954311166,0.0015611384246691,0.647950778625954
2.84158,1.79783130654834,0.500757950336304,0.053632933939969,-0.356019143997224
-0.807242,-0.837600907675047,-0.286745026907383,-0.585781287168086,0.328298084663428
-1.01294,-0.793905295767642,-0.332073796919889,-0.566692872051648,0.0125775839694656
-0.714947,-0.624351842516442,-0.251802405017549,-0.613012474146594,-0.125808665510063
-0.405563,-0.212011187214166,-0.171502937191595,-0.527967657387123,-0.16211442297016
-0.651713,-0.567069257513866,-0.227679736419808,-0.507741851928313,0.106250827550312
1.92603,1.23915118191408,0.407006774526382,-0.262751327022885,-0.478800632893824
-0.420379,-0.299774469345384,-0.161042667890202,-0.226437656485774,0.160516785218598
0.380721,0.251607362944045,-0.0526716230150354,-0.182644484541713,-0.217961238723109
-0.817477,-0.81347079387151,-0.249171926150266,-0.447829360798469,0.0177276256072171
-1.07298,-0.793258262496598,-0.365792905760049,-0.338711311508796,0.0806521630811936
-0.108012,-0.149065448187213,-0.132840326195095,-0.297496065574615,0.0357153077723803
1.20563,0.846911465072175,0.195105956074167,0.238978111780856,-0.158641752255378
-0.661213,-0.475725359765815,-0.208709056638668,-0.222475673707907,0.535161428174879
2.31323,1.59444047131435,0.360691815274884,0.16748158402473,-0.25463283240805
-0.742773,-0.746344322115147,-0.266080736331395,-0.379413073223301,0.43491262574601
-0.377628,-0.240671212319198,-0.186974931895418,-0.249852097224905,0.183915961832061
-0.701781,-0.591391604591308,-0.241102397886422,-0.338800608796962,0.308358364677307
2.00914,1.2170153486557,0.344776805212449,-0.407802289766771,-0.414663869535045
-0.553381,-0.343209963164945,-0.20140299380905,-0.340594548307311,0.176450634975711
0.0946404,0.179796423510806,0.0242899860016809,-0.384094173199477,-0.289443182859126
-1.00618,-0.762221341430907,-0.22685891034533,-0.553512106325738,-0.136007947258848
-0.731818,-0.419590281572282,-0.167760552778934,-0.454545955976371,-0.274033975017349
-0.875094,-0.667308940416332,-0.194736852952793,-0.665772218056577,-0.137927531228314
1.41752,1.10469312545739,0.361151667905899,-0.575883913746055,-0.7163556648161
-0.78851,-0.487519112466089,-0.142519344084792,-0.556499686081871,-0.17247921221374
0.033554,0.122225257381701,0.00680279092800516,-0.526508124900216,-0.592357691186676
-1.21017,-0.968584461157411,-0.268983828818738,-0.846012068214953,-0.349262098542679
-1.31564,-0.948922414792687,-0.317579028375124,-0.801924387362926,-0.331440475711312
-0.674049,-0.337409690160434,-0.0891057211825127,-0.556659046745615,-0.313309958362248
0.713713,0.688220055205722,0.209795563490067,-0.163115928379163,-0.482708687508675
-0.786456,-0.592943856211678,-0.17374918523475,-0.517791207073497,0.120572000346981
1.81789,1.51715160329411,0.47302415899809,-0.236010771741639,-0.541485268563498
-0.855927,-0.772456041903881,-0.126619766938845,-0.681441947676414,0.108257524288688
-1.0792,-0.828504388346813,-0.210749130957528,-0.546717031735887,0.0870638917418458
0.0396146,0.0133400905400195,-0.033197963494514,-0.203096037443076,-0.120540560721721
0.408935,0.432435567585311,0.176132956585476,0.0301471372221684,-0.135089683206107
-0.417739,-0.349409229355785,-0.0831727590050772,-0.23278494524304,0.204691636016655
1.62648,1.24118148034741,0.472570538282861,-0.174202838900437,-0.393644542678695
-0.7942,-0.623974887277965,-0.135961334679674,-0.417856248949525,0.105670884108258
-0.867444,-0.508005831770024,-0.137591443501676,-0.252932009630727,0.00179664732824422
-0.636536,-0.457600280116611,-0.0947782878087725,-0.325506411712036,0.0620014625260236
1.14796,0.830679647115752,0.384266448697197,-0.515429868793112,-0.295510742192922
-0.13242,-0.169129342293826,-0.0781657253000169,-0.401219262678751,0.0599002272727273
-0.306893,0.00899577395419145,0.018770351522072,0.210548358075528,0.0248723081193615
-0.42254,-0.333444865985599,-0.0825270147541491,-0.108808465064936,0.163982446564885
1.65747,1.27021553700021,0.531094971901861,-0.4343720928061,-0.358580837265788
-0.819975,-0.594184244866464,-0.139811376266304,-0.382013750532914,0.17589416204025
-0.586025,-0.44113182135685,-0.158454292232699,-0.224441656264655,-0.0457809503816793
-0.558528,-0.471571663502998,-0.112724217604879,-0.320214525067284,-0.0193853254684246
1.12094,0.883699294951461,0.405200361039507,-0.449815334531755,-0.415865788688411
-0.262872,-0.129602764739022,-0.0732349352416439,-0.372687956642269,-0.126645158570437
-0.217365,-0.0309718363858771,0.0200613875644045,-0.357271601242199,-0.377629181471201
-0.945204,-0.767892580455512,-0.149113340380005,-0.673846270903637,-0.33929433795975
-1.21781,-0.893789984783112,-0.295171377113055,-0.558120753843504,-0.297453410825815
-0.146198,0.00952077799291156,-0.0477532656634544,-0.507433890512776,-0.432661176266482
0.447098,0.44471916539036,0.220381643743341,-0.748454359548841,-0.527735070437196
-0.657001,-0.604516290262899,-0.146070968240595,-0.653738465566522,-0.247908968077724
-0.848207,-0.497949646910065,-0.144697835389327,-0.168910079893907,-0.198638926786954
-0.566557,-0.400847464675914,-0.0905165290708427,-0.322321830867952,-0.138215973282443
1.19164,0.930146555515381,0.431508681651492,-0.474585554573707,-0.471372943927828
-0.176111,-0.120573371061382,-0.0663843350832099,-0.428504943926191,-0.161236130117974
-0.266976,-0.0324813294907483,0.0225878939899539,-0.336494154948511,-0.335704320610687
-0.898188,-0.740880224762026,-0.138043900993033,-0.663158492484275,-0.245572462526024
-1.25259,-0.913383642602718,-0.295778313359801,-0.507997460971909,-0.122366370575989
-0.0695644,0.00831188886034051,-0.0535534402582206,-0.425580053304586,-0.258419897640527
0.509044,0.558997464657376,0.217207950277887,0.0866171787262624,-0.259784869188064
-0.383646,-0.341351467190654,-0.0914819303161039,-0.209635802340994,0.0802845572519084
1.83266,1.49758791781615,0.569671593238509,-0.180192562706448,-0.57554594517696
-0.926348,-0.819671989645509,-0.165203434419375,-0.6905349364251,-0.0652209833448993
-1.22632,-1.0032498136635,-0.299266432346632,-0.668772117631993,-0.226461572310895
-0.698632,-0.633083681136634,-0.127509208001344,-0.734139475455549,-0.424029325815406
-0.78725,-0.558523338618612,-0.155177698364002,-0.704577783166972,-0.321160807356003
-0.617566,-0.450844404615127,-0.100063868074329,-0.572442593231117,-0.124919422276197
1.18202,0.964106389709331,0.416377798657307,-0.454115748183546,-0.425899420853574
-0.326725,-0.185977989418136,-0.0746339755123355,-0.229477085848107,0.132503710444136
-0.101716,0.0541379108154034,0.00745652434526038,0.2479749590128,0.155905341047883
-0.0865418,-0.11239934637769,-0.12647790185013,0.0599586825040491,0.307147057078418
0.800773,0.598732152170343,0.153254409795621,0.344945060692022,0.225499049791811
0.0648041,-0.215742783120428,-0.148736438938341,0.116381353368965,0.534260673490632
1.88373,1.39691359411905,0.472172578696952,0.279921971339145,0.0235299682512144
-0.0370446,-0.093840586742444,-0.126836816029027,0.185823736207367,0.385248555343512
0.109302,0.100002525205863,-0.0590758508102097,0.00163177056012581,0.0861114131505899
-0.58319,-0.653499784211729,-0.202791166367129,-0.33222614410237,0.145674212873005
-0.819039,-0.696393943567579,-0.353967319057124,-0.230244679670322,0.183947207529493
0.131381,0.0802579832194413,-0.116365981363008,-0.146623888987289,0.0928787147814019
0.806563,0.648563957405228,0.166160053539352,0.338197705863974,0.0558983294240111
-0.216809,-0.245452481554519,-0.149347604211299,0.0677678465579821,0.51682086814712
2.20228,1.52944283805986,0.46857283571184,0.126602626616369,-0.0998642328244275
-0.37872,-0.497100602637228,-0.184262531117484,-0.113870601192676,0.427284561068702
-0.507238,-0.34442757233924,-0.193381791840503,0.118084516207821,0.296402712803609
-0.383607,-0.329679224583294,-0.153150409836651,-0.0636581339541934,0.314054767002082
1.50345,0.93154784280287,0.372473914551455,-0.419261724824414,-0.145189262664816
-0.200694,-0.402358461306943,-0.196060906620349,-0.245041668995377,0.252875683900069
-0.578576,-0.312431464999216,-0.190426139056014,0.143749075635599,0.232920207841777
-0.0795517,-0.274383521727472,-0.142567662867586,0.0150204021860297,0.177401028625954
1.34688,0.873826828438542,0.385838795622213,-0.107702999422161,-0.125931577723803
-0.0559385,-0.0467333432386581,-0.139669835259064,-0.0481451093449752,0.182410587612769
0.195071,0.11857039536318,-0.0189291785144856,-0.0575387173727959,-0.0977141908396946
-0.626266,-0.642649537471414,-0.215352639606266,-0.392217230097595,0.0335586839000694
-0.95594,-0.742861489663803,-0.362964062950263,-0.238053724226888,0.142455738653713
0.10846,0.057054545187719,-0.116578363036861,-0.168657360974704,0.109252046321999
0.772936,0.675824539227784,0.171808844976496,0.278378273114585,0.14637217297016
-0.226219,-0.254315568164363,-0.151492372667954,-0.0595453225017027,0.632198585357391
2.02159,1.59641277223608,0.464545609487265,1.5448674930986,0.171413500346981
-0.168281,-0.242264648682989,-0.143852106464142,-0.0260895821098218,0.840757975364331
2.1154,1.56653426611593,0.457387824342413,1.42739050316397,0.137575011346287
-0.404744,-0.505806410694235,-0.187201613405026,-0.0595768253793752,0.566573157113116
-0.489413,-0.339816748069255,-0.200040838914833,0.113542581038543,0.355907732130465
-0.370811,-0.360208284610638,-0.153693954631055,-0.0149971406623275,0.311311806037474
1.51991,1.05176936592707,0.396326218537808,-0.24791375696596,-0.20349460333102
-0.0484233,-0.0771924457997383,-0.111414801322713,-0.183920248372908,0.116206302394171
-0.0442857,0.0857584306148061,0.00201833224061168,-0.150583179858369,-0.137586165822346
-0.649965,-0.692616288803022,-0.215996107785047,-0.5617163593122,-0.110054353573907
-1.18776,-0.799393888452117,-0.35495193214126,-0.306384159436348,0.0299197890353921
0.0172332,0.0634873826339491,-0.105112873473219,-0.0566248860727718,-0.0491189913254684
0.663739,0.577018227112112,0.21064311657244,0.352588492751004,-0.0399569388619015
0.0520786,-0.0238941668342324,-0.111967071322536,-0.0249744003159078,0.246538682616239
0.690105,0.653882452505984,0.210326950974948,0.671617021459791,0.137887473629424
-0.243797,-0.256791879958887,-0.143703715356008,0.248221665033566,0.43498455204719
2.23688,1.5821388951999,0.52673158124942,-0.0469858328552935,-0.312492697709924
-0.775761,-0.709935313324629,-0.21803764944497,-0.477873935498154,0.212483506245663
-1.11924,-0.854443124387043,-0.380380490354854,-0.458111414341028,0.00980111575294929
-0.441426,-0.505818441621934,-0.179884199030015,-0.516009762774297,-0.21732394240111
-0.597493,-0.354133650368478,-0.205303721745154,-0.480780118022341,-0.107486218945177
-0.310994,-0.342408320316745,-0.161413050680779,-0.369413291738056,-0.00608015093684934
1.61931,1.06936074911799,0.409447590699875,-0.314183822660798,-0.429080328938237
-0.209171,-0.119197544903555,-0.102382694544271,-0.234646412185244,0.017849429909785
-0.101567,0.103771088415884,0.0234598442169122,-0.21356137677955,-0.197255369882026
-0.912951,-0.712998490463822,-0.18340847469737,-0.490851430520957,-0.0645378514920195
-1.11993,-0.81217165754183,-0.346793478845822,-0.416832064782372,0.0408269441360166
0.253093,0.0592206103305111,-0.0923848099333903,-0.34719151908684,-0.113324369535045
0.794267,0.70516944956217,0.257079353545021,0.229299944583704,-0.105901231783484
-0.397685,-0.278365985073891,-0.126917743958366,-0.0468127469029516,0.367591295281055
1.99976,1.49039041584686,0.559799740351176,0.0347681648471843,-0.272413831609993
-0.697893,-0.603270385792175,-0.196017897239725,-0.278770390099924,0.28989847147814
-0.831813,-0.513219002945133,-0.163035556674392,-0.0698622573107266,0.180822976058293
-0.486229,-0.408424384342817,-0.123723571786568,-0.192665013792428,0.139957488202637
1.43444,1.05868169284766,0.449193279789102,-0.373774848241411,-0.29885002463567
-0.0288257,-0.0891564119555496,-0.0870571639374156,-0.311640809345339,0.0717759255725191
-0.0497847,0.0716707114864772,0.0558421268500147,-0.197414494001939,-0.123487478834143
-0.637749,-0.554142216678746,-0.173470282076489,-0.278724164128853,-0.0641185871616932
-0.790881,-0.440054344564605,-0.17122744579927,-0.134692027610016,-0.0226795884802221
-0.484496,-0.370400989205733,-0.14059304581796,-0.270376399206127,0.0426838403886191
1.55171,1.08973874583354,0.465730803200048,-0.346209444503765,-0.387358370784178
-0.0353085,-0.106749681768157,-0.0989062838480677,-0.294602835578811,-0.000581934489937486
-0.0120667,0.0974635167823949,0.0641746756484053,-0.162666351243987,-0.207612909958362
-0.807248,-0.722774072051604,-0.185958185742807,-0.482288783108554,-0.0995561852879945
-1.10506,-0.836960808325449,-0.340497493541011,-0.383642977235301,-0.0269959708535739
-0.0866714,0.00285249075733122,-0.0777809187270849,-0.355043736863801,-0.148591653365718
0.603282,0.675920740866546,0.241532512678092,0.146958459516055,-0.18662365741499
-0.416545,-0.330530481368097,-0.13872119434791,-0.170828172630797,0.232209704319917
1.94882,1.64526655019702,0.579010756730169,-0.137648860395969,-0.411848204979181
-0.894677,-0.758270319346622,-0.187409720835832,-0.546397474784243,0.230388094986121
-1.13108,-0.931085528560572,-0.327683449710088,-0.406668296811107,0.192911205360861
0.00455293,-0.0154379590638156,-0.0831232278814574,-0.142246564170326,-0.000582420888272067
0.674605,0.700958632903258,0.276887162473237,-0.0774479837337564,-0.0416882320437196
-0.339918,-0.310487414459261,-0.139460394248196,-0.162400478204479,0.389796755291464
2.06127,1.61583674120038,0.20443362603707,-0.108382341244153,-0.282334728573907
-0.666379,-0.617374642746148,-0.182511236313463,-0.280877989794599,0.297269372154754
-0.720369,-0.45367214299002,-0.166214528588437,-0.101417429036091,0.170856073674531
-0.496626,-0.436449908897016,-0.144734953751567,-0.236353052585861,0.228900381679389
1.33586,1.08047605820559,0.46469491659957,-0.388769991757575,-0.156311412907703
-0.148785,-0.127580565808422,-0.135541439867341,-0.246335100069508,0.244357714781402
-0.10981,0.115485866546267,0.0572444086550666,0.404274384937053,0.153249394170715
-0.262918,-0.278282294376365,-0.135920841617156,-0.030660850745212,0.320312009368494
2.07848,1.6094310988346,0.627118126179834,-0.376047440250064,-0.28818244240111
-0.716439,-0.568768697783666,-0.176702417630954,-0.372137819608117,0.270509431991673
-0.778651,-0.453054764482582,-0.179046931064785,-0.0888044630126994,0.0599880714781402
-0.643387,-0.456086471830782,-0.142052694541828,-0.284570184436653,0.0421741065232477
1.28468,1.05350589507808,0.481023525903931,-0.458400668493359,-0.410636640631506
-0.254053,-0.152161573605104,-0.11446370643953,-0.430401967530359,-0.0728219581887578
-0.136887,0.0893413617454716,0.0348393829036385,-0.312777388037898,-0.353029916897987
-0.947333,-0.744923555346065,-0.169624207025845,-0.61653985342897,-0.29508820315753
-1.17738,-0.867969551356248,-0.321644711061504,-0.524917062980037,-0.258470386710618
-0.0645863,0.0220502004272134,-0.0901042298657395,-0.488641392446557,-0.398366460791117
0.573642,0.595314536869309,0.303963995764217,-0.766524590227392,-0.525062767002082
-0.762984,-0.57898504542664,-0.162717466334883,-0.633730780429656,-0.204752302741152
-0.922583,-0.491457972304247,-0.164142503744301,-0.11459691774,-0.173070032095767
-0.54544,-0.435448629565145,-0.114498077647042,-0.382661451672077,-0.123092118494101
1.39341,1.09915129867862,0.533271989981539,-0.501334614808286,-0.499628326162387
-0.267799,-0.14455288488942,-0.0819064832533315,-0.42101598687329,-0.128097539729355
-0.206472,0.0615096948557013,0.080483640146823,-0.31789248199728,-0.367623984906315
-0.991687,-0.755422182872072,-0.166639468858508,-0.67578090529066,-0.251266363809854
-1.32251,-0.903107308373799,-0.313105614177578,-0.554687427080781,-0.140212819743234
-0.0880147,0.0280533821034445,-0.0576259418391601,-0.464652250709984,-0.290072874739764
0.481173,0.602496200007585,0.316743181036382,0.0677912018451576,-0.290861227099237
-0.431873,-0.320736104604711,-0.108742878379314,-0.224577424869406,0.0600102003816794
1.84913,1.51437443924944,0.664924895535223,-0.202099671543694,-0.609985302047189
-0.844799,-0.799827734992129,-0.175209776206247,-0.787156109325422,-0.120969205239417
-1.34053,-0.993352344708867,-0.310793607287498,-0.683186360549463,-0.252946388861902
-0.828005,-0.630981700803339,-0.153956407004892,-0.762371575901738,-0.4639663407356
-0.890348,-0.530690029743561,-0.119253510163319,-0.730126364820727,-0.365766199514226
-0.649776,-0.440681745481519,-0.112414544265527,-0.662725380786768,-0.176285454198473
1.29303,1.03342575056975,0.5137020497402,-0.545270504155069,-0.527215592297016
-0.395672,-0.153616321388044,-0.0873830877948326,-0.305584270299498,0.0517348299791811
-0.205297,0.0870096281031673,0.0908448322910176,0.201000505119568,0.0394710072866065
-0.253609,-0.108291191135703,-0.0835584830359155,-0.21106703265497,0.156539711311589
0.561291,0.583249748715019,0.298299664192262,0.165079451121579,0.0449083726578764
-0.471288,-0.310304234446024,-0.116953797073738,-0.0178665085300505,0.415733967730743
2.05014,1.48118305955386,0.669403528338749,0.00318128938772225,-0.275414244968772
-0.161462,-0.180890766945633,-0.0989173582003139,-0.241921559258235,0.141240561415684
-0.207614,0.0634611186459077,0.0629024789135645,-0.29306609333021,-0.171077414642609
-0.961404,-0.764204254575297,-0.165557504646942,-0.665902104415944,-0.148300244274809
-1.32065,-0.907674645293039,-0.306094450164201,-0.536459161824848,-0.101504290076336
-0.240417,-0.00968018410816347,-0.056408211011603,-0.460821309651428,-0.210669936155448
0.57919,0.672012143350578,0.307013637542388,0.105625266634862,-0.26307326925746
-0.47039,-0.339826219875792,-0.108823700697129,-0.272551940247104,0.236663565579459
2.08063,1.54762689704798,0.670997809250655,-0.15750970733961,-0.411385568008328
-0.716681,-0.623792185846322,-0.160863315059394,-0.411312213475846,0.160957398681471
-0.935261,-0.513368535960519,-0.139564377948863,-0.136747787353021,0.04426543407356
-0.666415,-0.476170179069205,-0.121021079299407,-0.443667471186638,0.0541329909784871
1.51532,1.16856798488606,0.502743311115223,-0.769970706558877,-0.466980455239417
-0.673293,-0.578315984893656,-0.157609938429069,-0.600969805515394,0.0519729094378905
-0.822417,-0.458894616001486,-0.159809020795671,-0.170427474037263,-0.0264594424011104
-0.578212,-0.442503376821613,-0.117345913983829,-0.254143397715808,0.0358645589868147
1.55881,1.09671093321766,0.493972995774105,-0.423803058601097,-0.400403156141568
-0.139047,-0.12239939120272,-0.100581906689553,-0.359012579384772,-0.00462580950728653
-0.1216,0.0809043264247069,0.0463767375847859,-0.210724381091792,-0.252921286953505
-0.801332,-0.724971393576853,-0.199089539531851,-0.569098371909803,-0.164233529493407
-1.13508,-0.808997851539439,-0.343901286925296,-0.442795895355206,-0.0613993181818183
-0.212726,-0.0130913180999155,-0.0906025560703034,-0.357284770959853,-0.0548305742539903
0.531477,0.628800076716624,0.239353937466474,0.139220711570436,-0.0302702598889661
-0.349461,-0.317380895944181,-0.119926327447039,-0.261897363993739,0.457767271686329
2.0439,1.46691607040457,0.51961513070741,1.38557917588169,-0.0201976283830673
-0.326998,-0.325985386762599,-0.123592719962975,-0.214408456682588,0.685109182859126
1.9125,1.56249833391657,0.533670384174888,1.46095395591694,-0.0306960669673839
-0.658197,-0.625952207526316,-0.179114344989881,-0.252160474070502,0.403508610617627
-0.690893,-0.468110967981365,-0.150403319326641,-0.119383275610328,0.180216544413602
-0.549903,-0.441363176740857,-0.123665412702059,-0.238912516307589,0.143354580152672
1.36261,1.00547223880606,0.408721585420363,-0.393211052373776,-0.36423547258848
-0.200134,-0.19135935327817,-0.101073075249699,-0.352402228917115,-0.0200713265093683
-0.0873302,0.0372077640268855,0.0320422681318836,-0.293638872721983,-0.289055261276891
-0.875871,-0.754367067545693,-0.172658509662363,-0.622788755405566,-0.200793782095767
-1.21769,-0.854770581779311,-0.291458173356588,-0.452057495656552,-0.0952770888272033
-0.139099,-0.0303916965565631,-0.0828941364880083,-0.233646711205046,-0.137472633587786
0.764487,0.530523999684229,0.215696803560519,0.257461810019027,-0.202226004510756
-0.203641,-0.0570032374896418,-0.0883731647498581,-0.1110760216197,0.158465723039556
0.534028,0.505849629361921,0.172693307487528,0.655264350182246,-0.00263520333102008
-0.182972,-0.304297599115634,-0.119833700937771,0.0675528352496116,0.212213404580153
1.63844,1.28604045979621,0.469980335950405,-0.146628160568488,-0.383055319569743
-0.829369,-0.711408226226338,-0.157825297737426,-0.632149688868696,0.00368549861207496
-1.12944,-0.846335720365103,-0.27225856813865,-0.606342093746833,-0.192628017002082
-0.757355,-0.579433825578118,-0.129507347564234,-0.616232563499687,-0.33671824982651
-0.704273,-0.464732474498456,-0.133220659215703,-0.634192863619073,-0.264466459056211
-0.353217,-0.384073196871247,-0.0906073546723828,-0.520013385223336,-0.172287132199861
1.19354,0.841241165708492,0.351214248139307,-0.410856216509848,-0.469955846773074
-0.121584,-0.0928582394243385,-0.0720827917377516,-0.276280204014791,-0.128313367800139
-0.249609,-0.00016599266444157,0.009593414299182,-0.236733797297314,-0.233006103053435
-0.627523,-0.668272918983345,-0.153288876743794,-0.642941367322697,-0.200895204024983
-1.21566,-0.76620285439392,-0.291535870312098,-0.34969853001017,-0.0271755940319223
-0.0566844,0.0686768916007893,-0.0591657875537582,-0.295411640772507,-0.162175379944483
0.510943,0.481987552590961,0.17749690398854,0.147789329003858,-0.141184267522554
-0.189674,-0.277809630050986,-0.081546062540426,-0.233089171741323,0.228699474670368
1.85792,1.28744210329067,0.450645989723736,-0.0925558313911002,-0.299165344378904
-0.76536,-0.546081630935056,-0.12598539300634,-0.25484441388901,0.243667009888966
-0.73212,-0.440205950494933,-0.151515207258329,-0.137420140253695,0.100855849791811
-0.468965,-0.405340307354455,-0.0951534244551924,-0.260957025034403,0.0710060116238723
1.15227,0.834422105706113,0.331657586352841,-0.405238506728061,-0.302607721547536
-0.0580095,-0.109802016836605,-0.0648080180437666,-0.330332322717188,-0.0134811832061068
-0.180961,-0.0361837750302009,-0.0189624026966421,-0.232755830499781,-0.160568460582928
-0.628752,-0.504096972956491,-0.122318237004627,-0.254720531219143,-0.11998085704372
-0.70871,-0.426538123987039,-0.144112148776072,-0.205375455295886,-0.0881885648854963
-0.326612,-0.327404012098573,-0.0908523489327828,-0.310576875213416,-0.0705675222068007
1.07203,0.760226216471019,0.325081654834595,-0.355954075418509,-0.360374060582928
-0.0587189,-0.0836334204710525,-0.0565714360514781,-0.276086137477119,-0.0953665072866066
-0.190566,-0.0225557271273949,0.00624037979103036,-0.197718748990378,-0.207684099757113
-0.701084,-0.649669312305194,-0.124101475945877,-0.492829834243096,-0.131526218771686
-0.986564,-0.791267044237581,-0.238950294296323,-0.367132381408877,-0.0293224609646079
0.0122224,0.0682008100506406,-0.047754666075953,-0.204852513078019,-0.149207006072172
0.480873,0.413411517197487,0.161216016020108,0.133816433863811,-0.127924263081194
-0.040666,-0.234218440161944,-0.0771741023783919,-0.130883015573852,0.125514793372658
1.62554,1.21568905660932,0.431961871114083,-0.144350883607096,-0.385741083795975
-0.965293,-0.777759759678774,-0.140372294624484,-0.622582519814509,0.122317807945871
-1.32424,-0.894505930309119,-0.306327423921615,-0.420760420531404,0.0836403618667591
-0.0781063,0.0176425151591705,0.00391417411202185,-0.2417553569952,-0.165728212699514
0.533141,0.454502285507443,0.094983884536274,-0.137271941307405,-0.218833851318529
-0.418457,-0.340312234164287,-0.086722802309577,-0.350246147111925,0.125178009541985
1.42404,1.14353860613358,0.10519646415835,-0.174658039890668,-0.438560741325468
-0.878764,-0.630521189884642,-0.1602863522302,-0.42684591538695,0.0289084994795281
-0.805787,-0.523489948593823,-0.204217941781605,-0.363531083784137,-0.115412903296322
-0.619901,-0.463689670286738,-0.111323850723632,-0.490657957945218,-0.0848070086745316
0.715306,0.533369231123898,0.0402723627282218,-0.551184508713548,-0.372629531922276
-0.413336,-0.166910690724611,-0.0833775343531365,-0.437267666069716,-0.0606806197085358
-0.259284,-0.0662180721910132,-0.111814954387873,0.013552573170105,-0.153644848716169
-0.514812,-0.34940413195556,-0.0821454326804329,-0.271102888889756,0.0333764253990285
1.44952,0.958204881053182,0.135755076297361,-0.529235169076722,-0.467078772727273
-0.854624,-0.651042690779994,-0.169095262174847,-0.524091646917644,0.0219621731436502
-0.747626,-0.436142187071042,-0.175332981628123,-0.341387445048075,-0.163885194656489
-0.76374,-0.50818545991793,-0.134996732447498,-0.465705326946545,-0.117504774115198
1.07544,0.683372989643545,0.0564659792444616,-0.548421596391422,-0.552922605482304
-0.485542,-0.226542599890963,-0.0832892774676752,-0.522207014347969,-0.197940161693268
-0.199483,0.000554472651500282,-0.114407148134855,-0.411194955392491,-0.496271140874393
-1.07662,-0.850687523711414,-0.19798450778853,-0.697186643076361,-0.39543912074948
-1.06646,-0.790271928747671,-0.209098803626058,-0.71660980661022,-0.434145812283137
-0.407892,-0.112192413072871,-0.0440728490728683,-0.581515131418358,-0.481907331367106
0.412299,0.36875499839589,-0.0161637541455416,-0.793967965849015,-0.670424911866759
-0.977269,-0.722146077718057,-0.187542346090086,-0.732444076762298,-0.314559866412214
-0.648775,-0.4382356623283,-0.168169195076204,-0.461792464609012,-0.420312068008328
-0.861711,-0.551350937192725,-0.165347122199364,-0.582961876406939,-0.252585596807772
0.936156,0.738982045691847,0.0887002964666314,-0.583597492258957,-0.637978933726579
-0.583004,-0.318886899367835,-0.112764891446772,-0.559062787357624,-0.269915983691881
-0.162187,-0.0571666738862254,-0.0863687361984606,-0.542423952074098,-0.55006846148508
-1.13114,-0.88582157605422,-0.214175641473184,-0.712587430388944,-0.348937265787648
-1.04426,-0.82165012204112,-0.229896096070143,-0.765290384748211,-0.367766551353227
-0.47965,-0.167088115140929,-0.0600943018631596,-0.537633804351479,-0.371028804302568
0.369276,0.371437616385068,0.013386468117375,-0.178220308767759,-0.485796036780014
-0.675567,-0.496262139784252,-0.139530371655811,-0.458406168886306,-0.117332012838307
1.39813,1.07375084409982,0.192212094179413,-0.364712032929327,-0.740379701596114
-1.14777,-0.969418858681091,-0.220087972831982,-0.797318108437334,-0.239167913601666
-1.11341,-0.889114312287447,-0.223929285210526,-0.844513380630908,-0.449122026370576
-0.970014,-0.746283631599263,-0.181011716826838,-0.849918972856808,-0.513699123872311
-0.620104,-0.478559688148717,-0.153854621841596,-0.854069783174597,-0.538104191186676
-0.896945,-0.603239987936754,-0.163128881818304,-0.729340914210469,-0.259498414989591
0.947193,0.704069348315284,0.129529131864587,-0.594729284901553,-0.628628198126301
-0.587295,-0.304765226114281,-0.108594415140275,-0.45313111919408,-0.10749909611381
-0.214681,-0.03677725055361,-0.0863524448497979,-0.0673342127133563,-0.190773881679389
-0.448032,-0.242748010364837,-0.0709267474496496,-0.443943571318164,-0.0532575045107565
0.403593,0.338642781625765,0.0239351172606415,-0.086548746423912,-0.23784422796669
-0.779717,-0.463240811259007,-0.143266433756574,-0.384614485018304,0.117758878556558
1.38085,1.02724207852629,0.22957461774339,-0.208439891905361,-0.513848713393477
-0.693288,-0.393255946222582,-0.115437345811681,-0.498195922074647,-0.0964258143650242
-0.220104,-0.0647235202889056,-0.0820324195589148,-0.580071795454773,-0.465778744274809
-1.14581,-0.91725559480287,-0.231907610450984,-0.781407350564916,-0.337180290423317
-1.14602,-0.877970002741996,-0.268430804987938,-0.789746450696702,-0.372895777931992
-0.484102,-0.22197616596738,-0.0757391890251749,-0.608758676631727,-0.396813985079806
0.357784,0.369247618313589,0.051669413747897,-0.230102235252471,-0.505952546842471
-0.779449,-0.540660635049978,-0.139895374602303,-0.542576403768776,-0.0446630322692575
1.36048,1.03159261659449,0.223333037543131,-0.353297416034416,-0.612227024288688
-1.02688,-0.752570398191199,-0.209623402360302,-0.603421150263439,-0.0933490218598196
-0.80505,-0.530602938135885,-0.200404934798145,-0.515299906514127,-0.266308578070784
-0.808037,-0.64607597728191,-0.18128146837978,-0.701533301549215,-0.179740159958362
1.04411,0.750138024194575,0.157929530120094,-0.844598637619495,-0.632940450728661
-0.869854,-0.731741541958834,-0.210140004373589,-0.685636857353226,-0.164734383414296
-0.749171,-0.494002222860914,-0.208130222347344,-0.443809751822479,-0.295157144691187
-0.731565,-0.578229285466779,-0.192369933736202,-0.51711531753039,-0.212410012144344
1.00387,0.738622562747837,0.127836569736907,-0.562169841800256,-0.601164121790423
-0.654585,-0.334947321010327,-0.118074861266023,-0.493377337436541,-0.201439338306731
-0.119583,-0.0372558336068922,-0.0942062372225254,-0.509156363228582,-0.524275023247745
-0.995751,-0.894170775761969,-0.260349334667056,-0.757717211684494,-0.343939962179042
-1.22205,-0.91792626566251,-0.302787876790795,-0.641094992424052,-0.258781429562804
-0.385117,-0.202325665712388,-0.10628689312985,-0.466564257787304,-0.22791674184594
0.529492,0.435171059389344,0.00673958261598578,-0.106293485759099,-0.26374540111034
-0.571788,-0.490822206803638,-0.16128129317472,-0.480824669408576,0.244680643997224
1.59016,1.26569456598248,0.203491329370165,0.984312847099103,-0.223177277931992
-0.635615,-0.529998431848595,-0.18484727868133,-0.380469274766563,0.443527399375434
1.55313,1.29256792265663,0.190402123860283,0.955799373362141,-0.22749170333102
-0.907901,-0.801662554902393,-0.229941968059533,-0.414436583606918,0.253119183865371
-0.551261,-0.398081576719372,-0.236820563359683,-0.352897481462507,-0.00606484437890355
-0.723104,-0.579560023123068,-0.19057222510529,-0.388277938998114,0.0950179779666898
1.507,0.83424705400231,0.143861763534602,-0.436103965929722,-0.472198854094379
-0.406197,-0.32169181536434,-0.158711939386288,-0.382091979035918,-0.0228072597154752
0.0631989,0.049076377823336,-0.0590341438046339,-0.382223395503855,-0.391250155447606
-1.08803,-0.906572948104106,-0.270477161113517,-0.590465999588797,-0.210765735426787
-1.1172,-0.848905940166806,-0.32934227579244,-0.586146530553848,-0.228905667765441
-0.374345,-0.251055580832021,-0.137309915502847,-0.396294241149971,-0.202845646252602
0.67622,0.489060625788748,0.0330191372549243,0.297432318198233,-0.340522789902845
-0.447772,-0.313141045331619,-0.121939615777584,-0.355043295009164,0.0553113066967384
0.685469,0.49906525255335,0.0110322546603941,0.522110934803806,-0.239693264052741
-0.842873,-0.59796726881589,-0.180413018981842,-0.0721413697195284,0.180906301526718
1.79067,1.34435463796874,0.28987416372802,-0.261015269370901,-0.632868658917419
-1.0936,-0.998807429423676,-0.243963050056279,-0.810863065100067,-0.115161151977793
-1.2015,-0.992794265137932,-0.317978070085736,-0.838849928332193,-0.377551365024289
-0.960297,-0.76362085200713,-0.180148517049139,-0.823053498851453,-0.484743414295628
-0.732624,-0.507508425834424,-0.207992538989563,-0.809587611932192,-0.484446067661346
-0.807015,-0.657962052809665,-0.181393795501263,-0.759415427203831,-0.275111670714781
1.25056,0.881103776739402,0.238402608805405,-0.589776750873105,-0.728150907009022
-0.679682,-0.357854521874022,-0.119387024488237,-0.480383813886763,-0.197110607564191
-0.120089,-0.0214636203236089,-0.0881242878347402,-0.428414587141111,-0.456948846634282
-0.842819,-0.841961938174768,-0.244894156273482,-0.68943913272562,-0.298751349410132
-1.08469,-0.839014266970291,-0.3267869227678,-0.565000155108442,-0.220766983691881
-0.576044,-0.216231394648946,-0.0964614658524126,-0.365956641638591,-0.167193121096461
0.712269,0.488474186400269,0.0421207571171283,-0.0163835644029037,-0.327676613115892
-0.442524,-0.472670550459173,-0.191637538883155,-0.430563545413632,0.195201650242887
1.84292,1.22116339742794,0.23746060540903,-0.139905149427013,-0.401319440319223
-0.880047,-0.72267519963705,-0.241890991661717,-0.358014694731213,0.18794290111034
-0.561145,-0.368435845045511,-0.215691330631431,-0.281458381734265,-0.0467657734212353
-0.709007,-0.601319617126618,-0.17189088643792,-0.448412399161807,0.0148502192921583
1.24875,0.811720037346968,0.234441285303799,-0.552304281220349,-0.510661256072172
-0.634698,-0.365952751443092,-0.119284618927381,-0.489361749730385,-0.0703684836918806
-0.216704,-0.0185296258732122,-0.0626442018279036,-0.415200164833314,-0.38010287092297
-0.97362,-0.688938466771287,-0.204027754887304,-0.439765523638134,-0.230728649548924
-0.633807,-0.394776229690192,-0.218339713805336,-0.414456650828474,-0.303857981263012
-0.623796,-0.505962794210049,-0.18531132194802,-0.544834468903795,-0.174594347675226
1.30569,0.843746704482373,0.247672449413871,-0.532986668445508,-0.641482811589174
-0.619882,-0.367221571172725,-0.155266113603031,-0.431937505072068,-0.197013965301874
-0.140143,0.00529093152685717,-0.0878962058568663,-0.414392799794133,-0.539758719292158
-1.18093,-0.909787461303444,-0.232835714489977,-0.785458511720264,-0.366791929909785
-1.25053,-0.886076010332746,-0.304098799690954,-0.778626030072272,-0.377677179389313
-0.579785,-0.209238114433589,-0.0545912216686535,-0.645521202396989,-0.418726075641915
0.391971,0.451790768622732,0.11693193728387,-0.220770014977811,-0.548413720333102
-0.845004,-0.52036353047394,-0.141359037377043,-0.522928198386856,-0.0702020787647467
1.60005,1.19106182150609,0.307703183442016,-0.429290087833647,-0.740629698820264
-1.16793,-0.916330712778449,-0.235858128327629,-0.819311714105408,-0.11255814018043
-1.27567,-0.923444488181112,-0.311896101945163,-0.748156214438619,-0.204176096807772
-0.63292,-0.271309360519565,-0.0591764041672821,-0.481769398545373,-0.285302610340042
0.403382,0.437173794598728,0.103398046333835,-0.216591640082602,-0.435994426092991
-0.767222,-0.526361161416282,-0.13831918707216,-0.563760586830322,0.049536970853574
1.62069,1.12513828275844,0.332243230533541,-0.355825122424426,-0.60388927480916
-0.940581,-0.734981152622754,-0.196890981684258,-0.621982377339349,-0.0248123764399723
-0.823979,-0.457357930753201,-0.182181939922569,-0.458366277931494,-0.179096640700902
-0.898012,-0.602897978764145,-0.153651317298126,-0.573021231368657,-0.0320617628383067
1.10497,0.821490789843339,0.299146480777768,-0.602265163790498,-0.47117460426787
-0.65681,-0.316979151576938,-0.0982222167841033,-0.601354506477903,0.0267122517349064
-0.0855219,0.0801180536792082,-0.0249262953500587,-0.0115165601813184,-0.178997776197085
-0.745627,-0.493870488928446,-0.120006461094581,-0.423031821559308,0.153098040770298
1.9401,1.3136380971671,0.365910678464223,-0.595620956441519,-0.524112932859126
-1.04029,-0.735776071953409,-0.203439533137985,-0.53909625024378,0.146232604961832
-0.725818,-0.403299217823649,-0.173153470504313,-0.372635423763214,-0.108107876995142
-0.73731,-0.618146500487083,-0.157837862292561,-0.562095823985688,-0.039094093997224
1.49051,0.915749446876866,0.327159572582494,-0.577627269983164,-0.577675644691187
-0.666873,-0.325185019140538,-0.0868140942627443,-0.471302772863481,-0.087232947258848
-0.102595,0.0645178456997783,-0.019556367905113,-0.423137163183741,-0.500517386884108
-1.11896,-0.874621830814838,-0.2301535783787,-0.732451594707202,-0.38053122519084
-1.29886,-0.872873318589516,-0.304383778224053,-0.673909462561111,-0.365350387578071
-0.209041,-0.0939273301982465,-0.0332858265832455,-0.581684267449614,-0.491806256072172
0.547076,0.402275894840393,0.154898233581772,-0.824063971003132,-0.651420112074948
-0.949279,-0.655857613639688,-0.199693249933931,-0.712569422662174,-0.267333494864677
-0.793703,-0.394720645163033,-0.165274459004797,-0.306689799636682,-0.322442335877863
-0.744842,-0.527609943386803,-0.150269287545623,-0.568254667065839,-0.193523131505899
1.22946,0.894587173520152,0.329891283595285,-0.54837543075907,-0.600196989590562
-0.58625,-0.313275990979666,-0.0952387156304976,-0.495646406268497,-0.16222688723109
-0.0552912,0.0555696461127106,-0.00959991391043495,-0.419458151811209,-0.490709849757113
-1.04034,-0.883151420895787,-0.22346944259406,-0.682184998612168,-0.291860079111728
-1.1239,-0.891895521004363,-0.304205211059129,-0.654451260044145,-0.272699072519084
-0.456723,-0.179685669646404,-0.0398479631543842,-0.518472224887264,-0.297399115197779
0.55565,0.557520884018088,0.147302400362839,-0.0331222411674706,-0.442060862248439
-0.713718,-0.511898591674295,-0.122836128001825,-0.413812318280781,0.000489181401804428
1.80882,1.34328559944779,0.381972868625851,-0.302084069305146,-0.748790591950035
-1.1757,-0.991775579049657,-0.23602366943117,-0.809116401965828,-0.168904045801527
-1.24004,-1.01382007931622,-0.322864233790367,-0.847062323739058,-0.394811987508674
-0.967578,-0.772910508753093,-0.181817869448867,-0.854006273712803,-0.509496659611381
-0.701127,-0.453656781853185,-0.164300434697902,-0.852457173691112,-0.513106130811936
-0.856396,-0.562677180406249,-0.158433044688467,-0.748775272025057,-0.244364363983345
1.10193,0.813755842519869,0.311952818333995,-0.604523966884075,-0.640495279319917
-0.58256,-0.291727809333448,-0.0886763125566562,-0.53432237677241,-0.077710876127689
-0.222628,0.0283161527077591,-0.0345776935929213,0.0023773257200625,-0.167284802914643
-0.589051,-0.232524830286503,-0.0731040349415728,-0.428100954285043,0.016076126648161
0.584803,0.459009936977583,0.136594632331056,-0.0482527691975303,-0.224113247050659
-0.81755,-0.483397156214053,-0.135909392424203,-0.4247521158089,0.213863579111728
1.68055,1.22935338746347,0.38446683555364,-0.156081390076513,-0.50028554129077
-0.735719,-0.370753321815759,-0.108750276448922,-0.460810151290581,0.00843118043025681
-0.115036,0.0459231542162518,-0.0283189541965318,-0.531068481485865,-0.410681234212352
-0.996782,-0.908005238752664,-0.248112839461476,-0.781485906732599,-0.295009778625954
-1.2688,-0.89712336556394,-0.305752396951076,-0.655413027233073,-0.275926871963914
-0.516665,-0.202302418886684,-0.0603116272298311,-0.572906518181375,-0.308289315405968
0.585565,0.576518956399097,0.170771957921887,-0.0713247150086826,-0.460882855308813
-0.805736,-0.541319647147242,-0.139920127344328,-0.526469420074338,0.105967716516308
1.80521,1.28101206562198,0.384032230645589,-0.264210622142459,-0.578482121096461
-1.02832,-0.735138485019385,-0.202765399982802,-0.571835351382649,0.0387799316446912
-0.787557,-0.456936595463088,-0.183081902634245,-0.438733491820686,-0.166623059680777
-0.81267,-0.652554642060505,-0.169469814639757,-0.682970716042252,-0.0645914573213047
1.31862,0.965448406622623,0.269523163718182,-0.823395277072472,-0.590802813671062
-0.889376,-0.732929765078625,-0.194707923480392,-0.692740095579295,-0.0508600138792505
-0.657042,-0.421702178214937,-0.187680504904088,-0.385336922478549,-0.233390614156836
-0.841058,-0.623549166781301,-0.189975618447833,-0.462137643723736,-0.0813190083275505
1.45207,0.954757948959512,0.323865456852666,-0.571449472554162,-0.612791212699514
-0.630228,-0.358509655046793,-0.112704408228516,-0.536196397429117,-0.118252371616933
-0.145065,0.0592704940685535,-0.0206009854717231,-0.462168567516678,-0.485924098542679
-1.18851,-0.90986205542824,-0.269689723027884,-0.642138429132037,-0.272812438237335
-1.12964,-0.809680822853169,-0.34090055952466,-0.652304267228698,-0.249294000346981
-0.46768,-0.177399696080451,-0.091424728239596,-0.482123294559227,-0.12907521686329
1.00993,0.667169045756213,0.17860821672467,-0.0692670878405502,-0.309659282789729
-0.811946,-0.544259874589705,-0.140811084640177,-0.47875860125505,0.375151975711312
1.78502,1.43325595312045,0.380823924104222,1.35917153520155,-0.231033727272727
-0.642756,-0.553758533001887,-0.136328668899663,-0.555620351988085,0.469814455239417
1.70667,1.36910402817985,0.399400934071941,1.3600707788804,-0.29753035981957
-1.06386,-0.791680908573114,-0.206132726405559,-0.559509302205345,0.193835982650937
-0.780911,-0.46281954312266,-0.180942635506071,-0.450115520490809,-0.117269316793893
-0.945497,-0.65175266647334,-0.168994955593087,-0.587745823163674,-0.0459769517696044
1.30712,0.920010913741653,0.278418210510533,-0.64180731143139,-0.635992742886884
-0.578807,-0.323213711428924,-0.159449161330956,-0.534611072083659,-0.187868863289382
-0.174733,0.015077529341307,-0.0279666656905417,-0.529144792535149,-0.521259643303262
-1.09954,-0.868508712596522,-0.270101278617508,-0.70777895085536,-0.375423478487162
-1.22776,-0.917984977399597,-0.32434462888996,-0.658751935362374,-0.348748688757807
-0.588879,-0.213471026130737,-0.0549266903956381,-0.448145002403531,-0.280167562456627
0.673326,0.494914050484764,0.147499834783754,0.178487653554104,-0.449384372657876
-0.458422,-0.295470302670758,-0.0908175401109842,-0.539663880943594,-0.038705261276891
0.489536,0.498022888712437,0.127715693061846,0.492294382201568,-0.278492852185982
-0.856679,-0.524585498558368,-0.142579328232527,-0.160391896390725,0.101946941360167
1.7333,1.29126970847263,0.312420721158361,-0.394175489403661,-0.683115619708536
-1.07534,-0.986818341180689,-0.264981686452094,-0.883893391568648,-0.178044166897987
-1.26219,-0.959585840114739,-0.322290787797628,-0.882471739303352,-0.42656556870229
-1.03096,-0.752407326325858,-0.204456726079201,-0.849930462375565,-0.53988428834143
-0.86024,-0.482428145164002,-0.168475764475742,-0.830143076061039,-0.52713343129771
-0.783192,-0.587865882009079,-0.18080113426492,-0.846525172119681,-0.361560641915337
1.19487,0.832610857798595,0.307456321634821,-0.64844871707243,-0.797350593684941
-0.760662,-0.332599137431582,-0.100162233777558,-0.551885632311,-0.276913819222762
-0.1559,0.00417460035920405,-0.0175560925562713,-0.531102680916077,-0.58070095315753
-1.1181,-0.905581933101845,-0.246004931289852,-0.81852196729833,-0.385124040596808
-1.29032,-0.924638339416441,-0.325878823484026,-0.728586768988573,-0.325023749826509
-0.453991,-0.220121952503046,-0.0632448665446272,-0.622601607435605,-0.35951708501041
0.643758,0.538031078271216,0.163172663751098,-0.180687533374779,-0.504272409090909
-0.894582,-0.496051676037541,-0.134225687700883,-0.510075279298251,0.0794935964607912
1.62892,1.2215848825777,0.391156583375219,-0.259793431532353,-0.585407320957668
-1.01792,-0.714686373014406,-0.202142737093879,-0.599502137625985,0.0129016474670366
-0.807119,-0.404025988916504,-0.165970816341231,-0.469595746094389,-0.159060277931992
-0.804991,-0.592943520457709,-0.160297348059317,-0.610061317125702,-0.0972463501040944
1.29398,0.886379836745087,0.339983924528242,-0.629066956119635,-0.6211623462873
-0.706504,-0.331836572391335,-0.100726415583839,-0.571870706119485,-0.12076827203331
-0.171747,0.0195880368339755,-0.0229241865649155,-0.452877460153529,-0.456823046495489
-1.01091,-0.723855992275516,-0.211431832649017,-0.593435167911984,-0.298672605829285
-0.748889,-0.440117701837115,-0.163460871862647,-0.501530984454786,-0.36935839555864
-0.84305,-0.562762835004194,-0.162887279435538,-0.649433623233174,-0.220015301873699
1.24572,0.890911749594296,0.296312277765688,-0.611068623203108,-0.708772279319917
-0.660985,-0.383166967904762,-0.114303421975719,-0.565822914088034,-0.232785943095073
-0.153621,0.026308179129261,-0.0187333706247748,-0.504442600423551,-0.548456827550312
-1.10574,-0.896021553696054,-0.23327485289873,-0.778868986418559,-0.364419876474671
-1.29129,-0.896399100142647,-0.313781933552851,-0.698773079030771,-0.308467277931992
-0.410315,-0.186220757194062,-0.0531906417256661,-0.613122942823135,-0.370880006939625
0.520524,0.517666355387344,0.145673821251884,-0.122104108295105,-0.465796960444136
-0.798032,-0.500783164255673,-0.131069489850322,-0.430203597099196,0.0442053119361555
1.72037,1.32188615883209,0.39499866403076,-0.309297196845066,-0.628998549965302
-1.02362,-0.867106239851331,-0.192295059254417,-0.712172748554881,-0.00709059160305348
-1.2251,-0.947113146116848,-0.308898742345945,-0.602680438892167,-0.0647413209576683
-0.362245,-0.109956337144328,-0.0326870221054186,-0.261407473886725,-0.207800140874393
0.51081,0.419411572382237,0.0347657064733981,-0.125352947345279,-0.331033782095767
-0.509501,-0.359763149671146,-0.10088299897034,-0.401565791466634,0.0635991446911868
1.25734,1.00216411186546,0.166445104027669,-0.19809372632834,-0.466516272380291
-0.860402,-0.643600629318515,-0.154353292909319,-0.469213640199721,-0.0127998018736989
-0.812185,-0.507651240663026,-0.220268380918966,-0.351197144589254,-0.113407914642609
-0.683303,-0.481433184611691,-0.123086150106301,-0.478415024279349,-0.012436778278973
1.06377,0.780546003707019,0.189912565393693,-0.540759167327306,-0.375319566273421
-0.436467,-0.14698152997733,-0.0433173717374743,-0.396170186325853,0.0462134587092298
-0.185564,0.00956167620487967,-0.0777531582214136,0.0728375151027706,-0.0694100402498265
-0.4218,-0.358251096393844,-0.0886551797348317,-0.275262338834817,0.119121231783484
1.68448,1.22017188081744,0.248327860695235,-0.504042464650982,-0.429754388272033
-0.926414,-0.658167650008234,-0.182479841721091,-0.465157956994113,0.121268707807078
-0.718132,-0.418063460680807,-0.179983804007545,-0.351595920439115,-0.11348388462873
-0.688209,-0.530652977535291,-0.160164978632891,-0.515411362862062,-0.0828234130811936
1.12022,0.876359146385092,0.21377766893479,-0.508525184631363,-0.51908012369882
-0.536684,-0.217786598807407,-0.0761324915040989,-0.460539905528466,-0.128449641741846
-0.0408061,0.0571553663880349,-0.0536181127586015,-0.435589414782385,-0.475505376821652
-1.08779,-0.857416534879587,-0.200649223333761,-0.686766370295939,-0.320748016134629
-1.14002,-0.876473458792574,-0.303801492778402,-0.632755729391466,-0.322760483171409
-0.394684,-0.114894564938968,-0.0302652988718745,-0.408805437882319,-0.324232939798751
1.00202,0.628782193325739,0.123286819780284,-0.764066415728209,-0.609753020298404
-0.831107,-0.708222000042769,-0.191000514876755,-0.690038183037624,-0.130342199271339
-0.633878,-0.378744819663113,-0.164946647595721,-0.301646390558942,-0.223841076335878
-0.818061,-0.55958803508707,-0.166399818782573,-0.447214977332002,-0.0547309455239416
1.42412,1.06596222909478,0.280229694860623,-0.475146755052361,-0.540181199861207
-0.499217,-0.312273802790262,-0.0876233928590054,-0.46282301822886,-0.0737170933379597
0.0330018,0.104466279529338,-0.0195473268570674,-0.428691500887521,-0.432550636710618
-1.05551,-0.900315422737682,-0.212089966475011,-0.676761492835004,-0.227575549271339
-1.20403,-0.92399836637728,-0.31607610886111,-0.604027634450194,-0.191325191186676
-0.301794,-0.165589758442001,-0.0359909261501462,-0.482209382006949,-0.256028886190146
0.799292,0.622129547706135,0.150941475886691,-0.0458453197567328,-0.425810147467037
-0.746718,-0.458645498742786,-0.131093364757161,-0.382519564122595,0.0612499517002083
1.7126,1.40755777754505,0.381179658239658,-0.169348408832706,-0.693693901457321
-1.13646,-0.9411943277672,-0.23866965283611,-0.785227081641822,-0.136761467730743
-1.18983,-0.924522174325291,-0.300849180997961,-0.834233313165923,-0.346923345246357
-0.898481,-0.694827988059725,-0.179144249785197,-0.848720567116175,-0.451434443060375
-0.67075,-0.408996961102617,-0.174671718610214,-0.784367854159799,-0.426983551526718
-0.828819,-0.600548444458369,-0.153118732332856,-0.697213176215854,-0.119212330846634
1.44826,1.01596305585634,0.343245434903743,-0.521204978048844,-0.566008827723803
-0.532927,-0.287926407010604,-0.0848572703395487,-0.421632686487104,0.0918038835877863
-0.0540249,0.133527473960654,-0.00812093490091595,0.108895557459136,-0.0250735586398335
-0.441071,-0.225643020365464,-0.055169886690927,-0.3621930068186,0.174014155412908
0.75775,0.591833714599178,0.147884080550308,0.122017038543643,-0.0695723776891048
-0.698424,-0.478035663894455,-0.131289272536154,-0.290635012703603,0.388867820090215
1.99721,1.50209472667387,0.409637621029748,-0.00677845528124799,-0.388169833622484
-0.65966,-0.404543037340629,-0.10706328337383,-0.328511124085682,0.170811387612769
0.0429864,0.145930870244909,-0.0170626886214367,-0.432186524166452,-0.299352690492714
-1.02308,-0.932855165816722,-0.229524709909937,-0.688655956408833,-0.139545768563498
-1.14967,-0.903751164855853,-0.305780348775401,-0.62862734066815,-0.151415869535045
-0.433077,-0.224614264122273,-0.0628707658397817,-0.488428630807785,-0.146746041984733
0.904786,0.770802359026075,0.173138888657142,0.0962389717966591,-0.344830820610687
-0.777498,-0.546236485301964,-0.132013255053711,-0.433171168831199,0.318484463358779
2.27414,1.5507151869557,0.433613919502388,-0.104432084276143,-0.48847271408744
-0.967857,-0.750702111600889,-0.21325470053072,-0.536147156774348,0.207014442054129
-0.716858,-0.376323931528108,-0.166496327554402,-0.411115162995663,-0.0476039233171407
-0.821029,-0.620296679810082,-0.164465173782064,-0.639381404938287,0.0524445804996531
1.50414,1.11626867781862,0.345595005693424,-0.787846182957137,-0.542555237335184
-0.866847,-0.712571021059095,-0.184548489576802,-0.691511608981088,0.0293468019777933
-0.625103,-0.376850828687464,-0.156444598000631,-0.43317268480997,-0.176028420020819
-0.8481,-0.588898687159513,-0.154068562987932,-0.46848929428671,-0.015278096981263
1.50917,1.07645380882444,0.355345236418802,-0.485021908834251,-0.550948015093685
-0.551426,-0.327295140321016,-0.0997604001414459,-0.481524254992625,-0.0498656507633587
0.0460543,0.148438970973081,0.00563745991832259,-0.413295383869399,-0.445854794934073
-1.08279,-0.904244879067359,-0.22021473161818,-0.701578839946578,-0.225673102185982
-1.21523,-0.914845670987075,-0.310944850477727,-0.637271848449192,-0.181599938410826
-0.368103,-0.198180925608833,-0.0359536227514019,-0.475277228288332,-0.120040250693963
0.831032,0.713654322914323,0.20142537565169,-0.0563807243643365,-0.218707521686329
-0.712792,-0.517700966421937,-0.137001838909481,-0.580764862982832,0.423488109750174
1.97502,1.62154796858737,0.357665266147874,1.3063927031831,-0.174268056557946
-0.77396,-0.524302543380839,-0.143553365135125,-0.468758082188344,0.652297812283137
2.09202,1.62399224220831,0.42272269333463,1.14014390755184,-0.20385970888272
-0.813367,-0.769857075696199,-0.189340634746464,-0.513091181508558,0.348971572206801
-0.617816,-0.365517926170094,-0.159451690953958,-0.371453193478388,0.0535664335530881
-0.841569,-0.618778526059419,-0.170312071569185,-0.42769668560433,0.121164978313671
1.53207,1.06114220205968,0.359511416517651,-0.473244651413604,-0.520115433900069
-0.541568,-0.345336742952036,-0.0935052899237013,-0.481546308941194,-0.0358756486814711
0.0384161,0.146990541796735,0.0114500062766322,-0.408600541454057,-0.446352242539903
-1.09141,-0.908157103619159,-0.218028258172506,-0.724893894749482,-0.263685064365024
-1.25445,-0.911493289720809,-0.311622990732922,-0.648759260818323,-0.233816553955586
-0.482018,-0.196433810493652,-0.0393678298407178,-0.3894658357776,-0.165791000173491
0.822258,0.681175565610685,0.217917180536818,0.239125987580525,-0.314942230916031
-0.417201,-0.292919839709695,-0.0772156562983851,-0.417286623043119,0.169024269292158
0.915788,0.666683177581614,0.143045546654524,0.590662922248541,-0.132772099930604
-0.738152,-0.528051885879681,-0.136255965728197,-0.0588705319532145,0.362274551006246
2.37047,1.64096017063375,0.472315080329468,-0.172852399951982,-0.575175988202637
-1.09055,-0.964914738909925,-0.216921385868845,-0.790909186601388,0.0532644198473282
-1.24986,-0.951493618288015,-0.311660420604811,-0.79800410818858,-0.250687060721721
-0.956947,-0.735817271069513,-0.181184196695557,-0.813752347624165,-0.379825447605829
-0.646274,-0.379318170711936,-0.147902246616509,-0.782624516866055,-0.397942378209577
-0.80213,-0.598131465744094,-0.188200576340052,-0.718795131113613,-0.142881589174185
1.55747,1.13885880680441,0.387503473738498,-0.453433407432378,-0.655727215475364
-0.529643,-0.324977074854477,-0.112613098169004,-0.417125637819917,-0.0695858292852186
0.165047,0.187145565643217,-0.0185988882129552,-0.348744946470587,-0.399097318875781
-0.997057,-0.896871013414569,-0.227189059820108,-0.617497211005152,-0.161200761276891
-1.10999,-0.882777636648593,-0.316082434467444,-0.563211500275093,-0.135845150936849
-0.375585,-0.206843521344054,-0.0587353526499717,-0.410250769638968,-0.139019611034004
0.91192,0.780195375046463,0.17620065678295,0.0892794897268634,-0.330605021512838
-0.705921,-0.550592503714039,-0.125688148852233,-0.42334449158638,0.288294771686329
2.04681,1.60718389721249,0.422457724756041,-0.0700491142020632,-0.45351129111728
-1.00087,-0.781055090984986,-0.187345180026588,-0.509385198430557,0.223280064538515
-0.684539,-0.416161898685763,-0.147986511373608,-0.392249989308696,-0.00520733171408749
-0.809924,-0.625863620223832,-0.16007581914223,-0.53346336118844,0.0929839188063845
1.63176,1.18186618823206,0.352946090748971,-0.496704682034033,-0.513389981609993
-0.598529,-0.380154927246995,-0.0970539900636907,-0.490202228863872,0.0516775173490632
0.118546,0.137962591624213,0.0299670741014293,-0.375046820445322,-0.353559188063845
-0.961905,-0.706618197611568,-0.189426759546244,-0.513787827630893,-0.150072085357391
-0.742876,-0.352758002313388,-0.143302032952082,-0.403997163933898,-0.226383367106176
-0.793661,-0.515119766407531,-0.165450128301937,-0.546964369532024,-0.0719947727272727
1.44528,1.01893234835269,0.359284826527571,-0.449169479417734,-0.578848760235947
-0.46717,-0.288986550174417,-0.119116816561925,-0.468122947991235,-0.0657724118667592
0.188779,0.197457467720869,0.0338139634794233,-0.354008572421015,-0.417049654406662
-1.01271,-0.901237802603196,-0.230197036606838,-0.657194802482586,-0.17012352741152
-1.16533,-0.912367705303118,-0.312794359425835,-0.570513819462595,-0.112313826509369
-0.473473,-0.230726354222128,-0.0377852460994573,-0.401856102735546,-0.0930339070090215
0.988473,0.823465409661978,0.234730175307607,0.0717446003286103,-0.24513583240805
-0.643574,-0.508125703032074,-0.138413883106248,-0.191199013895325,0.418081536433033
2.21475,1.67410644052041,0.484563557169654,-0.0066053761622335,-0.252573221027065
-0.199922,-0.350331400223587,0.111245433812822,-0.228078439029139,0.323467562456627
-1.28748,-1.04632240761829,-0.325175072083687,0.063058241158684,0.537086660999306
0.705531,0.746411641837304,0.104697715982524,0.487094505645354,0.099833787647467
0.413334,0.341015132275326,0.123984552125072,0.349176172356954,0.307914786953504
0.527562,0.4065369961792,0.114392692552088,0.337433583169026,0.387715698820264
1.24863,0.894225129475166,0.239068956974936,0.208608505343268,0.15421388723109
0.10854,-0.0348687478771025,0.101094559156296,0.223693671494836,0.31936043684941
-0.937037,-0.54919278973058,-0.193656946172242,0.542448367615176,0.539270317140874
0.38883,0.252877160623558,0.124215745676882,0.378566793856366,0.299311219292158
0.851994,0.545109235882424,0.219864182344227,-0.00416843890361898,0.333341229007634
0.889165,0.701579359061215,0.118222463049733,0.343853440009583,0.337449158570437
-0.169046,-0.0906127600118718,-0.0375497714488413,0.82156287897782,0.590331147120056
0.576498,0.466014775306077,0.127157207188478,0.684874884808762,0.455141512144344
1.43448,0.937238569480802,0.278951450607238,0.108118872967636,0.256534850104094
0.21775,0.0276567676675719,0.149771219096486,0.136173732758853,0.410947327203331
-0.90648,-0.52729330326532,-0.188748428238702,0.650439362946834,0.573387858431645
0.388516,0.264203370951722,0.158427929070165,0.453473518595615,0.251885638098543
1.0981,0.618629836804167,0.21984067940169,0.0194086311077983,0.177059570784178
0.790303,0.683686790804293,0.131391005938071,0.157723551488347,0.181395414989591
-0.151937,-0.0613274214179736,-0.0292053989263078,0.151596771613982,0.222587381679389
-0.152467,-0.316541602283212,0.148957002635106,-0.17747005370614,0.0393589295628036
-1.2836,-0.929687161793035,-0.32047688673668,0.17122193481215,0.361542492366412
1.09477,0.913167191148646,0.126941945441273,-0.09803253457271,-0.123799002428869
0.522176,0.382884990421377,0.118873708323953,-0.237929185185025,0.10382346981263
0.159454,0.00834339641956988,0.15283777134003,-0.105064832609293,0.131315168285912
-0.757685,-0.481799646453909,-0.174785092693362,0.518576319208189,0.373617482928522
0.284757,0.27504902574109,0.142536979308902,0.333984414349482,0.190355224843858
1.0749,0.745957630930988,0.235413515212135,0.0205405477084925,0.133338578764747
0.770757,0.674237015518512,0.128440249859761,0.137568276997832,0.140405548230396
-0.196098,-0.0688465718975734,-0.0224672766247466,0.0992052121335116,0.23637412630118
-0.0914112,-0.247426638538913,0.162400650038379,-0.185764026122493,0.106886384455239
-1.27573,-0.923733170471336,-0.325683485465672,0.183568261755569,0.489418756443442
0.987629,0.921945339261953,0.134349014013524,0.209340200852471,0.0629702128556557
0.534059,0.381283933153425,0.131373992599988,0.536004966173093,0.370867863202637
0.777003,0.531391086180607,0.158415174522585,0.517556350059359,0.358616065319223
1.53782,1.05726184988558,0.325794033014413,0.332417572259194,0.089819387074948
-0.00487853,-0.213150387731456,0.20774507752411,0.0358254036953934,0.245947519083969
-1.28914,-0.902237024142896,-0.315366778917333,-0.0549016604004921,0.401874158136711
0.338314,0.14183412921149,0.204334264025458,0.0367463037345926,-0.0817046585183901
-0.867611,-0.501461794272159,-0.179727450366472,-0.129431616116521,0.389612054215822
0.714262,0.379427429184577,0.180164023519761,0.193558481701029,0.204922172432339
1.03432,0.6221233647455,0.27885874776748,0.180393434304074,0.333977846138099
0.879161,0.792755191284573,0.170460039850577,0.727008073015705,0.49724662647467
0.0111769,-0.0386669050057881,-0.0188547598106555,0.750819577960075,0.819258329979181
1.13326,0.99292448150867,0.144856881456252,0.757566376346832,0.576546111311589
0.49983,0.405280269845142,0.128651757065036,0.676964162405261,0.819294906523248
0.785746,0.547604520487083,0.176005074579838,0.878104030941488,0.731611651977793
1.50903,1.15008203421264,0.339340985790691,0.586584554121099,0.514622281401804
0.944893,0.748291954204934,0.168701642805598,0.650217534807366,0.472929488341429
-0.0997127,-0.0422121573759688,-0.0219379625385941,0.228190481676968,0.498317629770992
-0.0331824,-0.225095874217513,0.234281262934479,-0.03366072940186,0.302047764573213
-1.28897,-0.924459469404261,-0.316597323309193,0.293449330494633,0.681203552567661
1.29902,1.06528018090552,0.164387622453124,0.306771712023236,0.197283387751561
0.595574,0.446880194792209,0.164814911345198,0.711320218190821,0.612083735426787
0.926714,0.627519767932084,0.196798254776966,0.767217767264736,0.690128498369188
1.87354,1.13179652271514,0.40949138145951,0.546208080168201,0.487737348230396
0.5522,0.17837790787035,0.242611741485148,0.621148657881626,0.660488371963914
-0.698534,-0.454291457553308,-0.16723981514213,1.00070193811542,0.878300775850104
0.841677,0.453998784898252,0.252624714310872,0.661385226177551,0.489626814365024
1.20574,0.574109771494534,0.301203351541833,0.144997273623958,0.450333023594726
0.644627,0.223392417587635,0.271379321734664,0.35045295345919,0.495102476752255
-0.707152,-0.417640245581774,-0.165340520475528,0.926317222542229,0.772422281054823
0.761116,0.47424846920008,0.262755902584007,0.755429317618189,0.445781854961832
1.31796,0.713174696238813,0.311869412953906,0.288921043509091,0.435477179736294
1.16839,0.901087494248976,0.210958918135774,0.425103145006939,0.376485711311589
-0.113417,-0.0174924287881473,0.012265865256138,0.369166042200067,0.510564599930604
0.169929,-0.159358665882568,0.254629259422915,0.00704433200739668,0.30097087369882
-1.2673,-0.892117250649304,-0.309062326953971,0.403812109999175,0.772831104094379
1.40342,1.16091930794976,0.206136966425764,0.386578932218187,0.334825523941707
0.656185,0.454887170314819,0.185902227484284,0.722068595294174,0.799615220680083
1.03266,0.682058891104547,0.221705909109742,0.940794916752991,0.867547853920888
1.68956,1.23891661853967,0.382897309808459,1.61024371165896,0.83752496981263
0.956991,0.670179450732416,0.237366974988587,1.04240539424154,1.05667037994448
1.82259,1.16497338415924,0.402877473411851,1.44484108356833,0.747450055517002
0.551341,0.215901124634564,0.266980622537224,0.732985461660751,0.798283628383067
-0.791318,-0.442460295903868,-0.163004079091028,0.981620265184057,0.964622594031922
0.802499,0.478790407477532,0.264930637650642,0.790888039398122,0.517108082928522
1.12947,0.668265058607246,0.300737475821483,0.27577890960835,0.496975845246357
1.32039,0.974238669328825,0.243817747159767,0.398277830780513,0.359322733171409
-0.108578,-0.0399413458053901,0.0195712560086058,0.364402704424038,0.544735656141568
0.214581,-0.0968381265391571,0.29152615622197,0.0381932528068557,0.310648493060375
-1.27911,-0.917269303505145,-0.327861010422207,0.462893775484834,0.801668502428869
1.47804,1.22445115744377,0.252087810558367,1.02945259978677,0.333962756766135
0.745132,0.493032739164628,0.186553528040468,0.608316464632861,0.769014880985427
1.4215,1.21584914301735,0.190913161591123,1.16090507401626,0.654832542331714
0.68215,0.516335707164124,0.189791257220628,0.915111373230969,0.890759310895212
1.07798,0.720676668474212,0.231663458622536,1.02135022217343,0.719882445176961
1.70822,1.21734920581515,0.421653389124932,0.550642858749691,0.408179286606523
0.175542,-0.104763719724179,0.26458735418967,0.218151099103417,0.459102453851492
-1.2809,-0.891366780578574,-0.320678716383866,0.111921929821736,0.594379510756419
0.508033,0.251631760950619,0.268385656694902,0.170707140847608,0.0611272408813324
-0.767098,-0.462501583391602,-0.158236976335322,0.0230714101827149,0.540394599479528
0.821629,0.537994152392152,0.250049776037486,0.424950418240501,0.311722027931992
1.44739,0.873707018849249,0.409464828028744,0.312866581903044,0.339913044587092
1.2692,0.956283280472915,0.226764443167799,0.491251389926102,0.37269094777932
0.00114362,0.00497736518452264,0.0476777441787512,0.442788978777208,0.575440747050659
0.256757,-0.101575079098565,0.260772540503173,0.0899228042651412,0.372536130985427
-1.25979,-0.942170095385377,-0.324884605122111,0.495407477041529,0.842836189972242
1.44186,1.23210582512205,0.272620522928783,0.441377137594938,0.316979753816794
0.752274,0.565203176461849,0.255992407566519,0.844728398314933,0.718273590458015
1.06065,0.750871320169225,0.228684136096204,0.823709019032641,0.77985218536433
1.93529,1.34231855146463,0.466968702698935,0.638116473295564,0.581486154406662
0.462428,0.19696852315583,0.228620271100166,0.702383669978562,0.804941865163081
-0.617289,-0.417002256269781,-0.130798442723971,1.06707450429575,1.0074847814018
0.879519,0.51438624007531,0.249127115683617,0.826744698083166,0.641806645385149
1.51298,0.937493030083236,0.411973059681767,0.361330370961503,0.564993441360166
1.18533,0.954007698249208,0.235732659674409,0.583956917175413,0.58076492019431
0.0767734,0.0766333660569096,0.0699756071211175,0.435470604929238,0.701721218945177
0.465376,0.218081905644021,0.22498924622193,0.502870134263875,0.474094439278279
-0.588782,-0.405213540594557,-0.123594803861936,0.577984756406893,0.783886301873699
0.790453,0.509267625424595,0.239612322838516,0.605984906700597,0.52490218945177
1.49755,0.928282630326766,0.400462600274064,0.388162910631981,0.483651502081888
1.38345,1.01235194549782,0.268424467969786,0.523355042998321,0.457908978625954
0.155028,0.0951547896714796,0.0670809741717372,0.486663276118282,0.602960094031922
0.117263,-0.172128652394985,0.238996772205116,0.156635848084786,0.468528764052741
-1.22319,-0.954359366225263,-0.334179460867709,0.539997871705383,0.88601302203331
1.54954,1.27383521686637,0.268770526210831,0.481553904587733,0.340859877689105
0.937041,0.676688144629971,0.299073321134405,0.898626241368493,0.725351883240805
1.05792,0.747608268185939,0.237421873478067,0.908634633315111,0.783722584836919
2.07911,1.499545752202,0.493992166485996,0.658855484103851,0.470466301353227
0.0744165,-0.207748661509945,0.228235211681976,0.327503049496089,0.817085869188064
-1.23811,-0.964682267975997,-0.326791621599747,0.796443966002966,1.11229379510756
1.61556,1.31372726629291,0.27458812048381,0.81573008423998,0.469596511970854
0.887834,0.654797398676475,0.29276503684152,0.890905870114022,0.841313782616239
1.0457,0.760209704405975,0.239998247538491,0.916687603669091,0.897088515787648
2.03439,1.40762171530274,0.518147532751406,0.712550370704,0.602885448126301
0.45458,0.203158087130707,0.22106664292003,0.702093055774425,0.84267985388619
-0.658881,-0.395626933394678,-0.126551710220491,1.05485838860695,1.0626468481957
0.818854,0.520860642989243,0.257040027359032,0.904966051862933,0.795038208362248
1.48815,0.869099354874793,0.4087328128443,0.398983787693086,0.807992536606523
1.5612,1.04023954201013,0.25083765228893,0.862729974687386,0.799305166724497
0.0806219,0.121120611604565,0.0929081738746243,1.40984754020558,1.14527382616239
1.20426,0.771978920087924,0.249228615363441,1.24905023135067,0.908451088306731
2.04386,1.22215860757951,0.501694380949052,0.554940915653423,0.705953000173491
0.610413,0.249628057066661,0.24172551661849,0.582063287121918,0.870223204198473
-0.688057,-0.382939713643651,-0.135574437267206,1.13999537192724,1.04056029684247
0.878932,0.52656393568298,0.273002655874534,0.912547048168058,0.630002301839001
1.4833,0.906911154032886,0.42572037764939,0.420860321192437,0.590623383067314
1.37866,1.01455429247609,0.264848243841075,0.53516466861867,0.513883245662734
0.124762,0.0858730119650762,0.0769284679346887,0.467926221283158,0.589517663081194
0.123804,-0.183155115542772,0.245066938169141,0.143207288079854,0.355866543025677
-1.24718,-0.945408672781679,-0.319925022489298,0.520814801343719,0.740199706800833
1.63113,1.30463487317486,0.293846199666403,0.160145744227891,0.144323454198473
0.829804,0.583870182065188,0.312119110478089,0.00792512743018742,0.45446557425399
0.469897,0.209832269816802,0.223672542990565,0.278762105117136,0.482877854371964
-0.597041,-0.37230839333538,-0.128729314749964,0.966639845131211,0.802408633414296
0.885133,0.521837063765507,0.249039601971792,0.744996920598166,0.550609435287994
1.66254,0.995962565257258,0.46361943973814,0.371879848757116,0.535396836398334
1.33633,1.01689105326437,0.252248016210305,0.580542230015025,0.518785790249826
0.0234403,0.104519559523339,0.089128791892079,0.535970756884903,0.657215007633588
0.228607,-0.125222396346763,0.287671392291283,0.187595267310032,0.472656232303956
-1.21529,-0.924107894074958,-0.323982177598684,0.566247301546255,0.938111948126301
1.63525,1.31866537975417,0.30118658682214,0.507449991683412,0.382030205586398
0.989086,0.692533122848015,0.292843652615024,0.96453996472122,0.753982250693963
1.11377,0.81100158772921,0.262720633303612,0.986526037039534,0.757421873455933
2.15619,1.56103741506911,0.541420958900847,0.721077639757881,0.367839991788647
0.253504,-0.0507125223199182,0.27309720261888,0.370938663748394,0.530489069767442
-1.24337,-0.958760063105361,-0.324096345228943,0.762479823369106,0.663251274068005
0.616971,0.364451037448131,0.266064088253197,0.242561031307191,-0.185589404162633
-0.667205,-0.404898903059782,-0.115515345550872,-0.273643647400019,0.248218282442748
