1000
-0.181116,-0.25062046292708,0.0647151696095585,-0.351565906825942,0.0555728029146427
-0.977218,-0.825250935606791,-0.453831247568306,-0.231272554125611,0.509620201839303
2.08442,1.42393061821423,1.13812863303367,0.288152650447832,-0.400846994674314
-0.885743,-0.64728261023528,-0.438865725778342,-0.295587282522842,0.515028067141786
1.27836,0.854738451212254,0.887180537310896,0.278204266423827,-0.21626661977865
-0.791386,-0.530491194423834,-0.408547861246545,-0.196904463485824,0.245365084316447
0.181112,0.0528306729976563,0.319638148970598,-0.0603610802783504,-0.139823088133241
-0.888539,-0.61602160484264,-0.403424804281463,0.0126207890023176,0.168663559333796
0.672932,0.302742004142791,0.629439212455204,-0.0246423177752087,-0.263655292505205
-0.663352,-0.331072204759872,-0.408997714999429,-0.161929631136344,0.16739733740458
0.939149,0.522765245034468,0.875328063744507,0.275315471476596,-0.295843056557946
-0.805337,-0.410165551217363,-0.418503185323584,0.0833315980532525,0.176170091256072
0.720443,0.375455058233357,0.720936368243616,0.244330800460171,-0.304317632893824
-0.6031,-0.133507564729774,-0.329107524237927,-0.0201249442651461,0.012533919500347
-0.0993756,-0.120324797065351,0.17865696556211,-0.145689105166641,-0.228299797709924
-0.845902,-0.459146425217326,-0.402082769506964,0.0586679552367758,-0.0245798660652324
0.442296,0.180484355488174,0.485035309017644,-0.0655362011902756,-0.367562429562804
-0.625769,-0.139598190017819,-0.249620101044581,-0.122309037572961,0.00751369465648853
0.936654,0.513494836731362,0.821431533217274,-0.329722741248811,-0.463700454198473
-0.813135,-0.376667199329808,-0.413358744756156,-0.18259171480704,-0.0896228900069396
-0.676083,-0.424882849068292,-0.108253794094309,-0.470571777707197,-0.22537887647467
-0.933375,-0.636304470942878,-0.417972074115396,-0.382443386455677,-0.0425881051353227
1.30242,0.813138315195025,1.12322686936059,-0.623402783615081,-0.561133189104788
-0.773113,-0.180497735880379,-0.376204060368646,-0.264410900517396,0.0155813875780708
-0.0298234,-0.142960674999273,0.201576650182775,-0.206068833422497,-0.27315565648855
-0.864731,-0.498577838699373,-0.408084807393063,0.0251156690330969,-0.0199507241498959
0.518495,0.247457059219812,0.540475987388549,-0.0708502617069713,-0.350497917765441
-0.668567,-0.20375870250585,-0.321244969626639,-0.106955620417706,0.0561300034698126
1.03013,0.603555687055412,0.921818249918199,-0.304160595347458,-0.465828457668286
-0.838527,-0.402257749876037,-0.407664471011373,-0.187864178459896,-0.0359870792505205
-0.656074,-0.434273868428452,-0.120735844921731,-0.459323285411195,-0.167387083275503
-0.937939,-0.665235358898816,-0.459501313012984,-0.360315972745513,0.0200717605829285
1.38791,0.868385742082812,1.17833567330704,-0.188492072785449,-0.506552205412908
-0.791488,-0.334229248530779,-0.484248521976352,-0.0635944357562715,0.1029007444483
0.765483,0.429526671838109,0.750039124626969,-0.0176345461124841,-0.443580342990979
-0.662528,-0.10409967510043,-0.356270778584914,-0.112902902988901,-0.177291135149202
-0.674176,-0.41026463026175,-0.118100023664191,-0.431220679484886,-0.31932550260236
-0.940524,-0.654475349586592,-0.45797464346827,-0.456544852481981,-0.221388987682165
0.0852105,-0.0637664360221613,0.246497556568991,-0.393240932277618,-0.468603611727967
-0.859844,-0.530316820506893,-0.408926749856163,-0.389744691961885,-0.0514517954545454
0.56636,0.255600031205562,0.537414630252663,-0.0333015880611629,-0.335092069569743
-0.662992,-0.194483239791461,-0.330633156100904,-0.0722583016218482,0.155148017522554
1.05209,0.583424969252748,0.880926097734336,0.298963787407953,-0.224316372137405
-0.837956,-0.393877532626875,-0.423148928679258,0.0585375881669301,0.370771926960444
1.25103,0.761790153742075,1.03983598325905,0.32838725723443,-0.199352377862596
-0.796334,-0.298884231371668,-0.372212487425582,0.0567548364280711,0.323233250867453
0.74951,0.415842074590328,0.697301759558263,0.486380546815493,-0.185465841776544
-0.663868,-0.14609963930627,-0.381519656764165,0.0759399783494385,0.191922303955586
0.976423,0.568698544511231,0.822473920826515,0.0438975246309714,-0.373904576335878
-0.849224,-0.416630164890487,-0.474064739491641,-0.123992223332452,0.00972063879250523
-0.663416,-0.419928730459361,-0.12931439384259,-0.46137664279512,-0.161780562456627
-0.942399,-0.654685995622647,-0.449918289782464,-0.366051890465758,0.0421841909784872
1.41249,0.868960192261457,1.06703560004657,-0.18582093268612,-0.481194467730742
-0.798538,-0.285913127470706,-0.390594265021352,0.00502617060578353,0.171376174878557
0.768641,0.429923736998576,0.724196430430921,0.112913011756744,-0.328456248438584
-0.663402,-0.125425173345856,-0.37426337470253,0.0112284742544665,-0.000601637682165077
-0.0352336,-0.07064982532089,0.168926773174422,0.00444108854912595,-0.262915910825815
-0.878057,-0.499238700811599,-0.462752820381693,0.1009633802612,-0.0258797723802913
0.545228,0.240112172669361,0.508972662828446,-0.252417559380378,-0.439576214434421
-0.679314,-0.200631441613983,-0.444310284546715,-0.265611006362633,-0.075462412907703
0.0097652,-0.057195109380182,0.187825817107651,-0.0853945345223986,-0.304444296321999
-0.866248,-0.446899889807455,-0.447929017935026,0.0823903002761735,-0.0234166743927828
0.560241,0.241828124938669,0.492648391635536,-0.0115442388652032,-0.363713597501735
-0.672807,-0.203958569653607,-0.413839375684639,-0.0822209206321071,0.0692409725884802
1.10818,0.63296600959627,0.872610967700609,-0.301153850415418,-0.45513638445524
-0.841369,-0.419547190472025,-0.469936082773929,-0.14233676944995,-0.0100852410825816
-0.663404,-0.449389356138323,-0.13631426837505,-0.435641477775919,-0.144998241151978
-0.942131,-0.683638030885107,-0.467764798512519,-0.340999904316362,0.0862090308813324
1.46847,0.9211638022297,1.09719278823901,-0.190782681581441,-0.424782956280361
-0.793938,-0.310007894825212,-0.41346006562285,0.00897481494498342,0.253280976960444
0.807719,0.447179974148028,0.681453963652879,0.557675746466763,-0.230197745315753
-0.665828,-0.251502355408125,-0.461061364973391,-0.175697492999165,0.178749877862595
0.775151,0.420298524822019,0.693956051174265,0.411206751433671,-0.266570070437196
-0.665833,-0.225704559103476,-0.446402192419431,-0.294172084358755,0.0741416897987509
-0.0137174,-0.0514223420194232,0.173073359628247,0.0748775104467814,-0.222992942748092
-0.877529,-0.483694839786457,-0.451323931726843,0.113252898204861,0.0227573292852187
0.559852,0.261569666788228,0.531261868093774,0.0131396402159817,-0.354748496877169
-0.680842,-0.196172474052463,-0.317585173131808,-0.0897676169199833,0.0699746342817488
1.09858,0.651029109632047,0.914538182354886,-0.285352461325334,-0.460182613809854
-0.848533,-0.415510566720891,-0.461126088263226,-0.142818462739921,-0.00189981589174185
-0.658276,-0.430933752375972,-0.106956034714878,-0.402579076157541,-0.133718596807772
-0.942475,-0.699307525517431,-0.443974884317326,-0.318640265580086,0.110347039902845
1.45621,0.879004840159819,1.10902806688867,0.798813786272843,-0.37940012352533
-0.799766,-0.256117931260828,-0.430239489844872,-0.577670931223918,0.310608535045108
1.25939,0.803085634654775,1.04590280852923,0.99836752252366,-0.297826408743928
-0.807707,-0.341927971853333,-0.428990610661843,-0.484181742092191,0.205424262421929
0.771437,0.432983265252026,0.737119560987046,-0.00425554578655857,-0.359745555690493
-0.674054,-0.0993788245533067,-0.343351323063591,-0.134310621813857,-0.121787021686329
-0.674752,-0.407554223254353,-0.131538915669581,-0.404966331374842,-0.323806908223456
-0.945972,-0.644034787724713,-0.434576300264341,-0.440382300596924,-0.222124289555864
0.0972963,-0.0585140033830684,0.208761708227962,-0.372456526542084,-0.467600795975017
-0.870582,-0.516475946093872,-0.419925297497414,-0.371197798440882,-0.0942306323733518
0.598776,0.262090319979093,0.536254759161451,-0.0212601249370182,-0.426310854788341
-0.678106,-0.180711925572411,-0.351048052325089,-0.0596291116266086,0.0381505466689799
1.11435,0.643940011854781,0.897538757067766,-0.268002422961874,-0.455671677827897
-0.848262,-0.405903025767883,-0.428371936240437,-0.133271845139448,-0.00282975562109641
-0.660147,-0.444296486070755,-0.115595762527257,-0.397149181612411,-0.143489308119362
-0.945097,-0.705716245938893,-0.439945546857243,-0.313591264351467,0.0682407671165857
1.48646,0.95640662211722,1.11062554854414,-0.164924907855632,-0.469755022883414
-0.801324,-0.339402024026905,-0.38815925711945,-0.00888478729270609,0.202493631072172
0.806384,0.484052318537208,0.706615871201744,0.154782465772019,-0.314522917678695
-0.670349,-0.167379862971962,-0.335876573897914,-0.00959259211610236,0.0554220929042332
0.00240043,-0.0554429971963041,0.175222218121569,0.000526977159894249,-0.198746318181818
-0.880333,-0.451326958273627,-0.449955738820091,0.127772614529116,0.0678329432512144
0.585708,0.284276090360985,0.532745198860404,0.0192108434581234,-0.31848792444483
-0.685208,-0.190992578446154,-0.361151227316343,-0.0826937009858673,0.116862229094379
1.13806,0.666879027012219,0.899887953898948,-0.168402415653558,-0.402152926943095
-0.851022,-0.411921219297887,-0.449252426367348,-0.113195001723102,0.097979024056211
0.0175827,-0.0590255344248993,0.191072484712553,-0.0485864647770705,-0.224581140874393
-0.87792,-0.498815414162794,-0.422906743189248,-0.0687381840550787,0.0364186119014574
0.591396,0.272501496522612,0.511226810812711,-0.0515685698654477,-0.343990010582929
-0.683362,-0.186684787337051,-0.357382954351785,-0.0755834982882518,0.0912676691533657
1.13985,0.685639270671335,0.895914846562315,-0.270786885336181,-0.457771032095767
-0.850805,-0.416363221365322,-0.460493679778401,-0.128228659005454,0.00304091384455238
-0.652711,-0.463991779514256,-0.125357921450007,-0.408879716086794,-0.137448747397641
-0.947215,-0.714222041617199,-0.438488186419464,-0.311475274870476,0.0509095763358778
1.51555,0.997832435883644,1.15451482428197,-0.152756277765286,-0.499958981609993
-0.800412,-0.326901486673519,-0.442133673344972,-0.0011600839248303,0.125747870575989
0.825385,0.455024086490744,0.731180968051922,0.0193478031067589,-0.384474115197779
-0.672155,0.0420957659860149,-0.323543183634492,-0.0461153840522138,-0.112557826162387
-0.992997,-0.463877880325876,-0.282409359130068,-0.279391814895544,-0.0515216446911867
-0.434253,-0.491813426280627,0.390263752160243,-0.231272715445701,-0.0886201839000695
-0.518222,-0.269326632430178,0.577204123033034,-0.589902550289362,0.180811650936849
1.90326,1.68748051786599,3.38712260200676,0.431314186571451,-0.222082735600278
-0.706544,-0.609265648477457,0.175961342046855,-0.461505836889731,0.581070512838307
1.8173,2.67664216273234,4.88011443375507,0.69108806882557,-0.0904087939972241
-0.732525,-0.756129327447285,-0.124767303555828,-0.371218073954526,0.53364994222762
0.431325,0.0830737710795527,0.746249791692844,-0.323247690607828,0.140714009507287
-0.485284,-0.531096830516869,0.138469705325145,-0.214277823468518,0.438916316446912
0.901193,1.19865589403916,2.02717980883836,0.0682644666534369,0.0848051103400417
0.0811767,-0.154826431949647,0.474227597592423,0.0366451756682426,0.366293152498265
0.527132,0.336781042150554,0.687095680908614,0.228738563230972,0.205129953504511
0.0223979,-0.229283219859775,0.329005309719607,0.0523970071903066,0.405683949514226
1.07515,1.25832144072209,1.08685747450817,0.125263538586272,0.0826795843164469
-0.443433,-0.483562717199999,-0.0310824357003155,-0.0112868033770212,0.451856648507981
0.112743,-0.089517183058946,0.0174746646837211,0.0178063964855323,0.24699533074254
-0.244834,-0.412182057099516,0.149427118578826,-0.136544823363599,0.428263669500347
1.71721,1.60336742349074,1.14170341726157,0.282448751130916,-0.0430292717210271
-0.196014,-0.31978043097664,0.40017180226132,-0.0733022496969721,0.43177628556558
0.997046,0.809921289362443,1.05531060994014,0.225568788020069,-0.101854588827203
-0.967942,-0.904511578583618,-0.312496976334031,-0.244341721211827,0.247894276544067
-0.629203,-0.720078569534935,-0.21234065793892,-0.401092113885237,0.0796149049271339
-0.112456,-0.273736261027718,0.491762956989726,-0.334716349891274,0.098466899722415
1.32002,1.32003468646114,1.57987060337142,-0.329335000160918,-0.210867429666898
-0.631972,-0.696504815018369,-0.0787022359842179,-0.355647987139875,0.331294897467037
0.321797,-0.00393692299183606,0.425828170813089,-0.0498950551976338,0.0368387676960444
-0.411585,-0.544861677316697,0.101443895164426,-0.155737345430876,0.308317441533657
1.21211,1.35523329215251,1.48444342339903,0.0578843014146663,-0.067248631332408
0.0106107,-0.235145110331625,0.384954774558052,-0.109288276575352,0.210475733865371
0.524649,0.422368481425298,0.558606737823446,-0.162608317188451,-0.117983077342123
-0.934852,-0.82341858704298,-0.284215736572415,-0.309678326059366,0.159401878036086
-0.738383,-0.679388585315596,-0.343680480926433,-0.399650260594191,0.0856374026717557
0.277833,-0.0543892183642346,0.507405795934101,-0.125544547459241,-0.0383205650589869
0.74876,0.771952692858226,0.921225245665452,0.153958012262138,-0.0845946992713394
-0.0403124,-0.267780432223922,0.280659205081249,-0.160325579087187,0.128453209229702
0.969857,1.27054692787033,1.00038792027167,0.150971897729761,-0.279163214781402
-0.921343,-0.757610255904741,-0.272906918334355,-0.401100336357803,0.0636467623178348
-0.774503,-0.672578248532017,-0.345673981809934,-0.447541752714069,-0.0676841922276197
-0.35235,-0.466534802400442,-0.0258391701374531,-0.44781834465231,-0.112641205759889
0.111825,-0.0568825664813923,0.105022364667041,-0.382272209683914,-0.10327776870229
-0.207228,-0.323827705766735,0.143588574196186,-0.157658440180353,0.161390522553782
0.805282,0.925159379798413,0.90753119022384,0.0798311941971063,0.021345463296322
0.23158,-0.0584006798390204,0.450665528855466,0.184671392225547,0.297759189694657
0.331839,0.230092115869921,0.304741381773451,0.348006368977118,0.319675749653019
0.287415,-0.00332310042976163,0.525155824722087,0.225339762213072,0.370425548750867
0.541304,0.563044716735066,0.551839790313445,0.403601292996282,0.287601581714087
0.00795862,-0.192781587184532,0.294613926871367,0.290743993101829,0.409477848716169
0.983269,1.11864450505219,0.938437289946777,0.317679484369966,0.0995325407702984
0.216076,-0.0693932477448725,0.410951530466784,-0.00420261621700443,0.188107822172103
0.238874,0.213714147777846,0.235360085899592,-0.0821264420782391,-0.028125284038862
-0.911166,-0.713521379411873,-0.279644548280463,-0.286914711041182,0.127677540666204
-0.783287,-0.650263102725622,-0.376817760113308,-0.348285468801877,0.0949232983067314
0.45427,0.0816724273864519,0.529831957381683,-0.125922975130739,-0.0697570900416378
0.548517,0.62333483302092,0.579250355392291,0.122719706851839,0.0119494397987508
0.0490499,-0.159309680599109,0.301605355776001,-0.0162099760736396,0.198688952116586
0.748783,0.944591053692485,0.70549176512409,0.231831349819969,-0.029650976925746
-0.373675,-0.41254807494026,-0.0238757915764277,-0.000703957546480654,0.200769516134629
-0.143295,-0.186207700691692,-0.130499122861833,0.0011234657654568,0.0912753463913949
-0.105108,-0.269975011181528,0.159061840829453,-0.257308956461746,0.107438697258848
0.715001,0.838251843579128,0.630468732310144,-0.215115178393563,-0.0980761891394865
-0.371112,-0.383470655480719,-0.0446089111575797,-0.0801587242852014,0.163537230360861
-0.1341,-0.180966462363734,-0.105412939619489,-0.0342791867547026,0.0600653155794587
-0.0852132,-0.257441469334264,0.168031730068774,-0.0361410528499088,0.0986957888619015
0.663774,0.756211350830791,0.628898748094082,-0.00844047676239172,-0.0403373787300486
0.340576,0.00758155088697431,0.420763348411073,-0.14293857556062,-0.000797210097154714
0.0781579,0.138604951727346,0.102337184984442,-0.0752848818090352,-0.095240726925746
-0.896892,-0.672147293059641,-0.259400907365423,-0.28079875623615,0.0625983419500346
-0.823924,-0.656886693542321,-0.408685568970184,-0.334004381048606,0.102009258258154
0.662265,0.21883022596149,0.544702076016859,-0.101605440418037,-0.0932812583275503
0.254557,0.456449580611035,0.34805198594973,0.132466151013804,0.147721848542679
0.212737,-0.0255310933318958,0.304374103966342,0.19286495829209,0.232739586363636
0.709491,0.815025655358477,0.369045771776039,0.455809980059319,0.136067726405274
0.159019,-0.0569599828269925,0.304663534117667,0.136619211999471,0.280436756245663
0.557332,0.806209280889241,0.444054677820896,0.440594591528525,0.102668810721721
-0.315875,-0.358372808477509,-0.0400674488035125,0.0343571897968234,0.210668608743928
-0.276297,-0.228576506837166,-0.228109022151169,0.0395550417721881,0.124624831020125
-0.0175105,-0.17975611229334,0.172764125465745,-0.0193201345175196,0.0679012146079112
0.490353,0.612328573583709,0.396700677704737,-0.0132777675525657,-0.0294530683553088
0.411685,0.0850681313612351,0.400888598830588,-0.165617075037328,-0.0510193285912561
0.0438689,0.111801910401905,0.012421358254362,-0.0620261607203536,-0.0961629342470507
-0.897418,-0.639655393582827,-0.266811857717738,-0.288181679402822,0.0469067043719639
-0.828118,-0.645351645667479,-0.411718685438309,-0.330350969411775,0.0931015083275503
0.649188,0.255310357850951,0.482805545283936,0.102402428067048,-0.0985679727619709
0.253383,0.436950472756806,0.39488348938925,0.153761374324545,0.128661067487856
0.489571,0.207816525108715,0.499679925338536,0.28651247578147,0.0865311196738376
0.232404,0.305525974419553,0.164381460913453,0.350798406586589,0.123908833795975
0.16119,-0.0437872244138206,0.295178101621821,0.146726718334672,0.0743115229007634
0.603222,0.868652015530542,0.44881486255385,-0.0383080599601504,-0.196200064746704
-0.896085,-0.679747137986377,-0.280719534094687,-0.388951020528683,-0.0164072536433032
-0.851294,-0.671559282913522,-0.429571141449724,-0.414911823427497,-0.117489378903539
-0.196098,-0.329256390716502,-0.0215865432781005,-0.41827995246636,-0.237252874739764
-0.187868,-0.1751184204798,-0.145499829606486,-0.354989807153334,-0.14266579944483
-0.0187116,-0.164657148725429,0.16262589966932,-0.109424475599127,-0.0951803785565579
0.330113,0.480124859355256,0.268372232205948,-0.0115466169784443,-0.102145781748786
0.501229,0.134211786415436,0.432435821528006,-0.1797241557574,-0.143966765440666
-0.117154,0.0109139021239402,-0.112771337547446,-0.0940257220780386,-0.0906185159611382
-0.880209,-0.615177165482933,-0.266866426845388,-0.217352436724852,0.0151278310201249
-0.849353,-0.668495992966423,-0.432229931434433,-0.242895082419669,0.0721391087439278
0.774877,0.33383576630573,0.532780425689623,-0.144540668749557,-0.189662078417765
0.163926,0.373285715900622,0.186979042422447,0.130457503293047,0.0804140698056905
0.23943,0.00644394161640785,0.309626984657627,0.0622731512599333,0.0908140729701597
0.535643,0.661871847868833,0.179215011146358,0.13835547474482,-0.00322579510756419
-0.318664,-0.333260073713614,-0.0328216363969554,0.0411470149270372,0.164599750693962
-0.289723,-0.244472309320706,-0.246640593839139,0.0627837192601931,0.132536551873699
-0.00582722,-0.158048535053257,0.150495819317394,-0.0205899405924042,0.0851047519083969
0.479162,0.586892891162937,0.323512109512126,-0.045401740103727,0.0160117369882026
0.439937,0.128645992647179,0.41256218600837,-0.0922720035429364,0.0128549739764053
-0.084218,0.0256627808622036,0.030795291656243,0.0147753799763996,0.0641509170714781
-0.273552,-0.31350861064744,0.00247282856169982,0.0288059147856046,0.0478188369882026
-0.356136,-0.272651864562987,-0.215400432790539,0.0382766970038348,0.0564543024566273
0.0577335,-0.0851376776644462,0.213569922441871,-0.0389482937198001,-0.0132696259541985
0.396692,0.481509121808712,0.316182264581899,-0.034656848734316,-0.0496097649201943
0.425304,0.10786868126762,0.461156522176495,-0.158029418989874,-0.102140533483692
-0.0471636,0.0401512571555822,0.061468239776201,-0.0728282419807984,-0.108116166030534
-0.890332,-0.627731533671399,-0.264065402242229,-0.292807753631355,0.0187252257113115
-0.851179,-0.656419321333166,-0.405474809771174,-0.321769842007389,0.0597314286953504
0.726928,0.30253061292842,0.612549695904027,-0.136484092374134,-0.220432435114504
0.205703,0.351939789518061,0.358768417773929,0.109719541468093,0.038442540943789
0.190144,-0.0529855123166282,0.34748759101171,0.0559155292881666,0.0195823609993061
0.533184,0.780940400174479,0.463161643809878,0.0188276623332852,-0.128528224843859
-0.664991,-0.493657910681556,-0.23719703623514,-0.412322216425039,0.0677158313671062
-0.968175,-0.565568833940701,-0.467136352245716,-0.321605017044359,0.151176716863289
1.35109,0.319599124607085,0.532704621183139,-0.0367813701593698,-0.454388391394865
-0.958294,-0.338776844239587,-0.574532055801765,-0.0548967396036821,0.147832318875781
0.754688,0.160355781831568,0.291567570343741,0.0543126976890408,-0.418265509368494
-0.897235,-0.238916820677571,-0.596740615553344,-0.148054712020495,-0.0542788275503123
-0.145875,-0.15572240259383,-0.0521666626297175,-0.0275656815705709,-0.334890171408744
-0.986017,-0.481986050164292,-0.504032779262498,0.0679072304472414,-0.0496124486467731
0.464764,0.125500932879205,0.209729340133858,-0.0734660214022559,-0.410301476752255
-0.915497,-0.331288442658546,-0.574522113937173,-0.213979469940241,0.0758060544760583
1.13296,0.436130895164087,0.530202456207602,0.219947752465816,-0.458675982303956
-0.996754,-0.451085685390804,-0.545249874153331,0.208392623876645,0.13503565648855
0.830348,0.380075848954796,0.411414674694554,0.335853673264562,-0.434863647120056
-0.918642,-0.358778433616501,-0.587985204349792,-0.0901853940078265,-0.00680840249826507
-0.080964,-0.124488545933388,-0.00642118534911706,-0.0255536609106862,-0.333445867800139
-0.994651,-0.579483573427341,-0.501287021926322,0.103153551910536,-0.0663451752255378
0.527882,0.208288981312975,0.257090075297807,-0.0405422945844137,-0.470939712352533
-0.926044,-0.393080435455394,-0.55803707302838,-0.185284161077405,0.0295897824427481
1.18596,0.583429177414125,0.605900955593034,-0.37768241795429,-0.577823276891048
-0.997389,-0.551768388683154,-0.549068546210952,-0.157221524508077,-0.0769445574253991
-0.67905,-0.497491102816953,-0.19348857863183,-0.427389867393618,-0.263022655968078
-0.984797,-0.728251712229509,-0.459533089783977,-0.311182199279362,-0.0522328128036086
1.50433,0.891545216338313,0.830958904836595,-0.710061433547059,-0.651652981089521
-0.973107,-0.467417443533949,-0.574885591377269,-0.237986733704292,0.012620743407356
-0.0870355,-0.167507422484075,-0.00124570943590896,-0.178856762866562,-0.346986195350451
-0.983486,-0.606376759400457,-0.505043230547689,0.0619313145780651,-0.0816869953157529
0.498409,0.234510964088532,0.2957041722778,-0.0593491417890677,-0.446359307251908
-0.910805,-0.429306749749924,-0.567970185058489,-0.195041230452033,0.0270936545801526
1.1217,0.632946002841908,0.616124785966573,-0.358639468825504,-0.578871818008327
-0.995426,-0.594135894844833,-0.550489674593049,-0.160356104191986,-0.0655658839347676
-0.673913,-0.496912654699393,-0.182505764203107,-0.413558712720746,-0.228942548577377
-0.986329,-0.757408632458244,-0.48595505577227,-0.305897400850096,-0.0186583730048578
1.49993,0.897027362504307,0.838610795921965,-0.212236029331467,-0.592179197085357
-0.98532,-0.540653120509655,-0.577543611232072,-0.0782361611598209,0.0864957410478835
0.812468,0.468848765499787,0.479873871107994,0.0330940079702371,-0.547657835010409
-0.925984,-0.415443756094188,-0.595144077242636,-0.200258520168214,-0.204582370055517
-0.67712,-0.481443463164361,-0.205713434203575,-0.443192109342508,-0.418347733344899
-0.990911,-0.735216524749815,-0.473507482635146,-0.441678079184783,-0.298271149375434
0.0299947,-0.0831635018996043,0.0798917652969054,-0.402330552888689,-0.554575570784178
-0.986434,-0.689859991805768,-0.500427454868558,-0.375156866345407,-0.116267300312283
0.537835,0.253940230727722,0.314396280718192,-0.0590160285199927,-0.434803473802915
-0.927201,-0.480507221456959,-0.547045538187634,-0.180196783571075,0.133165410652325
1.17124,0.635138598837388,0.634883056367784,0.337690260914586,-0.337355968251214
-1.00293,-0.577117444104986,-0.565684600672996,0.112647708384455,0.35098774833449
1.39176,0.787020968509843,0.743890963653103,0.413827772488967,-0.302943894517696
-0.99262,-0.56745411320785,-0.646925300143848,0.0204024496438505,0.302532628383067
0.794456,0.483398713098132,0.466452305749031,0.63812417415743,-0.285137938931298
-0.929334,-0.510555329871804,-0.760212922245071,-0.0512674505520493,0.179309165510062
1.0622,0.62561211182325,0.621367491675289,0.0807179369441788,-0.481002643997224
-1.00475,-0.594732499009231,-0.59172973838531,-0.095466526332312,-0.0214027206800833
-0.681015,-0.487130861568275,-0.225704423340387,-0.452211876982672,-0.231933884108258
-0.989264,-0.737798940319045,-0.4958207623508,-0.340182625719081,-0.00944738778625948
1.47569,0.911529574056257,0.853949512465047,-0.263266199593571,-0.573970520818876
-0.986815,-0.549287272823182,-0.661215659672919,-0.0867596769568739,0.132061759195004
0.780979,0.488296062842893,0.466258632403336,0.0747785982403542,-0.449158774462179
-0.926314,-0.47945037974449,-0.727840426402965,-0.145592749122324,-0.0582564552741152
-0.0693346,-0.0919715444233684,-0.014253787261567,0.00551742565475141,-0.386151849236641
-0.998661,-0.614484189645998,-0.564376421593869,0.0820077335910995,-0.121665070610687
0.51576,0.279541860573259,0.296554880804032,-0.318095963197349,-0.572064426266482
-0.928098,-0.470647745232482,-0.663116368037017,-0.356172684747351,-0.147955571998612
-0.0270311,-0.0850138296879315,0.0152299246417216,-0.0846021932499674,-0.431431197085357
-0.995562,-0.605263883405116,-0.549652117664408,0.0458531973251141,-0.110690298091603
0.545699,0.295054687481054,0.292838759529642,-0.0163123042634007,-0.480097045628036
-0.926859,-0.489778352816269,-0.65434282665167,-0.181244886877763,0.0276760938584317
1.18157,0.698832066305249,0.62807923041572,-0.358439941966876,-0.573268972761971
-1.00028,-0.616388786769691,-0.623895300490031,-0.162500828444024,-0.0481124688063845
-0.666594,-0.489595830650836,-0.209420209453416,-0.419822133710429,-0.221406950034698
-0.986907,-0.751000320351771,-0.523352509194385,-0.302737322903941,0.0302952290076336
1.49969,0.932514967549739,0.806419560508268,-0.223360566227126,-0.51625363740458
-0.986928,-0.553952995960742,-0.68465617813834,-0.0821511787108591,0.208616198230396
0.824139,0.515518397454592,0.484598908848165,0.632588227517186,-0.352034750693963
-0.929148,-0.543442224705226,-0.719886892220607,-0.57833365629952,0.1253292388966
0.825971,0.484614273135033,0.4430481308172,0.472612875281401,-0.415301855482304
-0.927119,-0.532895036382016,-0.770087393479808,-0.6580692773719,0.00933567748091606
-0.0494907,-0.0698034792063106,0.00155661486525784,0.0555382250018024,-0.347443345940319
-0.997402,-0.626034390738033,-0.539565010644521,0.101248780331131,-0.0657584318181818
0.533688,0.298027891214611,0.293421830811272,0.0323136074333395,-0.467477230222068
-0.929858,-0.483842633854596,-0.619294583340543,-0.18303276293925,0.0314015834489938
1.18323,0.712130671146882,0.663738664753647,-0.322453310214164,-0.577981349583622
-1.00192,-0.60998412545132,-0.58922884041722,-0.158494667131461,-0.0368596137057599
-0.665482,-0.488368703620957,-0.202106895197188,-0.430227786516019,-0.202963417071478
-0.990807,-0.749142844925466,-0.490732337717908,-0.310546223036068,0.0623430829285218
1.48218,0.956331786228239,0.924667896795825,0.599346693931277,-0.456922367106176
-0.986761,-0.465906222440345,-0.599453433312257,-0.5736062636438,0.287163339347675
1.34232,0.883273852825728,0.807334492595581,0.813039871518381,-0.403708292505205
-0.990706,-0.546392622488836,-0.651443843760516,-0.472347181172712,0.162599631956974
0.775192,0.459322568072891,0.51636873536015,0.0438878872663856,-0.46800278851492
-0.931014,-0.369857619768473,-0.661993278984642,-0.235359068596478,-0.1628825907356
-0.669391,-0.448991834142554,-0.219813964343254,-0.421283443318706,-0.431061981436503
-0.991504,-0.724943461370462,-0.554759038216081,-0.427587499046652,-0.302673437716863
0.0366823,-0.0494879430116521,0.0697228892980262,-0.393907062228878,-0.554747970506593
-0.98443,-0.65115362558622,-0.55139920606423,-0.368232348895586,-0.171784552914643
0.537706,0.290070432494682,0.321778594224617,-0.02256425370163,-0.526848013358779
-0.921852,-0.500450517260487,-0.691507469695139,-0.159709650232506,-0.00369811710617626
1.17895,0.721714795379893,0.729254963920577,-0.309826608081017,-0.569804712873005
-1.00136,-0.591988546429705,-0.592304008666741,-0.131127630055818,-0.0439222420888272
-0.656026,-0.483132345898847,-0.18441897199307,-0.384779165378057,-0.221526030534351
-0.988568,-0.752202642097056,-0.47093025801951,-0.274092936235712,0.00872672307425398
1.506,0.973757475669513,0.920426811429687,-0.231511636422272,-0.558810917938931
-0.985499,-0.51900207267177,-0.615236185160476,-0.0932919256287456,0.153879916204025
0.816437,0.523299696485025,0.541837287953888,0.115438814526002,-0.440147632026371
-0.93217,-0.460314168107782,-0.663003843424598,-0.15209695776313,-0.00629665631505899
-0.0399321,-0.0613961573822453,0.0551688465200063,0.0138257691122864,-0.323592798403886
-0.99887,-0.588292424344812,-0.516013723112619,0.100915738335891,-0.0319910540596808
0.535336,0.322645435171278,0.360441464140805,0.00821100685621901,-0.441994246009715
-0.927913,-0.469558564633477,-0.663232506813532,-0.198005617512777,0.0494345548230396
1.15109,0.737106652629796,0.714014408192283,-0.217829584063412,-0.53437887647467
-0.996602,-0.590322033440756,-0.583935856474842,-0.187737331922539,0.0207824609299098
-0.0171663,-0.0606902401460595,0.0771345648751054,-0.022714286605961,-0.333648849063151
-0.99228,-0.619035384968043,-0.514794122854594,-0.0826624320382956,-0.051475649722415
0.53423,0.302253961012499,0.355842637943389,-0.0505319188510114,-0.454130779840389
-0.923301,-0.454500484374833,-0.627681426599214,-0.18744401669205,0.035054829111728
1.15235,0.721540392207652,0.726895882113842,-0.331516553083651,-0.574434042852186
-0.999083,-0.57807155582165,-0.588985891268395,-0.160868553914593,-0.0539075962179042
-0.654886,-0.466936024952293,-0.184534198391313,-0.394767512792895,-0.228277011797363
-0.988372,-0.746507700011394,-0.471999893933051,-0.280286400229437,-0.0162032793199166
1.47681,0.984548699635638,0.977648763913275,-0.205974961374773,-0.587568089521166
-0.981029,-0.506266118629244,-0.592160060741474,-0.0886173299323344,0.125016155447606
0.813628,0.498021523491448,0.561025803317106,0.0227091317149101,-0.47989397258848
-0.923233,-0.385430853705601,-0.713024328198023,-0.208313402620131,-0.0836073809854269
-0.669061,-0.452344246890417,-0.194502575818656,-0.408868828503789,-0.218611748091603
-0.987153,-0.701509234856796,-0.474529849596429,-0.267691367308365,0.00076291516308126
1.46067,0.986335006878201,0.924484361806687,-0.151655192576,-0.573706316620403
-0.977266,-0.48922887274672,-0.606317353511579,0.0233711196936532,0.131995742366412
0.792979,0.509200835776031,0.530347982719596,0.146924487145395,-0.441548941186676
-0.921686,-0.501993458986074,-1.13051429189987,-0.0518748145091869,-0.0162163960791117
-0.0507585,-0.0821778950651809,0.0603392398502663,0.0298787494064595,-0.32533341221374
-0.994398,-0.609541507985355,-0.523664689062112,0.114120715560483,-0.0127737892088827
0.526314,0.320329224450885,0.369737002795233,0.0206193394226665,-0.398980502255378
-0.919928,-0.456657670330195,-0.600650956185013,-0.196923749490178,0.100269168632894
1.15221,0.718254654250091,0.707146102072282,0.2535084284837,-0.447331146079112
-0.996346,-0.562231025708861,-0.569871479591661,0.197674684446679,0.14724729944483
0.827467,0.533073988769354,0.53645551029892,0.362778382005438,-0.426152199687717
-0.919714,-0.432262133395212,-0.627463952947865,-0.0928022776651616,0.00118321530187379
-0.0490675,-0.0630158228150165,0.0366694208083479,0.00408291736808861,-0.335410551006246
-0.992552,-0.592641177399449,-0.507678968572258,0.0970357692228648,-0.0630135168285912
0.517328,0.317706581026073,0.359898108537046,0.0147476761902239,-0.468911597328244
-0.917889,-0.460899537818732,-0.630993754182413,-0.207304768302292,0.0217190577723803
1.1429,0.70498617599544,0.721300595462895,-0.33529753267186,-0.574001651457321
-0.99269,-0.575941934484659,-0.563084359980081,-0.166092777514682,-0.0824791721027065
-0.658128,-0.469470410577982,-0.193161181961057,-0.415648877334061,-0.270919606349757
-0.980625,-0.733762619775532,-0.470528498051889,-0.296854525411032,-0.0569887673490631
1.4575,0.996287600239918,0.938574661149205,-0.69719335465183,-0.643738452290077
-0.975773,-0.425045368510032,-0.555740691244139,-0.245415039225738,0.0144303912213741
-0.0417615,-0.126461886062063,0.0780654151229648,-0.159747889439783,-0.350525970853574
-0.991966,-0.625824645431144,-0.503570334664754,0.0637611791857638,-0.0687137125260236
0.524632,0.31364826302421,0.388283000582975,-0.0232844926770362,-0.443334017522554
-0.916878,-0.423801018588012,-0.526390445123658,-0.200594252702559,0.0367576223108952
1.13243,0.711563564999108,0.733129899456082,-0.337947396836111,-0.57399619795281
-0.992138,-0.566248559920986,-0.546552942140896,-0.160770979181126,-0.0601747205065926
-0.656614,-0.464835729027613,-0.169009096022208,-0.391903562487455,-0.230777963219986
-0.982356,-0.753747053571646,-0.460242263701988,-0.283568175181975,-0.0217411974323387
1.45352,0.978648549589659,0.932703480632832,-0.214871704678055,-0.585864267869535
-0.974767,-0.499510117329082,-0.55419881899208,-0.0913665605612314,0.0800106663428175
0.805082,0.502437280508226,0.551154242614702,0.00964321912773525,-0.545103776544067
-0.917489,-0.374929599540592,-0.599531555128416,-0.210952399807577,-0.202205850104094
-0.665813,-0.456799719588517,-0.194407648494446,-0.422275032662908,-0.413086207841777
-0.987587,-0.735923855216077,-0.46496899178613,-0.41860164681406,-0.287641871963914
0.0554134,-0.0447111540809636,0.112709372358419,-0.387411327030621,-0.546473116932686
-0.974775,-0.664844765958984,-0.48369294994258,-0.359344557352997,-0.105220946564885
0.542849,0.308214324979582,0.367066432815334,-0.0312565027143475,-0.422676671408744
-0.911355,-0.458659753596872,-0.538170347672955,-0.165081076296714,0.141690644691187
1.18175,0.731995560805675,0.706379032236974,0.568121476323143,-0.328638149548924
-0.989186,-0.557852213119237,-0.532697210685903,0.0066192725290754,0.356038098681471
1.37094,0.894998499216246,0.871743220898299,0.58118327756335,-0.290412240804997
-0.979763,-0.533546746218558,-0.543757067582472,-0.0617303643798465,0.308038235600278
0.809346,0.506908759347994,0.549304049611239,0.652880005381141,-0.277365346981263
-0.912899,-0.453132319415808,-0.603502062021063,-0.0243483091414014,0.18587806037474
1.06103,0.667666097821262,0.692808312512289,0.135188818119509,-0.470217519777932
-0.989453,-0.568420463191308,-0.532578837771328,-0.0618356795854599,-0.0150899385843164
-0.661949,-0.463688851965093,-0.176383929595097,-0.400857112123526,-0.227324124566273
-0.982735,-0.749341930250944,-0.465360947782984,-0.298609009504467,-0.00560566457321299
1.43378,0.961830220017128,0.935209244947833,-0.213763392305395,-0.558618222241499
-0.968171,-0.500730703987706,-0.546934345157979,-0.0904015911634835,0.135576484559334
0.804562,0.498657759974529,0.538985923975493,0.115847028436105,-0.440531876995142
-0.905684,-0.416435680398983,-0.600878753152741,-0.154599880088168,-0.046504696703678
-0.0524373,-0.070475978339537,0.0336005038703087,0.0269585192163991,-0.373648826162387
-0.986552,-0.592354760911216,-0.491228493663014,0.107989617004985,-0.109874368320611
0.512086,0.297709514158212,0.320994364808799,-0.287995988487769,-0.555294287820958
-0.901114,-0.426480787704951,-0.577554993995259,-0.345147201322633,-0.139708572345593
-0.0119224,-0.0942164911115016,0.029910400700811,-0.0395442066453602,-0.421137992886884
-0.984093,-0.593552628583122,-0.496403641729361,0.0619889324376686,-0.102572771096461
0.526993,0.260812519825427,0.316678792966794,0.0215462038731999,-0.46546469500347
-0.895929,-0.389553809663475,-0.575426448825781,-0.173924126789525,0.0299795353920888
1.17312,0.580987226177739,0.556731199602096,-0.348842109426158,-0.558688320610687
-0.981401,-0.538851402934387,-0.543882203837855,-0.129867132505136,-0.039724879389313
-0.653,-0.462817804682946,-0.218861549098298,-0.378152837714409,-0.209578895211659
-0.980304,-0.684965002673023,-0.469769803975842,-0.263434235650253,0.0443706151977794
1.51865,0.778151301146752,0.755142907150612,-0.209633677955954,-0.503101768563498
-0.962772,-0.455592942049158,-0.578508861618377,-0.0391949698702959,0.2188296148161
0.833927,0.358783178842389,0.402418601859941,0.657036959954849,-0.340218627862595
-0.903203,-0.46831368942446,-0.616586966682071,-0.582421260802311,0.125982264226232
0.79655,0.382059192776035,0.366055791982225,0.556774109782115,-0.405291515093685
-0.897083,-0.460533311828892,-0.653253477314781,-0.664942111547457,-0.0042682729007634
-0.0877121,-0.111290898982502,-0.0385828400861371,0.0440140039985401,-0.348951599583622
-0.994741,-0.547385234840038,-0.511698145575121,0.103144812905621,-0.0843696264746703
0.481993,0.180921638799286,0.218129486143103,-0.0161440029906046,-0.473817435981957
-0.90054,-0.371406000373563,-0.60328447377649,-0.199379168535901,-6.29727619708143e-05
1.09702,0.474544704360209,0.490116237561036,-0.358432292681132,-0.577557505725191
-0.982633,-0.503638763824541,-0.54920218459045,-0.150362315211134,-0.0624834004510756
-0.672638,-0.472306334141315,-0.219248683147945,-0.413979796575146,-0.216499433032616
-0.989065,-0.684443915458652,-0.498301321222229,-0.297010014042371,0.0443170163081194
1.42764,0.695344825359938,0.700765811456131,0.71358795149242,-0.459081311242193
-0.961925,-0.410055713458531,-0.567564752338929,-0.620910913962004,0.264161178348369
1.29473,0.622120513560222,0.637726055178925,0.891633511711004,-0.40342000832755
-0.970575,-0.484688545323093,-0.595019653324037,-0.52499347461325,0.144890538167939
0.746543,0.360894178696651,0.354608656878433,0.0288567948247777,-0.470548924705066
-0.906834,-0.407538810293991,-0.650349692739427,-0.22779618941259,-0.181359814712006
-0.687814,-0.489295247331882,-0.235013784353791,-0.429196062817426,-0.44005172241499
-0.991741,-0.725931313002131,-0.475159526424154,-0.447804539157743,-0.325479136016655
-0.024751,-0.154808132127689,0.0054626926503149,-0.446577003374032,-0.565535313671062
-0.988096,-0.613666494872656,-0.493901299436783,-0.390221643867653,-0.201163027064539
0.473489,0.105337326241154,0.209191078746729,-0.100039479116793,-0.537557331020125
-0.893634,-0.334870530032497,-0.592620765043287,-0.174403800682878,-0.0390082404580153
1.11369,0.422917316815663,0.451410226367428,-0.371776149960044,-0.576921436502429
-0.981634,-0.469656559781978,-0.529192237694663,-0.1418269808509,-0.0718698265093685
-0.673412,-0.456898174426349,-0.222810643072033,-0.424298240943268,-0.237141805343512
-0.991144,-0.657436479500221,-0.46500550401086,-0.307663883023594,-0.0164631547536433
1.41641,0.64089736032099,0.655589730146211,-0.23737583386829,-0.560642991325468
-0.961579,-0.43975639809628,-0.569054351281693,-0.0612620017146275,0.123768575641915
0.795961,0.291623603451818,0.321846127434108,0.0758574527269521,-0.452280864330326
-0.903222,-0.351275420344009,-0.597691332364705,-0.134966008627958,-0.0364777696044413
-0.105731,-0.13370264777554,-0.0788636597113733,-0.0310879720818686,-0.333519165857044
-0.998452,-0.517822712297821,-0.520098226831853,0.0819136799847097,-0.0662273053782096
0.453905,0.133072180878554,0.183943265534507,-0.0619729271430532,-0.453706042852186
-0.897192,-0.341484411717858,-0.573875856797967,-0.202152599491163,0.00506013514920201
1.0758,0.422935717826702,0.463126757651466,-0.285082886494642,-0.550102992886884
-0.978987,-0.491991898855881,-0.553366427651364,-0.176002035724998,-0.0238160768563498
-0.0891311,-0.153094495107569,-0.0328223188012644,-0.102205569174798,-0.354541151630812
-0.995263,-0.534110227655753,-0.513374658312767,-0.0937635259717287,-0.0937118672796669
0.441036,0.107974948528128,0.172214265888985,-0.115680427991034,-0.468765602879945
-0.902401,-0.345650389960925,-0.593093352564734,-0.199020113026039,-0.00874836485079801
1.08867,0.408818546596351,0.461046771465114,-0.386716997123254,-0.58856619517696
-0.977277,-0.472976739396697,-0.549953576052285,-0.163081269935842,-0.0904815694309507
-0.681684,-0.447147288379601,-0.218693522219106,-0.434960325484098,-0.250998659611381
-0.989423,-0.656679871222565,-0.468514987111243,-0.323429895629511,-0.0573719077029839
1.36361,0.598407682502127,0.610306130299799,-0.24645275457146,-0.601494998959056
-0.955659,-0.444334239398788,-0.60315461062637,-0.0685908033751854,0.0691846894517696
0.726526,0.256429364738686,0.293792471183783,-0.022173988219493,-0.503755945523942
-0.897984,-0.310100776403603,-0.62927949000406,-0.197416930550444,-0.139996168285913
-0.836909,-0.486343545245555,-0.304837467263681,-0.383475010516782,-0.215806358431645
-0.908736,-0.557855489349142,-0.439391541995199,-0.354792892136934,-0.0466697993754338
1.34501,0.42955338077207,0.411744909698815,-0.153918885606217,-0.542774290770298
-0.914993,-0.247958021437091,-0.610452705562169,0.0410824695374311,0.145243685981957
0.833847,0.177237702081899,0.185193908818292,0.147883797953855,-0.381872845593338
-0.804897,-0.261485249411336,-0.770755487034034,-0.0390384825235659,0.0584197921582235
0.0486372,-0.0754837663558403,-0.0921010584232186,0.125431118707317,-0.211057270992366
-0.831939,-0.399020129734194,-0.476613068863305,0.230455865264533,0.104453300138793
0.635447,0.144753696982925,0.0972001594550904,0.115296759833905,-0.24192722796669
-0.699482,-0.265957292466694,-0.624993095028129,-0.014948385175693,0.240515407251908
1.37295,0.425035664376917,0.332915482948256,0.21066457127643,-0.304578801700208
-0.818394,-0.352473856115441,-0.506799017720982,0.371537626867437,0.278386652914643
0.816741,0.259329229350563,0.193570467041741,0.333378715887129,-0.259709976231784
-0.699578,-0.230399912351587,-0.594427046882125,0.0467666771322484,0.0897284349410132
-0.0290793,-0.120083329281835,-0.109223069972184,0.0578080425952282,-0.196436921235253
-0.821561,-0.406253181286449,-0.466464390181753,0.183560687773507,0.0200415324427481
0.509273,0.097155621681693,0.0540831969801807,0.0423286329414133,-0.341449612248439
-0.60023,-0.213084552000297,-0.561849740384029,-0.107351301008291,0.0430966771339348
1.00965,0.297962244948254,0.297872899187203,-0.260871529119324,-0.446573280534351
-0.72194,-0.340532577057719,-0.472398504618817,-0.0821613463372038,-0.0991309123178348
-0.853521,-0.545184066931739,-0.302860814954714,-0.385277940927353,-0.184086375780708
-0.889576,-0.627642469230511,-0.421156068285361,-0.376830288912269,-0.0722140013879251
1.24266,0.462149756715212,0.410979835841059,-0.635136268607489,-0.556939377168633
-0.663416,-0.218899153973845,-0.514531659831496,-0.211647517126019,-0.0296009132546842
-0.196991,-0.258053016039777,-0.13511869225976,-0.152737044720356,-0.246075018043026
-0.731444,-0.421628610200515,-0.417956980377706,0.0901718320047755,-0.0807873802914644
0.294475,0.025231788708727,0.0318927784467189,-0.047088029799815,-0.306551505898681
-0.50573,-0.166025974376457,-0.479508116644892,-0.143159628594808,0.00394357217210273
0.972453,0.316767386558727,0.299060044436358,-0.333866624707761,-0.447754311936155
-0.709397,-0.380112832347129,-0.438882513030573,-0.115654719431592,-0.0867592192921582
-0.848529,-0.5528503446401,-0.302543085158143,-0.394152193513217,-0.139348260235947
-0.905124,-0.634208552215328,-0.432982665601492,-0.380452379206234,-0.0221626294240111
1.31099,0.460998366715926,0.376381270947388,-0.276904260253639,-0.507284965301874
-0.637391,-0.248467777852281,-0.464959767579848,-0.0247612726165696,0.0294796281748786
0.507371,0.104473650464245,0.128745756066602,0.00394021529937966,-0.409347579458709
-0.501447,-0.0688800568998819,-0.50467124423266,-0.157986608692962,-0.265438926439972
-0.848263,-0.575990725019267,-0.311557209752962,-0.436449328936593,-0.311036683553088
-0.905565,-0.682338648975482,-0.433090314665685,-0.458967800360143,-0.272661094378904
-0.0373066,-0.234188333310766,-0.101827434542872,-0.398464220006563,-0.462350437196391
-0.704131,-0.497323742929961,-0.398277702679672,-0.349116103031311,-0.123124492713394
0.321883,-0.0159576363504172,0.0369730166525112,-0.0846748932137235,-0.285039464954892
-0.476293,-0.156289050279938,-0.421977745509944,-0.109724191804687,0.0893542814018043
0.954796,0.393916618434221,0.333997727277254,0.464248915582164,-0.200308176960444
-0.676714,-0.362674713701998,-0.426984345623342,0.144016545857813,0.308547092435809
0.981191,0.496158038946627,0.379637330313322,0.517793885615325,-0.150688737682165
-0.606081,-0.364970608790194,-0.432013528027453,0.0494651721017882,0.237219318181818
0.466902,0.259897979078082,0.142167493681631,0.499463490092853,-0.134192441013185
-0.434055,-0.27864197246633,-0.447501944809679,0.00787606676842398,0.10443809888966
0.794215,0.357116241017509,0.253819369926007,-0.00380063937462544,-0.339540314018043
-0.672656,-0.410987457553338,-0.415905912700583,-0.0799948249120079,-0.0680604819569743
-0.856118,-0.563247763587315,-0.298053176998684,-0.398795948276603,-0.140213877515614
-0.908252,-0.650733999729562,-0.446891987547221,-0.386762516934391,-0.00950957564191535
1.24456,0.429948154717758,0.38222265963478,-0.254893768760051,-0.457725228660652
-0.565956,-0.203548220644317,-0.378528741486774,-0.0217269024265565,0.0854369306037475
0.488565,0.10956255375276,0.160601294341977,0.108157027283868,-0.262254879944483
-0.437809,-0.1042344031059,-0.387596501683696,-0.0551475367149057,-0.068874175572519
-0.178349,-0.194695144381156,-0.123755019030411,0.013381456300423,-0.217825702984039
-0.717044,-0.471218369521217,-0.403009931236989,0.0695904316883445,-0.0720676894517696
0.294224,0.0363645787084189,0.0501177841984687,-0.287020726830039,-0.361810089521166
-0.398298,-0.123362015958209,-0.377207564358394,-0.318104133251326,-0.140619256419153
-0.145086,-0.205561282058396,-0.102613089237984,-0.0762786582348157,-0.241408133587786
-0.709134,-0.45091456748789,-0.417835749873208,0.0467025317987473,-0.0611396717557252
0.339064,0.0244747652456706,0.0560639705811424,0.0103260208679677,-0.295590867106176
-0.397347,-0.12916565120791,-0.420790993964542,-0.120141708707314,-0.00164169188063842
0.905583,0.286015659587635,0.342821102316688,-0.28747884528345,-0.393920522553782
-0.654967,-0.340821201857067,-0.396707857397142,-0.0988197365704323,-0.0790460343511451
-0.85633,-0.579646076537025,-0.332342518588375,-0.335557586859925,-0.114641667244969
-0.92073,-0.65676324490746,-0.452952074836276,-0.335699385423412,0.0458704250520472
1.33898,0.386017985621176,0.396315851795635,-0.248554150260531,-0.400523512838307
-0.565458,-0.193310548853655,-0.405047634898038,0.0295186405388049,0.181846223455934
0.517865,0.0772500280122052,0.201341461502477,0.43888726490576,-0.147224507980569
-0.356941,-0.0994150704818462,-0.456399544399915,-0.172000714797853,0.099772608258154
0.522106,0.0827984758483337,0.153139767888143,0.244501614590889,-0.177369879944483
-0.387537,-0.0874103773627487,-0.48430913458215,-0.248213678240263,0.0161442029840389
-0.181907,-0.22153208255172,-0.128821603700769,0.0448695782320443,-0.157985704024983
-0.71771,-0.420993597775087,-0.449038288004709,0.0867686179707683,-0.0199111099930604
0.310452,-0.0250698133075247,0.039526373703269,-0.0140852731037855,-0.280750116585704
-0.385764,-0.0941211567659195,-0.416542790151473,-0.126008376388627,-0.0112886325468424
0.870168,0.2059535093732,0.262736845864307,-0.302610968768117,-0.393701360166551
-0.632326,-0.291565678811617,-0.398308839664054,-0.115938908698224,-0.0802257949340735
-0.856719,-0.567633475950615,-0.320414271805136,-0.319085640102815,-0.105580440319223
-0.91351,-0.609271713192774,-0.447797662388703,-0.301525737027306,0.0565684809160305
1.27017,0.335753926804431,0.39634790606262,0.281726195487235,-0.353860500693963
-0.518413,-0.149951786235447,-0.39357040321563,-0.312829194807874,0.206228504163775
0.908426,0.248768705014931,0.352905386094327,0.619694764231046,-0.227751569396253
-0.539954,-0.238863283227808,-0.430233426506091,-0.190007878043799,0.104110580152672
0.44188,0.0276706680352676,0.15270077440155,-0.0345367932030813,-0.280122579458709
-0.325689,0.0877483094801886,-0.383723275756088,-0.210805771668555,-0.223764053782096
-0.864639,-0.559328733756404,-0.318207526976648,-0.412796781233919,-0.278373660652325
-0.919727,-0.693808223295075,-0.461477709479446,-0.448093686413078,-0.255405666551006
-0.021229,-0.241047953716316,-0.0748284860039534,-0.396847272624991,-0.442980216169327
-0.663429,-0.469662656063049,-0.389258294247603,-0.344971560900012,-0.16406247814018
0.293362,-0.0698573822368735,0.0739773993375887,-0.0503294036351599,-0.349157203678001
-0.384207,-0.0370989368070414,-0.312865900718416,-0.102556828460505,-0.0508763459403192
0.916758,0.205287157123782,0.322881729912139,-0.297036247884445,-0.401707759541985
-0.653344,-0.318235213956134,-0.420307914651254,-0.119469505309083,-0.0731663334489937
-0.855377,-0.520005214431161,-0.306815778387426,-0.323709264522475,-0.112689470506593
-0.923432,-0.620442214828158,-0.471542002296096,-0.312816171292059,0.0273768733518389
1.32022,0.334636678429589,0.373783925179662,-0.237207734948482,-0.433492800485774
-0.522456,-0.155423161602041,-0.416882595308905,0.0250192615821964,0.11971310444136
0.492521,0.0540158976875408,0.173572596186207,0.174102252454109,-0.217203633934767
-0.327285,-0.0244785297655162,-0.486711272103833,-0.0229989067969413,-0.0248884819569743
-0.191363,-0.221415962844091,-0.130868942066207,0.0160857412925408,-0.125981318181818
-0.688164,-0.392355551395936,-0.420668983715943,0.0772861847261849,0.0207253445523942
0.289279,0.014654276006508,0.0680324003874046,0.003836341308671,-0.22623636814712
-0.324209,-0.0415053501884709,-0.322004581785727,-0.138804411266897,0.0243861682859126
0.859382,0.332055012079519,0.31810121989039,-0.191314861632063,-0.3119418296322
-0.624027,-0.328175009095671,-0.379213135069143,-0.0899563212757844,0.0325945336571826
-0.166637,-0.183590779491105,-0.105958625131311,0.0194722461604568,-0.172264153018737
-0.708857,-0.440469373208276,-0.424654651039907,-0.0177988097869805,-0.0213509108258154
0.308326,0.0453409126604707,0.0643581762049814,-0.0438610167012233,-0.27014336259542
-0.337158,-0.0605022776826001,-0.291914335325845,-0.138700204214822,-0.0140573657182512
0.837399,0.282674568539842,0.297619255759991,-0.271788380228922,-0.380912795281055
-0.60316,-0.345711877810598,-0.425289908607752,-0.108800149038098,-0.0903908625954199
-0.859964,-0.553371817793936,-0.293897277240495,-0.337644047999468,-0.107727383414296
-0.912012,-0.656324542829015,-0.443067169242696,-0.334860909327175,0.00850439694656485
1.28587,0.424053907769201,0.404428059835397,-0.227890932925556,-0.458911385496183
-0.482499,-0.119127350630168,-0.313772594474348,0.0257094029071089,0.0798962435808467
0.465086,0.0896405579121154,0.176657590217352,0.0842049712393569,-0.262423235600278
-0.275112,0.113092791301738,-0.354584464402999,-0.11565410384343,-0.142709637751562
-0.863414,-0.532749552422457,-0.298779816408457,-0.335968014583759,-0.0566658043025678
-0.919765,-0.63178565258181,-0.448772149467479,-0.319229857545911,0.0633647061068701
1.31618,0.439423829110265,0.40859786281291,-0.159880610016934,-0.426314960444136
-0.516065,-0.13495189012489,-0.331649900612768,0.0181623867117624,0.12479682685635
0.500013,0.117045481094329,0.187687250741276,0.148272485570372,-0.20622317869535
-0.333726,-0.000750818547258969,-0.347487097959399,-0.025305323129504,-0.0218471627342124
-0.182502,-0.185381465565119,-0.101546586358977,0.0509217373158984,-0.127293663428175
-0.704302,-0.415716156284135,-0.403659948184749,0.0907738145258486,0.0460248705759889
0.302259,0.026410825765048,0.0666926669779684,-0.0214669471784121,-0.182214435461485
-0.307284,-0.0169858623652951,-0.306013734453578,-0.138762276252481,0.082838090909091
0.835421,0.305782940102435,0.310598930613529,0.145124503126443,-0.213516335877863
-0.613043,-0.258789218053538,-0.365011983482769,0.270706657999942,0.16758196426093
0.537292,0.170579607688592,0.188653500219451,0.265706448738375,-0.189309756766135
-0.283423,0.0238225471922732,-0.333569747630871,-0.0718773408681833,-0.00213586849410134
-0.189135,-0.209145285374446,-0.124112082385863,0.0287218076534841,-0.12152325537821
-0.685684,-0.393021447451766,-0.402419443863254,0.0967668841031875,-0.00499824531575291
0.290353,0.0227746236484229,0.0652222806973744,0.00939516257722389,-0.257924294240111
-0.335717,-0.01232762858833,-0.271525244686024,-0.132988524432321,0.00132555759888969
0.892493,0.283119177842618,0.301558761203898,-0.283016297744732,-0.373951273074254
-0.614968,-0.298281926458928,-0.412006520812731,-0.107204026591014,-0.0955529725884802
-0.852814,-0.53070999526566,-0.301159531881996,-0.298446056307371,-0.144982212005552
-0.917673,-0.639621753900551,-0.448312767722165,-0.296906032907234,-0.0227722616238722
1.30064,0.402104477791311,0.396459354121426,-0.574968218023097,-0.505001160652325
-0.481076,-0.0488841358598697,-0.318240577029995,-0.19603875113279,-0.0082912956280361
-0.188922,-0.252009439423685,-0.108610596990009,-0.0840851457023037,-0.180792589868147
-0.700461,-0.364055282220042,-0.409162160051253,0.147269229165676,-0.0344373979875087
0.290834,0.0318966813142412,0.0645081694167962,-0.0153254786189443,-0.252343049271339
-0.334923,-0.0121305686505075,-0.304703148148998,-0.140472656203262,0.00757150242886896
0.869998,0.278902620404236,0.312761183500487,-0.282840863648959,-0.379470809854268
-0.618021,-0.300972010420306,-0.382327502438502,-0.108484633093615,-0.078985130464955
-0.851122,-0.521501667493749,-0.294016740619181,-0.315245997852506,-0.102705339000694
-0.92096,-0.6327230343703,-0.448752949675037,-0.309363124698789,0.0214845485773767
1.34154,0.421193465805212,0.416719149005443,-0.215850762736649,-0.461625961832061
-0.490783,-0.109351976714346,-0.333948112050262,0.017340525574662,0.0541794013879251
0.498271,0.0987537140731877,0.18760994311475,0.104360561049028,-0.336053814712006
-0.339116,0.0934099835053573,-0.364929667078287,-0.111116481341035,-0.245539265093685
-0.854495,-0.562153211804585,-0.304122208025593,-0.397641776704998,-0.256165277238029
-0.930319,-0.709101659661074,-0.449633844526867,-0.428272518136517,-0.225100130464955
0.0137228,-0.216861320268145,-0.0801048294403386,-0.361735983707772,-0.433867531228314
-0.652046,-0.452252494421597,-0.384722685195325,-0.328141973395618,-0.0978090041637752
0.29965,-0.0116006965081545,0.0798644948464723,-0.0275440554378931,-0.235877471894518
-0.329574,-0.015360570626524,-0.276992997639009,-0.0896399850064266,0.0888502529493407
0.876309,0.335672207076653,0.342678424494284,0.424755619190618,-0.141201572866065
-0.601492,-0.277409177413755,-0.383376650025746,0.173957675617039,0.325083399306038
0.943584,0.419741620713193,0.419284837325675,0.473262429285994,-0.0966531977793199
-0.493203,-0.198454960289715,-0.341816598528817,0.0809005407061177,0.2581025055517
0.458819,0.185162071901477,0.187269605283923,0.514131287978796,-0.0738569087439279
-0.271552,-0.0660964161815508,-0.293700034501456,0.0381233541410558,0.11471566759195
0.752065,0.297890760683721,0.303938775861146,0.0278726984549292,-0.279399555517002
-0.60439,-0.333742419761802,-0.38191321111825,-0.0736284457441153,-0.049724459056211
-0.862094,-0.541935813369773,-0.301083587087615,-0.318621326045445,-0.105137421235253
-0.921632,-0.648799571231333,-0.4349299549868,-0.31683885226731,0.0240386613462873
1.25569,0.395747385953741,0.416417841669403,-0.224074520785989,-0.420485372657876
-0.449147,-0.0742126415644313,-0.311501695151748,0.00610500715078049,0.100240453504511
0.468255,0.10003933093285,0.202382538372759,0.152529587915932,-0.203212307425399
-0.311095,0.0331944994439015,-0.288283627735633,-0.0238030877572309,-0.0513398036086052
-0.181737,-0.187338864780063,-0.102873531907085,0.0477851745301404,-0.170605633587786
-0.696627,-0.417349207791679,-0.396600728925852,0.0865541606116866,-0.0383423310201249
0.287432,0.00743558954972205,0.077371514829163,-0.267832309697204,-0.3171083240805
-0.27896,0.0232808128675702,-0.318251932160429,-0.315563991659375,-0.131909226925746
-0.15633,-0.198190939673042,-0.0823136020821688,-0.0454123314463385,-0.201912040943789
-0.681224,-0.392655178569791,-0.409853366204851,0.058072374500433,-0.0419891394864677
0.313762,0.0382135118574884,0.0749203665718744,0.0522266113619152,-0.262962196391395
-0.287763,-0.00497784207218455,-0.282420381914332,-0.126549312586603,-0.00785415267175577
0.837093,0.300211548106608,0.35716180270806,-0.244428127283215,-0.356498776197085
-0.605307,-0.304027563144085,-0.399505968404441,-0.111884548236317,-0.0788111387925052
-0.857073,-0.556689316369361,-0.320152283617704,-0.273301576209919,-0.0989485857043721
-0.928863,-0.621149731686761,-0.458788538875386,-0.26007119714588,0.0633481984732825
1.33727,0.392976890777437,0.399763580559187,-0.310138556947875,-0.375711704718945
-0.494823,-0.0694765079554802,-0.316282634106716,0.0277860647872864,0.193858386884108
0.512783,0.119633080103003,0.204616789664055,0.397627526032633,-0.1074794944483
-0.27188,-0.0242270946886408,-0.327734459855885,-0.194165793553199,0.116605056210965
0.511236,0.192314999939172,0.194103047660415,0.274114874616159,-0.133097026023595
-0.31157,-0.0182692322666031,-0.342669268942733,-0.223192944450038,0.0353473861901457
-0.166882,-0.17064005243613,-0.100440007856254,0.0939154303792306,-0.126201068008328
-0.708581,-0.422134391992213,-0.417004208100383,0.106085433296669,0.00675779528105483
0.315825,0.0407804757611705,0.0797859608502813,-0.0758832994772048,-0.253766597501735
-0.318596,-0.0329667247999195,-0.369884398567373,-0.110348465374448,-0.00278527723802915
0.856527,0.297377293471705,0.316896370031774,-0.343401390622673,-0.365507332755031
-0.594865,-0.31117226227521,-0.365476798492999,-0.111329784885789,-0.0715268612074948
-0.858922,-0.542673204699668,-0.329492201863236,-0.257578419463116,-0.08828289833449
-0.926899,-0.653550301072582,-0.454822382155339,-0.269833869337015,0.0768697515614157
1.29178,0.419434327057711,0.432127557852288,0.390085329834292,-0.33581410444136
-0.462453,-0.0799033587559341,-0.301262418143575,-0.296737514735969,0.218609231436502
0.892753,0.324704680918377,0.406248113058595,0.734439853100731,-0.193983396599584
-0.481122,-0.168788451636758,-0.384301780493692,-0.172221526695053,0.120133035392089
0.448009,0.164651257201564,0.201244765894235,0.123878152775318,-0.247738816793893
-0.251443,0.0309346627732668,-0.423860997631807,-0.187706776154168,-0.212148513185288
-0.863767,-0.593088039005242,-0.31493129024658,-0.417241464926915,-0.253873529493407
-0.936699,-0.705957826621298,-0.453365884438244,-0.439804929733465,-0.234524020471895
0.010045,-0.233266209270298,-0.0887522900065692,-0.373801255228522,-0.435653348022207
-0.652571,-0.45357318747841,-0.382767351258037,-0.338066217949189,-0.154350801873699
0.28252,-0.0204413628865325,0.0899363810145294,-0.0376689920355411,-0.335981807425399
-0.332929,-0.0270555639180386,-0.286104188350174,-0.102111780387783,-0.0581914215822345
0.86294,0.335637725719887,0.32140888112802,-0.282189933877043,-0.382937352532963
-0.627347,-0.354462730567995,-0.386078747052781,-0.119431737375951,-0.0746621596113809
-0.85244,-0.540102580449894,-0.300905555564922,-0.339801655247868,-0.104791105482304
-0.935386,-0.647513833703398,-0.462703861380278,-0.322763667013103,0.0427688903539209
1.34055,0.411598574004037,0.444651931690905,-0.232788381329035,-0.419480711658571
-0.480251,-0.0998051845042456,-0.297665495887257,0.0418175672479333,0.132524067661346
0.503776,0.100242294934582,0.196853306693569,0.151297221045193,-0.190886402845246
-0.2708,0.0390925049775301,-0.305712494075174,-0.00827910098111637,-0.0131562897293546
-0.189523,-0.19761391476608,-0.106286436297918,0.0575601680082494,-0.103834385149202
-0.682497,-0.415415086362262,-0.386798664935353,0.0997755478542931,0.0377448043025677
0.282998,0.0292288160344334,0.0764565799328934,-0.00379930863283742,-0.206504546148508
-0.254931,0.00622510217666345,-0.257854163670456,-0.143911007475844,0.0228126537126995
0.816643,0.295201286966285,0.32596456236825,-0.169068179963783,-0.28533027203331
-0.599002,-0.305751662482202,-0.382087822092539,-0.0763505777978524,0.0396374476058294
-0.153974,-0.187086046134677,-0.0960931872965929,0.0705510765544975,-0.15888014295628
-0.704211,-0.416423412405953,-0.406630212217757,0.016575453536201,-0.00331659299097843
0.335062,0.0173166298368068,0.0772975646363752,-0.028989510433673,-0.254926601318529
-0.280264,-0.0268937766961566,-0.341076273703202,-0.131944825175067,-0.00811834212352525
0.814887,0.215566599766968,0.291883157094785,-0.248410442044002,-0.356807543372658
-0.589965,-0.292914147172697,-0.380206006423505,-0.0977047653242452,-0.0783618959056211
-0.851479,-0.532347838257784,-0.298490801096515,-0.287623485535435,-0.092402932685635
-0.918199,-0.625521172211001,-0.447592418082098,-0.283774052028821,0.0340153771686328
1.33459,0.363701702866129,0.389272920886518,-0.210474579850211,-0.440625181124219
-0.451748,-0.08944932779909,-0.358437981559478,0.0505660152212268,0.111228720333102
0.4853,0.0394597306704644,0.16647120303357,0.121837789345842,-0.226358865024289
-0.231626,0.155044411327664,-0.34263378354451,-0.0840812099385787,-0.102057665857044
-0.78823,-0.499743602965932,-0.282866235128371,-0.273483460585469,-0.02715583240805
-0.893668,-0.611542775628016,-0.431274645332344,-0.257294181074124,0.104759782477446
1.45103,0.526259203012294,0.444592794226933,-0.0664528456344305,-0.430782498438584
-0.686724,-0.237231643816098,-0.467623033367808,0.0364439864228673,0.188331798924358
0.723481,0.239123214516245,0.225238663261268,0.207434703821656,-0.269258509195004
-0.597375,-0.179377774682189,-0.513945923953278,-0.0224960379897133,0.0371934411866759
-0.0789749,-0.116939246949766,-0.101459708506465,0.0591465481735134,-0.169843981263012
-0.755881,-0.434512783954487,-0.445293291822525,0.13860283129809,0.0529781653365718
0.394682,0.100379093843228,0.0789732010553817,0.0373520027269642,-0.223462362074948
-0.5546,-0.163793380275589,-0.411286873180193,-0.0780550875096951,0.138841736814712
1.10407,0.438740445364176,0.370560059808519,0.103798753827671,-0.290759273247745
-0.694691,-0.359073592662854,-0.433320982606748,0.301205335538675,0.181258379285219
0.55698,0.2120013112399,0.175381397313241,0.277501575127465,-0.231225504510756
-0.443226,-0.0924018201256032,-0.464749084250959,-0.0224621839075574,-0.0114913379597502
-0.225748,-0.215965216768406,-0.137456674045945,-0.0321199903020906,-0.16483134351145
-0.675439,-0.432404431574432,-0.41077256030039,0.0694446070619206,-0.050181693962526
0.247286,0.0125840849331056,0.0275584396198125,-0.0572420858899426,-0.294001446217904
-0.410433,-0.0599455533040819,-0.398494276448587,-0.12984451376481,-0.0296194136016655
0.838467,0.274748157123156,0.26875265253815,-0.323897219645094,-0.40237209611381
-0.569692,-0.287818216653359,-0.389092037852195,-0.101998160114672,-0.14204175260236
-0.872547,-0.58372350891129,-0.316354734480951,-0.330575997358076,-0.175066470159611
-0.884367,-0.652376510380272,-0.428964258936813,-0.335391952885675,-0.0895187408049965
1.0394,0.34815637424773,0.389943030026458,-0.582613378858317,-0.503882306384455
-0.439145,-0.0054078870858676,-0.347503417653747,-0.216573724458105,-0.0848636731436503
-0.287213,-0.315988053953268,-0.140184380303896,-0.177624343940822,-0.203604553088133
-0.601223,-0.342566830111262,-0.357891572502403,0.0642817648948888,-0.107588617626648
0.105543,-0.0799502971274215,0.0128934008479212,-0.0941453616135404,-0.246949599930604
-0.257089,0.0815859285703019,-0.271540232814536,-0.156856160466538,-0.0613153643303262
0.724417,0.15613057383317,0.258166227694671,-0.336057082657318,-0.375096633240805
-0.530145,-0.234400759665052,-0.333213714976272,-0.131389752823036,-0.137638321998612
-0.872374,-0.546048787045156,-0.328058370197718,-0.320683377815958,-0.133059756766135
-0.88938,-0.638226656239833,-0.433015681175048,-0.330593924315659,-0.0476206433032617
1.04807,0.263071053103935,0.344190122586585,-0.283323052373758,-0.453206801873699
-0.409937,-0.0280814370451368,-0.32392344457042,-0.0268551213530676,-0.0371421380985426
0.320164,-0.0172253096337907,0.113689937378688,-0.0267188040272131,-0.335584600624566
-0.242571,0.220371056014198,-0.290461417050354,-0.152112102705598,-0.307132151630812
-0.872192,-0.573171460811207,-0.313993919459232,-0.433347461642318,-0.274125366412214
-0.893274,-0.675672703927455,-0.436094766359015,-0.452386631333287,-0.268236965995836
-0.144409,-0.303417611490561,-0.123253858458018,-0.428263322715749,-0.422314275503123
-0.543049,-0.400266841462973,-0.351833648494544,-0.36222089548029,-0.166762117626648
0.114608,-0.128517455812445,0.00308113031544094,-0.131811947699538,-0.22080077480916
-0.204126,0.115076769037478,-0.230247801354041,-0.122066567748497,0.0133435451075642
0.705004,0.178067203676412,0.269497421498462,0.366113353660285,-0.13366879666898
-0.493825,-0.186431235300706,-0.323572119698166,0.163994305503578,0.249575005204719
0.748638,0.234784205182518,0.332752703115049,0.418145888063625,-0.0858621766134629
-0.384707,-0.0866858545518122,-0.31176462693376,0.0767676234270566,0.186569700208189
0.274689,0.0344955115133748,0.0892924496102498,0.378163540555909,-0.0551465093684941
-0.113813,0.102729526868685,-0.25121052232431,0.00773725508080951,0.0356413619014574
0.547444,0.0838368923310976,0.213396861304178,-0.0812358149483813,-0.253075578764747
-0.489024,-0.216285128605363,-0.326391225197607,-0.110312213875808,-0.112587618320611
-0.883087,-0.559124546310178,-0.308174907888779,-0.348893763146134,-0.128326909784872
-0.884834,-0.641622307221726,-0.454265332801095,-0.359095947426117,-0.0431370426786953
0.935791,0.242796494625941,0.306548320521996,-0.262539718921725,-0.399282543372658
-0.323368,-0.0163434979416836,-0.230271857807969,-0.0366761390334596,0.00335146356696747
0.276351,0.0261780677188242,0.0896786994864637,0.0420913299657233,-0.188607808813324
-0.151277,0.14731229340707,-0.254269978270118,-0.0579242010051502,-0.121931175572519
-0.301611,-0.262592203412628,-0.158792198355641,-0.0284475507632812,-0.15467229389313
-0.592357,-0.379990216356305,-0.381018271952077,0.00164595266578789,-0.0872825895211659
0.108794,-0.0817819466073293,0.00086281338039053,-0.328684956521223,-0.276270037820958
-0.101526,0.136723135488266,-0.209164334179032,-0.34626288148745,-0.189512538167939
-0.278571,-0.292773360364505,-0.144262706429028,-0.10409618306561,-0.174163663428175
-0.578712,-0.358782736333464,-0.375426190310799,-0.0266739423584178,-0.0862418809854268
0.126476,-0.0807716515369598,0.000363296142197381,-0.0629443772490248,-0.226876032616239
-0.109956,0.142482783954456,-0.18360283792341,-0.159365014933705,-0.0779321446911866
0.634244,0.13212019640444,0.243117077215337,-0.297559855050919,-0.319192557945871
-0.489491,-0.21961906505035,-0.337830886030851,-0.122126747598633,-0.133259982997918
-0.875155,-0.564664687467945,-0.314242364902872,-0.324645642019016,-0.115057443095073
-0.893804,-0.635721987982625,-0.437784440454636,-0.338458024661988,0.00588303365718265
1.05767,0.239274702457715,0.329150575880965,-0.259277317041361,-0.352991223802915
-0.372131,0.0117638319613329,-0.2687663239177,0.0188703261728797,0.109996112074948
0.33851,-0.0178305661191882,0.123697974953141,0.297949468217574,-0.0899634045801527
-0.110269,0.087558015605707,-0.36122275352721,-0.0151598087535958,0.0474789517696045
0.328487,0.00781959940045613,0.115280795777273,0.16592245864677,-0.0964885263705759
-0.135626,0.209807656472105,-0.339871780238317,-0.0951858335919154,-0.0236556800832755
-0.284679,-0.24348465263288,-0.144112551788949,0.0101732056922741,-0.0995616825121444
-0.614016,-0.350004222765462,-0.390475148116144,0.0268114121482024,-0.0349534555863983
0.134449,-0.0478776243194809,0.00456263390963267,-0.0578655558471046,-0.218037682859126
-0.138729,0.0983346938922166,-0.240387382937973,-0.165492403194245,-0.0734076242192922
0.65346,0.222278986987051,0.242487873483301,-0.299625824528645,-0.328890072519084
-0.490868,-0.251220421640262,-0.346476688395618,-0.128321267482799,-0.123694963566967
-0.878554,-0.596820910404342,-0.302586893340598,-0.315764057456025,-0.104379594725885
-0.889628,-0.66127874539398,-0.436833189571929,-0.32826608546666,0.0217379788341429
1.03527,0.378564580489861,0.329382369197776,0.206728454137795,-0.315026641325468
-0.337628,-0.00195672630633175,-0.260990911847449,-0.143535926807815,0.139141313844552
0.718184,0.264083227991578,0.31115716080135,0.49765173440938,-0.175148485600278
-0.363896,-0.114195640594268,-0.295486601741574,0.0361355256302829,0.0664844515961139
0.292981,0.0321199240658827,0.108671217820921,0.0805493424625509,-0.209302446044414
-0.0610323,0.244747729946601,-0.210656883221905,-0.203282716807049,-0.257416515267176
-0.882738,-0.598465122731028,-0.318272030730998,-0.428117666221345,-0.237258477272727
-0.901065,-0.709687285720339,-0.470090536401119,-0.456115915634352,-0.257535352359473
-0.151674,-0.294662641179326,-0.121951644523932,-0.436481508687354,-0.412111413428175
-0.548659,-0.399862802959216,-0.346241810643196,-0.375191596922421,-0.207334960270645
0.116188,-0.109001045366553,0.00668213954710002,-0.137011176198704,-0.308975569847328
-0.190441,0.0882195940066233,-0.27536784494673,-0.139447176964295,-0.119060868494101
0.710178,0.200095629707251,0.233433723006232,-0.32646724125756,-0.358059097154754
-0.53754,-0.266607471836348,-0.389252689872474,-0.136206714186955,-0.115110132893824
-0.865976,-0.569490229447545,-0.28581458341814,-0.315645449396451,-0.111276119361555
-0.904481,-0.647220941911474,-0.45540459406632,-0.315946136682791,0.00654735149201943
1.13499,0.351685975784716,0.312402890132392,-0.26703153226928,-0.392161759541985
-0.352748,-0.021204543297581,-0.280689420753676,0.0318400581493783,0.0707802942401111
0.354106,0.0265880244127916,0.120310829507671,0.064993182853279,-0.160177122727273
-0.101277,0.16321267642911,-0.289784013617702,-0.0246348502648303,-0.0678030126648161
-0.307401,-0.253213760060411,-0.136696492672528,-0.00644909343272029,-0.0793350241151978
-0.588965,-0.36578239850554,-0.398259184464718,0.026755350592612,-0.00442655603747401
0.11144,-0.0740664636132699,0.0217220655633374,-0.064955951058968,-0.172643823907009
-0.0837317,0.142737746761543,-0.216179394166424,-0.169938179894231,-0.0431907897293546
0.637648,0.151866487614693,0.219364828029645,-0.216628413900865,-0.254514610860514
-0.489596,-0.219515482586063,-0.360383329631818,-0.0847526038965399,-0.0181318273768217
-0.274887,-0.253515478532494,-0.141232547600148,0.000927194603822457,-0.151665861727967
-0.61904,-0.374756178325804,-0.39010627054427,-0.0225228950828023,-0.0595288148854962
0.140488,-0.0648928947033405,0.00589430293286847,-0.103410825670217,-0.231793573802915
-0.140134,0.0972020330282757,-0.280533566816135,-0.1655903851908,-0.0819494004163774
0.632122,0.148952443966336,0.202717789411875,-0.296492013528059,-0.333024471894518
-0.472956,-0.214406665202314,-0.319837196110614,-0.131351007237336,-0.13724914018043
-0.87637,-0.570811717713584,-0.320454235400052,-0.310941161329054,-0.110060086537127
-0.887957,-0.643887074705759,-0.455765068042499,-0.324209995832058,-0.0177066204024983
1.03447,0.28754129443992,0.332882505912487,-0.240176997984571,-0.405067759888966
-0.301872,0.0403944724044506,-0.214713223881093,0.0238618538186724,0.0897473254684248
0.30692,-0.0139168048972401,0.120655586562257,0.0672351149105477,-0.0910268577376821
-0.0296424,0.30937762143483,-0.209986832437435,-0.106507113146951,0.0569017314365024
-0.728724,-0.353451349064879,-0.119659401085022,0.050408667140693,0.307662689798751
-0.898045,-0.725927401045428,-0.432305419312755,0.0280772857515444,0.682759020124913
3.20262,1.86419478388946,1.64349028923943,0.631126285130698,-0.12213079389313
-0.539278,-0.133960710306888,-0.302411356731641,0.411125429283761,1.04886722623178
2.31981,1.16877912002331,1.10942204109201,0.897208962482077,0.209523369049271
-0.509056,0.0102760134014,-0.457514460070451,0.676409094973302,0.923755945870923
0.858526,0.316993135255605,0.310701938503817,0.71594626412894,0.450788026717557
-0.765281,-0.448273782550587,-0.425014818425163,0.82484447715215,1.00974359299098
1.87936,0.790886457921811,0.77853858459073,0.825736717953078,0.381128632199861
-0.525446,-0.00423558780663381,-0.394199571230441,0.680596183381113,1.26515784941013
3.36749,1.44828234617564,1.34479104794309,1.40324068516802,0.273936515614157
-0.663177,-0.319204141944531,-0.404816770716683,1.07905764691707,1.38321535426787
2.59404,1.13580816016473,1.0711014198656,1.44039763559225,0.3473983240805
-0.439194,0.101604089522515,-0.430999326237572,1.00329514100564,1.05671197258848
0.813052,0.333781961017131,0.351075669123669,0.676479312253158,0.506856536086051
-0.723126,-0.452393581370566,-0.395359897674639,0.887239391287217,0.914317042331714
1.82484,0.837755740543334,0.825002051955379,0.771678337051886,0.214529375780708
-0.428024,0.00494943869677465,-0.352728276449221,0.665791509596622,0.996939295628036
3.01347,1.47679122241569,1.39150442547844,0.267525853486749,-0.0209903081193615
-0.533552,-0.281796909995084,-0.359653113470257,0.274784693515184,0.713686350104095
-0.756939,-0.365628738395149,-0.121720568109627,0.171541450509623,0.538052404233171
-0.896627,-0.737961482413111,-0.428651646853931,0.159507259558131,0.784140643650243
3.43312,1.81947610894857,1.5423650708651,-0.336308484141468,-0.202839493060375
-0.409704,-0.0262483621058249,-0.284976841050532,0.216495844961775,0.864237392435809
0.583829,0.254797093328608,0.30033268225529,0.514772744333542,0.404038871616933
-0.630255,-0.475353134136512,-0.362942832089282,0.712677286927192,0.763113663081194
1.56376,0.903455785943978,0.78813666983694,0.648767827107499,0.260643836918806
-0.303825,0.00640159432644988,-0.308194280441022,0.654802617707539,0.960327234559334
2.96469,1.7027396045394,1.36758239849671,0.195883204301788,-0.0125300399028452
-0.54497,-0.3382121254314,-0.368190367096658,0.279594169284501,0.781524555517002
-0.727849,-0.326260039522758,-0.114886234572478,0.249917292125571,0.669968623178348
-0.907435,-0.737977377138543,-0.446833448136052,0.200649251692734,0.957767322345593
3.82996,1.81147254836252,1.57304244391081,0.584517343367179,-0.0718956537126996
-0.441686,-0.0783040911225932,-0.301408261745513,0.585754268240395,1.12311235079806
2.37513,1.12618000749899,1.08309305876007,0.874931999302482,0.0884169094378904
-0.275933,0.190832695971828,-0.336332597180621,0.675801062276566,0.51814359333796
-0.720922,-0.290565850911235,-0.107853844498115,0.227973093578979,0.3281328296322
-0.929984,-0.70039598583751,-0.448062314603817,-0.0477632454343057,0.434701099930604
1.07832,0.435395608258991,0.392848139932341,0.111581280801,-0.0328444639139488
-0.645822,-0.445194266472978,-0.383769723374459,-0.0745543367762428,0.752003815058987
1.70455,0.858285430979617,0.818108980113311,0.837975661581253,0.326390780360861
-0.304125,0.0615701169559814,-0.286607261017105,0.739371415477784,1.21757328348369
3.05707,1.62645371409691,1.40851616892242,1.85100836135086,0.537671004857738
-0.564159,-0.327588736211239,-0.366357269699479,0.691760191411152,1.72520130291464
3.53291,1.88434510096706,1.51334993328561,1.8604183111312,0.634958902151284
-0.462738,-0.141473265060334,-0.351756735720357,0.785542460792894,1.64821385600278
2.41558,1.22248185927205,1.01105191587342,1.88899229670519,0.689529326509368
-0.23116,0.174872851295617,-0.346884756865986,1.1592646110388,1.39770177307425
3.02328,1.58050340727099,1.33790932586438,1.0166628783886,0.270848091256072
-0.567752,-0.32285988998131,-0.371685085404144,0.393333067216474,0.987142432338654
-0.714237,-0.296589300869846,-0.0901736008768088,0.325638293304843,0.762486963566967
-0.921356,-0.744549757492512,-0.446383225601652,0.251787729576252,1.10352466377516
4.12399,1.84300169205232,1.59447134657058,0.619455846905556,0.019644007980569
-0.427937,-0.0552593245231491,-0.330026521005941,0.640103232963353,1.35448220680083
2.42788,1.11213970535368,1.04693239879063,1.18086531695002,0.399417040596808
-0.248578,0.232147185736746,-0.330506406209301,0.938146924853724,0.970514754684247
0.805401,0.405373454647879,0.333368164210547,0.819786666303982,0.487010008674531
-0.705774,-0.47973988778711,-0.41887906428438,0.910913502553192,0.887471502428869
1.90065,0.875913075133825,0.801639646767506,0.344744515984587,0.10513140666204
-0.279672,0.0570361162348316,-0.360458867390288,0.458876589438708,0.748268138445524
0.8125,0.412565330764,0.337473887460842,0.781219583285258,0.366590653712699
-0.688274,-0.424023131404065,-0.414233373669973,0.818077423735113,0.847112225884802
1.87734,0.898901727661566,0.789549218842625,0.810916682362506,0.248190092990979
-0.290994,0.102552983874784,-0.321803193310283,0.736874035347634,1.05479888965996
3.16204,1.58198013533798,1.40991301730108,0.322575599094711,0.0576626321998612
-0.573613,-0.294944697033281,-0.38716673265286,0.308694578301888,0.898052465301874
-0.708621,-0.276280105287139,-0.117648971956283,0.313234704800643,0.769248242539903
-0.924608,-0.739178790940543,-0.44575280299971,0.258182950556267,1.1908153573907
4.3059,1.9305393374572,1.5612075760118,0.672137275775613,0.127218341776544
-0.458502,-0.0616901124687755,-0.345340188916074,0.630209751827266,1.5511896426093
2.57314,1.17832932406606,1.06345682935041,2.34991050849161,0.607251876821652
-0.290666,0.19206489636433,-0.370380498460951,0.18569852535631,1.37825510895212
2.55207,1.35330867393977,1.10407350725187,2.15665699332881,0.491875547536433
-0.265175,0.0853211587253365,-0.337233809293694,0.0465485255583107,1.13717805170021
0.854215,0.414688807061428,0.329956436259273,0.954527367703369,0.569472643997224
-0.727163,-0.473130460753185,-0.41428788795341,0.929533539017874,1.0015544111728
1.97056,0.96961376983642,0.800121612055611,0.847572500729037,0.293777314365024
-0.320079,0.0632683696620247,-0.324610492811033,0.731173150422642,1.11196009888966
3.26053,1.64617608135546,1.39756356884321,0.334180836518616,0.0604795499653019
-0.586963,-0.298930195016438,-0.40254232745174,0.308910149750101,0.953043433379598
-0.707577,-0.258797633758639,-0.074765136047835,0.340005233188717,0.825418897987509
-0.932944,-0.75309818029016,-0.465293835989764,0.288267652590221,1.27616143997224
4.32185,1.97485889028733,1.56044030298496,2.49538631187516,0.253004501734906
-0.446677,-0.017424013837688,-0.338955235354738,-0.149765878597315,1.71494599028452
3.63511,1.75762749397645,1.48783909375062,3.08008101795014,0.48652124184594
-0.493068,-0.060733825676274,-0.386038326112571,0.104808673337814,1.452850592644
2.53373,1.24893557307541,1.02535661884771,0.796560909268687,0.320977783830673
-0.243142,0.220067067286392,-0.331517332673205,0.693412787820907,0.696957899028453
-0.725856,-0.258544520895292,-0.10887715902304,0.275363824110226,0.361490383761277
-0.934208,-0.703790875108141,-0.452642279427995,-0.0205536409749311,0.456123520124913
1.11794,0.45680049535845,0.365096213569984,0.139127535816672,-0.0179899767522555
-0.665248,-0.419535709146609,-0.38854092862612,-0.0591498733273891,0.666408666897988
1.78449,0.895730507725146,0.812615676150761,0.848480560487822,0.119829287300486
-0.327917,0.130480975695769,-0.276867068727628,0.780598783963946,0.951542595072866
3.1473,1.66583097500935,1.41197967934243,0.261111288468782,0.0316311714087439
-0.58873,-0.301487876470527,-0.379424482560781,0.268699605350247,0.890138247744622
-0.714647,-0.286897879229652,-0.0964156215427746,0.292806890709996,0.756273767869535
-0.945252,-0.765152195237194,-0.456283301308255,0.258510212863986,1.13828933900069
4.34567,1.98001443643821,1.62751550424655,0.622880503953289,0.0192717446217903
-0.452836,-0.00965067959118643,-0.314312044810784,0.643434866381273,1.41463608778626
2.51248,1.17098381411828,1.1015022630634,1.18230656910837,0.411594984385843
-0.272598,0.278713120483821,-0.331924638754775,0.948626244273667,1.06081241950035
0.800285,0.380981771855356,0.356409184553339,0.779502773955085,0.604969605135323
-0.708705,-0.450399974189512,-0.409335006176339,0.913202176576724,1.03988603226926
1.83068,0.932872579131805,0.781695328413658,0.812427384392317,0.36089622519084
-0.25873,0.15661625399428,-0.307504766901798,0.752557284732573,1.11694370055517
3.12477,1.64879560490999,1.35209488698451,0.536640983876188,0.172249116932686
-0.539381,-0.261359144185228,-0.366542985741055,0.479991788168843,1.08491728660652
0.807595,0.420203626354162,0.319127734208867,0.69953076142204,0.542973916030534
-0.691123,-0.480807365925048,-0.411284187926463,0.513918277708803,0.96348896426093
1.9102,0.995238905989189,0.778064799216373,0.710468292005102,0.294256374045801
-0.283772,0.124259353821683,-0.280308445793552,0.729245123104486,1.0713183240805
3.11928,1.76040599663902,1.43762992429238,0.324605515597227,0.0537350138792504
-0.530549,-0.261042585455646,-0.361351295317774,0.331711387243196,0.866585669673838
-0.73837,-0.318120509727998,-0.1209951335801,0.282102866983511,0.747798602012491
-0.9345,-0.781531155777698,-0.456020356398597,0.25874677316167,1.05315622241499
4.10535,2.02808394707309,1.64668830349239,0.561823357130638,-0.0481084764052742
-0.363134,0.0324424877430276,-0.29902359291759,0.672874865299966,1.27554363115892
2.3419,1.18446313315215,1.09055253583748,0.919260571490659,0.311991559680777
-0.134861,0.359160929015877,-0.273795183365906,0.7756261700424,0.79986955759889
-0.753227,-0.316516269196199,-0.13862208662315,0.367143641580856,0.818376367106176
-0.934142,-0.747557043964402,-0.456453465849896,0.365030179276168,1.13604433726579
4.0528,1.95996815553414,1.59937382119507,0.658161039530262,0.0303191644691187
-0.378626,0.0275840204129359,-0.30152683280789,0.671393644606043,1.35114717557252
2.47257,1.18391493263923,1.04493812338626,1.12277405165482,0.421968239764053
-0.206835,0.333776885919628,-0.355374645898848,0.954043113956037,1.0470885888272
0.809395,0.407809010746558,0.339548922322279,0.834916676494164,0.61833203296322
-0.691644,-0.442464235144077,-0.404159566719176,0.94874161839912,1.1015544240111
1.88596,0.936945588679338,0.761578202345002,0.801400201499339,0.464061243580847
-0.215937,0.181580656859251,-0.278187644280907,0.755087877483001,1.23990599479528
3.06029,1.67340718487381,1.4185076185497,1.37520643470275,0.381699643650243
-0.514709,-0.244865163109454,-0.343484799112677,1.16935852151751,1.3501291204025
2.4204,1.33024345427007,1.08157186485096,1.34019133564084,0.418910632893824
-0.17289,0.26198543942507,-0.278698716535373,0.981462494071058,1.02202435461485
0.724272,0.386503764017052,0.348732272595246,0.705647193029973,0.568210421582234
-0.665977,-0.441394526256133,-0.378223429369184,0.887884397491729,0.928340435114504
1.75144,0.923781515163398,0.790973820070693,0.779309669183793,0.280637950034698
-0.231557,0.180596380691283,-0.240280776445535,0.718140122170778,1.02003163775156
3.05952,1.68617896986419,1.44557377856012,0.276509384079556,0.0561155968077723
-0.535053,-0.259303547627075,-0.355796399492382,0.306414657769557,0.808574715822346
-0.732381,-0.317635381007176,-0.121117604752747,0.292617200200306,0.655329010756419
-0.939119,-0.775416733010619,-0.449008910589549,0.262674876527301,0.986761918806385
4.18717,2.05654690271038,1.57534751410798,-0.289889992828896,-0.160969865718251
-0.360305,0.0917628000971591,-0.2931210800149,0.30465583291127,1.07999806557946
0.722824,0.35406014250183,0.304551908492275,0.666910637903002,0.552016228313671
-0.671674,-0.437996080260091,-0.398878411438817,0.853789384572477,0.941074894864677
1.84452,0.925519673678642,0.758906711421106,0.711230970363778,0.344986651977793
-0.246506,0.204478181408912,-0.243969447302796,0.744757288662394,1.10341522206801
3.15202,1.67066418761967,1.39213045934858,0.306465981082732,0.063998475017349
-0.525092,-0.238996875345177,-0.363674416833641,0.328706341029032,0.885878127689105
-0.730672,-0.284664069910619,-0.115687095019263,0.339843359297397,0.771849250867453
-0.941935,-0.769267457840487,-0.454621179087847,0.296221736513113,1.09153114746704
4.25185,2.04348362204405,1.63876609900114,0.593089567433819,-0.043154340388619
-0.374505,0.0352600872274099,-0.283941609505712,0.66723317760248,1.23478929909785
2.42501,1.19814023963779,1.10663032648206,0.950363892611799,0.168782647467037
-0.214115,0.346701995035628,-0.294073808555841,0.786020897051648,0.535696398786148
-0.736403,-0.273685761483275,-0.110963375102683,0.296621546508139,0.33047185483871
-0.948053,-0.70475414694728,-0.455431479446506,0.356550493521042,0.316761696026219
1.14564,0.486055015755998,0.371029607219448,-0.680255725826668,-0.495018419651501
-0.644623,-0.375083594753344,-0.372976320270223,-0.323151144490895,0.25144672796669
