1000
0.00827074,-0.164512528987105,-0.0305649524348247,-0.176145917460533,0.237539414989591
-0.829044,-0.781602970182227,-0.373906400402497,-0.0484345222453251,0.711132287754114
2.36875,1.53787148236378,0.994966754270498,0.442463189381613,-0.247440363990168
-0.737642,-0.626622922535861,-0.331961276705255,-0.137022681556425,0.701096132970743
1.42169,0.904213225034253,0.564691482511409,0.47590834414074,-0.0395224288111389
-0.664113,-0.528171539860978,-0.255793862098327,-0.0340735276089695,0.439577959729355
0.369779,0.143176747333141,0.0890247816523075,0.120044747595764,0.057567560721721
-0.759916,-0.624836195671626,-0.343924893745881,0.20244694831929,0.423547916377516
0.957514,0.557860902498486,0.278855698305068,0.272338205529194,0.00714920544760575
-0.424923,-0.323993973757735,-0.202591802761306,0.140947679813449,0.521434017522554
1.59242,0.917538580153533,0.569880902662752,0.652157106416421,0.00313143320610679
-0.522246,-0.407537016717175,-0.224929072021866,0.474840747157857,0.602521526891048
1.22885,0.723813585816127,0.450670496158433,0.732230899891217,0.0736865345246356
-0.0720909,-0.00734669413982748,-0.0458804804000587,0.370361148638795,0.383168313324081
0.17795,-0.00299027960753343,-0.0231676066799239,0.190048831902247,0.17610044777932
-0.639874,-0.476608563690992,-0.299734774953942,0.438202181805004,0.386674260409438
0.778934,0.399876268010084,0.248055925271501,0.340480181471988,0.0216605126648161
-0.164834,-0.049997699795093,-0.0738708400402287,0.235078235057687,0.415896130638446
1.59679,0.733037905028909,0.589023341484597,0.0128984268465515,-0.0908874867800139
-0.517914,-0.317976755164373,-0.217789227740118,0.229627102260883,0.366229400069396
-0.236344,-0.34872310002831,-0.118870951196961,-0.127728379122938,0.17671563185288
-0.729564,-0.607722707704309,-0.300071665413273,0.0783782381965507,0.43293962907703
2.09606,1.07133855653209,0.851014621866277,-0.306367550528021,-0.235946885149202
-0.391604,-0.185772357728254,-0.148030050502677,0.102622419153045,0.419650352185982
0.229081,-0.0287158471955057,-0.049843484035238,0.105071176313478,0.102944723108952
-0.67783,-0.516744648420519,-0.309119191893002,0.399394639211627,0.356442444136017
0.818812,0.399459583010555,0.249817888813744,0.27984686548082,0.00444074843858429
-0.250094,-0.135388318088039,-0.108152699818791,0.204914661998689,0.424370418112422
1.57133,0.762095004816833,0.551485704372155,0.0123264484560564,-0.119400326162387
-0.565964,-0.352174256897942,-0.240840238459892,0.181941746142209,0.388060241498959
-0.224097,-0.358578216162236,-0.137904821747526,-0.140405949946371,0.225172620055517
-0.747789,-0.628465799931856,-0.322965004917724,0.0814237774095365,0.514370301873699
2.20414,1.11171177008366,0.875404366156878,0.185958602458992,-0.149346717557252
-0.408571,-0.271431394184482,-0.17380967130856,0.404266804235534,0.567943667938931
1.21629,0.602031156126226,0.429559010339331,0.504480490231211,-0.0333250093684941
-0.214729,-0.0303629728816583,-0.111679626154671,0.340960346013035,0.198038590909091
-0.252447,-0.335833502653999,-0.17425402366062,-0.198728958282929,0.00593372310895209
-0.764201,-0.616834584849587,-0.35453177035608,-0.141694881209911,0.114796212699514
0.240816,-0.000112190660161726,0.0174703279991759,-0.106355452076847,-0.173850474670368
-0.673843,-0.482147472814815,-0.312622551069187,-0.125339205788085,0.25056920888272
0.840641,0.419539583205161,0.285478082299516,0.239704825236149,-0.0198733344899376
-0.301406,-0.170442398755724,-0.148089373650088,0.203632242362521,0.503378469118668
1.55344,0.924603908808971,0.516956273218762,0.736445769286252,0.135752823733518
-0.586682,-0.429282282701052,-0.264571676105622,0.470728994708732,0.853056023941707
2.00963,1.15274771247041,0.755136614739429,0.779743257832826,0.187090692574601
-0.450226,-0.274319967959879,-0.167169611153582,0.514693601972752,0.83891897258848
1.2985,0.700948353448755,0.485690170000778,1.05148317206967,0.273179869535045
-0.191961,-0.0480706997839386,-0.0643019409435825,0.556548185227108,0.676288374392783
1.59903,0.776707534533858,0.639443236969898,0.51091589244444,0.0463640041637751
-0.567671,-0.357599787771178,-0.179322042498731,0.326914938784869,0.492733672796669
-0.220962,-0.348752097935235,-0.132276878892472,-0.136642365492965,0.250045157876475
-0.74466,-0.628331791145937,-0.296284548853293,0.0800936600707165,0.525125455239417
2.11445,1.08196714773603,0.782146135341064,0.194224535826982,-0.124080230395559
-0.445258,-0.222369784896426,-0.185358937663448,0.471193709844115,0.614448316793893
1.23698,0.620364496664407,0.399364259849495,0.542862756621949,0.0587239462179042
-0.174879,-0.0034537954055836,-0.0467705559362215,0.407254280516313,0.345130753990285
0.198427,0.00555397277852869,0.00846800291947244,0.317330460458616,0.0940160912560721
-0.678288,-0.476867929435182,-0.251118411564822,0.434814672182802,0.303477539902845
0.799714,0.318974102023915,0.286746248861992,0.00490696325159848,-0.139602377862595
-0.277626,-0.132879350759394,-0.123035278098639,-0.0435857842911364,0.190532951075642
0.23564,0.0182446214666316,0.0518602287481554,0.164096155883522,-0.00030635981956971
-0.66509,-0.419748791920336,-0.260339720271515,0.367203385477367,0.292562741498959
0.83655,0.37963802796321,0.332775785332008,0.330284330533673,-0.0379556877168633
-0.278155,-0.120425151911843,-0.109827195460576,0.22322605753769,0.414284326509369
1.65285,0.773226774151812,0.581168230197939,0.00529122373190244,-0.12421782130465
-0.56595,-0.356060693068317,-0.239060476796665,0.220896830490005,0.395160265440666
-0.227931,-0.358811157708556,-0.112698392934528,-0.129979759669193,0.22166529944483
-0.746774,-0.627548197305989,-0.242009322801693,0.0878700046166445,0.537393698820264
2.11747,1.09257663797652,0.891045725133311,0.162954464185115,-0.0688822224149896
-0.446605,-0.244150992527383,-0.185225992076792,0.445640045459603,0.692857974670368
1.22177,0.624917500723771,0.477276245432629,0.988225320719867,0.180388396599584
-0.191457,-0.0950814683859451,-0.0494819634600071,0.279992174131901,0.56544172796669
1.18966,0.628818649968674,0.470059334313875,0.795690286949708,0.112773574947953
-0.199235,-0.101335103645634,-0.0531085233494145,0.109084594926392,0.402311575294934
0.180968,0.0215389772548753,0.0468194274024556,0.348502955976043,0.117556361207495
-0.697181,-0.490946253851828,-0.299563029039552,0.395600985422962,0.337218649548924
0.751816,0.369735314565669,0.2232417577086,0.306379579805515,-0.0435070010409438
-0.325233,-0.161662571987218,-0.151134505951143,0.161142634217154,0.367179727619709
1.53932,0.77902489861041,0.549696234323733,-0.0279670051563758,-0.166267095072866
-0.608802,-0.38327946955602,-0.275002881156585,0.167420164100594,0.35915737092297
-0.239497,-0.3547223126582,-0.168271403852615,-0.132196854563193,0.191917240458015
-0.77089,-0.661897956132369,-0.348968011927515,0.0744351961706411,0.52916482685635
2.02184,1.11452158555136,0.727195284960887,1.34940988158645,-0.030121814018043
-0.474748,-0.251551788761786,-0.21850322064674,-0.238578262915333,0.752716486814712
1.8917,1.13639560087306,0.643774394132652,1.49169686918929,0.0632745624566273
-0.499127,-0.346118407771955,-0.22968242573637,-0.117922588757337,0.635774181471201
1.18311,0.613054497306803,0.439527005427751,0.45896412331529,0.0136038972935462
-0.243995,-0.0434931535125175,-0.10509582423679,0.247041080208018,0.216741402498265
-0.27466,-0.339816205590075,-0.19469069159415,-0.204850567853954,-0.0343827293546149
-0.787084,-0.612022714681783,-0.352707982901956,-0.153770255444605,0.0722680464954892
0.205973,-0.0139153748000281,-0.00393939006850572,-0.12868436617058,-0.206855160652325
-0.705343,-0.478362162759664,-0.312276225267662,-0.143861640861289,0.152887157876475
0.774857,0.39001160101039,0.249375847961522,0.204845223114989,-0.1589051648161
-0.322193,-0.174405571907064,-0.149905976867488,0.165701958303117,0.301711981263012
1.53476,0.757085439225494,0.493300441637486,-0.0201755848198764,-0.181184751214434
-0.617956,-0.373866164425878,-0.264973398417632,0.17017689353336,0.340199893476752
-0.239631,-0.36610204318696,-0.171280003300028,-0.137370828244426,0.163608511450382
-0.78028,-0.657389270607043,-0.345354103967757,0.074609887666862,0.458413214781402
2.02068,1.0492753975822,0.707802416521965,0.16618724172998,-0.162423141568355
-0.467534,-0.254030869720154,-0.21483512160623,0.388543564487574,0.56216539833449
1.1986,0.635925488464836,0.44136011337569,0.495653057051355,0.0131526835530881
-0.240347,-0.078818091151244,-0.0874663001563569,0.318108666212615,0.346129874739764
0.163253,0.0129655963934573,-0.0185706441046131,0.263444161067303,0.118192052741152
-0.714186,-0.483273503739179,-0.289433517235274,0.394808407109722,0.35958696981263
0.784623,0.419565584757721,0.233933191109877,0.293427944733421,-0.0347211668979876
-0.31985,-0.170721746767263,-0.149647353967752,0.15831937355724,0.373949631505899
1.55886,0.896234873215087,0.559512264313895,0.0500742198177833,-0.159014860166551
-0.609504,-0.423284697257996,-0.290586898571686,0.130478944699519,0.367105151977793
0.188612,0.0114426366646757,-0.024484685488244,0.189424662405316,0.0409538830673143
-0.713249,-0.509886970371059,-0.294675029982371,0.174603108486059,0.304576711311589
0.764308,0.382262112249507,0.216478887491897,0.231732879910056,-0.0548476530187371
-0.333055,-0.143009429065541,-0.13707847128746,0.178644069785226,0.380430015614157
1.64054,0.787343428981948,0.590212606775962,-0.0296692879957294,-0.180896918112422
-0.605958,-0.366821020058825,-0.238243899436331,0.178061100987996,0.356766180430257
-0.280996,-0.384267826121383,-0.196523696724958,-0.133068252631251,0.187880651283831
-0.780096,-0.652884587955429,-0.316303955819115,0.0660922035041723,0.455821103747398
2.10107,1.09951139300969,0.804612876980883,0.168033290984183,-0.165975914989591
-0.486894,-0.254973902378943,-0.224060758085649,0.396071254608515,0.587956058292852
1.20924,0.52177575178817,0.347073870494567,0.45890695149592,0.289376770298404
-0.240929,0.00216857175439766,-0.117070949757655,0.422534878629823,0.764155506245663
-0.489777,-0.38654447049126,-0.0254708202509955,0.465986711541512,1.41679967002082
0.340848,0.0817588935432548,0.0998846806055049,0.719410935895846,1.98228605065926
1.04642,0.496962644920688,0.498367344880374,0.320685992784504,3.00457732685635
9.00271,5.74724265447354,3.33921820297138,5.70152377965094,1.9507350203678
0.14718,-0.0645609429221449,0.0731482410019243,0.652533584634557,4.98058394535045
12.5742,8.15585066899823,4.48532243196562,4.47202121791158,1.57991548455933
-0.343072,-0.449602492840945,-0.144639452440312,0.528338226863355,4.15084794604441
1.17854,0.78623607565045,0.500561589983389,1.08720891491974,2.67365713757807
-0.0525873,-0.181322741702332,-0.137992768216482,0.507302606664003,2.62233597328244
4.39001,2.72912720533301,1.82724273577801,0.598559811572874,1.0619548388272
0.434246,0.16453609676048,0.154114064564493,0.493298045374056,1.80547841700208
1.12282,0.78605505967923,0.519729289081538,1.14816103787782,1.0156674406662
0.106923,-0.0416305031870188,-0.0031264767583341,0.538264872464164,1.22324555759889
2.44056,1.87842325296588,1.18629309725796,0.362762417160713,0.448675392158223
-0.330537,-0.476838138169174,-0.194367931798175,0.135108712562625,1.02434431210965
-0.0540287,-0.0597372542852022,-0.0496095798430512,0.260643691502108,0.73893436814712
-0.127877,-0.317846448147585,-0.0937181847587098,0.106713045828723,0.905383094899376
2.62587,1.99680835061318,0.923432463925339,0.819647284711173,0.342080588306731
0.249719,-0.00697707309384046,0.0543589013617121,0.127063081535506,1.08738817921582
2.18586,1.3398605003801,0.88632593863284,0.706689294955182,0.382846081367106
-0.566467,-0.717572515921441,-0.267789755238312,0.145349957738067,0.941548195801527
-0.464623,-0.530954185151034,-0.182421871002282,0.177046471210031,0.85964374739764
0.45311,0.210321373230975,0.0862796731967639,0.209484495872761,0.948503490631506
3.5724,2.2676509855127,1.47579058972493,0.0205239002199389,0.262831420541291
-0.376812,-0.470912314850235,-0.232198991676378,-0.0431645297921561,1.26322711832061
0.64329,0.359392117686984,0.279569186594689,0.670484288917579,0.851599751214434
-0.165293,-0.291052923159986,-0.111002162592818,0.244834054357607,1.20343789659958
3.50993,2.20370485722859,1.44749491132196,0.384731081106316,0.316886751561416
0.22569,-0.00516181451194094,0.0267669758843093,0.317737317905385,1.03879871616933
1.00789,0.72083572522519,0.497740266552097,0.424615695314815,0.425569351804303
-0.53006,-0.70925700492289,-0.261487696899906,-0.0888482217237358,0.644079672623178
-0.658349,-0.634998621622016,-0.261394849719035,-0.0264357335134102,0.602391631679389
0.373758,0.089436947618278,0.109904149496197,0.159559114939783,0.502442731956974
1.79474,1.22332751870264,0.875079507386339,0.70518619360881,0.22650035721721
0.0229919,-0.208894706865274,-0.0971989606344699,0.135921106338138,0.746033782338654
2.3029,1.82351655524419,1.04946566314945,0.682140247456691,-0.0214986374045801
-0.549402,-0.733406496070339,-0.298200028589786,-0.267061291363009,0.487285548577377
-0.710924,-0.725384350948592,-0.321129058907721,-0.253045763856713,0.283457323386537
-0.338193,-0.467139636098362,-0.212392592369328,-0.303622834497467,0.15181278834143
-0.0176253,-0.0262056116169052,0.0260326947177251,-0.189636042254582,0.159202721686329
-0.162895,-0.30105516303061,-0.122934960214461,-0.119155858925605,0.457412877342124
1.88372,1.33904208096603,0.871054975023764,0.103990015103482,0.0758882110548231
0.238328,-0.0293502756995428,0.0544693751161511,0.245451237831259,0.63537887685635
0.460957,0.383023996375615,0.260231075455169,0.682120694558536,0.586951531401804
0.335955,0.0460679128687415,0.0935097333476569,0.306938314159431,0.680496114746704
1.08552,0.828557265654476,0.501734864148937,0.675817487030436,0.512181727272727
-0.00309304,-0.223306715391004,-0.0819335825445027,0.349722180920863,0.821618479181124
2.02745,1.58984492834437,1.00654948499815,0.531531456722679,0.208733849757113
0.155766,-0.0633510658983275,0.0157037843122638,0.136194104661847,0.553177830326162
0.355622,0.318636798302405,0.200637647627177,0.12041778185409,0.23072229944483
-0.529277,-0.71397220794522,-0.292282273338182,-0.23047812357132,0.313822520680083
-0.730008,-0.644455344121037,-0.279630993925524,-0.114925885664536,0.338488059597502
0.323912,0.0971556802398327,0.0952084126056754,0.0192043308529163,0.238488574600972
1.21071,0.903206240938268,0.600544118841051,0.469133202134575,0.135414511450382
0.030341,-0.186619721201867,-0.0777990704613323,0.047521829053482,0.562336549965302
1.70811,1.39772125401915,0.80154727705309,0.448626169850589,0.0620214000693962
-0.363246,-0.484046437537904,-0.222498347473866,0.00827049494279482,0.456246305690493
-0.327988,-0.221199614757473,-0.124309862073718,0.102286133547438,0.313957748785566
-0.166194,-0.300802631751672,-0.136406384547222,-0.219191329257482,0.3202640111034
1.41079,1.1376399684607,0.653843961074309,-0.298905592598724,-0.0795622099236642
-0.354693,-0.436649051200618,-0.222135143884023,-0.14365529005275,0.334309722761971
-0.287419,-0.201947616958937,-0.128635239248959,0.0525593845803538,0.231976894170715
-0.145225,-0.290807599645016,-0.0984036310784365,-0.019928994868368,0.28938977758501
1.39831,1.05504759907794,0.762701327188489,-0.0302242766766987,-0.022192034351145
0.242165,0.00964194166930937,0.0714129001823131,-0.0769503217706526,0.242273813324081
0.189166,0.216532349528957,0.156560803575495,0.102779823328743,0.0618007131505899
-0.51032,-0.658292746753897,-0.228053552367709,-0.240603514158112,0.157299228487162
-0.742978,-0.650300120007123,-0.292441509396591,-0.123724086619099,0.247852887647467
0.373271,0.130970871279907,0.160379603165612,-0.0178821419293106,0.162198153018737
0.82651,0.661388796489617,0.504615761947565,0.254543019958196,0.192892478834143
0.0567843,-0.102602904931895,-0.0242607347934875,0.105336862923962,0.508001821825122
1.27551,1.20486620088127,0.705009605583428,0.945459676822076,0.229805828938237
0.0323837,-0.0957600911305549,-0.0156345377719781,0.103666380104074,0.57905261259542
1.30178,1.21465163821345,0.704750548083279,0.771173483288343,0.151622887578071
-0.320066,-0.430207338301682,-0.160029980884157,-0.0183854117798568,0.406425283830673
-0.379908,-0.263246100303124,-0.113050264228778,0.0687579815911196,0.278286519014573
-0.130666,-0.262643465178225,-0.061485823005199,-0.0453848102478208,0.232355836745316
1.03331,0.83702696933027,0.646025660966068,-0.0615314593760027,-0.0405952638098543
0.200501,0.0278289078159305,0.105581652460373,-0.115558584138553,0.147656965995836
0.133805,0.175078751834766,0.191103461706415,0.0613357018044631,0.0156078320610687
-0.483773,-0.605765843576481,-0.216107889803692,-0.261159922441914,0.0999778299791811
-0.731793,-0.623214409429785,-0.258361118003281,-0.122470833326785,0.207175140388619
0.40665,0.138874386064972,0.194764796203973,0.123592065516953,0.107058759888966
0.734751,0.588559052956651,0.474459731298359,0.336058785877379,0.153107621443442
0.307198,0.0843598841538024,0.12428494332786,0.214433884083695,0.315101270298404
0.534864,0.521587526963223,0.450414772515104,0.669745926708134,0.24270454129077
0.0521026,-0.112918198756787,0.0051349119215943,0.262346580468235,0.345738372657877
1.2921,1.15981725427679,0.766398502392583,0.0983973659570167,-0.0963220877862595
-0.526696,-0.658534971996473,-0.233327944203914,-0.328999895888264,0.169767537126995
-0.714984,-0.686681873700395,-0.223228311079264,-0.288108293584673,0.033693494795281
-0.291934,-0.370038683515673,-0.151258233692281,-0.326492637504169,-0.0969317160305345
-0.293602,-0.183459487125328,-0.0373198059697307,-0.252755666670973,-0.029258153851492
-0.115587,-0.234396076295308,-0.0419387011930477,-0.170847543468703,0.0520563223455934
0.973371,0.774102946131762,0.554651726880505,-0.0822494572785317,-0.145296561415684
0.248159,0.0609093207295438,0.056607376362447,-0.111882834010616,0.0486117866065233
-0.0212976,0.0726826708112468,0.0944821562808654,0.0263351486407656,0.00693142231089516
-0.489189,-0.584854112377354,-0.231849066736096,-0.210732400745132,0.0574458679736294
-0.744024,-0.654177239001188,-0.29126063859568,-0.0981487473928758,0.158905383934767
0.393411,0.180918666643921,0.194490400038592,-0.0813427292404825,0.00340196859819565
0.611413,0.538776574932662,0.433429302767313,0.208225120737315,0.0506711282095767
0.0351451,-0.084483670015772,0.00562571190236324,0.0202084967909374,0.276125900208189
1.00446,0.93926508883236,0.585839490721887,0.199262141019672,0.00427412231089521
-0.306849,-0.391198690625973,-0.105269591539002,-0.0250945475069524,0.269621592713394
-0.36023,-0.270514485263866,-0.0839544086416251,0.0589283561771618,0.230689007980569
-0.110654,-0.205825497698882,-0.0404212524124562,-0.0228787812058441,0.213129717904233
1.04413,0.809928647853981,0.771966857631813,-0.0903576704369559,-0.0380754647467037
0.289247,0.0715168820382888,0.14720436037382,-0.102594471913318,0.127816543199167
-0.0205993,0.0813984546796518,-0.0053017548933301,-0.00764911222350312,0.0604924941013185
-0.333957,-0.405360680731707,-0.186775626159497,-0.0743446923615693,0.047010203591256
-0.458647,-0.290956809963174,-0.18376477928896,-0.016104779072559,0.0567276624739764
-0.134485,-0.182373309202085,-0.107703128265293,-0.127154627051159,0.031154682425399
0.71427,0.597893828621762,0.373056693390901,-0.124149562778292,-0.134479117192922
0.184477,0.0396405106551872,0.0317635738657745,-0.170666304978436,-0.00832788065579462
0.00677925,0.0612596961113673,0.0195413449648754,-0.048625977793355,-0.066140241464261
-0.535294,-0.600060321741055,-0.284527409867937,-0.308641605886718,0.024089024201943
-0.767534,-0.634227519206582,-0.336607291504838,-0.173749056401486,0.129302201335878
0.360334,0.169588869776173,0.109975797323498,-0.078150304230098,-0.0262897676092991
0.623565,0.494387999786933,0.301952984419973,0.218986989666937,0.0397421166724497
0.0319631,-0.125072161852691,-0.043214103554914,0.040227774561455,0.227102532009021
1.11815,0.988977073646658,0.555240971233204,0.131781437232994,-0.113186457494795
-0.488427,-0.579145277747088,-0.267339566829768,-0.354055236931024,0.150917774288688
-0.826779,-0.661671324968377,-0.370543126124776,-0.247155749594074,0.141220202810548
0.789687,0.453280720577923,0.268674151233954,-0.066119144066236,-0.346005117106176
-0.767892,-0.468928400389573,-0.31719214164823,-0.154121937928331,0.0120609524982651
0.335536,0.190925120834112,0.0704955560887179,-0.0883894244477381,-0.372569080846634
-0.673818,-0.386145222119905,-0.257090772214579,-0.24042226147323,-0.174547770298404
-0.218862,-0.236180290353745,-0.171846267775528,-0.173237213473682,-0.3536485055517
-0.844881,-0.588591126582399,-0.37140313691533,-0.0881056090689827,-0.143216681818182
0.171344,0.0852899729967532,-0.000926494047091822,-0.145728406274011,-0.385760431644691
-0.720681,-0.391865273077768,-0.247985923770504,-0.268948355841712,-0.0485968011797362
0.753823,0.465611943412054,0.259080097422441,0.0736189365221473,-0.419624523247745
-0.822024,-0.555189006782793,-0.332041843688054,0.0716826590824586,0.0249356516308119
0.561156,0.350403108182507,0.162746603625062,0.168009838387064,-0.395764847328244
-0.693647,-0.373220596134378,-0.244674722404212,-0.152708919231837,-0.0847177068008328
-0.157812,-0.183321317133104,-0.112618643758894,-0.107022600959482,-0.308171512144344
-0.842663,-0.582323781789708,-0.360793306865739,-0.00150395814629266,-0.107269047189452
0.282435,0.154916404875965,0.0340658829217018,-0.0791491254561732,-0.395140988549618
-0.714524,-0.387940718554825,-0.259504046409542,-0.208489200959614,-0.0157988563497571
0.922555,0.51094339238393,0.34609524222647,-0.336772924151235,-0.463112333795975
-0.821182,-0.50441909990884,-0.321650694249758,-0.139316462910713,-0.0406588140874393
-0.395512,-0.443836004546342,-0.231055404580935,-0.357626461187863,-0.214647076335878
-0.83055,-0.680229787197684,-0.374513841615628,-0.159098402030439,0.0127868285912562
1.35928,0.769436912607235,0.511317942605893,-0.553286393712083,-0.518410740458015
-0.765549,-0.372855118191665,-0.287686353348607,-0.156039483572456,0.0366824059680778
-0.0823742,-0.200280642370811,-0.110929658464707,-0.168733427278524,-0.266601621096461
-0.835859,-0.588650084965819,-0.344262853613808,0.0557574986476448,-0.0544253310201249
0.332155,0.180958480457196,0.0605866992441076,-0.0437988077439219,-0.343154587092297
-0.690935,-0.37984258794935,-0.255383167133452,-0.178756619389067,0.0288341672449688
0.940989,0.500810931653548,0.331808628926681,-0.290825072197431,-0.443206052741152
-0.821525,-0.483415056082044,-0.30460077877051,-0.10250187114086,0.00464029625260237
-0.361472,-0.420090837454485,-0.216660331752201,-0.328311726872999,-0.163053481609993
-0.8277,-0.677544935012073,-0.394077347403486,-0.126977477883304,0.0778838750867453
1.4044,0.777375342193927,0.525512748731273,-0.13939637879768,-0.442173192921582
-0.780268,-0.445264239850371,-0.29685693613909,0.0171952663574916,0.144389972935461
0.676394,0.371964312094078,0.203316781952784,0.139417599745614,-0.37952292574601
-0.692645,-0.309888726335144,-0.23433117144181,-0.0985907518908308,-0.11392626370576
-0.379367,-0.406275118478877,-0.207750881720147,-0.379914509478522,-0.329953280360861
-0.822517,-0.663130668017838,-0.428362759049315,-0.299006833587366,-0.207832672796669
-0.022477,-0.128368658371433,-0.0756104241999678,-0.308821473099147,-0.438966919847328
-0.838597,-0.574803691669242,-0.348498645079584,-0.291869777384821,-0.0917759718945176
0.37486,0.165296138148583,0.0622079817625295,-0.0667371703987613,-0.337776016308119
-0.717034,-0.400744935197188,-0.275774417455379,-0.171542584380853,0.116205690839695
0.965947,0.608626645528916,0.320448448135797,0.342937758201409,-0.239185378556558
-0.82164,-0.553946909798524,-0.300220176014786,0.136264003957441,0.362298158570437
1.36116,0.771514551155389,0.446988393092122,0.391144524836639,-0.201065763011797
-0.759319,-0.522028660052033,-0.218955073685194,0.0927192959918146,0.361869880291464
0.772373,0.443928056686564,0.309384622824073,0.708046326389302,-0.125060617626648
-0.663574,-0.425579160949836,-0.182895328678164,0.0680635833022731,0.283881844899376
1.10889,0.545334720771701,0.454436056279261,0.183531889393344,-0.282677160305344
-0.802287,-0.472312633866248,-0.218876104182281,0.0724673174565439,0.161194686328938
-0.31713,-0.396014183068998,-0.12498297234522,-0.264877794930274,-0.062877251908397
-0.759411,-0.639594254008567,-0.280424680996678,-0.0706383223155199,0.184833896743234
1.58338,0.779392796241177,0.719916629581886,-0.100511128837591,-0.362068774916724
-0.721906,-0.396254006447431,-0.101054203681888,0.112986607923569,0.275842779371964
0.777771,0.386254876661445,0.28070549160764,0.229499366188031,-0.243217452723803
-0.626961,-0.331246140588055,-0.0774246612800296,0.00845215336434579,0.0537240869361554
0.000230894,-0.110443605828785,-0.0503679121665764,0.0691028111341529,-0.226218910478834
-0.800006,-0.530202943782306,-0.250693967111032,0.144477833097051,-0.0212722957147814
0.456059,0.196542052679453,0.17706883584251,-0.217505831436647,-0.408860724063151
-0.674892,-0.304693618235918,-0.15530636747833,-0.252147750180959,-0.0754208528278972
-0.0031692,-0.10476579738937,0.000614631578155321,-0.0354431741314089,-0.292126959163775
-0.744832,-0.49908664820552,-0.223977203975334,0.0704909945261558,-0.0383342097800139
0.45898,0.221594896787887,0.20225528405452,0.057158358106082,-0.316560995836225
-0.682186,-0.349521594845104,-0.176039858427981,-0.0910209204400584,0.106185036086051
1.10257,0.517407623760984,0.486877040505264,-0.219161389459964,-0.380793957668286
-0.769421,-0.458971019281521,-0.2079190259459,-0.0380291883915861,0.0925955353226926
-0.312275,-0.395374083933156,-0.142919658789943,-0.258699156412363,-0.0793107002081888
-0.769849,-0.646818168195761,-0.282290125209417,-0.0596431718703119,0.193678394517696
1.5676,0.817731513381864,0.673519963797582,-0.0795129661604767,-0.329478196044413
-0.752307,-0.428172358828247,-0.218766764748373,0.094035270407825,0.324706628383067
0.788013,0.445625770694321,0.304100483759668,0.641121866525996,-0.171082070784178
-0.655496,-0.434383968382883,-0.103929198934372,-0.364293596608558,0.208617807078418
0.768883,0.424487322109879,0.312306648883877,0.484665525498956,-0.246339176613463
-0.659175,-0.407727002843473,-0.161097765814049,-0.441789034445273,0.0896393719639139
-0.013997,-0.0957883457436759,0.00251947896701583,0.114926701264817,-0.199698187716863
-0.758797,-0.514419233499749,-0.184812150551404,0.143416170876417,0.0246754482997918
0.48868,0.222779671876169,0.169212918343138,0.119417470875464,-0.29594642019431
-0.663923,-0.352736373645176,-0.115654921442946,-0.0893080383312402,0.123479582928522
1.15872,0.572279672446866,0.434103459762425,-0.190393015973584,-0.388000581193616
-0.813415,-0.483333266240545,-0.24988942816404,-0.0241609153653901,0.121372363983345
-0.353546,-0.406905033908271,-0.161992483122013,-0.268633515042827,-0.0459570589868148
-0.797917,-0.672947209420088,-0.304580810212385,-0.0806637311280823,0.252595702290076
1.64133,0.946161269197037,0.674081114446768,0.782878551417014,-0.255581995489244
-0.760405,-0.401803048426643,-0.210729107398073,-0.35798592677601,0.470487998959056
1.50278,0.86371495253108,0.628382713909247,0.964770703544497,-0.198623783830673
-0.769077,-0.515007254814724,-0.22872951153757,-0.264964600972436,0.345659636953505
0.843614,0.420575096935049,0.401249908670038,0.275170447727529,-0.239809259715475
-0.667598,-0.26285658139061,-0.129747456045916,-0.0314694064164777,0.0280950352185982
-0.317092,-0.356987933699216,-0.167726751989338,-0.273621132178918,-0.2544734203678
-0.767875,-0.619940328350562,-0.289915074797321,-0.208767246273989,-0.120796583102013
0.0896487,-0.0729369542986371,0.0431663342117023,-0.206497240153542,-0.359246820957668
-0.778139,-0.484786357522185,-0.234722449516782,-0.195533488820879,-0.0366218298056905
0.551974,0.205844859536823,0.216711448291365,0.0732574016910406,-0.345794544240111
-0.66507,-0.383868680097644,-0.177367924659364,-0.0579901608201278,0.110068629597502
1.16105,0.597006793401987,0.433939150005556,-0.161618648183217,-0.375571835704372
-0.810561,-0.472897067669159,-0.259636605533306,0.0109166450127209,0.11629109184594
-0.344145,-0.411081399099661,-0.177328408934376,-0.225478484545919,-0.0637282158223456
-0.803651,-0.668661862347671,-0.352850939625098,-0.0439836709963502,0.200596389521166
1.69682,0.873219000194349,0.803076973057081,-0.0765965898767166,-0.373104433032616
-0.75478,-0.410675382132576,-0.253109683073157,0.109136906324639,0.307556487161693
0.852587,0.459007555735421,0.274769646217878,0.278250950078397,-0.244755423317141
-0.661774,-0.354227971625486,-0.204397351354193,0.00956319015013879,0.111503827203331
0.0129076,-0.0758527016085962,-0.0199842724507341,0.0952270239767982,-0.162779816446912
-0.805822,-0.532262493110188,-0.2789660765863,0.171524133515123,0.0737041193268564
0.508986,0.27433553797655,0.190333193672897,0.120497430338152,-0.28227870870923
-0.687079,-0.383990945163184,-0.204871589685739,-0.091776994819358,0.135962994274809
1.2156,0.67159528101259,0.468855007918034,-0.135377365010787,-0.394975400589868
-0.8165,-0.520848236274351,-0.260888100643063,-0.0755272220465494,0.11939331648161
0.0171599,-0.0742676378587035,-0.0532777614456233,0.0781313680461388,-0.195600938584316
-0.800265,-0.556690489886237,-0.260955934075615,0.00915611274622605,0.0470229224496876
0.54198,0.258410847284698,0.178218528804617,0.0427993487122308,-0.295220801006246
-0.689179,-0.373173615835286,-0.152581462764418,-0.0827957335466172,0.145578397814018
1.18127,0.627854085345458,0.436818523133033,-0.187273469218715,-0.386760163948647
-0.809768,-0.48250255940953,-0.273442360345517,-0.0129694568931199,0.117528582893824
-0.342741,-0.400899613219769,-0.182710695677238,-0.22538477318287,-0.0577932748091604
-0.809967,-0.678306049842722,-0.33661225276289,-0.0363519033729466,0.20344079666898
1.73646,0.948075999972192,0.734395178530155,-0.0379525243167335,-0.384958182165163
-0.750809,-0.428905845025382,-0.240466611054786,0.133032445775594,0.329800688757807
0.891019,0.46373850828548,0.305038177984913,0.28055801963413,-0.232094626995142
-0.654453,-0.298294411978481,-0.172741280633216,0.00512114218511089,0.122550354614851
-0.349589,-0.390906600484805,-0.162473621691896,-0.24158093880596,-0.0196907619708536
-0.821882,-0.643052949812277,-0.378537235275621,-0.00712439234741707,0.229738717251908
1.70164,0.938033127004351,0.691896222772179,0.0200168215143368,-0.379373911103401
-0.757762,-0.406935202395317,-0.233735821543026,0.232660380243267,0.309378904233171
0.868993,0.486745208858671,0.297762480899304,0.319664699297277,-0.24140997536433
-0.654159,-0.432615331896843,-0.219001071206383,0.111864293879253,0.112981421235253
-0.00406848,-0.0963831081432213,-0.0297708660051503,0.127156352036131,-0.154527876127689
-0.806663,-0.565711702423505,-0.279866131073442,0.195585750890006,0.1048746759195
0.532726,0.276175621352451,0.188025789559635,0.131525846530158,-0.233463257807078
-0.681141,-0.366849895402156,-0.176917649671664,-0.0771243976845904,0.206627736884108
1.23687,0.666601123626015,0.41837171172163,0.333701884844453,-0.291696162491325
-0.794487,-0.525439236402024,-0.196032551711323,0.315096226723128,0.265553504725885
0.870086,0.498972287027417,0.313606928790473,0.479377974928292,-0.258987555690493
-0.650812,-0.350605964799126,-0.160285893454094,0.0325849273183425,0.106797372831367
0.0106617,-0.0710065492737202,-0.010670661451374,0.0964545620806578,-0.174251800832755
-0.795391,-0.548828010028503,-0.289748061763983,0.178344211552756,0.0561252250173491
0.52228,0.280348930964009,0.15395616343105,0.13218707776952,-0.292871535218598
-0.688655,-0.379018343380091,-0.205919903579606,-0.0840699075037494,0.153202438757807
1.22827,0.612426489899835,0.507139360855823,-0.187920906623477,-0.378822191013185
-0.794674,-0.47442284479998,-0.270169625029086,-0.00383619101509536,0.104907939764053
-0.331054,-0.401535073141091,-0.198681202527113,-0.231496469264986,-0.0940405268910479
-0.793925,-0.654099405508968,-0.337072515452827,-0.0330336787590371,0.154387009541985
1.73285,0.88626402526475,0.686414215159508,-0.512872971221631,-0.466270407529493
-0.758727,-0.308530394336726,-0.261147334110504,-0.0521201446883253,0.172941305517002
-0.0112313,-0.135995626476498,-0.0717567410732119,-0.0420472186230672,-0.176103043025677
-0.833017,-0.593319646142278,-0.335814296680763,0.171084741699667,0.0506023242539903
0.501649,0.282602822497448,0.144824179767702,0.0670626211622612,-0.282193991151978
-0.698202,-0.370903523581337,-0.218204909457691,-0.106727848145573,0.145757565058987
1.18732,0.63363358206191,0.364408730033889,-0.212902684297116,-0.401834170541291
-0.816356,-0.486394473087264,-0.288529106150058,-0.0209393248044096,0.103749876023595
-0.33533,-0.402273767985745,-0.20074178832203,-0.24163591870862,-0.0792655232477447
-0.83047,-0.692601665083748,-0.415035672613412,-0.0391646058138983,0.18046320055517
1.66839,0.905533195851457,0.596015424275338,-0.0709106969614354,-0.402358272727273
-0.763357,-0.418559355622247,-0.268163502490776,0.103111311498341,0.248322409854268
0.838603,0.455014592270102,0.247879908466182,0.231377032583029,-0.335576228660652
-0.675026,-0.293830172200318,-0.210315254479684,-0.027442719390857,-0.0504564871616933
-0.392045,-0.394719825566569,-0.215734533190091,-0.330558708932712,-0.277974514920194
-0.832455,-0.671255901401449,-0.396685079006835,-0.260115195711265,-0.1565420055517
0.0423642,-0.0772686293666255,-0.0360181071577181,-0.265420306156931,-0.405304278625954
-0.826387,-0.572087544981373,-0.343280252505877,-0.252938253076981,-0.0278001533657183
0.491764,0.249392402865949,0.11876572137368,0.0138564762312132,-0.292528724149896
-0.690987,-0.385937266509747,-0.226995966239511,-0.105657541396374,0.197668105482304
1.13939,0.710701664002326,0.375019017043151,0.684902042618582,-0.193930781401804
-0.821599,-0.536296650522874,-0.300904303822432,0.116126904929527,0.449807212074948
1.52229,0.889135118124861,0.548894187649925,0.610600092244497,-0.171163045801527
-0.785317,-0.511158902712813,-0.291212442754334,0.0624017333996548,0.422024105135323
0.81865,0.505813689299292,0.272072117673007,0.772367355011287,-0.107266470853574
-0.678854,-0.422994501917894,-0.244025478060843,0.109464038137834,0.303598213046496
1.12767,0.617775768021417,0.347229214798641,0.23148331297004,-0.289737203678001
-0.823536,-0.504897571829287,-0.308816494835538,0.0835235029745199,0.152307878556558
-0.365493,-0.410343772052907,-0.207589859843221,-0.246451970949172,-0.0782752342123526
-0.816307,-0.694746798510525,-0.381982023735623,-0.0716810319209334,0.170166987994448
1.60972,0.901987215423161,0.561976453203851,-0.0996381177906399,-0.398409957668286
-0.763817,-0.430784334945246,-0.263796977872113,0.0809498886161899,0.25591447536433
0.774326,0.465600553701057,0.21464201135618,0.248965951425381,-0.278393190492713
-0.667268,-0.375443552373123,-0.189009796974769,-0.0317493360604371,0.0212352330673144
-0.0555126,-0.0983135484747293,-0.0828755313433734,0.0398975454188125,-0.261329276023595
-0.842908,-0.569771129068534,-0.337676225986714,0.116150521123505,-0.0642308082928522
0.397683,0.238539042911837,0.118359910216801,-0.260947575005157,-0.448910370402498
-0.679564,-0.337087397161848,-0.217443399691741,-0.309460208999549,-0.135667248959056
-0.0698113,-0.132219507723362,-0.100086550061452,-0.0623239395108587,-0.344065257460097
-0.812351,-0.552946823835361,-0.308387512276933,0.0232648137388826,-0.099898683240805
0.370023,0.220694094774434,0.0860093944539043,-0.0166689219182612,-0.376955601492019
-0.678048,-0.365876825111142,-0.229347974684323,-0.174555516835898,0.00668932356002778
0.900515,0.495797333163493,0.34212375525105,-0.279455020069007,-0.434266887057599
-0.800623,-0.474571711882417,-0.292694598119774,-0.0976211086037857,-0.0147915150242887
-0.397002,-0.428004122117633,-0.224139856271448,-0.314835588297487,-0.174733744274809
-0.804628,-0.659877642968782,-0.325523329117035,-0.143823055094781,0.0647228549618321
1.27462,0.70249986303959,0.493456752410486,-0.190555277189136,-0.401944441707148
-0.753764,-0.420340518070413,-0.240307197344954,-0.00999510603198167,0.168940178348369
0.564374,0.31449462235741,0.22041967445272,0.455295938280308,-0.261790638445524
-0.668665,-0.454812708609621,-0.111729714157442,-0.445625810414485,0.055772944482998
0.53271,0.313700332400763,0.15788324418534,0.357415664534054,-0.337381477099237
-0.680828,-0.401680231101664,-0.206824211021514,-0.510397173493654,-0.0656254507286606
-0.166431,-0.167884362773255,-0.127176779093316,-0.0629751212371523,-0.31932744795281
-0.840367,-0.554904072793838,-0.326163032668393,-0.0112507922656512,-0.130510104094379
0.221248,0.127698470455916,0.043353805776767,-0.0814894417582579,-0.407561678348369
-0.694034,-0.358151237893623,-0.243510235886138,-0.239841713477173,-0.0678715995836225
0.781156,0.40709742399056,0.294162466534921,-0.343300143473094,-0.479262322692575
-0.818191,-0.471138937391466,-0.287127907481072,-0.163909004180378,-0.0625252224149896
-0.437359,-0.450999057400668,-0.236010633712338,-0.36759376351371,-0.19872070610687
-0.833892,-0.685590899372061,-0.361199900052804,-0.196600182404721,0.0564647345593339
1.19804,0.693427883659103,0.477958628893587,0.624783117919687,-0.3650330111034
-0.771156,-0.415443865854927,-0.263647900704766,-0.494325022182719,0.233370556210965
1.10615,0.660417107970527,0.397612506564882,0.730969687995136,-0.32199207425399
-0.787913,-0.532980495172397,-0.249321779376628,-0.416849535714958,0.126508663428175
0.503812,0.275004824849441,0.155071329447156,0.0832128515949395,-0.35223293684941
-0.685769,-0.321499400260145,-0.229972823258896,-0.177233049449522,-0.15128182685635
-0.426653,-0.418436257266483,-0.232381777942537,-0.403866109439228,-0.383609693268564
-0.826157,-0.662542405770255,-0.367838514256766,-0.352271837458326,-0.277513513185288
-0.114948,-0.180418053251362,-0.110880345138097,-0.383182621033568,-0.48366953573907
-0.841632,-0.587133698712288,-0.345799845353995,-0.347336029284564,-0.219478886537127
0.23114,0.0877842405069848,0.0894351126629574,-0.167131198510337,-0.467878478834143
-0.714275,-0.401661182455237,-0.281433884310871,-0.230913909015585,-0.106331512144344
0.732285,0.403924809746942,0.281212104407243,-0.347919444437291,-0.484608746009715
-0.818424,-0.491857026333427,-0.314989646271774,-0.168736562832541,-0.0915783296321998
-0.419828,-0.446704472577081,-0.234755570771794,-0.390846952811954,-0.239819209229702
-0.834967,-0.667871261212727,-0.349182909568492,-0.208251803371411,-0.0183792553782096
1.14899,0.627888765849544,0.422556567126611,-0.240823744712579,-0.475926712352533
-0.782589,-0.452467512745479,-0.320019073649794,-0.0565718594612369,0.0606098108952117
0.491392,0.281020461064992,0.15976608334391,0.0407599971623597,-0.375187766828591
-0.689419,-0.390677344407455,-0.231043968648565,-0.151503898395495,-0.0987816564885496
-0.158844,-0.185985356041839,-0.131070176932775,-0.133245105488389,-0.319144757807078
-0.83677,-0.561138095812653,-0.348927102616907,-0.0362390725811014,-0.130298990631506
0.19038,0.0968349642562301,0.0317507950366557,-0.121014784339379,-0.414356592643997
-0.730645,-0.387433739577279,-0.287414146283601,-0.248179657418044,-0.0941192529493407
0.725109,0.431783017418246,0.22065030644272,-0.319982702935075,-0.501043819222762
-0.820555,-0.547637422244091,-0.339237748560848,-0.232137265779385,-0.108819102012491
-0.161286,-0.195508181268421,-0.113598452304118,-0.175102040328646,-0.357019018390007
-0.843471,-0.592915343400337,-0.355455698227303,-0.164523950133066,-0.157090608952117
0.212731,0.0796723870215116,0.0274087937180399,-0.180012212266657,-0.426914891047883
-0.725878,-0.400188838330056,-0.284260393001479,-0.249923651849848,-0.0885628959056211
0.708782,0.385949562026502,0.268731309639039,-0.355934894282599,-0.494780579111728
-0.820906,-0.491293608425244,-0.337158126088506,-0.184625202248938,-0.10668227203331
-0.414355,-0.438616742331876,-0.229841689836,-0.408234517983844,-0.256993228660652
-0.842931,-0.677124582100202,-0.52202802058159,-0.217076454587151,-0.0502646505898681
1.09029,0.59254696898193,0.380692265841072,-0.248327555785834,-0.506109796321999
-0.779244,-0.46836391901474,-0.323285944160725,-0.0693676094902205,0.00398747501734917
0.441718,0.242167793784619,0.152775466098219,-0.0172390032393326,-0.435254975711312
-0.701054,-0.365645190962445,-0.26028293811668,-0.193134292776301,-0.218587117383761
-0.626219,-0.500274954997185,-0.323214503116496,-0.460442624607809,-0.332299498785566
-0.80147,-0.611273517382364,-0.375093514660383,-0.365175332761569,-0.260626142435809
0.354566,0.323795296567871,0.152761598129172,-0.416901988461052,-0.565320305170021
-0.724569,-0.338472892049168,-0.282794238245033,-0.30399248993527,-0.263774757286606
-0.0222783,0.0588883215813397,-0.0215207431120389,-0.273137797700304,-0.509347728660652
-0.676079,-0.291293435317107,-0.21698880859175,-0.368180187261377,-0.354949635149202
-0.40681,-0.252012682680505,-0.203749055802031,-0.367382323364886,-0.46585048629424
-0.790508,-0.550962753502856,-0.348702292879126,-0.307509865668179,-0.341448615648855
-0.194871,-0.0523218163957108,-0.0728940931057592,-0.355425778396391,-0.476473978313671
-0.58168,-0.1847496370918,-0.198946136983474,-0.422340789039993,-0.30774881204025
0.183788,0.165123580138869,0.120411835992774,-0.3266763715144,-0.504112048924358
-0.720814,-0.380719354096393,-0.309253254027166,-0.223467388422581,-0.267637030534351
-0.0774998,0.0628612177090802,-0.0399940350337673,-0.240952709191174,-0.476520765440666
-0.561558,-0.142658232235726,-0.173307189178946,-0.390048056354478,-0.3697778037127
-0.437089,-0.304858123153146,-0.222836539006963,-0.408467929835915,-0.45710057130465
-0.787031,-0.53625715694713,-0.350447615279229,-0.332943176311697,-0.371145980395559
-0.258462,-0.101524270286648,-0.121833776643757,-0.371775113483207,-0.505518295454545
-0.539153,-0.156422715090862,-0.165292059031711,-0.440850028300193,-0.371689222519084
0.0649247,0.127753813209218,0.0514564049205768,-0.502713927313199,-0.536606723802915
-0.635526,-0.363714979892896,-0.265369983124658,-0.404284352106969,-0.389515398854962
-0.630966,-0.526383096036504,-0.320665037200986,-0.557736094136855,-0.438070941186676
-0.803758,-0.641630892882657,-0.367652990325737,-0.453601671293394,-0.352454026891048
0.174307,0.218199517230359,0.107443500926958,-0.597790139777964,-0.568545016828591
-0.49261,-0.146059402066043,-0.190115744305111,-0.464251105350874,-0.382778043372658
-0.470683,-0.408345661608605,-0.236952278393874,-0.469110969744517,-0.440164022727273
-0.720359,-0.467872455725363,-0.321547433275746,-0.315281153216989,-0.37507498074254
-0.309191,-0.16562361449239,-0.163775875491764,-0.388347089757036,-0.459923243407356
-0.413295,-0.0654562481384096,-0.125608923806669,-0.448295108595213,-0.378049288167939
0.0182693,0.0877236534776653,0.00707809135264976,-0.506545635875759,-0.51327813185288
-0.639963,-0.365121649230167,-0.253491670748299,-0.403541382961521,-0.380269430083276
-0.631476,-0.5520082436313,-0.341448322105591,-0.567517955231823,-0.418774405447606
-0.810602,-0.669641498725469,-0.384490727224906,-0.468168576659381,-0.330479317661346
0.150732,0.169442114497606,0.0994315407142016,-0.465992313169411,-0.535138988376128
-0.502101,-0.214458220288046,-0.192575662237719,-0.340568378519179,-0.343576007529493
-0.184077,-0.0777865453774283,-0.0981542843376577,-0.339563053252612,-0.473603682512144
-0.40464,-0.0110745314205237,-0.106629289892209,-0.389606097493206,-0.467026076682859
-0.628765,-0.570736726869263,-0.3385064066018,-0.585518518377701,-0.480708611034004
-0.803325,-0.699436034997794,-0.386205351490295,-0.541850245144948,-0.454639853296322
-0.453227,-0.351965759594358,-0.218318325788125,-0.548642489857751,-0.550879682165163
-0.71043,-0.549703098480051,-0.31435489246099,-0.529205998457944,-0.416913110687023
-0.294542,-0.216283959885049,-0.147422612664696,-0.435674483087335,-0.459399392435809
-0.414105,-0.0456850621358261,-0.11575857666218,-0.436887782307926,-0.340522315752949
0.0406418,0.0800018159500614,0.0172140267008692,-0.135775624708552,-0.407491828591256
-0.630206,-0.294430405814263,-0.259481926801877,-0.249894571438331,-0.187628405517002
0.114697,0.147398106653353,0.0375125168328379,-0.129428660637714,-0.37921059351145
-0.515009,-0.202989260701307,-0.200601813694147,-0.290158836461855,-0.216210556731436
-0.183764,-0.0427344123723759,-0.110749122800978,-0.122656720686986,-0.336725507113116
-0.339115,-0.0506324366033346,-0.0825097389161133,-0.317180166803003,-0.30216637463567
-0.0419167,0.0615723117406908,-0.0248808854970575,-0.339769224972745,-0.440937049271339
-0.629796,-0.360317973618643,-0.282725845490258,-0.375457864029547,-0.350471282269258
-0.634385,-0.545108826446637,-0.32200293321107,-0.574864669576068,-0.408156633067314
-0.823577,-0.688444714041012,-0.383380960927015,-0.470007080629326,-0.320501569916725
0.11614,0.138854683792663,0.0724423229267855,-0.449320898306932,-0.512159269083969
-0.460985,-0.168110242559749,-0.173852779376279,-0.32357071105033,-0.321323879840389
-0.16884,-0.0803231853828949,-0.0976155332457821,-0.327430591168041,-0.410501342817488
-0.32646,0.00962965834446921,-0.0653167551766338,-0.362036850463123,-0.39522192852186
-0.476318,-0.340939828156106,-0.231923261077958,-0.380497006125165,-0.412630985079806
-0.733269,-0.504328636161516,-0.331309529714703,-0.331585903574893,-0.362988674878557
-0.302924,-0.162551312636923,-0.154687593278865,-0.49948523616335,-0.476330653018737
-0.345734,-0.0324463784230417,-0.0635768296080807,-0.543867637233998,-0.439285619673838
-0.452988,-0.358243944742469,-0.229062687068311,-0.434805606714918,-0.42368608795975
-0.694622,-0.493616861666103,-0.248231902039197,-0.338872002168266,-0.348165130291464
-0.253376,-0.130637410501578,-0.0915199216842869,-0.328470311700395,-0.425335805863983
-0.318962,-0.0106750308457129,-0.0384119076774769,-0.397721417480541,-0.341045401977793
0.0848411,0.109892295546804,0.0217630157668685,-0.451921148996448,-0.45593953573907
-0.570169,-0.301926098608531,-0.206069001441539,-0.349424684029139,-0.333210278105482
-0.605665,-0.55461245630544,-0.315157812500045,-0.511539839151837,-0.366700502949341
-0.816546,-0.670016492870732,-0.373159429164819,-0.409257126702782,-0.258677386710618
0.202218,0.162294478444905,0.126848740510067,-0.411307154456309,-0.449021322172103
-0.423448,-0.174973422855256,-0.137320429199013,-0.280027188016892,-0.232804403504511
-0.121476,-0.0409448666007285,-0.0250560275817649,-0.145102170477936,-0.314249227272727
-0.294685,-0.0720096160484449,-0.0332765497260188,-0.241421611137592,-0.256311589521166
-0.112825,-0.0266836401866729,-0.0445669466896466,-0.213180752339436,-0.319919244274809
-0.274067,-0.0541845035980962,-0.020505432661602,-0.30978112647237,-0.309025031748786
-0.443635,-0.32015205798621,-0.198119940865268,-0.336458794362405,-0.341700965475364
-0.705289,-0.494299184441943,-0.266749980843088,-0.290584830416822,-0.298300350971548
-0.269856,-0.146505093498575,-0.120052067018435,-0.339310720197045,-0.404694185808466
-0.313376,-0.0281805732247752,-0.0372929188353761,-0.410953254057118,-0.347364147987509
0.0408505,0.0817194657078283,0.0493756142614427,-0.465013902347208,-0.457154297015961
-0.582492,-0.290450300510081,-0.153161108881857,-0.365544738309056,-0.335066108778626
-0.605258,-0.559392786828855,-0.287946017246462,-0.501831535697102,-0.366272181991673
-0.803486,-0.62274498442937,-0.300481809022964,-0.402400709440868,-0.254254180603747
0.192003,0.157801603720451,0.143731755252116,-0.148947005012389,-0.427857069569743
-0.417152,-0.129126916643822,-0.145290362823814,-0.384486906885759,-0.206838173317141
0.134547,0.104052902587601,0.10288258787835,-0.0709668459920097,-0.362068567314365
-0.455757,-0.24276656994181,-0.164239425913918,-0.293104399004256,-0.226950502081888
-0.16522,-0.0791098625561811,-0.111297551089593,-0.236741859796404,-0.357389948646773
-0.220856,0.0921487369889215,0.0518748882418951,-0.370541178888005,-0.410162639486468
-0.610921,-0.5595995879437,-0.291079907712826,-0.55767363580027,-0.416841507286606
-0.816224,-0.718945042284669,-0.381295021838133,-0.507606569684972,-0.406508371755725
-0.416104,-0.326699553709344,-0.198982200364704,-0.528946888545709,-0.518984201596114
-0.686776,-0.52121306744353,-0.295641581716293,-0.503311049350732,-0.401756892435808
-0.286165,-0.21056502584915,-0.14292587346257,-0.402409334548994,-0.458244548924358
-0.294297,0.0248428173180186,0.0130063259390635,-0.418955175822507,-0.389299699514226
0.0322976,0.0698323881785932,0.0305752749711566,-0.465586654326621,-0.470751178348369
-0.606913,-0.34120168070437,-0.244130160096927,-0.361812851921907,-0.337427251908397
-0.582444,-0.520554531283404,-0.297843186783796,-0.508528706815263,-0.379805348369188
-0.794609,-0.648014446084574,-0.308480377436202,-0.406352972948659,-0.277509485773768
0.166162,0.138863258394996,0.0727246238771456,-0.405354605080348,-0.469854643650243
-0.426572,-0.157440860762515,-0.141432836486481,-0.272158780465459,-0.273252664607911
-0.114531,-0.0457397690939609,-0.0171935090497299,-0.271070809573321,-0.365219283830673
-0.261133,0.025906773556272,0.0198584678238937,-0.320842828224294,-0.339863728102706
-0.436843,-0.317561817721937,-0.194703965930708,-0.342710228784867,-0.342639398098543
-0.688337,-0.444259564110542,-0.24466681924917,-0.285769216129947,-0.289083681193616
-0.275285,-0.108978680522868,-0.11226636738793,-0.337713680210054,-0.39096077203331
-0.279318,0.0777547851947204,-0.00674079545088967,-0.420606379588052,-0.350238462179042
-0.000948832,0.0671420635606477,-0.00402727530746905,-0.439897222312577,-0.439008000693963
-0.580274,-0.286070944748587,-0.23883855760241,-0.391554119806385,-0.327657230881332
-0.456074,-0.329930349806895,-0.208976198767138,-0.35143620937451,-0.406121399722415
-0.702371,-0.433185483374481,-0.260410642021225,-0.353330003463274,-0.335697128105482
-0.256242,-0.144929004016519,-0.11061029196179,-0.371338044731481,-0.429293137862595
-0.322085,0.059643827326766,-0.0375633758889328,-0.416832564667794,-0.364135087228314
0.0104856,0.0535268845112705,-0.0450362204148795,-0.451750427043834,-0.468303061762665
-0.562016,-0.291314801131585,-0.199472138471845,-0.367724943374663,-0.361474756766135
-0.619316,-0.536016889123079,-0.341569771606738,-0.535711991238133,-0.386891016308119
-0.820573,-0.670427676363148,-0.362835545660261,-0.432072989937744,-0.299070495142262
0.116784,0.143497687794672,0.0787555978923304,-0.425766840509774,-0.493469405274115
-0.410905,-0.101262578948971,-0.133691709973673,-0.295126002883438,-0.308172309299098
-0.174595,-0.0631515727050266,-0.0789352713348651,-0.30807402929071,-0.385687932685635
-0.230248,0.150992955980467,-0.0260016464134062,-0.363167723270139,-0.397442282095767
-0.62652,-0.518034257318901,-0.315922130888684,-0.535691662179295,-0.336018116932686
-0.830562,-0.630081134839216,-0.387231895078835,-0.42489316813439,-0.264656410478834
0.117271,0.183813880704364,0.0721776872214666,-0.381443522890269,-0.477740656141568
-0.430571,-0.113042836335748,-0.145392455822545,-0.309427216268608,-0.297253247744622
-0.157716,-0.059869994117813,-0.115543691948899,-0.317984508442163,-0.380887209229702
-0.27873,0.0888102257070419,-0.0486009608074662,-0.350883656513253,-0.373841375898682
-0.472109,-0.317482771893557,-0.233724923586286,-0.36104093837428,-0.372430541603053
-0.733871,-0.461599255328072,-0.305753645747746,-0.316801807298415,-0.307108425572519
-0.29545,-0.141858249496326,-0.157983815805392,-0.375042352788634,-0.394997871443442
-0.323779,0.0532052643281022,-0.0805806431826776,-0.443620870508238,-0.331707268736988
-0.00530914,0.07174830492836,-0.000834043532751231,-0.323299122167177,-0.410421583275503
-0.600525,-0.251845291929231,-0.258562161540464,-0.205081956092398,-0.262642440492713
-0.161007,-0.00314325027176106,-0.0693952624467798,-0.227330625229587,-0.389317268043026
-0.278822,0.105503677118759,-0.0418101406563975,-0.406211878465482,-0.367875254024983
-0.45817,-0.333340392271139,-0.24044747021656,-0.379025619780663,-0.373952653678001
-0.715468,-0.434853476819085,-0.292496899397272,-0.311948260388562,-0.328937351609993
-0.290697,-0.129380858343097,-0.140947903891979,-0.36589420194101,-0.43333599722415
-0.323603,0.0621151942977009,-0.0573397878026165,-0.44387499124943,-0.376505588827203
-0.0222726,0.0828624078218665,-0.0165791452113566,-0.477370277467683,-0.475329026023595
-0.605344,-0.295340569291178,-0.256239373464899,-0.387571777620598,-0.380322593684941
-0.612172,-0.536181440284827,-0.323705612444511,-0.53484993191144,-0.432820096460791
-0.831234,-0.673073172613558,-0.39427822131091,-0.429883892930125,-0.343785507286607
0.11787,0.18605592496336,0.0723550732618887,-0.57363845032543,-0.547912770992366
-0.422191,-0.0363705382091156,-0.161361077496718,-0.478582717493039,-0.39167541925746
-0.455755,-0.399463500799761,-0.247471023878875,-0.449096338843309,-0.425908833622484
-0.726515,-0.439199108491949,-0.316680375220869,-0.293097228666366,-0.353852674358085
-0.29206,-0.143980954388499,-0.172818685960781,-0.37206825462626,-0.440610400589868
-0.332177,0.0575007850174393,-0.064279606082442,-0.441388877309216,-0.37483570593338
-0.0204067,0.0799981267264267,-0.0130464461083858,-0.477546770558437,-0.479484236988203
-0.592695,-0.293502327514963,-0.237992413949606,-0.387250067306923,-0.373201223976405
-0.612888,-0.525986761969434,-0.327007480542367,-0.540244650480887,-0.404183323560028
-0.828263,-0.672753498254416,-0.375808869740216,-0.433611195932171,-0.308651818355309
0.116388,0.180133906055731,0.0772011694205971,-0.423950416252403,-0.503505103226926
-0.427605,-0.10178092162544,-0.147704093022545,-0.306082341415515,-0.328790964503817
-0.152385,-0.0365874464277036,-0.0723908814276235,-0.315721100374197,-0.435470778278973
-0.283356,0.12052981906148,-0.0338082350030435,-0.367899998271411,-0.453495943442054
-0.629353,-0.556508330154972,-0.327278697301917,-0.566440907708947,-0.443150921235253
-0.832981,-0.718507305365369,-0.362806560707726,-0.520210341781347,-0.417641427931992
-0.427122,-0.316772044129561,-0.196476398896894,-0.516654469314993,-0.525379806904927
-0.692898,-0.510396888365937,-0.293639075003409,-0.504850177824409,-0.383033349236641
-0.256216,-0.180715997852751,-0.146149070373959,-0.402465481174666,-0.420541885322693
-0.296987,0.0668876809680798,-0.0423158393435521,-0.411991159467027,-0.319735657356003
0.0379907,0.0949489653683265,0.0139287600148349,-0.130445172250135,-0.355009630811936
-0.589203,-0.247528902146082,-0.241468027140958,-0.202886418569815,-0.148018069104788
0.124905,0.163156496150857,0.0376484069127512,-0.118578853813783,-0.327868760097155
-0.448835,-0.11297591655886,-0.157187680227089,-0.247906851918585,-0.17343380499653
-0.151579,-0.012636554020307,-0.0861992618742624,-0.0723587444392815,-0.277958592297016
-0.21656,0.0615510145781876,0.0103436210457523,-0.276851194406865,-0.266544809784872
0.00509814,0.0961878563460469,0.00554106789111677,-0.296929595874426,-0.389241589521166
-0.59228,-0.304662281656826,-0.24897401716907,-0.331116093203856,-0.307464031054823
-0.615979,-0.530422479959403,-0.3202734486497,-0.512888542947133,-0.366486937022901
-0.815283,-0.665274391639138,-0.380383014366088,-0.419183925441104,-0.27956906054823
0.133414,0.172792144733652,0.0738998023086241,-0.410014686171169,-0.469122098924358
-0.384643,-0.0590555280864983,-0.0858939787826287,-0.276969794353472,-0.288248939507287
-0.134325,-0.0409263523136447,-0.0796663439429684,-0.290601981279558,-0.359357202637058
-0.22478,0.11504789519477,0.000792506429067403,-0.324733838894721,-0.361476500693963
-0.45474,-0.311450230788723,-0.248322134505528,-0.335995472404767,-0.363242642609299
-0.723588,-0.46829053221335,-0.307505019138721,-0.286700064718552,-0.314805270298404
-0.271598,-0.121652551336047,-0.134303376787356,-0.461173903222933,-0.430470743233865
-0.249843,0.0517637611870402,-0.000718847587695512,-0.524568042638501,-0.410885135045108
-0.410436,-0.329505820059514,-0.18721496759435,-0.400368777975565,-0.388555497918112
-0.687888,-0.44264650413003,-0.257989122383326,-0.296518525781113,-0.31609535981957
-0.231698,-0.101419288640325,-0.0945612087280633,-0.295330285555302,-0.404955036780014
-0.269899,0.0934732895794117,-0.0423083092847013,-0.403154250598752,-0.338253461138099
0.0433868,0.112204979203628,0.0028155450631752,-0.432608208252717,-0.440788473976405
-0.589193,-0.265263755580087,-0.239496963043052,-0.346773620344131,-0.33167221963914
-0.609172,-0.541764067007769,-0.317282746346451,-0.476727156802305,-0.367735199167245
-0.796573,-0.613833257595503,-0.344216526963923,-0.392957905218264,-0.26439310444136
0.178158,0.182786050441019,0.0902506769337384,-0.440590372633378,-0.441365975017349
-0.401174,-0.0453439823129091,-0.108542777873029,-0.281571131679968,-0.236415211034004
-0.123721,-0.0253129220755268,-0.0783152175197214,-0.177135860654412,-0.30899346148508
-0.272796,0.0136464884600074,-0.0300306456308915,-0.235446362514931,-0.258220682859126
-0.137074,0.0127809175480056,-0.103114874924679,-0.2077194757512,-0.309550728313671
-0.248554,0.0636813127687428,0.00327378473619665,-0.287465653370212,-0.312121586814712
-0.455204,-0.278730008182557,-0.241122814481946,-0.325694794844996,-0.334238034698126
-0.717598,-0.47148069259304,-0.30337950329664,-0.288166428771213,-0.288329573213046
-0.264886,-0.125142463167776,-0.142892934858167,-0.373837783327061,-0.392909907702984
-0.262101,0.0651571841198132,0.0195102561829926,-0.408271256118883,-0.34339245870923
0.0566048,0.104528835415675,0.0406891161341369,-0.470617092324479,-0.442671132893824
-0.57761,-0.264125926579039,-0.200298599725257,-0.348750209418496,-0.321663039555864
-0.573854,-0.516717809313371,-0.279634112399646,-0.480040126009598,-0.363949186328938
-0.822483,-0.659275546369896,-0.353578500522613,-0.375522087746381,-0.242814326509368
0.166083,0.172038304659914,0.0945561809524202,-0.104341190142691,-0.415077210964608
-0.379616,-0.0366240631834192,-0.13278217251121,-0.386821469404306,-0.208570705135323
0.125839,0.126678034693499,0.0385602536468061,-0.042220227220673,-0.348818971547536
-0.445287,-0.121103291533155,-0.155950507994629,-0.277675125269614,-0.215955294587092
-0.124333,-0.0189600198622387,-0.0766633951574915,-0.179196079684644,-0.353162674878557
-0.202589,0.127167916351789,-0.0225051680575013,-0.364376658995312,-0.402108013532269
-0.621041,-0.576429725329139,-0.334634616320609,-0.560586358876386,-0.405606640527411
-0.822836,-0.708143662591738,-0.356639755565887,-0.508564429204884,-0.399352655725191
-0.420145,-0.323994784917172,-0.214159595312115,-0.511311433523202,-0.510628607911173
-0.687906,-0.495105936691601,-0.282483502500224,-0.495924791638852,-0.39001947814018
-0.254183,-0.182609810210069,-0.132908225775518,-0.396056962648318,-0.45167312630118
-0.257342,0.0682441114973738,-0.031844645597049,-0.412121995600919,-0.383449132893824
0.0440812,0.101294390727864,0.00441324297225162,-0.450201179388489,-0.462692265093685
-0.602743,-0.302949762943765,-0.226097217091057,-0.351605573597669,-0.335490302567661
-0.603798,-0.539472141718763,-0.309583201903288,-0.52904953434055,-0.378025758848022
-0.832096,-0.673102895957428,-0.393735652139306,-0.416777239232085,-0.273391320957668
0.176715,0.190014983096789,0.0872529115209465,-0.414813071166582,-0.475366103747398
-0.403332,-0.0919889470869671,-0.125546712907217,-0.276923728533107,-0.279728581124219
-0.120267,-0.0317294461540773,-0.0601607879257673,-0.292648565810694,-0.364576529146426
-0.253971,0.0906452176734955,-0.0111798144884146,-0.318229915697937,-0.345322222279667
-0.456184,-0.319625034347707,-0.238949435025539,-0.335224966367265,-0.343223483466343
-0.704926,-0.450446254064027,-0.2955043077276,-0.288343265538901,-0.289743038601666
-0.280518,-0.126523767732256,-0.154709147639647,-0.349083956856255,-0.391988194569743
-0.259994,0.0797811503596587,-0.0352284934556605,-0.429041813851664,-0.355625483431645
0.00438819,0.0823198504140057,-0.00649350801729621,-0.439587911139919,-0.440605123178348
-0.584764,-0.291182773115207,-0.235086248253671,-0.386304124197551,-0.330475921044414
-0.453235,-0.331869484587858,-0.234931175109459,-0.352429192350518,-0.415051996790423
-0.721031,-0.458024176029085,-0.265277600805607,-0.351191693954523,-0.343587401197085
-0.28039,-0.167596026080163,-0.132864241658011,-0.386207165079336,-0.439232264521166
-0.319054,0.0156785244454697,-0.0399509397577435,-0.437272334952762,-0.385325630988897
-0.0324132,0.051656180739887,-0.00162680465690735,-0.4685427645108,-0.479786064365024
-0.579343,-0.310551629923478,-0.215089538851203,-0.386620097614839,-0.379825961658571
-0.622635,-0.54296665208262,-0.338084345329007,-0.534677636030106,-0.408126940839695
-0.830238,-0.682543999993565,-0.374558538253207,-0.434953083010624,-0.319124344725885
0.0663501,0.140455185431167,0.0618980653169397,-0.438391116101661,-0.502760092990978
-0.419507,-0.120012980255456,-0.151890354397617,-0.314488324180442,-0.321426969014573
-0.190434,-0.0732572225077285,-0.0927678706593412,-0.329594817104912,-0.38816746963914
-0.24468,0.13216226106736,-0.0322102988941813,-0.374298456106746,-0.385787700104094
-0.598929,-0.489241692623429,-0.294584021606852,-0.50560777805423,-0.323413432859126
-0.820782,-0.631686530618066,-0.376295864270806,-0.393807146612731,-0.230678089486468
0.256647,0.282404291037574,0.130906845154415,-0.322275958372091,-0.470163823386537
-0.445062,-0.179912699789384,-0.157262382586451,-0.279329542984082,-0.251036127689105
-0.0426582,0.0316337752467253,-0.021819800510595,-0.251559613626065,-0.384874718598196
-0.400182,-0.06921879170232,-0.0923766423849893,-0.307333342252692,-0.324980714087439
-0.425992,-0.280445378283873,-0.207385994602564,-0.336921434400893,-0.373010092643997
-0.752752,-0.51760683928785,-0.318147590809918,-0.281618143732988,-0.284176919153366
-0.230641,-0.0898479768323244,-0.116908939020638,-0.335601693321644,-0.39410145870923
-0.389764,-0.0516276730100763,-0.0874315727195589,-0.406965538290389,-0.28994472074948
0.142936,0.17499825005642,0.0883119618728308,-0.31539516531811,-0.423724080499653
-0.63665,-0.336586687788699,-0.257997841702593,-0.163311777768831,-0.228330490978487
-0.119658,0.0164229266774917,-0.0611289292116674,-0.20075848496839,-0.385463865024289
-0.300395,0.0317230367337052,-0.0401690351882424,-0.371632508082162,-0.352214987543373
-0.481171,-0.343408384810762,-0.245625002765584,-0.384557864561915,-0.358808195870923
-0.697063,-0.471182029487798,-0.296204557631125,-0.306560337323306,-0.318079529319917
-0.288883,-0.149523895314484,-0.149205093428327,-0.366709298578883,-0.411639957841777
-0.281122,0.0121393561781959,-0.031083392007625,-0.406808396968324,-0.354344794760583
0.0329199,0.0995305440317262,-0.00267604253549631,-0.469241875615824,-0.446823805343511
-0.532618,-0.293119035841216,-0.209676070597739,-0.351662952414869,-0.357530242713393
-0.636582,-0.547640969110632,-0.340702378045682,-0.508301151784208,-0.386935197952811
-0.812316,-0.679490799399401,-0.366114166630588,-0.410757916622962,-0.309469090388619
0.139362,0.188400216185648,0.0618483778198945,-0.540764694044815,-0.500537800659264
-0.271887,0.0220051982088175,-0.081612398829988,-0.447701732225101,-0.374046906002776
-0.489491,-0.418937391724013,-0.253682136678879,-0.443025909306253,-0.361035518736988
-0.656785,-0.412984342220259,-0.28227770198959,-0.265631787964383,-0.320369713393477
-0.329538,-0.186280105853219,-0.183778093781754,-0.365126429808194,-0.370436447952811
-0.150811,0.124499312274177,0.025507947791755,-0.407683468549872,-0.358737920957668
-0.01588,0.0550479787699869,-0.024803300909477,-0.459943327099306,-0.417665127342124
-0.504202,-0.26467644162578,-0.20375244036574,-0.350280340667639,-0.350013191533657
-0.634457,-0.559854383112165,-0.342744515053791,-0.508379017526285,-0.358381999201943
-0.815812,-0.684481995831347,-0.37639651825071,-0.417607831232833,-0.279052483171409
0.0717658,0.130957636725605,0.0343381551319292,-0.41225537513043,-0.44990482702984
-0.284933,-0.0515309335728037,-0.050706709371934,-0.260193372908618,-0.316983141047883
-0.185362,-0.0991192691544899,-0.104373248508549,-0.315655087828845,-0.365487729181124
-0.0994057,0.203383914168685,0.0672085515723074,-0.320294052720271,-0.44367691221374
-0.628029,-0.591912163489627,-0.337116603255904,-0.548835119887078,-0.390526493233865
-0.818183,-0.705523011563791,-0.372896185691046,-0.501331816145323,-0.384909109576683
-0.437945,-0.367856489085969,-0.221496665901592,-0.538314453386589,-0.489072529146426
-0.632861,-0.460305202629366,-0.262857523861434,-0.496111151514245,-0.372743304753643
-0.336874,-0.24029267358582,-0.179397810575895,-0.416941897585495,-0.364392937092297
-0.122102,0.153363205338491,0.0333131279589792,-0.396241206976035,-0.331245644344205
-0.0226481,0.0377572416383653,-0.0359394264347473,-0.138745744905573,-0.298356868945177
-0.490935,-0.208096680257519,-0.20075740243797,-0.158496770308058,-0.13942755388619
0.0461137,0.100047470779771,0.00132381369347463,-0.121126526074114,-0.266954957668286
-0.30178,-0.0665179329466954,-0.105020458517011,-0.201468947379239,-0.170552996356697
-0.225898,-0.0859285011713062,-0.115719433657511,-0.113651933067616,-0.209664544587092
-0.0184618,0.174287133070842,0.0998003193379682,-0.244822123746812,-0.280222958501041
-0.0927733,-0.00555341205688112,-0.0636076457983277,-0.316324887629027,-0.327858580846634
-0.491624,-0.257477194847768,-0.1875151740071,-0.336038986188131,-0.314152775607217
-0.642409,-0.563956112932335,-0.327420837874353,-0.522423534809811,-0.343332838480222
-0.813037,-0.677042222747037,-0.373252030670838,-0.432284671238324,-0.278332354094379
0.0139587,0.0960665024684355,-0.0129456776107728,-0.418340010097852,-0.427910931575295
-0.221974,0.0210899377561122,-0.0627145500776519,-0.267338679318554,-0.316010062560722
-0.239869,-0.100732649214993,-0.141833654513386,-0.320543588649036,-0.299557770645385
-0.0382205,0.244043905600568,0.0927328768528042,-0.29676924261874,-0.379130039035392
-0.505911,-0.364918202237678,-0.257754264652791,-0.361937623288349,-0.32015557702984
-0.666301,-0.431490633468478,-0.2733104643284,-0.320234072633482,-0.313961250104094
-0.347148,-0.181034000414049,-0.141117563741212,-0.493476614503737,-0.392170525815406
-0.122951,0.155465884647844,0.0274050682790682,-0.545224777622583,-0.436748803157529
-0.494766,-0.400944936990537,-0.263997279304785,-0.432503537322546,-0.361793132720333
-0.664913,-0.44034609787576,-0.284569897236158,-0.34248184939837,-0.328096199514226
-0.33757,-0.188086420937834,-0.183922491155987,-0.369601929046076,-0.374507571131159
-0.0933319,0.175953950634628,0.0477250614866795,-0.424823840035993,-0.381790264122137
-0.0782267,0.0216817791651186,-0.054760675426519,-0.456490353010562,-0.402074296321999
-0.501626,-0.243274635808778,-0.205592666678659,-0.349894072485442,-0.357684943615545
-0.616036,-0.568049867891691,-0.324450055342758,-0.522416301074025,-0.370298646946565
-0.815129,-0.672976713670961,-0.372192914316671,-0.422678745074588,-0.27926905222068
0.0209353,0.0971408475146984,0.019220340258291,-0.42016787327046,-0.412187867071478
-0.276439,-0.0401574375145664,-0.0567716243326531,-0.290269478673154,-0.272251291707148
-0.220489,-0.11658461113057,-0.0985183293556268,-0.221636870079134,-0.264820176960444
-0.12778,0.0819440095374848,0.0426776854265031,-0.105195842917851,-0.269115186328938
-0.206627,-0.0740730482512019,-0.121946422589555,-0.260509005742028,-0.248649464607911
-0.0539145,0.206746041936179,0.107598414271104,-0.212178233518196,-0.32245342425399
-0.49238,-0.334256597722801,-0.222482223172357,-0.347991513734203,-0.288848911693269
-0.680714,-0.447723810228635,-0.277378184088329,-0.304811339823196,-0.284031479007634
-0.331446,-0.179125173355355,-0.177699689011119,-0.377057539898937,-0.368917748959056
-0.153321,0.159585617761628,0.0377974497898925,-0.43664770846805,-0.384001042262318
-0.107888,0.0334672641453471,-0.0486738199611879,-0.463159495632999,-0.417069180083276
-0.513237,-0.231886773657232,-0.199599693648988,-0.372304109853463,-0.368124114503817
-0.627301,-0.551855598154421,-0.308223192129305,-0.528208526656792,-0.377061026717557
-0.81863,-0.664102429871971,-0.365575040261219,-0.42916154371778,-0.280287295281055
0.0257147,0.11975427331783,0.0153041698622247,-0.21859359737984,-0.40677230943789
-0.261052,0.050421569481667,-0.0637380890605195,-0.324501793857973,-0.264703726405274
-0.0141755,0.0700214159104264,-0.0259484985921147,-0.155888159067639,-0.325109969118668
-0.350955,-0.0650809007686771,-0.0991879643466324,-0.169761017144228,-0.250852911346287
-0.235179,-0.0698989227146095,-0.10589635355995,-0.218165519758367,-0.319372489764053
-0.0467483,0.279982183827669,0.103830096457723,-0.377039372943782,-0.433710344829979
-0.655541,-0.586362989632564,-0.346273396997994,-0.565834470492121,-0.383848603053435
-0.820339,-0.71595457736144,-0.374011776176213,-0.524485659253533,-0.401981224531575
-0.467942,-0.36319266827122,-0.213217385635499,-0.543361437974149,-0.497429885843164
-0.634575,-0.460155882240007,-0.236820163477984,-0.511425258335095,-0.405677271339348
-0.329812,-0.233536489050424,-0.17265620433623,-0.443675193333742,-0.427142753573907
-0.139802,0.147911359148919,0.0601526846374884,-0.420260795846466,-0.416369586398335
-0.0779431,0.0446043553939343,-0.0256731818310254,-0.458589211933697,-0.428698287473976
-0.51965,-0.250675072304417,-0.187875722091821,-0.360211718471072,-0.356873328591256
-0.616859,-0.533889679139322,-0.314350242621148,-0.51521802362322,-0.368921952116586
-0.805861,-0.651049338029257,-0.359231747271123,-0.420147158004612,-0.282203206800833
0.0545705,0.133166714277171,0.0512243449080559,-0.422059791652937,-0.439734187543373
-0.271588,-0.0186359612471376,-0.0322050959452674,-0.267324440540875,-0.306350064052741
-0.215671,-0.0920155636239804,-0.114343618365055,-0.321726336911467,-0.314324663601666
-0.103956,0.175921550608037,0.0783209575955742,-0.300717710113613,-0.358754485947259
-0.487405,-0.35177518747593,-0.250651673427179,-0.35227827508174,-0.306136854094379
-0.663608,-0.43263680225984,-0.243868806625416,-0.305178279609003,-0.277895891568355
-0.327396,-0.175043933119255,-0.156931810790628,-0.374795331408419,-0.351543544413602
-0.106903,0.179478336468014,0.0646621529672434,-0.428609457046226,-0.373759522900763
-0.114012,0.0164836073187331,-0.0524925181973677,-0.435688032284481,-0.386463380985427
-0.49937,-0.239811564023026,-0.182862074827211,-0.372690821842982,-0.336543035392089
-0.478215,-0.355907014245927,-0.230276688959714,-0.358317436665552,-0.385931862248439
-0.674397,-0.424648842219529,-0.26575816956988,-0.34487377604441,-0.332748427480916
-0.313169,-0.190398538248922,-0.138110075106238,-0.397634803173289,-0.400472751908397
-0.187823,0.110605617580606,0.00719078710375488,-0.425817882097244,-0.392585477456627
-0.101698,0.0266512558470142,-0.0672253130329565,-0.454579634309953,-0.42949268704025
-0.499569,-0.23668439027222,-0.177791472331395,-0.368845441921771,-0.372660788254684
-0.614087,-0.544768500991295,-0.345450675023905,-0.527228495060834,-0.376518196582235
-0.815973,-0.66611995166283,-0.359529234659673,-0.421677188440892,-0.280840486207495
0.00829637,0.112222197002134,0.023132529618413,-0.405474772471312,-0.426759058466343
-0.262169,0.00552626764019711,-0.0581280392973325,-0.258380830183808,-0.193069848802915
-0.2031,-0.0897348964541162,-0.105879955274361,-0.24194947159378,-0.122625538428175
-0.0285853,0.264876390454621,0.113279539428229,-0.277442374047462,-0.0013510977619709
-0.270988,-0.321886122045422,-0.13336077580861,-0.077181972222678,0.231833707997918
-0.805861,-0.7361202984237,-0.368756871289085,0.0728241518898011,0.722632341592644
3.27959,2.01123420874575,1.28530812933196,0.599113648388983,-0.0807842555517003
-0.341249,-0.155585611183004,-0.117322613466846,0.503829504676257,0.982879474149896
1.96437,1.28828075976137,0.775592041981085,0.86861257249292,0.228966629319917
-0.351323,-0.0585167749154084,-0.0642202118744897,0.614587681266982,0.710730212352533
0.330885,0.268806776434588,0.149817742649012,0.495449859523045,0.343310006245663
-0.758403,-0.569219675709628,-0.321264750688388,0.516086849356837,0.680294238376128
1.21414,0.860464442111305,0.498809412455561,0.479265085290611,0.193070611380985
-0.42271,-0.150124101406981,-0.115993187897273,0.328741724543856,0.825013311589174
2.50466,1.72015976371485,1.04269646494553,0.919287272721952,0.0803897546842469
-0.650016,-0.475246799369811,-0.258125010015402,0.728011038684372,0.939622904233171
1.82558,1.32062633596102,0.734068212424678,1.00616026448271,0.155501046495489
-0.338334,-0.0605892435166636,-0.0595220895508892,0.606561476125176,0.661687569396253
0.375069,0.299176771971652,0.148028605426316,0.383055131829332,0.301715411172797
-0.714059,-0.578142712165075,-0.298342965752226,0.537492082274509,0.607837229007634
1.25177,0.926912533587219,0.51493030201812,0.535296127426734,0.106200594031922
-0.366911,-0.115177659080451,-0.088417970795836,0.397928789129747,0.744776604788342
2.54522,1.63197082713991,1.00452368336423,0.140549712443481,-0.057625137057599
-0.560525,-0.368190917693834,-0.230424494906056,0.235101526766379,0.635176899375434
-0.288951,-0.35498190089422,-0.150389053440734,0.095940943717814,0.399198187369882
-0.814597,-0.787647724116019,-0.341721653071141,0.252927200364193,0.708911636016655
2.95918,1.99399267253448,1.19972507235506,-0.291462623400472,-0.178254518043026
-0.324151,-0.0925853034715868,-0.0916432510765079,0.172105157718138,0.69867276370576
0.31841,0.250837297611813,0.0728292145928626,0.370404564159307,0.324454252949341
-0.652545,-0.551396002507235,-0.281223579934913,0.544315818735502,0.611599719986121
1.20815,0.889395769346284,0.485640648336722,0.492095184893344,0.197253075988897
-0.211155,-0.021072823321542,-0.016056014424082,0.452795363055194,0.777846334142956
2.54881,1.6141945114643,1.01159909184139,0.152542879147964,-0.0199182508674533
-0.569393,-0.360807632854265,-0.226389057760403,0.298328374236189,0.712142576335878
-0.244246,-0.317889114343437,-0.154401456583856,0.153790911680229,0.501644793546148
-0.819728,-0.796163504016332,-0.352374338021165,0.262875830713552,0.837461680083276
3.08547,2.05817815787179,1.31154166010191,0.45231457821975,-0.0433589031922277
-0.407803,-0.183868338610109,-0.144047106214111,0.49713083011658,0.909827452810548
1.8508,1.31393272429141,0.802701420297103,0.730402790408434,0.0691679587092297
-0.243835,0.0521019498620647,-0.0111969496590471,0.541645932837979,0.414170884455239
-0.272848,-0.271155300102402,-0.133659614789739,0.00853632383322614,0.151487128730048
-0.831929,-0.74909985019921,-0.377926728644124,-0.0965078685998113,0.284165360860514
0.430384,0.328281553848347,0.193929913605806,0.0909511742251977,-0.060486758501041
-0.685215,-0.524308366906538,-0.300999509537089,-0.118074887796293,0.501895905621097
1.28647,0.939607383853437,0.531550362330704,0.502061053410819,0.173773116585704
-0.301117,-0.0722066631092834,-0.0650208554458605,0.442638489456742,0.920062162387231
2.5777,1.87466745533609,1.09913310472927,1.51024555016158,0.345254604788341
-0.597745,-0.426724564022226,-0.236467763060693,0.513767170013421,1.38623656800833
3.0053,2.13266455663491,1.2253804394969,1.48180022572444,0.430148889659958
-0.471773,-0.249544592973401,-0.166630199675563,0.55682811804766,1.30557564885496
1.76166,1.33973381011472,0.683812095958099,1.55203683282138,0.54162121165857
-0.25702,0.0549338191549496,-0.0344728405937325,0.871486465890382,1.09000908917418
2.49511,1.63218808848518,1.03651872801627,0.723962147043132,0.163545943442054
-0.59941,-0.387656574541642,-0.253031150487385,0.338698088483523,0.812722102706454
-0.24888,-0.298441472259681,-0.154886964283782,0.154770842185405,0.501276677307425
-0.825261,-0.814010700610337,-0.384436435457096,0.238519444495071,0.837824543025677
3.03378,2.08505707199358,1.33162511974198,0.426029473783614,-0.036360218945177
-0.440866,-0.201059725439754,-0.156542238051056,0.463246113898979,0.953321861554476
1.79049,1.35576075451859,0.752600457876741,0.75408705954248,0.182612411519778
-0.278238,0.0115378306597195,-0.0229378202832248,0.57019265171267,0.593195233865371
0.363663,0.323388953985081,0.126572014165195,0.466972665900199,0.224016066273421
-0.730981,-0.591183746679762,-0.309208241380431,0.519249574898921,0.488823452463567
1.20728,0.87308134459783,0.515594851204291,0.0466781986864594,-0.104582350104094
-0.357895,-0.084473200487924,-0.065770950989396,0.117938508818173,0.363546800832755
0.349784,0.308673681563212,0.120171629252465,0.374214165096288,0.106581202984039
-0.716066,-0.545646890841886,-0.310416959928255,0.406286426677012,0.47577599722415
1.16528,0.906720976648159,0.550109687921523,0.513516781237267,0.0811321523247744
-0.345702,-0.0310791501283086,-0.0748978361395986,0.406664960740789,0.720622286606523
2.62234,1.66954100805082,1.10448195345642,0.112797261564391,-0.0728851568355308
-0.6128,-0.372794720647808,-0.247429314476086,0.214306503027804,0.696256800485774
-0.266549,-0.288439715418561,-0.151496978637726,0.132409972579178,0.477774546148508
-0.821006,-0.811149948477803,-0.371455363253022,0.22854029858391,0.869243759541985
3.09296,2.07366172948935,1.33071360711636,0.418884555985845,0.0347214319916724
-0.468582,-0.210183458604112,-0.168880554714593,0.410345626362115,1.06997140284525
1.7932,1.35198858973411,0.742614003120935,1.69236037354369,0.341117198473282
-0.349902,-0.0509019885745322,-0.0699528323308831,0.0142550636680531,0.906027229701596
1.85425,1.40834267938906,0.764566932394795,1.47435919383396,0.199756481263012
-0.323016,-0.0855234558272099,-0.0475518010928565,-0.107745645741614,0.680759765787648
0.315938,0.306972740722173,0.125359592013387,0.522679800443342,0.281349665163081
-0.742929,-0.587718358000863,-0.283099769266925,0.483577474144342,0.578183411866759
1.16152,0.930926793133972,0.487664532202961,0.50830106321098,0.110097770298404
-0.36936,-0.0732109333801698,-0.0905810920978599,0.358927092729541,0.731952567661346
2.63178,1.7207856973415,1.07361120698449,0.0992481871641153,-0.0869244594031923
-0.634958,-0.392692486474882,-0.265991114854309,0.195464708359433,0.722992247744622
-0.235747,-0.261477342273609,-0.126494043920047,0.127600539588184,0.505747929562803
-0.833624,-0.826593810515657,-0.378337559194057,0.236065275479534,0.930330418112422
3.0036,2.13405461546144,1.3179893184127,1.97860094279267,0.163253159958362
-0.459646,-0.17532423090481,-0.147440770131984,-0.231398490390358,1.24658017765441
2.92428,2.09130351007403,1.14510391050431,2.07453474922327,0.246566156835531
-0.527378,-0.266239741996586,-0.18940470067533,-0.0443639112577754,1.04738750798057
1.71165,1.27337071938883,0.669684331743735,0.636519880923762,0.182647767175572
-0.300368,0.0753567721862838,-0.0441558873951419,0.477719146901482,0.463264512491325
-0.257883,-0.250380426899006,-0.150327634904358,-0.0300877968373714,0.107055836918806
-0.833398,-0.75192481099678,-0.384445948439542,-0.121503244798264,0.249912382026371
0.40095,0.333802885978876,0.173984281181555,0.0817044513169075,-0.078361853573907
-0.707686,-0.507165182564518,-0.268498603014829,-0.123669352287381,0.397397702984039
1.27082,0.947618054949214,0.522326142030846,0.488776008725705,0.00525894101318525
-0.324742,-0.0329323454354307,-0.0637108263268279,0.447009681316234,0.694521926439972
2.66623,1.78955683658123,1.06819146272106,0.137327455275549,-0.0645488844552395
-0.619249,-0.389275153751492,-0.253079323261393,0.238337835529122,0.724166516308119
-0.267,-0.295223549169136,-0.139664069520861,0.134478475331932,0.499831066273421
-0.836224,-0.82362957540852,-0.397120328730912,0.241394455334269,0.858336975364331
3.14451,2.1617659153188,1.42778519520477,0.44167579114501,-0.0255758362248438
-0.447162,-0.177114029050225,-0.149006849830275,0.462269095160696,0.99887759888966
1.88728,1.39719393314833,0.775463755437743,0.749128672454944,0.193633999653019
-0.298596,0.0363703425878838,-0.0303589458142868,0.584955937618018,0.690709399722415
0.393358,0.342198328557849,0.15492819851275,0.461005337300853,0.34556824184594
-0.733623,-0.569703970763871,-0.303065702808973,0.549700257824677,0.661964854961832
1.20613,0.991308255351689,0.493553174012065,0.529797116419577,0.156323721721027
-0.320449,-0.0317586346447805,-0.0486210044245372,0.437349190859459,0.738598735253296
2.55437,1.84906397705544,0.985293750841996,0.214554903024464,-0.0538715645385149
-0.590943,-0.393559640573883,-0.231159413121169,0.19875698927262,0.713475155447606
0.324842,0.325239226143429,0.146756001725482,0.384860009182688,0.298361543372658
-0.720347,-0.587864857558533,-0.284889649936949,0.221352177950804,0.602382157182512
1.21153,1.00696471958094,0.49956510585965,0.43329806150554,0.140338439972242
-0.309663,-0.052867194247233,-0.0305924430262409,0.399878099673812,0.756208348369188
2.61771,1.92918580198519,1.05019364101746,0.12301484277915,-0.0615056665510063
-0.590099,-0.389123567199697,-0.236179418290127,0.240776759277029,0.705645526370576
-0.307783,-0.333581761544811,-0.167130886670832,0.140955011423184,0.511543036780014
-0.825232,-0.838599197340763,-0.376994691942835,0.253036298362139,0.847594914989591
3.18489,2.32575484643718,1.34099461981672,0.426787580459581,-0.0468270506592644
-0.395128,-0.146071564768605,-0.120266619812146,0.534544211738156,1.01179630985427
1.85968,1.39223263787311,0.745143349613117,0.703307101273119,0.227674035045107
-0.182881,0.148995523168488,-0.0007439987978635,0.589526184035032,0.659471584663428
-0.308845,-0.337442467509363,-0.169530104886647,0.219304769853869,0.578877924011103
-0.825747,-0.796680803162067,-0.384856272332438,0.379119863337739,0.903086238029147
3.19789,2.17255765880973,1.33959362541495,0.444055408974475,-0.0376469746703678
-0.395072,-0.114485067389247,-0.117486875907926,0.494156566486666,0.980549831714088
1.76172,1.33639987918037,0.728466961366266,0.775710886309916,0.226239783136711
-0.259551,0.106564851622005,-0.0127590949005583,0.607081888138702,0.669490778972936
0.362523,0.324679636789433,0.126724515149865,0.449340799753722,0.349338081887578
-0.725428,-0.575748581840326,-0.2925058293334,0.52738196121046,0.703581190145732
1.1492,0.924710957396908,0.484585667281299,0.553210260830013,0.269414449687717
-0.291514,0.0443369787273421,-0.0383535880166157,0.446460473503293,0.883778160652325
2.71308,1.84872953529922,1.03683827135038,0.95876979743312,0.144340739764053
-0.565486,-0.361778340136503,-0.220057422926672,0.834315982910455,1.02867744378904
1.89333,1.45642639728283,0.779473339357233,1.11364577721372,0.236936009368494
-0.211204,0.1065044934596,0.00211206533288249,0.718947697634707,0.713494512491325
0.376569,0.332310716878984,0.128296163232822,0.411321166926872,0.365961515961138
-0.707967,-0.555010151076983,-0.303726788500647,0.571710647376487,0.650250477446218
1.17293,0.942281938311164,0.471948541197893,0.575036680744681,0.168991924358085
-0.249163,0.07034783716651,-0.0071350869641286,0.457939945844071,0.773199758848022
2.72473,1.77406589934116,1.08519633066589,0.119110926664283,-0.0440845149201943
-0.590867,-0.328856865794557,-0.240965738879181,0.266873930339657,0.684661568008328
-0.302379,-0.324440251607614,-0.168860490324657,0.156815202566988,0.426342901804303
-0.817953,-0.824920258155829,-0.383978307455231,0.253787275316873,0.725993952116586
3.06507,2.24229052598489,1.36274391328179,-0.316368730538773,-0.200787456280361
-0.403348,-0.0919003548496403,-0.104118973461716,0.128178920781885,0.707275544760583
0.3132,0.285372561171777,0.118177314562213,0.314808690647095,0.293007995489244
-0.721105,-0.587311141838277,-0.304106461653905,0.463804605827923,0.586993226925746
1.12232,0.955653255498863,0.450233799773987,0.465725736766203,0.17630964018043
-0.288766,0.0191675516798112,-0.0312017202524795,0.417943270668331,0.773542300485774
2.68712,1.88953283004134,1.09839166031532,0.0902170069578481,-0.0649222734212352
-0.593915,-0.359961289513333,-0.243063731551032,0.234317516373706,0.71611410999306
-0.309761,-0.315300504200541,-0.169023144200804,0.178246701840401,0.516265352185982
-0.829069,-0.831340327227294,-0.378190264345669,0.264723065785142,0.851188759195004
3.19646,2.32552882072113,1.40349170268582,0.428728086834335,-0.0475911561415684
-0.401034,-0.155560187433422,-0.0972229816938955,0.505108393095386,0.933502263358779
1.87128,1.40864747107759,0.690364203710351,0.699991932868582,0.0781884535045108
-0.24225,0.109794399915194,0.000463538365337968,0.574626795702865,0.396284049982149
-0.281676,-0.272020932130298,-0.174787259551778,0.0261924870420502,0.112130217929482
-0.828651,-0.751922891762679,-0.391293894551049,0.252556022849074,0.141840555100369
0.397823,0.32054125427888,0.176641415308207,-0.436911830663106,-0.432452845595353
-0.696872,-0.464371453329034,-0.29636551915288,-0.329815433281564,-0.00458842470506594
