1000
-0.360137,-0.195729464707122,0.142703499024179,-0.100814497227458,-0.615480317504423
-0.98443,-0.678316324888186,-0.0895199147249858,-0.223683590280387,0.632253005301231
1.83057,1.18614532922185,0.35660169206944,0.634628580197912,-0.717105338887381
-0.850088,-0.538952602029336,-0.0773012964268421,-0.158096577147743,1.33845878609764
1.56605,0.723116820103933,0.137946271206337,0.566142859779209,-0.529499814640731
-0.698161,-0.428908362261274,-0.064391200457876,-0.0813222144874718,0.773755678651691
0.442379,0.0680339391248021,0.0712166807406518,0.145073700414659,-0.480808779782809
-0.817326,-0.594458878538996,-0.0746622424215053,-0.259938271112783,0.619262426482698
1.10109,0.402355244862735,0.0299569253831681,0.501093983658829,-0.366519189035761
-0.343318,-0.298391799592103,-0.0525543959826688,0.00519011915727342,1.1075170411936
1.6742,0.706936398449529,-0.00621664541253974,0.881571208122127,-0.240060755104372
-0.575729,-0.372628823035381,-0.0732333172870325,-0.129731368046497,1.28398804865823
1.40256,0.527985637310042,-0.0485949858558595,0.716363285863831,-0.215233854107671
-0.200751,0.0126783456493674,-0.0346943514615321,0.0156392824338304,0.641771664612344
0.242371,-0.0702854599886954,-0.0550097103445213,0.118159468131495,-0.24205944298192
-0.705772,-0.471399254877983,-0.0447009598223733,-0.227597495348266,0.483040141626067
0.904514,0.276142428095434,-0.0482883449958115,0.480045241233284,-0.315222607697866
-0.297102,-0.0263566470129006,-0.0307862695683319,-0.00918703544206363,0.979609811949782
1.60668,0.683949727608201,-0.059203667157419,0.847762597894931,-0.375591669439117
-0.606317,-0.338037937204634,-0.0595071476959681,-0.140925661255683,0.386156944073722
-0.581486,-0.342717978334369,0.0117774947079712,-0.242663495992472,-0.412671452037764
-0.885358,-0.582348545362815,-0.0595968074438205,-0.323259910252092,0.533533919830943
1.96393,1.00269960944178,0.0205167962939613,0.871727245858668,-0.62053289432635
-0.508456,-0.223178972974715,-0.0541327899322815,-0.102164274223686,0.855974075820445
0.28821,-0.0449303847517426,-0.0171724870479194,0.131246455575436,-0.35865492765685
-0.745696,-0.504818842203337,-0.0501089579049837,-0.24221371413349,0.498154539636916
0.942335,0.313740967441873,-0.0333758316726586,0.507282239025678,-0.36657595905611
-0.381924,-0.108715800726996,-0.0251782877230165,-0.0223501280780967,0.999586485540933
1.62891,0.73800043069981,0.0262190269456192,0.866636156009448,-0.430420367126941
-0.65556,-0.367593018541034,-0.0583589630622675,-0.122525455930684,0.391565366377822
-0.577984,-0.342377123036287,0.00841572785439882,-0.217128107210565,-0.435763561071825
-0.895141,-0.600473713042816,-0.0690232820467171,-0.337463128205201,0.540612382223556
1.96704,1.05668244026291,0.100838883354054,0.842287011506557,-0.576312816633107
-0.554626,-0.275852340539437,-0.0604878114416109,-0.0697416031329142,1.31126479748806
1.33492,0.548823789451004,0.00387232309637873,0.681656490967719,-0.313269220427051
-0.346701,-0.0261352764414399,-0.018895069729073,-0.0100539066826217,0.242598625485466
-0.591966,-0.366246698454974,0.0194539542710568,-0.217496781394742,-0.433167784330654
-0.900835,-0.620174500963766,-0.0741813059890521,-0.335106520040509,-0.16335198673368
0.322006,-0.00948853124741025,0.0384070527420927,0.14412041456476,-0.681621837565946
-0.744516,-0.496456844981549,-0.0430613406938236,-0.243295097171137,0.453749078503461
0.918539,0.328890308009773,0.0452635297124264,0.538853975871225,-0.373699302968319
-0.392668,-0.115274028082654,-0.0141642277231046,-0.0487113011412514,1.00255201633718
1.60513,0.729611324715073,0.00878909933024957,0.865142515319857,-0.277143889956487
-0.662391,-0.380652675494617,-0.0518892734502102,-0.137588063299354,1.46253214749151
1.93177,0.940687356313257,-0.187713341438933,0.816038622625534,-0.338717186599795
-0.564627,-0.234524060301155,-0.0530251969864118,-0.111403856115412,1.34747993595295
1.32246,0.549213722057339,-0.111096788039619,0.721640352096756,-0.177313832595725
-0.354388,-0.0336875849845109,-0.0400588846277512,-0.0204580509094828,1.17274174130411
1.59674,0.737380645592505,-0.129276912081646,0.836503334050841,-0.401767119147173
-0.681462,-0.384965904587011,-0.0636471989047859,-0.104947676401391,0.381673321839752
-0.582289,-0.335649808994925,0.00202518935174589,-0.224091906114017,-0.450601023868219
-0.899642,-0.595959266417368,-0.0670452969701512,-0.341305816816874,0.532378301610872
1.95967,1.01884907705548,-0.0550597778860678,0.80272069156992,-0.588321326023664
-0.573795,-0.23705002539752,-0.0489868157418432,-0.103629771776739,1.29864512016459
1.29673,0.536082103337499,-0.17251376459861,0.720944625516069,-0.274427299597282
-0.36444,0.0283734911976544,-0.0201155135087669,0.0414626120902804,0.591946518369364
0.238475,-0.0475486055121333,-0.0833022011690934,0.152225629095141,-0.350646242329496
-0.772643,-0.513930670544427,-0.0667225277104148,-0.10009608359474,0.442635530477471
0.890685,0.312378586683113,-0.0295357371850137,0.509481602910332,-0.488758084148421
-0.431493,-0.126682258705375,-0.0433986299697745,-0.0534504813377973,0.395575036951243
0.246217,-0.0131056543294593,-0.0406802624084388,0.173229751445572,-0.403365019070667
-0.764493,-0.484376798227616,-0.0482010440290237,-0.177279847311159,0.453191001291036
0.897894,0.309754680193628,-0.0561481178278236,0.425258730479862,-0.399406374309987
-0.424438,-0.121306720272194,-0.046573974851861,-0.0620708033806765,0.956869252115864
1.58065,0.75619834274507,-0.22431947469482,0.787191188267268,-0.46218990129688
-0.678849,-0.390611995404928,-0.0738966118535889,-0.0820699904000945,0.362909712006099
-0.587727,-0.342395939082057,-0.00167031863396487,-0.201458477818385,-0.454759150272818
-0.900795,-0.59906525558881,-0.067634494494079,-0.352539766626611,0.513901225139597
1.92184,1.04911763684366,-0.198920195697798,0.742107769215245,-0.588471340756345
-0.574591,-0.253676350551777,-0.0532193901253766,-0.151141927861737,1.28921935402798
1.28999,0.540522954784217,-0.134766913113354,0.708426150488722,-0.212981806071055
-0.372754,-0.0599432197686228,-0.0659941968159288,0.00421425647421642,1.04045466462297
1.25846,0.543037719817788,-0.132240754207753,0.716750463262228,-0.232857459698971
-0.380859,-0.0435995359061788,-0.0548128224034912,-0.0259535343080405,0.577662572481285
0.225419,-0.0310502964219298,-0.00325837174841505,0.159949137643014,-0.358261860956004
-0.774192,-0.503317050576738,-0.0480543623249623,-0.237794331465531,0.445026922200498
0.883967,0.301267110095087,0.0503271285695091,0.498003499042657,-0.410090125169349
-0.439709,-0.0640089654287426,-0.00432882310703303,-0.0914167321993515,0.951329082063107
1.58427,0.58931573202828,0.0598756837209605,0.855234738995503,-0.472974485254037
-0.686311,-0.302653594440962,-0.0589633590222681,-0.153473527954609,0.36263037686815
-0.589203,-0.434173055257866,0.0203667303335261,-0.2605816509051,-0.458352434311262
-0.900205,-0.66389141743066,-0.0605684309425082,-0.385734621769133,0.507909312024163
1.89921,0.799188163948857,0.0697060682587114,0.93409762463048,-0.55692114909601
-0.582939,-0.095048630372734,-0.0434224739006722,-0.13045079807466,1.51284263559858
1.87253,0.728862473711565,0.0243806537309084,0.901292914281759,-0.313800260085219
-0.596705,-0.100538459156945,-0.0428596945314062,-0.105999422686589,1.28288773592745
1.26987,0.371814024398299,0.0301461205571936,0.69805483591542,-0.352865149943418
-0.396059,0.238368108631267,-0.00881013204931084,0.0186904429731989,0.20438336449971
-0.60864,-0.467380374762775,0.0103089283865677,-0.198394899779144,-0.464603143809671
-0.907416,-0.662788873617583,-0.0632730770005724,-0.344816431809776,-0.194572863229926
0.278591,-0.132261498937607,-0.00437332930562073,0.178497514485185,-0.698272654908326
-0.76791,-0.469240030609782,-0.0413831096039302,-0.20671178404674,0.418936146585663
0.891029,0.165916727227206,0.0759373395766345,0.495483508978057,-0.413271823515973
-0.440623,0.115905177210973,-0.00185357186637269,-0.0324873759913352,0.94652378916274
1.56721,0.54427269145881,0.0989614544378488,0.844169157873149,-0.474942879080974
-0.690934,-0.27298929062224,-0.041268062594448,-0.109068510700651,0.354694052366633
-0.590597,-0.460387046908639,0.0248548752276643,-0.218220049522791,-0.462175368115141
-0.902309,-0.672656914263965,-0.0588328653937357,-0.32985444711184,0.507441912708996
1.91478,0.780968419104826,0.103650256071296,0.926255261659339,-0.598289872734711
-0.590451,-0.0673358746100965,-0.0308870576123237,-0.0475349760112974,1.27213099552122
1.28473,0.352403549196056,0.0593838127954515,0.700362390613061,-0.2981756479803
-0.394354,0.300388789932788,0.00319182320158106,0.0709430372487588,0.578617992978998
0.223935,-0.194756131588042,-0.0114821941263969,0.15858619604583,-0.368010538255561
-0.784189,-0.473564383676153,-0.037954838231498,-0.193540767755101,0.442572386742181
0.882146,0.137450551235079,0.0468384110230763,0.461985832412105,-0.416296576062182
-0.447843,0.160683375852821,0.000597933369227201,-5.96639949974782e-05,0.961225750073052
1.59335,0.53614604953934,0.0584276532637437,0.843582179767849,-0.426774741415676
-0.693973,-0.257493429462147,-0.0452683359514223,-0.0765135979531901,0.720079211179943
0.24699,-0.182298746464493,-0.0010492346320855,0.160053571218411,-0.469592848406926
-0.772355,-0.47117215681455,-0.0455488964137362,-0.195728172641709,0.443701969700512
0.900019,0.131495765783834,0.0568793862348029,0.45695858071522,-0.412868871913867
-0.445374,0.192050243296162,0.0041560215730848,0.0310530309624559,0.958129696101923
1.5857,0.530155213809129,0.0952696363207039,0.85405390237953,-0.478218468592771
-0.696091,-0.244096543607695,-0.0374550630518623,-0.0725675945436177,0.365022444998167
-0.584748,-0.49498207471965,0.0154603973962512,-0.243343009390005,-0.461797162434053
-0.904238,-0.687434265634985,-0.0569227194891762,-0.341998906358984,0.524461418197226
1.94845,0.769218901321504,0.141136029978437,0.906035767195966,-0.595922695751271
-0.582861,-0.0098469352241329,-0.0268825331553573,0.0277625070685816,1.28376730025077
1.30209,0.318161668934809,0.00902734669511531,0.679801928442676,-0.35752839630275
-0.391846,0.382514238156994,0.0136944662752293,0.172324783797862,0.147923194416696
-1.04955,-0.656555564930071,-0.120457543010385,-0.0957592876193044,0.318794391219364
0.64726,-0.140289501545992,-0.310594696166965,0.207442822220457,0.408820776632257
0.801801,0.207482080071173,-0.368931617015832,0.498886483010721,3.7203720236557
8.08779,3.52630392110164,-5.67788663496366,0.72227043606716,0.882483584517934
-0.00160419,-0.226151380591062,-0.443301545479671,0.243398813485811,6.90338697092248
8.05156,5.1952409622553,-3.45296088793376,0.748726143441043,0.442937434749576
-0.471309,-0.505264093727386,-0.17969032147618,-0.0824273185494897,4.30057291867007
1.82229,0.453088605513019,-0.440137895414827,0.568567583776554,0.493729209304488
-0.0259349,-0.283739245283687,-0.175430148357231,0.107892473500999,2.02359212183391
2.70508,2.09182150855776,0.0924992271639294,0.898024225266553,0.449625768829222
0.568842,0.0667528857861813,-0.130069556086232,0.379613869371903,1.80434134602143
1.41113,0.627173418158029,-0.0750745397228078,0.644294935567032,0.66976558959351
0.292052,-0.0837068235293299,-0.139983633195536,0.250836834498283,1.52380857168541
2.06712,1.66043564128702,0.0381634326821477,0.990581217117778,0.109824306777937
-0.343511,-0.433685752953607,-0.116229451081337,-0.0943362560570669,1.12876871704008
0.437099,-0.0411376256022184,-0.11833729075304,0.289538467811769,0.196396078992249
0.00208996,-0.272495611230099,-0.143684839128676,0.0904379432866651,1.54950307112384
3.09912,1.6569359122588,-0.694140985791691,0.930303094330121,0.347979611756924
0.381523,-0.0470924194141835,-0.212299723525288,0.30406812160943,2.37102798372658
2.62096,1.05252097299644,-0.559064911500809,0.732074290035026,-0.0694871583271792
-0.974514,-0.699004201644187,-0.0632938549005576,-0.245953768426572,1.06426363733962
-0.39695,-0.534132239491008,-0.0940409990087461,-0.0817116256315764,0.19382812946685
0.518437,0.0548455629150129,-0.244754802973378,0.382915701444964,1.21257024755474
3.37605,1.74729378399842,-0.843440053046966,0.887646748484897,0.0710371506739418
-0.45158,-0.504787561420644,-0.158283150508565,-0.095621368582898,1.95301725073185
1.10617,0.221583902753765,-0.237226140930046,0.483264739160905,0.157323880140898
-0.119654,-0.333031385680972,-0.200451859373195,0.11398502300588,1.67882422517413
2.74715,1.83079480298243,-0.365771642332349,1.01928381883023,0.266330560126128
0.398631,-0.0409919509867414,-0.189560326056811,0.316602039934131,1.68168557921273
1.35416,0.597185952509854,-0.1415188870524,0.647834742441269,-0.0852585816885469
-0.931438,-0.703031720911404,-0.0528535635171809,-0.252716546602123,0.39913776286918
-0.667377,-0.648907925873839,-0.0663656888990995,-0.202184932429691,0.0678403238878766
0.592058,0.0979691876704814,-0.19577504338888,0.380584200432508,0.457756740863134
1.78664,1.07441278746876,0.0326842683304653,0.800946092448901,0.384175013061773
0.166212,-0.185009779382348,-0.120432484211424,0.164685281551132,1.53187493630891
1.90144,1.61527997239174,0.0286443864227325,1.0323108513953,-0.250935125502733
-0.918941,-0.708622679873398,-0.0420989319602039,-0.27352727259362,0.507488588661733
-0.734626,-0.696838162127677,-0.0540199887574806,-0.239933334634459,-0.377200638563178
-0.328084,-0.457473392240561,-0.0959609929450884,-0.0847253690192399,-0.169696844108787
0.396574,-0.0377048554193057,-0.0892274924124623,0.294154599643379,-0.10041533500247
-0.0350965,-0.323658508213608,-0.160046519224935,0.0807646378979561,0.852052020948778
1.58562,1.31056683444504,0.0324708073533045,0.900690064295108,0.262056696192242
0.45072,-0.0305935101856154,-0.160233268955298,0.288502407471709,1.10531343456362
0.90029,0.383483165525803,-0.0876545512098446,0.548827925231547,0.611538035447692
0.539169,0.0512322183346838,-0.158805813109142,0.339089649463409,1.02374147626726
1.33991,0.821420683958211,-0.0638508502098377,0.766653542434926,0.4772765992198
0.152169,-0.203763768769731,-0.127633269040544,0.157787086525836,1.40971981561834
1.80514,1.55713197798758,0.0850042083228202,1.01929508768761,0.350104066631779
0.368264,-0.0727718896427722,-0.125843282677872,0.245183444441202,1.03722476378831
0.730665,0.310451557184784,-0.0750376494203048,0.502590629457558,-0.151906495691235
-0.91032,-0.728776032369075,-0.0451916710559431,-0.285963033949605,0.0848146947736968
-0.744869,-0.710277625700014,-0.0543113535598742,-0.252249976185945,-0.00357498674961881
0.574111,0.046704976965381,-0.099411388916011,0.301942555656797,0.210591087709926
1.30304,0.857259137704411,-0.0512600996656081,0.760252492666886,0.345495900092445
0.16046,-0.173215538188642,-0.109918350511657,0.142386180680559,1.17143265737883
1.44016,1.35396973133381,0.0776489400980837,0.925453190972108,0.00311796187194841
-0.363571,-0.472765907466365,-0.0748515490587379,-0.114680271218797,0.649778547824897
0.0109837,-0.201026854631945,-0.0564844065478495,0.159004171681877,0.00508486906561971
-0.0430674,-0.292443477722512,-0.0814973772505775,0.0316383216090984,0.546535679658487
1.34722,1.1171974375404,0.0277091206349483,0.810606164941687,-0.164543971461739
-0.350217,-0.452995912126673,-0.0947659967578866,-0.125532606322823,0.591803109528161
0.0249053,-0.188374104671815,-0.105915546848434,0.144732737859133,0.0127573680062267
-0.0158762,-0.279080147555365,-0.113767607836056,0.0184896522702235,0.553850255029194
1.22775,1.09036880078544,0.0762550366414688,0.778758118426616,0.199778890542501
0.435155,0.0215306022111729,-0.124751129395346,0.239942737381947,0.663757092088555
0.486357,0.223072822477065,-0.116093980731171,0.392295171104655,-0.162301809508503
-0.89616,-0.651769918374623,-0.0345576285185755,-0.306755012512134,-0.0498272595743834
-0.80798,-0.691927792964765,-0.0745895603556174,-0.293809453761791,-0.0278914558051439
0.611333,0.168423209728311,-0.118291972332253,0.26552207102147,-0.0198331282641152
0.82392,0.663340883540589,-0.0591861667096258,0.58083325890999,0.367049232229666
0.19086,-0.0961917298201953,-0.165652683991104,0.16375768072277,0.949443366178588
1.28857,1.17180224830758,-0.176843046419224,0.727804224078455,0.281469233398239
0.184886,-0.100167657769704,-0.189491043275435,0.160844277387618,1.00024383562408
1.07124,1.17545588895999,-0.0764948609822835,0.734368723788935,0.00728242428315648
-0.346376,-0.409715272821626,-0.118567706166104,-0.0898316110037465,0.417487660223886
-0.166146,-0.236921566084793,-0.110979430227801,0.0948072568538908,-0.0205782364295163
-0.0195931,-0.233441450919954,-0.176419307745074,0.0544541481675983,0.338020004380489
0.919684,0.89474728224889,0.0131241930900683,0.657703158836051,0.173056351514974
0.419869,0.0700727894886637,-0.173908858730946,0.222282548689497,0.48966301680737
0.38981,0.182864597548241,-0.113365472138374,0.304626864742834,-0.188693319249712
-0.895498,-0.594868531126751,-0.0481524514476862,-0.257137631414234,-0.0964556207224486
-0.807521,-0.640154658928079,-0.0741941316368802,-0.289361457269717,-0.0464970627111214
0.579771,0.228199569513958,-0.211460486864542,0.230479047709193,-0.0120998907029503
0.805793,0.612808616550918,0.00374859798094411,0.474751981050228,0.461489305417568
0.526471,0.163285464821252,-0.124086897980249,0.239133961438853,0.708337374033716
0.746664,0.50046177563223,-0.154488759124569,0.458441634474512,0.415622919073855
0.16464,-0.0310073091491908,-0.14492131403299,0.145752912561504,0.801345531703689
1.19488,1.04721537233199,-0.153640053210898,0.596858423654794,-0.314791186614937
-0.899359,-0.570285341520573,-0.0595912053542123,-0.243345324091138,0.150381048992939
-0.838154,-0.610568456063162,-0.0718411509914997,-0.258995613547674,-0.435256038032419
-0.29966,-0.300172723197602,-0.0994113497950856,-0.0620575834171209,-0.432201339449371
-0.0859814,-0.156273743926233,-0.0875871656989033,0.0759136473510742,-0.147170931203213
-0.0247307,-0.159404094176895,-0.190222499504745,0.0561393995367552,0.275076318601538
0.73329,0.751200245925332,0.0096191922285827,0.491160625322049,0.167227060444903
0.43614,0.150053868058776,-0.176108611820164,0.195338626685236,0.322854045722847
0.182311,0.0597835737578806,-0.114647522387389,0.181278178522713,-0.190237185569092
-0.882744,-0.526422171973165,-0.049321119025908,-0.2594486587344,-0.199145931621339
-0.839893,-0.635747220448226,-0.0893471650156669,-0.299805250086735,-0.0545417885429893
0.611587,0.309161015527712,-0.207930095550071,0.188741946978526,-0.11831959108176
0.637694,0.481656299973249,-0.119649126811356,0.328517053027607,0.340799179734195
0.191486,0.00629158041975241,-0.193695910641675,0.120598400423054,0.708307573275564
1.01424,0.816502073029591,-0.14904748194137,0.456364487461263,-0.0304084112877946
-0.344896,-0.305103513493785,-0.154121281863991,-0.104693036404077,0.38137906970795
-0.181276,-0.224477971769639,-0.104925763135715,-0.0200946893974826,-0.023524148322982
-0.0156225,-0.124448925317173,-0.12542223414463,0.0119126328070099,0.325469501883424
0.904378,0.754838636364224,-0.0882581998305369,0.368179177639665,0.180038846090234
0.441642,0.166409823808285,-0.19754993045934,0.17631791812292,0.463731845378571
0.246472,0.0736888275925013,-0.0138538650787184,0.0947461751086633,0.0955803155120842
-0.31603,-0.30058216734691,-0.076048663997794,-0.15521348357003,0.0416787131855638
-0.256746,-0.28068114096898,-0.0268703334600474,-0.0815160633488669,-0.051274559165821
0.0140219,-0.111829784861552,-0.0768219119855719,-0.0181696953416087,0.246113939084906
0.804952,0.618108505066386,0.0533627281114407,0.217483678961611,0.187632962804363
0.447788,0.149593976274107,-0.060233882725869,0.137647084013125,0.408939473451421
0.311735,0.0663760874027508,-0.0183105002973993,0.0570253483493003,-0.183457140956641
-0.890879,-0.55306524154153,-0.03728132831539,-0.370897984417526,-0.138694514825657
-0.836301,-0.627890810650373,-0.0721740201156697,-0.385510555630395,-0.033152215518194
0.632282,0.32429314478202,0.0115613517054676,0.190301120142339,-0.0656945303579303
0.751513,0.44359916537733,0.0264777287511304,0.130642527832082,0.363288548929184
0.218434,0.0235965036577381,-0.0774380947284546,0.0708534775685026,0.770325958216671
1.11649,0.824686949250438,0.101657476559851,0.203117657392826,-0.21937287690534
-0.733728,-0.467232593530993,0.0117793838617355,-0.35773842476151,0.143369710715064
-0.960789,-0.605433723867475,-0.0668698294873038,-0.349311059745893,0.13159859862874
0.997228,0.420787751539888,0.134920132651882,0.30454299811243,-0.810082628391625
-0.936872,-0.319301952984878,-0.0538936139634758,-0.207274435064436,0.57138561720265
0.641211,0.123525779369908,0.0701875665230437,0.175816053492552,-0.734019201622029
-0.868158,-0.114324359387865,-0.0208356199643247,-0.232577424873951,0.0850250457494116
-0.179517,-0.268884841312158,0.0184852489164131,-0.167651754120149,-0.732598599810861
-0.97333,-0.532439642926281,-0.0688296066346829,-0.30194232540712,-0.0134787712954453
0.379197,0.0118190757449146,0.0706115398955784,0.0759951359887268,-0.752934991103543
-0.889887,-0.209549201184314,-0.0266276856316037,-0.334245072355455,0.483084780523958
1.04288,0.357820210486604,0.0981115713730677,0.328553882012369,-0.740453376379362
-0.988841,-0.435247811471176,-0.0588356232703713,-0.341380717038312,0.679776649151795
0.823288,0.232088675652714,0.0560755433926263,0.229564935783776,-0.754581672637485
-0.890029,-0.132648490498032,-0.0186669536469382,-0.321753342528101,0.200474359680907
-0.085281,-0.217643864563593,0.0133551679117421,-0.147076928463095,-0.727083347254026
-0.981553,-0.536853787437369,-0.0706864776696133,-0.364939670966416,0.0739619896345254
0.489697,0.0772211015270925,0.0618708091292143,0.116536192613252,-0.749470208111741
-0.896161,-0.230584264064295,-0.0219015925347944,-0.39610697073696,0.554628363142263
1.13307,0.456560611142973,0.135859470274548,0.359556547436045,-0.830288622401326
-0.98956,-0.443548891883533,-0.0581567824934034,-0.392762659337013,0.0922662746630291
-0.674398,-0.432470234718982,0.014771889370918,-0.379517190893407,-0.682017408105365
-0.969681,-0.625820158657899,-0.0783835049930641,-0.394617809099438,0.237128970861381
1.50375,0.695907504074562,0.162151628717438,0.371992406768529,-0.876285410618369
-0.947705,-0.349025085309787,-0.0479725134194061,-0.370691474789601,0.501230090824084
-0.0260883,-0.17803664559997,0.0211463437355839,-0.126309296218344,-0.700112149733558
-0.963487,-0.536329962317884,-0.0585332005536333,-0.35753277154594,0.119782155030523
0.527832,0.119364883660842,0.0510603737064263,0.155259168777774,-0.724493575807163
-0.870743,-0.259314315942733,-0.0226063391904929,-0.410815081590603,0.587903304758768
1.1684,0.481684523113294,0.12713154300259,0.388591444446168,-0.815023971366107
-0.98699,-0.467766532622744,-0.0593499302500662,-0.403959216928274,0.114125495095393
-0.663178,-0.407576068933442,0.0138897735382345,-0.354605384560375,-0.678021209506378
-0.974743,-0.624142194871452,-0.0846764659556506,-0.415526639360607,0.258861523498972
1.5247,0.74181335442746,0.0748128215599447,0.398177147862351,-0.827578274730238
-0.969482,-0.391814308846364,-0.0455613401132863,-0.403447956672982,0.905144558058346
0.920677,0.339813812386836,0.09445756353794,0.270057594265752,-0.756004577496666
-0.890402,-0.246929853456072,-0.0164303643386701,-0.417774007188866,-0.00543450812077297
-0.669823,-0.432864493323462,0.0177957879862609,-0.38114973002426,-0.7491490476594
-0.978853,-0.634502724036454,-0.0950154049898977,-0.430664007311462,-0.373857553089188
0.0408166,-0.101063614341832,0.053959489940866,-0.0870691043220462,-0.849594146646761
-0.969336,-0.551692599614921,-0.0603113703535196,-0.373941864251235,0.138157598931575
0.559052,0.169493175793491,0.0246771941299133,0.169275685488133,-0.732885790358143
-0.898016,-0.318744422199411,-0.0190826789912566,-0.481295424273661,0.632928102852498
1.19722,0.541375289353114,0.114643993070149,0.407535250918689,-0.692901652100456
-1.00009,-0.506354355615993,-0.067311340894654,-0.411357861962037,1.04005730371372
1.5045,0.691823831940404,-0.100059783455152,0.416732712977954,-0.723437142497383
-0.987152,-0.451605739196138,-0.0687268158816309,-0.465188825560084,0.938312954338251
0.940537,0.386450104500107,-0.124117590386698,0.397494956076784,-0.648086415081208
-0.899491,-0.350337323850814,-0.0592981611186241,-0.488250280399495,0.789828741559125
1.20276,0.576442093338814,-0.0772353231746504,0.453502016553039,-0.806169326969361
-1.00506,-0.546099445317891,-0.0737499453400876,-0.391212874029627,0.134372357980778
-0.655815,-0.422281406220974,-0.0124231470054701,-0.295096909813938,-0.682506421164482
-0.98007,-0.653713064108456,-0.107276058510541,-0.391070655235938,0.281069132995043
1.57191,0.854788444614803,-0.107606435620511,0.373003994470732,-0.830915401422264
-0.980453,-0.480682859209489,-0.0547585766968586,-0.48330967769381,0.946708208850235
0.956743,0.403491400494417,-0.037029213663448,0.432053973003303,-0.714644082044512
-0.890564,-0.363684879368394,-0.0453951152630827,-0.510948870636621,0.297034916264657
-0.00525968,-0.131939240743896,-0.0742852255941923,-0.0585418107797737,-0.714085988521472
-0.982624,-0.592025510030876,-0.0766992167646413,-0.367354561256416,0.138621518263106
0.583484,0.212499224984869,-0.0383634399206118,0.247071693678991,-0.815169894854984
-0.898373,-0.398114449849512,-0.0484318440901427,-0.523748365073398,0.131194892772326
0.0123035,-0.103074120649492,-0.0252789777306378,-0.0430782711644224,-0.742881458243767
-0.983231,-0.583247755372048,-0.0696259157455353,-0.398571296779235,0.147031908251258
0.568588,0.226398766458881,-0.038865779075907,0.243493291604785,-0.737025797371176
-0.892806,-0.383600638904508,-0.04650493698566,-0.519030971884734,0.628485829168903
1.22629,0.610710770889636,-0.115884724562144,0.395345556200071,-0.824102561494201
-0.994353,-0.536344004988232,-0.0685308498935945,-0.395817707418308,0.14405477282689
-0.64878,-0.412003985308416,-0.0138478623601419,-0.260389623846615,-0.676008144946632
-0.97683,-0.649082834646031,-0.0925975027986715,-0.391440934102104,0.282023036218063
1.56372,0.861618339046516,-0.0980132455943639,0.443327317831236,-0.824882915556713
-0.973251,-0.475885980034301,-0.0659151644684331,-0.466889232378355,0.950117680944289
0.952169,0.42628141950685,-0.108288443141689,0.435937532449675,-0.655144547199303
-0.896049,-0.360389662951612,-0.03612240142564,-0.478556473396653,0.690591533056885
0.924512,0.40665405160471,-0.100148239392966,0.437770503678148,-0.717094179281271
-0.896532,-0.371591774654418,-0.0632299548902271,-0.526233986820451,0.286666540476355
0.00208963,-0.120436405256632,-0.0347767788103888,-0.0488511105046651,-0.716991966523395
-0.983124,-0.578650811855706,-0.0643799203606967,-0.393745972505786,0.153973382882356
0.586439,0.22115913289282,-0.0543691343062712,0.290175525368878,-0.737195774026278
-0.896627,-0.370726349856742,-0.024637428451874,-0.51093605533113,0.646296179305178
1.25063,0.646323075030683,-0.00862361349536069,0.579596028501701,-0.825317830626763
-0.997511,-0.539547417964977,-0.0634938852726508,-0.4068229368641,0.158630131308488
-0.63989,-0.416137613484014,-0.0102271605759685,-0.316953605802854,-0.672318560277546
-0.976837,-0.653261175126122,-0.0937337158558331,-0.422004864274597,0.309137217212744
1.60545,0.90883404791513,-0.0420724868114764,0.510660621911425,-0.787187776486152
-0.975105,-0.460872455689088,-0.0520046426666065,-0.501638996982886,1.22056884398128
1.55869,0.816090674376945,-0.101645607743577,0.596611673742299,-0.687670965628171
-0.983764,-0.470855756044601,-0.0541566015325502,-0.487245211593706,0.967698249604189
0.984863,0.435776340772025,-0.11348448952157,0.505621690293345,-0.759800978148028
-0.900869,-0.344862696314529,-0.033127477304472,-0.520001226405771,0.0304488976416022
-0.650344,-0.418177270117604,-0.0193084717527207,-0.298817314720385,-0.746784867538691
-0.980732,-0.667534664918633,-0.124545142156339,-0.357202986532817,-0.341577668485451
0.0950275,-0.0442176106136969,-0.0405078514297274,0.0303720097265086,-0.842320704100499
-0.964749,-0.571818649349309,-0.0695634710079106,-0.347997458477821,0.193415667032372
0.632156,0.244475035419171,-0.0587571364935119,0.331496869931107,-0.720271521971512
-0.886761,-0.395418784552246,-0.0510859857281592,-0.510806834501477,0.681077615983339
1.28213,0.653893663159959,-0.0213495404804942,0.632423456286959,-0.815510448698604
-0.993109,-0.528775594908346,-0.0571318416533744,-0.46688027463854,0.176593811417164
-0.632134,-0.409574971242638,-0.00256387079044436,-0.319775772646883,-0.667149471905367
-0.978965,-0.656585503852274,-0.0923986072926502,-0.419533507859248,0.326374548010052
1.64876,0.920521909029697,0.0953295253665385,0.641239509805198,-0.821348159870578
-0.969727,-0.452175725671546,-0.0508176627409975,-0.503784414420227,0.998367815860079
1.00017,0.454993579452125,0.0174891797477125,0.440641695815658,-0.703757635649051
-0.895754,-0.344859193200747,-0.0257593581079112,-0.515191159501298,0.341108021782904
0.050186,-0.10595935733464,0.00131541759246997,-0.0441805297342229,-0.709153993637798
-0.985237,-0.580328485263344,-0.0649001769980089,-0.44492981901596,0.197310224584929
0.635808,0.251388432936816,0.041089037809217,0.27507400654841,-0.727636281961099
-0.89001,-0.368176259106219,-0.0350819755450664,-0.534073020019547,0.697277027666945
1.30329,0.670822937611902,0.0572987590018682,0.620875048298626,-0.770805932520813
-0.987868,-0.528381706108638,-0.0608249887628046,-0.496859147490762,0.477892381285829
0.0771272,-0.0874875790015305,-0.0153515368157464,-0.041690698812078,-0.723241545313754
-0.974255,-0.57981959147947,-0.0607820218989231,-0.456803747360261,0.21728479384872
0.662499,0.252258312076092,0.0232177312721892,0.287172261545333,-0.719969518074498
-0.886596,-0.349512728718052,-0.015546560390658,-0.536365741343889,0.711459378868458
1.32335,0.67175293247401,0.040758080995807,0.6221304032061,-0.811407156111699
-0.989004,-0.524816841746066,-0.0577872234211551,-0.481514729835232,0.197548312683494
-0.625562,-0.407506577415514,0.00192979624661486,-0.358133259621975,-0.660343369605411
-0.977793,-0.664792254248351,-0.094157699879068,-0.434155124330916,0.342296791271962
1.67683,0.955091838527246,0.135871725063615,0.690618922257446,-0.816760741062368
-0.962561,-0.458168347950595,-0.0481474878898002,-0.495902381627992,1.0141695060328
1.02206,0.461216808153539,0.0185341564248358,0.48545221327618,-0.736150207168701
-0.883466,-0.33811906682063,-0.0255931479696608,-0.478716558275348,0.0679257368465793
-0.638719,-0.412763022245555,-0.00451643947640588,-0.341451264280587,-0.638455543804889
-0.979671,-0.654517715597474,-0.0963209388114089,-0.441961056566082,0.316209125604741
1.61874,0.918910906705112,0.0640816031202584,0.692268220292599,-0.816249740217616
-0.957243,-0.44644973958303,-0.044363763814725,-0.527462010316712,0.984623661257246
0.995632,0.45361966761435,0.00203194979825658,0.505108830502922,-0.694017889661621
-0.881428,-0.498099745400116,-0.0884523819300493,-0.275103520670223,0.341358252880922
0.0529789,-0.108746706853473,-0.00496325614676194,-0.0362833793724536,-0.700040768158176
-0.978912,-0.578983840303421,-0.0589255956409802,-0.445256389439294,0.203240858777713
0.643431,0.255172691718596,0.0209850720638332,0.329505319849032,-0.720468608237126
-0.882234,-0.356839973940073,-0.021203254846205,-0.526449781507913,0.706589905161751
1.29517,0.668482916621312,-0.00141680124769555,0.666218400655689,-0.706469890838429
-0.986416,-0.518505890623698,-0.0477175591343804,-0.500678078653579,0.873940616676407
1.01568,0.475030024261564,-0.0199573607640168,0.522054445227269,-0.722991503772161
-0.878899,-0.325829233687864,-0.0183978160300614,-0.515332219745186,0.346874926418944
0.0566349,-0.0953389382618631,-0.00382426679026528,-0.0195209043638436,-0.69853944751914
-0.978751,-0.587772799392668,-0.0668582668736293,-0.444391455462008,0.203363067824525
0.638952,0.251098300839383,0.0273372433221465,0.314733334272084,-0.718603216144851
-0.875731,-0.3688522200815,-0.0188287727039067,-0.557151583484829,0.696773551516568
1.31184,0.662899934248234,0.0527032345786196,0.658911604103132,-0.804318958437156
-0.979629,-0.530291368667342,-0.052583063848807,-0.468411291354752,0.193147818947939
-0.625932,-0.40641280589765,-0.0037056980082519,-0.339515230453303,-0.655762170174954
-0.970036,-0.651047897073049,-0.0807217623565644,-0.459671765460909,0.329344317600055
1.66486,0.934578951159425,0.0789664505153848,0.702345453685311,-0.868094503992647
-0.951859,-0.429553926519844,-0.0317979178635767,-0.524589304928222,0.614640270851818
0.0777535,-0.0919392127633639,0.0185727292717966,-0.0361592340298511,-0.689512313062836
-0.978284,-0.586522953713803,-0.0594633289322648,-0.421381812974954,0.22064455260837
0.656074,0.260390078198488,0.0638164504479868,0.303579004947069,-0.717747358644891
-0.876541,-0.339853891016329,-0.00549447778094041,-0.526341253046225,0.700434466292284
1.3024,0.666112015939906,0.0806197971779985,0.5871999392844,-0.80269193886442
-0.977725,-0.519294572938143,-0.0441232142783953,-0.47630920676364,0.18979486670855
-0.624295,-0.395286657945663,0.0134695960724184,-0.322662100148624,-0.656540757914898
-0.972407,-0.656395846265333,-0.0878655481184415,-0.50875144655424,0.329827327027802
1.64354,0.929890438397719,0.158680241611231,0.626240550048138,-0.810246582474857
-0.950681,-0.439565581177483,-0.0340566028031894,-0.534588187787157,0.993496657487741
1.00548,0.454867337267136,0.110394835032928,0.452830811889885,-0.732123649377593
-0.875987,-0.302869678226157,-0.00732654182570993,-0.527391739601116,0.0470168664123557
-0.638793,-0.424423996292645,0.0106146859987583,-0.356398928954399,-0.73144761534579
-0.977639,-0.662294030342772,-0.0812680230735122,-0.538967760073848,-0.32352655479463
0.119058,-0.0427498470715072,0.045770078841932,-0.0193799543515156,-0.832799777012129
-0.949994,-0.568381983675104,-0.0511703587367668,-0.388820016026234,0.210609094203091
0.644381,0.25861189851668,0.100883629006988,0.270743635162705,-0.702840180468704
-0.872069,-0.341301944375048,-0.00339163355118736,-0.513024611672314,0.7095211898752
1.28172,0.670849331894321,0.129687846835209,0.582824261174353,-0.659992872955196
-0.971937,-0.517436960970539,-0.0463349148539848,-0.453934297028863,1.10634429664596
1.56492,0.847897571702038,0.105275429227933,0.609815462675257,-0.69119264513524
-0.960929,-0.456595171664726,-0.0343076582158871,-0.530949955407592,0.989130283698418
0.987752,0.45387048787562,0.11122915704447,0.454383956448492,-0.61662179908193
-0.869962,-0.312916899544808,-0.00673326544060702,-0.506743017498506,0.83567574779116
1.25266,0.625183559699326,0.122607828811331,0.536436505950167,-0.775177166394823
-0.973466,-0.527467931542191,-0.0515444272043713,-0.459690326263804,0.169028344029093
-0.631305,-0.412747508586694,0.0137625220306313,-0.385391294184151,-0.661237671675849
-0.973321,-0.660785377732423,-0.0757403396445726,-0.504994995833638,0.303598995663077
1.58785,0.906818261784823,0.168837062773535,0.584938140200921,-0.807479488327551
-0.937775,-0.434304607161545,-0.0279643251298231,-0.540411647744286,0.957433910092392
0.959683,0.438403499130253,0.0990118184515128,0.444625554911257,-0.68217235206486
-0.862692,-0.303192586644057,-0.000707891217316799,-0.542412880909639,0.310256710270464
0.0146614,-0.120777379701351,0.0112041073410882,-0.0974715456460387,-0.69750460005111
-0.970659,-0.579705195390749,-0.0519213683346578,-0.435211768220298,0.142479645850888
0.563543,0.214546120050706,0.0745021066878304,0.220493038473576,-0.795215473775509
-0.86553,-0.346649234971887,-0.00679153865070096,-0.543002097231869,0.119412915596559
0.000851514,-0.117619213032357,-0.016002142809879,-0.0787919600751119,-0.7262578030427
-0.968549,-0.576026489668383,-0.0567609125954034,-0.438394140967823,0.127727951983041
0.528663,0.204782907982951,0.0678990858049144,0.200522251262194,-0.727171460660607
-0.86238,-0.34205754459682,-0.0158370556915324,-0.549912216742276,0.55316700114068
1.08325,0.560624644595485,0.0714296618289248,0.454729150485157,-0.803059005786921
-0.966637,-0.51970904709442,-0.0583971490608018,-0.450884565730671,0.0764358902636634
-0.664433,-0.438214316190702,0.000696323894036887,-0.338069576116928,-0.684745425768113
-0.972471,-0.656597554459965,-0.0794966546654612,-0.453048735330004,0.185843888976257
1.35115,0.799465835859611,0.137379693556751,0.445374148171822,-0.821364775922984
-0.941224,-0.456001126642925,-0.0488101075553475,-0.509971930400572,0.786445496312845
0.78105,0.349668476380775,0.0681531298151731,0.336697389673777,-0.659920746906562
-0.877478,-0.34776532896923,-0.0133264743602174,-0.504379247912512,0.532799459151742
0.723591,0.32067273912875,0.0916789063945675,0.326324531064459,-0.717938639601851
-0.874498,-0.347628134115432,-0.0180746844334835,-0.53946039373474,0.152785598139953
-0.106267,-0.18013393447611,0.0272282360306605,-0.163936630636508,-0.733664412650554
-0.98501,-0.586970402734324,-0.0649315600519784,-0.457650457198133,0.0249452254796224
0.396815,0.129621859589644,0.0790596279085345,0.132849001111769,-0.75731230522099
-0.883678,-0.365752529789416,-0.0262326045847207,-0.521648491646208,0.445542081093502
0.968865,0.466950081441949,0.0759855498931808,0.408070057309234,-0.826936584214832
-0.976743,-0.511603741358204,-0.0564489051736513,-0.42885421262052,0.0131761610633245
-0.68954,-0.436352300645472,-0.00422853166136925,-0.417227363434751,-0.705453757914898
-0.978704,-0.640352704846949,-0.0975532484450273,-0.472225047929859,0.132874722015609
1.2475,0.690949738064468,0.127991415217977,0.423117964432294,-0.802190545720191
-0.950157,-0.424931708701766,-0.0506516844742723,-0.511657031085783,0.924828850428486
1.22583,0.602563599768609,0.123224034152693,0.446927347157513,-0.70996543573512
-0.966667,-0.434119605558207,-0.0502313023349562,-0.510828474567313,0.709277062527295
0.71319,0.26470483107784,0.0923900059423382,0.295968099023219,-0.771561910254435
-0.887274,-0.317980630724838,-0.0309874871681698,-0.53037426367083,-0.109276017160678
-0.697812,-0.410158786331547,0.00466022226314729,-0.358085441425366,-0.771602560306767
-0.984216,-0.608202062499585,-0.0834801215913657,-0.462802453948478,-0.440184166663125
-0.0768801,-0.139145381011013,0.0437500952623754,-0.153241480649393,-0.87098902792462
-0.978982,-0.535089788380493,-0.0674830930329977,-0.44710280842904,0.000583443486645999
0.359228,0.1024041999372,0.0799863630127833,0.105335134259429,-0.757698305433506
-0.88001,-0.332161553042014,-0.0350070343500748,-0.513072052731628,0.407824226090606
0.917043,0.405381667002719,0.125459805043843,0.352374385907675,-0.827153445627746
-0.974803,-0.472952709149938,-0.0609089709846337,-0.449065711804948,-0.0109467335395625
-0.692417,-0.410484121997921,0.0143358160412435,-0.437482118566048,-0.713023241051742
-0.98264,-0.609704396824984,-0.0798605540337127,-0.509103137499356,0.108425598689838
1.20669,0.616873190753807,0.142617289261765,0.358734102400025,-0.84083127680227
-0.953309,-0.410337815448016,-0.0587833604029427,-0.509408598577644,0.671486983915185
0.678881,0.240036503602086,0.0656967232077089,0.206868087740783,-0.735517522874706
-0.888146,-0.272045174914266,-0.0315940730348504,-0.532955047836974,0.110129189835353
-0.156326,-0.200255348405529,0.0316030879142727,-0.211024113232001,-0.749860931110238
-0.992512,-0.541466514285678,-0.0765671349362702,-0.457974800239824,-0.0257486373040203
0.332736,0.0520296584341148,0.0667609337789256,0.0162574294297754,-0.769683598317935
-0.887523,-0.297856069528545,-0.0333938941095212,-0.514605876621317,0.389483913745012
0.891317,0.368190409961933,0.0625157097961679,0.293134096241457,-0.798629698373189
-0.975449,-0.474408679719336,-0.0717324569631029,-0.425821267642794,0.203414818104781
-0.139974,-0.195841990105275,0.0348715699185327,-0.231434661128569,-0.773345618132408
-0.990949,-0.5347211162684,-0.0771439949284806,-0.471909354950518,-0.022278424009542
0.334437,0.05004120883757,0.06782797034514,0.0223612480707241,-0.772322760879498
-0.892709,-0.300047155258023,-0.0334019489267782,-0.502207555715585,0.379718340267558
0.878863,0.365917748631139,0.158932763797817,0.258919792552023,-0.836529099465522
-0.978049,-0.457113814166573,-0.0652652595242977,-0.450063068227216,-0.0336960782989146
-0.703867,-0.407280654548651,0.0193758574804655,-0.476447714328166,-0.720844954880167
-0.981748,-0.61071420046389,-0.0958549802384309,-0.539943774382269,0.0746237824233215
1.14075,0.549999469848008,0.118501569899434,0.266799494062256,-0.843338320620441
-0.947972,-0.384313546017543,-0.0662862684818585,-0.477604098759064,0.614592782306437
0.625567,0.192291450686149,0.0681063612526183,0.137730509349915,-0.778398679448627
-0.878916,-0.237704042377502,-0.0382088075914511,-0.498147606080074,-0.212025001243219
-0.884074,-0.489799494356539,-0.019898762094593,-0.513953066862999,-0.68190064542745
-0.905762,-0.600189339742667,-0.0561756240580019,-0.533187066666275,-0.130972433894199
0.819874,0.400123860199187,0.141356675294837,0.0740339340544737,-0.799353299368827
-0.8455,-0.324718909868693,-0.00348389853796646,-0.419258221331272,0.341597963590938
0.260509,0.119985947663472,0.0662340424675454,0.0175639772573296,-0.652499782481764
-0.725998,-0.244615393157137,0.0167136739208852,-0.380117843641188,-0.114800205975954
-0.29471,-0.221553696456613,0.051063218333599,-0.294544707508398,-0.65063312856695
-0.825449,-0.535781882388722,-0.0404860192608861,-0.454728136016109,-0.174862649879663
0.0751751,0.00900183360075983,0.0901073144261363,-0.092830766331628,-0.621332094726412
-0.644715,-0.283245071533059,0.0173420602403465,-0.38650817693236,0.169280553187476
0.567996,0.336657253957924,0.185061372927287,0.0941430155084658,-0.595600363984359
-0.763502,-0.446655224986604,-0.0267858536948079,-0.40135615492778,0.243895834964749
0.20844,0.134534132352477,0.0880450551878087,-0.00323219677691693,-0.591195823866625
-0.625523,-0.219864250954027,0.0333518655492459,-0.392331710347474,-0.160750583683277
-0.357406,-0.241730829736065,0.0348118135137559,-0.313155992108939,-0.614546187619873
-0.822061,-0.526475947636994,-0.0393397753350753,-0.471937210208417,-0.230559372059972
-0.0228882,-0.0421764629113424,0.0758799897394013,-0.137969563606114,-0.578644419971735
-0.519485,-0.214633007430381,0.0495338381082751,-0.384427807565482,0.0683109095425059
0.431994,0.234391062137483,0.105770910342417,0.0634743839692179,-0.55681760776959
-0.615045,-0.376350147986264,-0.00780591595319645,-0.394786039786304,-0.281989062702886
-0.890393,-0.500696925741741,-0.0250310321519377,-0.586654266296214,-0.589602692659161
-0.897181,-0.593468955359178,-0.0552159189552238,-0.582839925015548,-0.209111981522253
0.56993,0.348301648853098,0.128963554110765,0.0773826709478126,-0.69071927531997
-0.503821,-0.259996690006659,0.0219134506548587,-0.383776452759962,-0.0449008280027203
-0.408976,-0.286418668472666,-0.00276967572780203,-0.340063147842123,-0.499978513991531
-0.710341,-0.476668409437146,-0.0215996729397019,-0.451158119144636,-0.270612952399042
-0.105844,-0.0978746866489991,0.0301126158115982,-0.161219905201579,-0.49004046563614
-0.410155,-0.1438127053729,0.0692315957732561,-0.38420166612459,0.0151549628628048
0.375311,0.192506466534946,0.074093779921769,0.0363603268126803,-0.51919538752849
-0.625719,-0.381268355884682,-0.00713040353486154,-0.409671516965779,-0.299930022487661
-0.886874,-0.510889838613117,-0.0233317410210169,-0.56745006033136,-0.607872162835178
-0.917624,-0.620194571531725,-0.0621096688102947,-0.59585948056443,-0.224738778042833
0.5205,0.330629256227861,0.127619195884826,0.057189341595376,-0.6663174259275
-0.501451,-0.252151399000736,0.0258208790073014,-0.378420720066828,0.14609056500603
0.0648347,0.00644676594920484,0.0473513537994671,-0.111665897044996,-0.422909918231759
-0.391759,-0.0688074508944446,0.0656509015342973,-0.371454587534631,-0.442753801006795
-0.89028,-0.517936743644759,-0.0275601225107052,-0.59235063655442,-0.589464866991462
-0.922156,-0.622701500356756,-0.0585598676346987,-0.592929700054608,-0.60924895106019
-0.376899,-0.263174219940464,0.0352768431216217,-0.332751873956144,-0.757214673734599
-0.69638,-0.473654028848825,-0.0127938702566643,-0.433713810777937,-0.286375134725403
-0.0848766,-0.112250589101684,0.0273724675428764,-0.188014272253422,-0.478641018180756
-0.396392,-0.10843163484803,0.0560337905210479,-0.366544151739023,0.0479642702371149
0.393925,0.198613531578726,0.0827411221197812,0.00348441938610279,-0.407190352123302
-0.588357,-0.372403748860732,-0.0106040057932487,-0.401443514630002,0.301455455020959
0.450723,0.269633570133144,0.0911685563604814,0.0365540080826386,-0.431702473504551
-0.478347,-0.246531418288701,0.0135766012252879,-0.376744165994463,0.161242494127648
0.0534286,-0.00636641501054814,0.02219453701687,-0.117559163913623,-0.304641650764261
-0.316522,-0.0183769504394677,0.0720717299069226,-0.354582641776039,0.0599614553078562
0.262458,0.122327724485782,0.0662660907114766,-0.0340991622213095,-0.450970244481222
-0.589947,-0.369656568950309,-0.00864738901910095,-0.41456951973164,-0.342313138876374
-0.891281,-0.535687395180191,-0.0266500428330879,-0.588615887336304,-0.602368022773761
-0.921505,-0.654308270569037,-0.0641432585989604,-0.593939721792313,-0.238668471295445
0.476994,0.286557794029959,0.107129709440314,0.010709195803327,-0.63423669370846
-0.425756,-0.195129710955574,0.03017057986873,-0.36300557568127,0.138316022787043
0.0675441,-0.0125055920123858,0.0237397208341349,-0.137161253029811,-0.327945294712067
-0.31518,0.00945322277669023,0.0787913373764376,-0.33901449912693,-0.216912571482459
-0.410628,-0.325915693130537,-0.00565650183385313,-0.366367368172849,-0.446691809317239
-0.713291,-0.511251848304118,-0.025987149352621,-0.435274714185156,-0.263025307872129
-0.102888,-0.141218345026684,0.015262953663371,-0.225212804964675,-0.497814968050855
-0.314865,-0.0378324055115725,0.0702398090507155,-0.336712245678232,-0.304335790522577
-0.387633,-0.299096025506199,-0.0172394275133396,-0.344888160640473,-0.454708649526355
-0.707678,-0.494844580024872,-0.0301173964986895,-0.41857684263659,-0.227497456229645
-0.05426,-0.110629545911924,-0.0434882800924762,-0.206277818374759,-0.445738422960244
-0.316501,-0.0414196466670851,0.0473844486166013,-0.326302199354143,0.0450610959244718
0.383652,0.181546984316048,0.0342964282999475,-0.0428608508496977,-0.449750188044905
-0.563625,-0.332329535103524,-0.023865387055545,-0.359805123373099,-0.290827924389414
-0.88751,-0.548131544037058,-0.0472771749385606,-0.555316430128955,-0.584248472410092
-0.929925,-0.673686156896251,-0.0778130542511184,-0.587799968333376,-0.21422609772528
0.5244,0.293561341194017,0.0306333424111466,-0.0602388570090046,-0.637879465304084
-0.434563,-0.187001440495191,-0.0172781782784858,-0.339073614667305,0.178050191742685
0.0909,0.00678806788989308,-0.0252532458918268,-0.128886143235322,-0.261523217489016
-0.241293,0.0433018031904973,0.0207269769895874,-0.302958213918348,0.0316756759553929
0.0941721,-0.0105161175605612,-0.0746951377851069,-0.127412941819038,-0.25223578095696
-0.278831,0.029405358991917,0.0403819529056916,-0.297531066615967,-0.197314298112325
-0.411492,-0.329281597513664,-0.032232943016369,-0.350750623795745,-0.431019375292874
-0.721693,-0.487411986706158,-0.0454585311253489,-0.408101287733278,-0.255609439637448
-0.107802,-0.136723130796335,-0.0184185262552966,-0.206408092605614,-0.453693298327498
-0.31125,-0.0284772269843452,0.0260777469829449,-0.305881308297042,-0.00164819728112167
0.32801,0.136908537139392,-0.0959589132019832,-0.063428726474125,-0.446248700400062
-0.551791,-0.309632209813342,-0.0254056866565858,-0.361929303275817,-0.315850903783318
-0.890096,-0.549626230149919,-0.0383983942170412,-0.530575293159966,-0.583309336439611
-0.92817,-0.622965804155955,-0.07746459084652,-0.480255728848532,-0.223513977554842
0.490799,0.27970776773341,0.0122407106428109,-0.0622011824858415,-0.598083760164913
-0.387345,-0.176663374302671,-0.0155651482485985,-0.328459402002018,0.291163007794029
0.41625,0.211169361374795,-0.019441657627057,-0.0702710683664818,-0.316839640520983
-0.406815,-0.200864379397309,-0.0329882937212698,-0.325478123865221,0.153213278664442
0.0479793,-0.0569926851691938,-0.0403588530624657,-0.133520803955363,-0.300212294669564
-0.197336,0.0990132409211729,0.060686178860386,-0.273282264816205,-0.447148272092381
-0.89673,-0.533488372526926,-0.0332966114690754,-0.546807529322605,-0.510899812818442
-0.931166,-0.663885303513238,-0.0803729902729703,-0.54562812255437,-0.599896667823994
-0.381977,-0.270053537056235,0.0264362235432016,-0.32693908875958,-0.746900300800655
-0.66394,-0.462955167971616,-0.0137722146597213,-0.401997780435656,-0.296438294918473
-0.113302,-0.141781971886136,-0.0239705317063048,-0.202140787793257,-0.435076612328061
-0.313352,0.0230945964358235,0.0778569349362392,-0.292838089421827,0.00370738529441455
0.342941,0.12911438488798,0.0296263525240658,-0.0614207060544151,-0.45682718419305
-0.575101,-0.347623105521885,-0.02026874180079,-0.37338848679628,-0.308883215900457
-0.887439,-0.52540370458665,-0.035218881400593,-0.536294278202243,-0.594976507674489
-0.932462,-0.651964271699463,-0.0796530372639473,-0.554083694194063,-0.229644255765828
0.484585,0.2516506372452,-0.0164143722239816,-0.0545109495964132,-0.621852301308037
-0.390266,-0.161851984401258,-0.0320676935169992,-0.317910520128818,0.150608961531923
0.076457,-5.09087763723749e-05,-0.0416092300850918,-0.152597168945003,-0.273116624313971
-0.222102,0.0718321032845562,-0.00956487578695942,-0.27917111881897,-0.212019999691852
-0.417347,-0.314301332096904,-0.0516769667114827,-0.327463859213258,-0.395246934983344
-0.688697,-0.451368428950238,-0.0461355738309318,-0.411701553059171,-0.256456952144022
-0.120284,-0.0946179650675651,-0.0224081325513215,-0.223709916322425,-0.415324249578952
-0.252769,0.0612110521153347,0.0773708678795549,-0.292981758505724,-0.00911560252841073
0.304975,0.142126567867841,0.0478459819275926,-0.0482632913739223,-0.385155778518338
-0.540317,-0.311977771470892,-0.0139993776325506,-0.375438317218766,-0.109769368417977
-0.409824,-0.307753272269613,-0.0185242240697372,-0.360296405728883,-0.525471401984901
-0.711914,-0.462815940254789,-0.0494017768806698,-0.409147118748035,-0.272555853480749
-0.120104,-0.104259390623852,-0.030916280996839,-0.198013615518008,-0.436362382135894
-0.272175,0.0573352415338691,0.0794134578087715,-0.292636576119685,-0.0155038516132631
0.302521,0.124003040782597,-0.0903455598512389,-0.0707337441110437,-0.417728388301518
-0.521909,-0.313463622520874,-0.0330656707813319,-0.375420020316274,-0.324667469905058
-0.890112,-0.539151443384474,-0.0291440453493544,-0.645275203091961,-0.574248058641172
-0.927827,-0.661324512378652,-0.0685752157297817,-0.644010093834305,-0.238798521695241
0.451796,0.286357738493194,0.122928783577379,-0.00295092087069908,-0.600605404080841
-0.342192,-0.116227157020614,0.0409742675811865,-0.323301908756454,0.127500242887351
0.055038,-0.00242325032591676,0.0138516951777386,-0.128111357369537,-0.257457417918298
-0.153257,0.135436610512682,0.0812442142850092,-0.270346869377258,-0.431728578786639
-0.8958,-0.527576278201854,-0.0299967376269028,-0.60755829626777,-0.43356503068733
-0.929248,-0.656817458703019,-0.0690182555743765,-0.597197057593441,-0.218142401373917
0.462052,0.283927243156169,0.130733194255748,-0.00426519532505387,-0.614666831503924
-0.382127,-0.124209656656307,0.0268801896244194,-0.327145216279296,0.136886934683165
0.0658244,-0.00632909583678348,0.0150427083426014,-0.116551140652375,-0.272941766195058
-0.225431,0.124352453980992,0.0764127337870531,-0.260060530203504,-0.219852278871646
-0.422834,-0.312341291908716,0.000176269762863357,-0.368408939388961,-0.405872942062788
-0.708553,-0.47350641210579,-0.0201606881636204,-0.445013674903063,-0.25992535500077
-0.122652,-0.124086544693538,0.0172369420827878,-0.203106352776329,-0.422862264210689
-0.249813,0.0574093580132093,0.0567444182596809,-0.280188441191201,-0.0112448001221968
0.291817,0.160372062439725,0.0359607074535755,0.00794337374536984,-0.345703714479256
-0.532788,-0.295815198616752,-0.00406298051192348,-0.379852031958864,0.120313608834827
0.0730168,0.0169510180206207,0.0255696646431643,-0.0878797195437762,-0.320928079401342
-0.180025,0.139899876216483,0.0905222840122528,-0.255455396889668,-0.226112404630727
-0.423144,-0.318256664703318,-0.00939811195258129,-0.365346890602415,-0.381608992907274
-0.691655,-0.455482995405855,-0.0169677727891485,-0.465266290481683,-0.265133382481232
-0.135469,-0.122964589806805,0.0129220262027075,-0.205226040333848,-0.431045791014287
-0.281693,0.0622136434794208,0.0973711391456299,-0.275253257855433,-0.0300873446857684
0.282388,0.156306019749079,0.0428402502782162,0.00219430162238276,-0.430015854774441
-0.539555,-0.299604558450134,-0.00570839029239777,-0.390447250041701,-0.334150712914606
-0.889605,-0.52982761082141,-0.0254937172003002,-0.632331462071091,-0.586018728008564
-0.929805,-0.660079249513338,-0.0732836077272404,-0.613211624147827,-0.253337880624372
0.433951,0.292603847911765,0.116320511152862,0.0230716461442469,-0.640378259888641
-0.352718,-0.0981977048746488,0.0302118433935217,-0.317816222380902,-0.108881682734658
-0.419627,-0.304220919511711,-0.00929622626005876,-0.356123121932459,-0.442447627645162
-0.702994,-0.466413525213922,-0.0179521092663745,-0.43015012087494,-0.272530413984093
-0.136569,-0.112688524181539,0.0177734995167983,-0.18157642043954,-0.437142998464571
-0.281156,0.0554716028183882,0.0939136943663875,-0.267418787660003,-0.0348214340509295
0.2745,0.149151917748269,0.0673802282216674,-0.00677423556176911,-0.430365248585439
-0.540711,-0.297883470883411,0.00320612957934721,-0.381839286442974,-0.336563119098294
-0.886976,-0.514032110696743,-0.027058492864719,-0.600398530061174,-0.588148589889014
-0.933883,-0.649662716789213,-0.0725025928377239,-0.603824111288696,-0.248554924628495
0.433272,0.311544781107382,0.0977596391671068,-0.0182100393957997,-0.614756253486593
-0.36785,-0.112624100228898,0.0410155539355876,-0.311026681787452,0.114728548830896
0.0582354,0.0118758929092347,0.0327511046070435,-0.0922470413291315,-0.308782844669298
-0.242657,0.122636690981577,0.0870970743558673,-0.242774057340971,-0.440119461611616
-0.893028,-0.529752640766211,-0.0323448328017231,-0.612906636687644,-0.532354661225368
-0.939699,-0.665918848422685,-0.071212208366876,-0.627731444400111,-0.597716257205625
-0.375041,-0.263890092341364,0.0363007722055527,-0.323057366791783,-0.748083605360188
-0.659082,-0.438346484480865,-0.00537739785730407,-0.445068689065478,-0.290092959355226
-0.111652,-0.109204023860896,0.00439788855043909,-0.170365529181461,-0.410751109363461
-0.264618,0.0747087136651855,0.0969979719532006,-0.267672357319556,0.0126225641097433
0.321113,0.173974577201101,0.0277642838188429,0.00889711493756707,-0.321724326794035
-0.514455,-0.298847680616109,-0.00827446175618123,-0.383855901840156,0.274695918348643
0.423847,0.253408796418323,0.0310632837560187,0.0381213086040541,-0.354275600907975
-0.367034,-0.121783250611374,0.017280057652468,-0.31508952477289,0.168129928145637
0.0624786,0.00014493669560716,-0.0255912493698494,-0.0807168161120601,-0.189978263838785
-0.155952,0.165848831391679,0.0879430054930251,-0.23824549661091,0.0719772500783653
0.254936,0.132798398111885,0.0336855795874658,-0.0103702938818378,-0.351503213979843
-0.519875,-0.300705400425339,-0.0119878643324584,-0.386995061347414,-0.336248211803943
-0.892197,-0.533640888409444,-0.0330886784994127,-0.59190087189226,-0.576974944700644
-0.931138,-0.655771638992439,-0.0673421807308875,-0.621581710843845,-0.243687124054702
0.437161,0.295233301535479,0.090624144442491,0.0317291169529682,-0.586537150142651
-0.306982,-0.0730121192478168,0.046236163220747,-0.307837077751575,0.125361921618735
0.0605571,0.0049845940611665,0.00376309165114583,-0.0874710191936966,-0.230258779453408
-0.197497,0.148662984633325,0.081901804721828,-0.236337788564381,-0.214023147831539
-0.41622,-0.307017717005018,-0.0169431169791991,-0.354005457579286,-0.388979518164817
-0.696242,-0.465180522483351,-0.0261207170216639,-0.464077190472887,-0.259041653604274
-0.121098,-0.117949393676742,0.0131569304719037,-0.180984840445118,-0.446413165313647
-0.21188,0.0733891608765852,0.0737982924549938,-0.263075451323267,-0.313562560213526
-0.397419,-0.273649413689937,-0.00959608369858141,-0.342895511481622,-0.402096472712928
-0.680759,-0.447322954507978,-0.0333295100153322,-0.406530358905286,-0.236046421642644
-0.0932991,-0.0988363376027106,-0.0288934875728554,-0.188830394399987,-0.395371604395896
-0.216555,0.0962444213659782,0.069515729543682,-0.268801654707384,0.00426576171628034
0.315783,0.168200761255372,0.04575237944262,-0.0175198126074813,-0.390294140271277
-0.517624,-0.292225938912111,0.000993735418797268,-0.38563743483617,-0.315992845645544
-0.890316,-0.548181151080745,-0.0340791184991811,-0.552837257418022,-0.575840095464906
-0.94074,-0.631133773652778,-0.0747315238189124,-0.503748275237855,-0.233838421865254
0.46481,0.304822331624219,0.0114765670673948,-0.129410127747721,-0.612347054799943
-0.364652,-0.063119529025585,0.0457169942413847,-0.300837432296558,0.153588567819212
0.0821585,0.00950860421875552,0.0041801988593302,-0.0882083105237553,-0.200726494973993
-0.159094,0.147004120399099,0.078592813433296,-0.244111146945982,0.0321094934890368
0.0839393,0.00838434403543418,0.0205921615610117,-0.0955114335187177,-0.186413897062496
-0.20709,0.158657931110873,0.0979312533700599,-0.233628083915767,-0.19396328335308
-0.407816,-0.30768857873493,-0.0153863458511113,-0.356133318639917,-0.394425169287699
-0.708637,-0.475442271934832,-0.0238396563852013,-0.428448568551427,-0.246678303801117
-0.109596,-0.117907542000551,0.0186138250043011,-0.190044151241152,-0.423627076816615
-0.254018,0.0712605046264581,0.0458026234340193,-0.258337322697192,-0.00632697776204568
0.309838,0.174108860861809,-0.00818547143941144,-0.0853934386101567,-0.402950143828266
-0.506875,-0.2941624400666,-0.00441072198598449,-0.377955683712082,-0.320917722079364
-0.891258,-0.515347238852317,-0.0405435623220246,-0.505141938622012,-0.568153107089538
-0.933819,-0.661490479506217,-0.0722789968971185,-0.647557135906891,-0.227383717372132
0.466494,0.314585731055702,0.115811107018162,0.0228060848321638,-0.572241387900393
-0.321633,-0.0965899103368586,0.0297124915650937,-0.307138164685911,0.280334607865222
0.406481,0.241369747174112,0.025353056506115,0.0259641271403353,-0.264075251786464
-0.348082,-0.138583432210084,0.00634119230421531,-0.306324609983919,0.162790449641645
0.060661,0.00615647822108945,0.00277802559148553,-0.0783869107467517,-0.246005756058038
-0.128066,0.101332996042672,0.0363359711132819,-0.256114572616885,-0.439139606823893
-0.897964,-0.535344260085839,-0.0427486815561005,-0.559412710970701,-0.484056842127074
-0.942138,-0.639819820687466,-0.073522660676191,-0.534599898939292,-0.59117836589966
-0.373838,-0.262510735554537,0.00760092512523597,-0.308402107071112,-0.743184053296391
-0.647483,-0.437395817602145,-0.00464299491471234,-0.43644520119402,-0.288452396735752
-0.108766,-0.104086546559439,-0.000802302482387963,-0.172146947900763,-0.406271040619803
-0.260711,0.0574664861853294,0.0866629515430443,-0.270273875791266,0.000141169540061904
0.322603,0.173903294574893,0.0476941173422356,-0.0173945465191563,-0.420392962878744
-0.542989,-0.319002927874909,-0.0148054766176882,-0.354652794740756,-0.314398532873059
-0.886733,-0.528981575503711,-0.0294081011882335,-0.5965695418424,-0.586070873935427
-0.941187,-0.66988287697964,-0.0773413916104608,-0.641618889204111,-0.229090371278975
0.473288,0.316941846905251,0.104509850857151,0.0163500298051558,-0.604383700227392
-0.342834,-0.105809946089572,0.0217501084919822,-0.303709299683952,0.1498505474947
0.0779302,0.0139580468763337,0.0296220503841089,-0.104391314146231,-0.227574995088221
-0.161191,0.128028453483376,0.0780827961859526,-0.244570943359695,-0.20657614805468
-0.414419,-0.311303341995607,-0.0272578134635139,-0.348823713392551,-0.364359704775238
-0.67945,-0.460537434771268,-0.0183907822672542,-0.456172047122918,-0.24766074388352
-0.119343,-0.121226760844474,-0.00306641004315359,-0.210084863877334,-0.389354019248649
-0.198592,0.0929623517782653,0.0975376806724043,-0.2709616519106,-0.0198047714755527
0.273947,0.149502544280662,0.0116200212935332,-0.0334418323699712,-0.352666935044442
-0.518098,-0.295262590256805,-0.00243483359691313,-0.36288840781798,-0.120478515341009
-0.412157,-0.305075973974041,-0.0123680412418945,-0.345866334618116,-0.517527028147763
-0.709448,-0.458790122811805,-0.0216906968508142,-0.415045166150081,-0.279622350917273
-0.13987,-0.120957087418958,0.00237553724459221,-0.19607966618397,-0.427760504226415
-0.244951,0.0473584328564221,0.06349526200876,-0.268456098747511,-0.050750007979981
0.238247,0.113416622001319,0.0506066325151038,-0.043470773505717,-0.405301791681056
-0.51624,-0.296260453113867,-0.00634969181843809,-0.376865174921879,-0.352571321106837
-0.892881,-0.539867677776918,-0.0325608760203502,-0.621312215565157,-0.58208899892945
-0.93102,-0.665318447821116,-0.072544053949128,-0.658021347964428,-0.273707123631263
0.373189,0.269629339758391,0.125161270548445,0.0058635425050686,-0.602851962180097
-0.337526,-0.118130213220585,0.0386731508552304,-0.296624135432644,0.076163071673724
0.0110249,-0.0248947353333901,0.0460171972159531,-0.119935745717042,-0.253776809699768
-0.143853,0.15300716136494,0.0965812995708364,-0.239445707151679,-0.432556444219827
-0.862324,-0.504138132070954,-0.00722554239511152,-0.586963956989857,-0.405095510554083
-0.910056,-0.652418126454202,-0.069571057897071,-0.634780516776293,-0.0757941426222366
0.78206,0.348681834181449,0.118453409571886,-0.0738053945923066,-0.658104347556861
-0.528857,-0.162244585897671,0.0445020336755754,-0.283536237001337,0.331861249632825
0.236686,0.0715638302226505,0.0675859661499665,-0.0604470891318612,-0.416109306025364
-0.475344,0.00619626624975183,0.0771714048858214,-0.245090250519351,-0.121565688326489
-0.343906,-0.280725867153768,0.0298262928996151,-0.331623709661377,-0.512972915965806
-0.747163,-0.506282888201895,-0.0317571131714695,-0.408312293496674,-0.203619489695624
-0.00696102,-0.0832246917897204,0.043780605687706,-0.1625987437471,-0.516258638714596
-0.462975,-0.0239209009073805,0.0888498691772818,-0.248410617056187,0.107627428671615
0.471331,0.240382646252498,0.117355461713621,0.00726655958534602,-0.459703880927208
-0.609276,-0.347368239743907,-0.0024786789617215,-0.331684839856442,0.197727669148235
0.12142,0.0295010370080445,0.0427831702367637,-0.0755761298571567,-0.390117639781959
-0.289658,0.102251744729896,0.0958672346693572,-0.225772741087826,-0.20660841188183
-0.423422,-0.328788895018915,-0.00430140204525095,-0.365031947363672,-0.409021443242253
-0.65788,-0.456064615136484,-0.00753383784783248,-0.428946307951307,-0.256761422689285
-0.0988925,-0.144455475100945,0.0231246235618356,-0.214193860441818,-0.420750971384702
-0.299771,0.0544087687399653,0.104746376966874,-0.231880508125711,0.0183807328300243
0.341337,0.147765740973127,0.0591005949022488,-0.0202823050767099,-0.395956527762577
-0.446922,-0.270495057096571,0.0141791253468351,-0.328061918558644,-0.311589595709299
-0.900291,-0.541826983698417,-0.0361065875590052,-0.592861149484598,-0.524295437443218
-0.895154,-0.650925215518467,-0.05766758612857,-0.647208581240625,-0.224914385556075
0.478248,0.262363790638395,0.0544649958095872,-0.00754025992881996,-0.574092894358228
-0.229686,-0.0364540611628358,0.061265730648651,-0.25699188138138,-0.094601495901095
-0.452686,-0.337495932834591,-0.0198831522005618,-0.357069720429222,-0.338627227482587
-0.586632,-0.427846343230915,0.0085396110961875,-0.392787768139888,-0.28553660814415
-0.175615,-0.165058141850674,0.0049151876359634,-0.205777554840355,-0.326366994078769
-0.138807,0.121963906203528,0.124533874059439,-0.210010800633419,-0.0329635636299881
0.282403,0.105052392449198,0.0436297229865699,-0.0378602671198454,-0.319188664089023
-0.416086,-0.256536749943748,0.00768136253078799,-0.32674459419487,-0.330348001718459
-0.905312,-0.544980813983527,-0.0387472553619543,-0.58805082577466,-0.521395197657541
-0.905071,-0.647511344826622,-0.0623195447497083,-0.590368998353743,-0.250111478708539
0.408712,0.218596042271339,0.0947237797258483,-0.0207700433960548,-0.546046940646899
-0.227281,-0.0550694294001589,0.0736735754073244,-0.251159867034399,0.0838023209365586
-0.0162849,-0.0677957499296528,-0.00437394742546416,-0.160866067275355,-0.188005967933971
-0.0942106,0.215092561871728,0.124734177441344,-0.189951601378984,-0.468204266075518
-0.908989,-0.563059583406064,-0.0343388971589441,-0.600626437229989,-0.461939577132732
-0.909744,-0.653010276757476,-0.0651683696804905,-0.651350876259491,-0.608736984127701
-0.423545,-0.312200964405213,0.0106698040603836,-0.351905953075984,-0.685456950295132
-0.536035,-0.393822839128807,0.002894766685062,-0.381076179956141,-0.326973787207325
-0.177778,-0.179848407186894,0.00138681921917947,-0.217043800432928,-0.295304756219019
-0.101984,0.179447923675705,0.133612701085055,-0.194083447133617,-0.0292894197597505
0.252969,0.0972371373538382,0.0101861251963628,-0.0142879228073335,-0.204082233179082
-0.380696,-0.239676648044097,0.00164410137916089,-0.309035777478277,0.220728520377641
0.320077,0.164549966373495,0.0262649995214609,-0.00350531386115522,-0.238923383828053
-0.210142,-0.0641139870655414,0.0472683428358747,-0.243250609059249,0.0966073371940432
-0.0485482,-0.0923227233821454,-0.00489381860700284,-0.168486791584674,-0.050834433200865
0.0414416,0.265909199557438,0.137478459094183,-0.17305683065402,-0.0063169460023058
0.139649,0.0154188626700092,-0.00969487298773773,-0.100235850369992,-0.215206720509401
-0.38092,-0.244148258452829,0.0178189072202886,-0.310334250979114,-0.379978248602441
-0.909874,-0.567307942518892,-0.0413810623561411,-0.601979227770067,-0.516408230996541
-0.898379,-0.653255003727213,-0.0632474653448803,-0.640222946189951,-0.288729710697
0.307104,0.189954333000794,0.0368927367060362,-0.0129275617885811,-0.507623683615006
-0.139966,0.0266825255087421,0.0662892686054697,-0.235596148589028,0.0316475795713549
-0.0610254,-0.0703381652875701,-0.00348857245498757,-0.161196168248844,-0.09289621126734
-0.0135828,0.306227088412104,0.119599569611944,-0.146557312310236,-0.281735796794725
-0.489902,-0.35999752422823,-0.0133441805369161,-0.391604253977759,-0.278231830292582
-0.593817,-0.422201078891405,-0.00109926596519201,-0.398364087238024,-0.310418357513242
-0.21944,-0.17934546407939,-0.00292337230659681,-0.246576870296471,-0.332820857111853
-0.0306899,0.197934551899247,0.111352930105687,-0.167226971991837,-0.375168770624425
-0.471657,-0.345061461517828,-0.0194173909994873,-0.391287038090158,-0.292528514083976
-0.5805,-0.413073461893093,-0.00231402282643543,-0.410549357851625,-0.288198316019466
-0.190243,-0.183105338780824,-0.0164048926223204,-0.250166946793032,-0.290113494408169
-0.0433189,0.207612516556445,0.124640736803468,-0.168322830069226,-0.0834922995441529
0.173304,0.0679003055882001,0.00453855639785666,-0.0554106417757501,-0.268029818526891
-0.388772,-0.228423011423521,0.0182789800134605,-0.308636823251796,-0.371958147682777
-0.905797,-0.564543218874934,-0.036016017970753,-0.628832430453583,-0.522398953893827
-0.908865,-0.666333688671202,-0.0619018038897095,-0.619757716147163,-0.282223836273051
0.329981,0.193048688977665,0.074472911953823,-0.0620371466990787,-0.542540682836666
-0.215704,-0.0181679582227904,0.0620516545499079,-0.225975452294328,0.0507871551819404
-0.052813,-0.0937573918279896,-0.00491553359261478,-0.181034306442832,-0.0801253854564581
0.0114343,0.227731992272199,0.0819158360604333,-0.159680657391388,-0.0630383201555618
-0.0501433,-0.0867686609122907,-0.0277335052464404,-0.174654135435849,-0.0482022274517721
-0.0247155,0.338132463918837,0.105007977492662,-0.136306653712073,-0.27066319007709
-0.487583,-0.348520658408828,-0.00948658763965334,-0.400471778196149,-0.294450435974201
-0.62602,-0.438707859293964,-0.00219112241501414,-0.384897080185431,-0.307198164838142
-0.217539,-0.179022476774651,-0.011580365302965,-0.241799126809879,-0.333987447645852
-0.0955694,0.199502937424959,0.111550145447704,-0.133517460311447,-0.109663347400928
0.146896,0.079002872111528,0.0199126377193303,-0.0675550558728919,-0.294665748305184
-0.393855,-0.227700531035433,0.0147894474277015,-0.282915199199758,-0.387247967097189
-0.906897,-0.567019333028244,-0.0327306585818364,-0.598305661511941,-0.52642175282248
-0.905943,-0.666504906640268,-0.0676852907912848,-0.583906366322175,-0.289168172054925
0.305375,0.228708335007418,0.0761733648103322,-0.0425721792257676,-0.510521307755511
-0.181908,0.0146629139634741,0.0631086753976095,-0.184652088361289,0.15093918447729
0.242273,0.157403301966521,0.0126463604372631,-0.0327053210607302,-0.16719061378114
-0.219896,-0.0479945562307548,0.0369260210473315,-0.176082843036089,0.053832415782511
-0.0771537,-0.0693133171696632,0.0122724479821208,-0.14686748992709,-0.120811013956997
0.0624413,0.315379867896628,0.128002168976676,-0.075416747744658,-0.496985671813985
-0.914175,-0.568664966675162,-0.0417028386535199,-0.573239520469785,-0.405143663818065
-0.917938,-0.676571777393793,-0.0715603062724249,-0.585981886694747,-0.617650104757174
-0.457661,-0.319450724883812,0.0121710524217547,-0.324628235334156,-0.698462532841712
-0.554053,-0.399214064403199,0.00820267390174505,-0.346676715061044,-0.361739356524245
-0.217184,-0.186069211837463,-0.00424528680004226,-0.198055136254963,-0.326382499029598
-0.131647,0.1955740966932,0.101533323273805,-0.0942819464252246,-0.104680189452824
0.158332,0.0913062514299796,-0.0311963990163568,-0.0641996348169056,-0.332346937615888
-0.448654,-0.258101665679196,-0.00388210145986502,-0.223452438169016,-0.382086225984614
-0.898861,-0.573819590353494,-0.0339633845670838,-0.491172640129112,-0.555448361258202
-0.919405,-0.688550263627464,-0.0713182177747154,-0.554263040457012,-0.292035424624245
0.308157,0.238987664583703,-0.0203532997133338,-0.0137706995598963,-0.543249419552016
-0.204592,-0.00747827912211055,0.0378667853463653,-0.126325601100012,0.0356664689620181
-0.0515931,-0.0592369828720839,-0.0255191135971803,-0.11836165090371,-0.114558923191886
0.00111504,0.273249676046988,0.102340564106227,-0.0279681822712443,-0.28379209585806
-0.494274,-0.363879647381201,-0.0151891193324721,-0.338763390622168,-0.272425531045951
-0.595892,-0.439720438318092,-0.0121234175238522,-0.364897311081458,-0.308331480629154
-0.227063,-0.18455978818365,0.000465990342370359,-0.215867864875636,-0.292296626242555
-0.0278942,0.220587642892384,0.109821936937851,-0.0634352068822472,-0.109602873873
0.14196,0.0636992275956501,-0.0272459543443666,-0.0277555481323294,-0.237452809504147
-0.394973,-0.240076125006474,0.00828547860823122,-0.206743050108316,-0.190125356190329
-0.479208,-0.364385405891498,-0.0141748350350102,-0.345532546844768,-0.438781448587033
-0.621054,-0.447870508404819,-0.00180533966343778,-0.339160307787089,-0.329567464026331
-0.227207,-0.178664797640585,0.00269208491885045,-0.192220888755862,-0.334331627818362
-0.0918456,0.174668578488797,0.098942639941769,-0.0533613919536814,-0.122524379027845
0.124123,0.0675719676881992,-0.00310158894480311,-0.0159369825036094,-0.286907840658056
-0.377777,-0.227276111080885,0.0187383051615612,-0.200500918476398,-0.396985422775089
-0.906582,-0.589411652605932,-0.0356641261983349,-0.531578248416398,-0.523256984174986
-0.906609,-0.704896106127767,-0.0645019313221014,-0.588419630369318,-0.301412877200206
0.27483,0.213460793519502,0.0578675814241954,0.0712734711974715,-0.512249201501426
-0.14402,0.0279730828679412,0.0600228122597179,-0.0715146719073493,0.0208414140903513
-0.0632483,-0.0695502023775897,-0.0226402303324175,-0.0847547700432111,-0.0678528376270448
0.0895032,0.349220730219621,0.113650502705159,0.0496540467821148,-0.382178277163547
-0.746896,-0.285908957104991,0.0844650072364079,-0.299264510059089,-0.165875638478172
-0.913878,-0.717760440354736,-0.0761769012987676,-0.565949700371777,0.952418155035835
3.00014,1.74912591422404,0.365478439776677,1.06208283403218,-0.503725792549716
-0.451285,-0.0935708635373235,0.0600426154814393,-0.105758511065615,2.03281951800198
1.99369,1.0934854481961,0.338000747445447,0.836244620241624,-0.173286051197263
-0.450091,0.0891585034716746,0.0879804464583963,0.00372212728188403,1.03536260657419
0.529468,0.243604926313013,0.194154853948926,0.122876104216267,-0.301268298064509
-0.771577,-0.519377709838688,-0.0349737132187449,-0.268875726262914,0.823057999930932
1.44796,0.760826782563959,0.334440437281084,0.591304610641734,-0.347688536095866
-0.503284,-0.0160505141684388,0.0683412576314607,-0.0274400142812121,1.65089471274459
2.5924,1.49114019788076,0.435842520566542,1.22833597964606,-0.27542933384957
-0.645182,-0.375868517176189,-0.00449739490029605,-0.187615359456146,1.93031962312388
2.04045,1.11505976225933,0.356533603758245,1.01171267768687,-0.242323508343915
-0.37702,0.083630193232385,0.0881625724432906,0.0262695099082917,1.0495252681688
0.545305,0.248779007080227,0.195249703155546,0.184505105473056,-0.251171910246466
-0.733582,-0.535927902247223,-0.0345605102677238,-0.318242364938041,0.848987653824494
1.46692,0.776550894577507,0.308336988086703,0.683908805604201,-0.2872557414874
-0.397111,-0.00618803154079717,0.0810569520501091,-0.0168080199731396,1.64499280130804
2.59634,1.47686216722841,0.340394762962649,1.37525674493561,-0.350759558155041
-0.507593,-0.308415854436428,-6.24544567243883e-05,-0.18954009439645,0.735137840496013
-0.767599,-0.316784133139674,0.0781269771744247,-0.306156058107204,-0.251613572946164
-0.916035,-0.721121797099641,-0.0676173311430868,-0.537278598219316,0.931573344950882
3.01496,1.71631548244019,0.348995772038623,1.34473648836841,-0.545158795153038
-0.309591,-0.0450430245347722,0.0582598390124075,-0.0235331605111577,1.38893660409837
0.470107,0.216167316878245,0.139341246910396,0.247797396987988,-0.125568759460953
-0.630665,-0.482115713796283,-0.0122964057084636,-0.277957275213055,0.819414786928664
1.41924,0.745372172558545,0.263980352571569,0.753811702434246,-0.178675979957072
-0.237254,0.0874393726904406,0.108359326571219,0.0331117148974374,1.62889183021554
2.59456,1.47083215404551,0.201441310245773,1.40948744230823,-0.293165107280803
-0.528376,-0.316155095542077,-0.000866495171485931,-0.175039968298409,0.748808753345801
-0.75572,-0.289115228510278,0.0863076380667973,-0.297243695188984,-0.262250059552335
-0.928652,-0.740135634811256,-0.0740244942892643,-0.524700834011907,0.94963506006503
3.02381,1.83032647343322,0.525545516774169,1.47345867645005,-0.480922458190106
-0.388104,-0.117882844371395,0.0368844610007393,-0.0418058707560156,2.07407505963468
2.06772,1.1362830103751,0.26218792606337,1.23719177353989,-0.138106130540694
-0.233613,0.145626594545346,0.0955993702613094,0.0664773137876573,0.504774391061571
-0.756259,-0.288478758728314,0.0924239196616928,-0.312272093924855,-0.335888448757046
-0.947612,-0.75077079925726,-0.0785883852639181,-0.453869119569975,-0.0897819449476944
0.599039,0.343567629460522,0.243931752410946,0.400120012183485,-0.636667719654024
-0.660437,-0.511952397575403,-0.0172460633923841,-0.272430644853456,0.816861302431716
1.4663,0.805807171753698,0.277197490350629,0.921494769688909,-0.20905251750336
-0.289215,0.0568228544147416,0.0816686680414217,0.030785291012018,1.6963354369624
2.63033,1.53718533201525,0.43168826848926,1.59303748545033,-0.0815802985639222
-0.554858,-0.33711594011262,-0.0032020730461178,-0.113447327622264,2.37566083473417
2.98943,1.77460977417953,0.290872119171348,1.63061934547922,-0.120287052446326
-0.429401,-0.155116526278881,0.0284907110297739,-0.0389261468513195,2.13454306307745
2.03136,1.12142649280277,0.206715829271895,1.33398047369957,0.0787178806775015
-0.20164,0.145665723977811,0.0900150856269318,0.0965503538210747,1.91793161084576
2.58177,1.49625904158889,0.323918853527326,1.6375650242549,-0.24808234073775
-0.563,-0.343123209688838,-0.00179707325432704,-0.16063635235003,0.75332287677783
-0.752129,-0.281259148079445,0.0948032312546632,-0.310301579596151,-0.280061600166825
-0.938727,-0.764367076621245,-0.0803933426140523,-0.522409327490058,0.954223479739242
3.03742,1.876070735707,0.358642097357921,1.68683884437239,-0.489108351910786
-0.395694,-0.123478318546204,0.0383027803655123,-0.0458357109381083,2.07561538839981
2.02985,1.15924533664563,0.321887256212149,1.41153478144244,-0.0570714274549599
-0.235289,0.15483531636833,0.074013857295149,0.0658645625020044,1.04946752494143
0.51186,0.306814108822055,0.152405431741713,0.458194985634284,-0.191394906213972
-0.73157,-0.549685993895524,-0.0316701167044785,-0.325103332078353,0.820812815041892
1.44327,0.844253953405284,0.311520478032209,1.0211906669876,-0.375646463673023
-0.297114,0.041021283801075,0.0694368580645558,0.0458962482413367,0.761466567465904
0.520773,0.32110680611645,0.164059822378985,0.466530937215746,-0.251826163493978
-0.713578,-0.534852277740855,-0.0243159863027875,-0.296837832048618,0.828755499636066
1.43238,0.846769625433258,0.281353659824878,1.0094101180907,-0.240010919265119
-0.302344,0.0445011002295532,0.0841632151611242,0.0348313811803599,1.63226568767566
2.60876,1.60286928170318,0.403507924445063,1.65835350606314,-0.341553455031585
-0.577909,-0.347766478663405,-0.000285509750470129,-0.19225516704689,0.752097635394032
-0.750126,-0.287963455923898,0.0856817035995965,-0.325380382278738,-0.289645936688786
-0.94346,-0.760361155100796,-0.0729760899119476,-0.573913184014281,0.9472868563019
3.02869,1.95168895197517,0.528135321643773,1.7388375496586,-0.511763761830508
-0.444305,-0.15390646376803,0.0325364852929768,-0.0322065769260141,2.07150581032935
2.00267,1.20686661997275,0.232255184798168,1.4341135202509,-0.00209006065476219
-0.294401,0.103870191281964,0.0640471230638421,0.074878726465329,1.71071889575021
2.05588,1.23389156357858,0.275092466644033,1.46736694403637,-0.0870873146912406
-0.273207,0.122220145636262,0.0847385766700965,0.067480139378559,1.05205629972213
0.499172,0.307827442176923,0.175804771916875,0.447039645486362,-0.21401647561643
-0.755304,-0.553730742311186,-0.0307507229812938,-0.29705216387547,0.828253595786336
1.43852,0.857910415680149,0.306023199903297,1.0278253123299,-0.272996150650034
-0.339897,0.0103561097324158,0.0670442045834551,0.030388652860204,1.6380813038662
2.62517,1.63268707883063,0.35589421058394,1.70794606987294,-0.364664910966364
-0.595089,-0.359402310504828,-0.00483502640502232,-0.181840662921664,0.758121608964993
-0.746365,-0.267608695303811,0.102683755773735,-0.346646654899372,-0.297296521110822
-0.946802,-0.775063321314215,-0.0787707235602268,-0.561027171276352,0.950449221048661
3.00997,1.94767740585317,0.5242398267385,1.82106782649005,-0.443010411651728
-0.424367,-0.140854294034557,0.0401714071670115,-0.0310352426478981,2.47380496206853
2.99773,1.8299333421338,0.256527228340872,1.69384124229394,-0.0780720379792903
-0.478296,-0.173411440687231,0.0257630392147354,-0.0217508228825146,2.10074794431015
2.00017,1.18731090725866,0.246409203654214,1.45739971916401,-0.170473126468354
-0.239646,0.137319852531381,0.0785634449778705,0.0894847934048605,0.472000837366712
-0.754819,-0.288955255649994,0.0913659872032458,-0.365557768248478,-0.344950818237604
-0.948392,-0.777898456678665,-0.0769525822367096,-0.4895939935593,-0.0974548556484133
0.585017,0.373394201126157,0.244853999512808,0.496063558590494,-0.644818547840039
-0.679732,-0.519037952569839,-0.018037931085237,-0.343142064270954,0.813130641450741
1.47911,0.872769994047423,0.259683423242582,1.09565547940208,-0.239310610784663
-0.328432,0.0622644636576116,0.0858696811853194,0.0305329057269046,1.6707269439409
2.65062,1.63548784269911,0.300468544639865,1.74548002287405,-0.353098947659932
-0.58681,-0.344938543705612,-0.00273002441965221,-0.185178938976699,0.769233142468162
-0.748521,-0.290529851930284,0.0957104669234219,-0.390316578925444,-0.292159167553036
-0.958899,-0.778627678688786,-0.0795774130066451,-0.528839754418548,0.98304157205094
3.10731,1.99355736691054,0.506150257852805,1.7935406110038,-0.506011009815589
-0.427843,-0.116360728523564,0.0474360732767186,-0.0229861797289664,2.13912711049777
2.11554,1.23895121563692,0.307146442717773,1.46815025684874,-0.0754271203930486
-0.26326,0.147295099718953,0.0902807315775775,0.0761996436341699,1.10449170288916
0.556756,0.323965164889576,0.179402037568648,0.464938610185875,-0.191792605676306
-0.724205,-0.532591225163475,-0.0261978237186516,-0.403831546361889,0.859424656045287
1.44081,0.871397914536726,0.295808978781783,1.0417780648225,-0.226094831549083
-0.273705,0.103428576602076,0.0904378674211562,0.0243785176029083,1.65278659063016
2.61558,1.62794763693627,0.326516447765057,1.74480537935483,-0.234324762282105
-0.542087,-0.305971342488368,0.00708636743682843,-0.194017100440091,1.2859453411309
0.495981,0.310608179776424,0.186899139207687,0.449818864120996,-0.277656804301858
-0.720635,-0.524928003105921,-0.0183329630564399,-0.390150365182109,0.820957522741883
1.44431,0.881543820136845,0.293144504668247,1.05697094533151,-0.237026184376345
-0.293503,0.0968023630497964,0.093247572861277,0.00733834309165371,1.66570147135548
2.66999,1.68537175943922,0.374503157439501,1.81561202050745,-0.316323569689355
-0.52772,-0.294202061449814,0.00291593614199307,-0.169211502660287,0.775701156249834
-0.759214,-0.32688042786198,0.0835647782155156,-0.399703771730848,-0.259077216668172
-0.948114,-0.782745697628854,-0.0769182788780166,-0.610907095242731,0.99469024326191
3.12344,2.05976076052104,0.476479513649344,1.96376016749532,-0.465939022502803
-0.335594,-0.0469273635955988,0.0529679628239893,-0.0306318103319156,2.12275155856679
2.06706,1.2430837805526,0.283383814278275,1.46782890528574,-0.0571076398010849
-0.116602,0.257398472441887,0.102515206287368,0.104952899197632,0.527457668501389
-0.769776,-0.338497297220237,0.0693428541733818,-0.364098461901237,-0.122625010806446
-0.948446,-0.777740859698782,-0.080365259354816,-0.639981094510153,1.00014153918798
3.10186,2.01480409581985,0.472576435101951,1.95018199926766,-0.474533611007805
-0.357502,-0.0558401965488896,0.0582772050310227,-0.00568633236140087,2.10338215804825
2.02702,1.22041638661654,0.25317746851353,1.44001732559825,-0.0244755398175549
-0.208764,0.224924449090188,0.0967789854444289,0.125899729005225,1.05844460026777
0.525975,0.314368574395636,0.178445516845673,0.42804664682493,-0.172154990327859
-0.719701,-0.527243097964817,-0.0243655259911314,-0.404655580727283,0.846319783233539
1.4257,0.850963773028571,0.283040134886665,1.01793909768353,-0.201127752076017
-0.228718,0.121609602203653,0.0937217540642919,0.0242933744739173,1.68278812161236
2.66023,1.6655196431782,0.332603664119871,1.81894915502306,-0.100279175485201
-0.513103,-0.283651935533706,0.0121136403437403,-0.152059531126394,1.99777623608683
2.05748,1.26570747419177,0.292759654676212,1.46490002860801,-0.0857337908256784
-0.157585,0.237167288601456,0.0874301067203218,0.0986329788808952,1.0679430465251
0.541036,0.319771561681301,0.14796540800594,0.436184934293199,-0.131834369685104
-0.682714,-0.51112788830795,-0.0222663943996341,-0.396122526939525,0.874497563842504
1.46919,0.862872213491299,0.249705791971615,0.981288969222371,-0.18374674622651
-0.220905,0.139323539663414,0.106863425155648,0.0158431713969957,1.68359637697175
2.67984,1.6901337728699,0.335511833290429,1.74909974923493,-0.284348442987233
-0.529835,-0.305062122311643,0.00552914194138184,-0.197464694067191,0.78395196971645
-0.758422,-0.321967568856756,0.0796880739903098,-0.393857104161526,-0.266754636145807
-0.95302,-0.778052165044939,-0.0807637017890625,-0.642224315242971,0.955169505953108
3.06696,2.05014342385389,0.517234962074981,1.86154138092512,-0.57395287364853
-0.34123,-0.0309707760283299,0.0542947780016501,0.00977554029995567,1.40772294029359
0.478188,0.298361647018545,0.15752898200241,0.421047435157218,-0.165819343428735
-0.699346,-0.519739686460972,-0.0209663011103262,-0.358246879886383,0.817403122202092
1.41271,0.880371245312905,0.273924129568238,1.03650500295103,-0.214926759099675
-0.263997,0.124594906841424,0.101239936261983,0.0436861775074335,1.64865911938625
2.65813,1.73661264599307,0.341796525183412,1.7551348688191,-0.306530709851717
-0.530244,-0.304177857948729,0.00766595973192171,-0.208848811632045,0.773060999537778
-0.75673,-0.307014841944506,0.0805436317587046,-0.35266531683357,-0.262422364640503
-0.953509,-0.781651470100747,-0.0777195021612968,-0.637165714164646,0.999078389844916
3.13312,2.10454143975298,0.360046764831281,1.85926556482789,-0.471731929697005
-0.347928,-0.0648491771946616,0.0561347459186386,-0.0209450613142319,2.13679105827458
2.10592,1.28075926026172,0.239686402524239,1.45338871362135,-0.103615751991011
-0.207444,0.221040198201799,0.0981125038836396,0.116528794254849,0.521459112474459
-0.76094,-0.308793265907453,0.0815726855923124,-0.407292689192174,-0.330578023657539
-0.960162,-0.787762528712136,-0.0828621701821344,-0.698291333327646,-0.110824296318585
0.586349,0.383218660931635,0.241367255371073,0.454657363540167,-0.79861290320802
-0.666047,-0.500070364885311,-0.0120079190799492,-0.395783004833691,0.36176158749555
