1000
-0.710734,-0.692631273945521,-0.299863645026891,-0.751889559781237,-0.460363325537821
-1.02243,-0.916638776801406,-0.489372276456204,-0.503594520941486,-0.255840853097773
0.29362,0.320375922094723,0.196344100872694,-0.459744464248015,-0.587006686399017
-0.461665,-0.398259583919138,-0.252634186950818,-0.410760945999052,-0.290409711365341
-0.193905,-0.100704462152774,-0.00922767070425936,-0.257616242420149,-0.360529675651553
-0.0545741,-0.107260688629248,-0.0920975291245175,-0.495822034642259,-0.409610100624566
-0.540129,-0.463810466263491,-0.248571704413518,-0.371298260981859,-0.334231286086051
-0.998614,-0.701768811933521,-0.420292252473553,-0.249691525441095,-0.19746918407356
-0.202723,-0.13804709471946,-0.109962796123566,-0.254513677037947,-0.263141850277585
-0.206194,-0.0930764683049366,-0.0476416844299026,-0.26421825272791,-0.0758517277931992
0.356314,0.219714748298855,0.0645795701011513,-0.0810653858020052,-0.0723009053088133
-0.134969,-0.101403334962073,-0.0707710051158527,0.170279478676507,0.193141739659958
0.162774,0.0779971637467327,-0.0146394695958573,0.217156882686,0.312630661172797
1.82476,1.27122393333101,0.616425617173219,-0.0805227362075544,-0.0364657881679389
-0.344066,-0.372159097496246,-0.221887127948438,-0.0250903316102436,0.432617952637058
-0.521722,-0.380580084612806,-0.203976447013079,0.25321355469326,0.377112107390701
-0.0337583,-0.106176077088744,-0.0219861692848667,0.179825977386618,0.302154684594032
1.443,0.958349271329149,0.579682860784097,-0.058427944281902,0.0072491989937543
0.387024,0.240558907671749,0.0572313855437406,0.0469849530782126,0.212898924878557
0.074931,0.0699114005510518,0.0189807042015545,0.01153609570111,0.0473243471547536
-0.578933,-0.554857094371565,-0.279986428074045,-0.320882552694023,0.0414061670714781
-1.00512,-0.767943580374577,-0.442040195150368,-0.140249957947711,0.139251392921582
0.635635,0.509269868890716,0.172046995832943,-0.191345208410618,-0.16345151648161
0.629619,0.435332818064452,0.236905577867464,-0.406532436103738,-0.13282858240805
-0.370273,-0.381317212963981,-0.216849458792684,-0.270516232432252,0.0656075911519778
-0.646074,-0.485046268335156,-0.302528936455917,0.193428045127001,0.120719457841777
-0.0857043,-0.12674573645248,-0.0882565291942644,0.0456636354264225,0.0844929250520473
1.11752,0.741672423421646,0.435949631578801,-0.148583147088892,-0.102365112942401
0.342569,0.249068693504582,0.0700072200273262,-0.0614465842332578,0.0422355577723804
-0.0778868,-0.0136309408426049,0.00185058624632734,-0.0734518040677692,-0.0285385732130465
-0.608324,-0.599107224410803,-0.318223908507593,-0.400056588136995,0.025622089868147
-1.07615,-0.78232590787996,-0.435663454986453,-0.198514290733055,0.193725263428175
0.554422,0.467939817183109,0.160067449812033,-0.109206388839605,-0.0699147527758501
0.541406,0.417341738634495,0.223561731670853,0.316305712965316,0.067928359299098
0.0863675,0.0235353859306762,-0.0592359719548404,0.211917145269893,0.24135606703678
1.70035,1.19322324809929,0.602097371892746,0.0822621508346251,-0.275039182338654
-0.639455,-0.624262256108992,-0.340276635332231,-0.437028952575262,0.117013390874393
-1.07456,-0.84548199471322,-0.484275673776271,-0.400426215182038,0.024971772553782
-0.373042,-0.380978392891056,-0.222315145811302,-0.41171053042034,-0.205073427810548
-0.628629,-0.475097898243564,-0.204208379976025,-0.456780189523659,-0.0150737405447605
-0.104217,-0.137586870245101,-0.104282231337508,-0.184566815049615,0.0932272518216516
1.23003,0.785857321481446,0.491906045302269,-0.143887748348969,-0.0714459011276891
0.282074,0.203383066628268,0.0515264188622367,0.211577762806258,0.32116322111381
-0.00716645,0.0111595774010256,-0.0361798939009065,0.524453681126784,0.457225717730742
0.510843,0.33283106319871,0.106532840091198,0.330095931772864,0.3970980657356
0.616556,0.504686640794891,0.292102099284052,0.474224064602217,0.427116542938931
0.0490957,0.0305534042653071,-0.0461550110139491,0.433737156944305,0.600211953070784
1.75687,1.23058066839678,0.62590412251136,0.315960316522386,0.106516220940319
0.246763,0.184734765838846,-0.00757492862994373,0.196382075252578,0.335156168650243
-0.0123178,0.0367066551679935,-0.023145841575875,-0.0392649214865708,0.127661061970854
-0.618377,-0.576014035779788,-0.302659889957714,-0.397214989905565,0.124887333102012
-1.08062,-0.785252097113775,-0.451994527356811,-0.197312880918863,0.243343222831367
0.539223,0.454252400879227,0.177249279377396,-0.0997987794068957,-0.00757243632893823
0.645573,0.525282377921744,0.31371285206014,0.208097836270025,0.108330414122138
0.0302071,0.0216008287684326,0.00910091877603571,0.201852872570512,0.412442780430257
1.81568,1.3203155750835,0.744891256073533,0.124133873938399,-0.0768182756766133
-0.435476,-0.38700619648664,-0.209999778476147,-0.00433670101298213,0.347288462352533
-0.641264,-0.399849471193761,-0.250953974940098,0.202772386952179,0.25659160981957
-0.172474,-0.175800856880137,-0.150241463653684,-0.156101633020656,0.177232439798751
1.31677,0.912357599406369,0.528934151504699,-0.462201449729639,-0.185377892748092
-0.420041,-0.340295058240266,-0.193808412189697,-0.246954483656134,0.202439803226926
-0.615569,-0.358110603817641,-0.202440519874257,0.112854071389336,0.160165289208883
-0.187876,-0.188607263329026,-0.0927083749909673,0.0848638121237057,0.151867117800139
1.33803,0.883827983362112,0.52413475243779,-0.159244492313567,-0.128983245836225
0.239898,0.196363434419219,0.0554627758463236,-0.0592516165178048,0.114371200728661
0.0354659,0.0696724878149028,0.043729775479512,-0.0683343521453617,-0.0429571692366412
-0.643452,-0.600636349620697,-0.331504837964828,-0.405609646479747,0.0481728714781402
-1.09215,-0.773442892897284,-0.436466147052219,-0.198983165105282,0.221246597536433
0.447257,0.404298444890652,0.153778115313805,-0.104494352030644,0.0896134276544067
0.701668,0.545901985849752,0.28349015901938,0.19650868066895,0.244601342297016
0.00312246,-0.0430231007239075,-0.0925103403295562,0.144110293065161,0.62969382630118
1.94382,1.39153398285893,0.71321533478715,1.17636049515816,0.238589207841777
0.0162711,-0.00250845667593991,-0.00345261674444099,0.200254071685632,0.800177676092991
1.90294,1.40218963674104,0.670974938716693,1.00718422169713,0.175383188410826
-0.443496,-0.377100588740985,-0.179342377147815,0.0246635364205932,0.535550548122831
-0.630098,-0.415996755945333,-0.261629480360357,0.176009310804401,0.368468463188758
-0.215531,-0.202650925983629,-0.134413240420406,0.0343925828338474,0.263378276804303
1.33463,0.869426118667967,0.513321348671054,-0.191069066505944,-0.122062276943095
0.203556,0.157167127583635,0.00361247034465972,-0.0881882123374161,0.111139893563498
0.00327089,0.0243832357091431,-0.0237382029993614,-0.105134452767187,-0.055034077723803
-0.652371,-0.613826429730921,-0.326444506290482,-0.399490539709596,0.00139351986467731
-1.13299,-0.827870024166362,-0.491139311042697,-0.195750901724545,0.169052392765441
0.395925,0.350631703437265,0.125928341031534,0.237896899830546,0.0226665535218598
0.722952,0.516284097594164,0.294941011038323,0.487306839420198,0.12226166278626
0.359079,0.270802668440843,0.072923206029571,0.301885110494249,0.309325883792505
0.666521,0.55035839251024,0.301994350856496,0.73202274052509,0.244028373004858
-0.0510628,-0.0458929049332594,-0.0441423865974877,0.448538531784892,0.422792484385843
1.87887,1.38228498408989,0.707947106873749,0.0453438523374302,-0.222809886884108
-0.702444,-0.648167657938997,-0.346523777562187,-0.466850851248199,0.163043017696045
-1.12907,-0.883794561165704,-0.48587826947094,-0.442792046371009,-0.00253384316446914
-0.465638,-0.440325620328103,-0.269004088815982,-0.470283464337985,-0.224252053192228
-0.630365,-0.466794566483512,-0.247228263459899,-0.508930959874655,-0.0923940424358085
-0.226344,-0.206291200827894,-0.140988858633672,-0.258251026329046,-0.00958922536433023
1.36314,0.944688563032738,0.588575451003799,-0.193098933501716,-0.296490183726579
0.171435,0.147256635068555,0.0213300394290947,-0.0857214885485781,0.0278683086398335
0.0241637,0.0534206089800692,0.0409782270041107,-0.105426735688465,-0.0817991095419847
-0.677328,-0.634077231892008,-0.349179799698008,-0.401147387236445,0.0114639219292158
-1.14333,-0.850518200271305,-0.499701580399307,-0.212339426618896,0.169103223455933
0.345657,0.337329832702614,0.0992341466279991,-0.128848780257492,-0.0276142515614156
0.726693,0.567904033434252,0.286943814112691,0.284861853247512,0.0431774073560028
-0.0509097,-0.0617749242260758,-0.0684204349544286,0.136059612977771,0.413470588029146
1.93685,1.37043146200201,0.695867890514367,0.124173030479906,-0.105896155621096
-0.508696,-0.459076303992487,-0.288258533243791,-0.0424965388801322,0.399120423455933
-0.644558,-0.413943082086486,-0.27361361845112,0.144445498685666,0.308489166551006
-0.254659,-0.238692939795715,-0.149002120402682,0.0317556792672782,0.248189726578765
1.40967,0.943675612171816,0.546438232535493,-0.211783008109861,-0.131283526092991
0.150535,0.117861829779581,0.0594565872821837,-0.0921024196502837,0.169093628556558
0.0260859,0.0706968606363455,0.00625541377960038,-0.087105766141469,0.00660203712699504
-0.503968,-0.429064341821557,-0.26571951291493,-0.101350445388683,0.0469302837612769
-0.669334,-0.408955535680869,-0.262211580675897,-0.00580725764378193,0.0892315746009715
-0.253039,-0.206239649107556,-0.109060763257535,-0.10671759808265,0.103279632199861
1.4326,0.982708181801419,0.625532252348689,-0.210339395645916,-0.242377387578071
0.140092,0.117090129108742,0.000518661824022347,-0.0951253528979738,0.0632886385843165
0.0479893,0.0783962287920363,0.0196197927557124,-0.112309959884094,-0.100465114365024
-0.719261,-0.667060883039746,-0.324460712629347,-0.451405853969659,0.00759160912560723
-1.19763,-0.836203598280711,-0.469360581615155,-0.242502620761219,0.154613023421235
0.32415,0.302234952621924,0.126641615819733,-0.143625257345935,-0.0584690081540596
0.788536,0.620874820676074,0.332444003650301,0.284342224316963,-0.0210594130811936
-0.0857336,-0.0961219208392409,-0.11183308971626,0.130668523452565,0.37472971315059
2.05566,1.51259268752499,0.797570788252293,0.0510440847536388,-0.252201759195003
-1.03466,-0.913346962721085,-0.507522680940005,-0.0862342242181485,0.54437829111728
-0.982049,-0.775906923119049,-0.391593032943065,-0.158293042800362,0.521989852185982
-0.272616,-0.255726144334905,-0.165140707715648,-0.437132229020005,0.653082430256766
2.33622,2.32280911631153,0.674028478450659,2.22690383619178,0.330036157321305
-0.754034,-0.621695536849987,-0.38727241633088,-0.643090536045354,1.60082553608605
5.97833,4.58815525752143,2.81810498138421,0.792362913728841,-0.134497388272033
-0.942816,-0.851433687980841,-0.456257451535344,-0.548731174304189,1.39874754406662
-0.321951,0.0315502338919488,-0.101993471895688,0.00959830729575681,0.812175722414989
-0.777273,-0.645429383986578,-0.362487978818806,-0.42498542148243,0.996317692574601
3.01574,2.261478758302,1.26782311100609,-0.281179409180676,0.011735589868147
-0.456258,-0.357631125814231,-0.131388166399325,-0.352546466015128,0.865024959056211
0.542551,0.586935805754698,0.265517180738276,0.48656469852599,0.328897773768216
-0.632922,-0.503384340543389,-0.238192107818689,-0.186447169718069,0.773514243233866
3.00283,2.2771270084647,1.26507046143558,-0.270558318435484,-0.209584073213046
-0.923271,-0.773504177233962,-0.411939474489423,-0.453138681279732,0.653309131158918
-0.464538,-0.212512566538209,-0.207295563386138,-0.297282010928848,0.255491105829285
-0.779955,-0.658358373886536,-0.329128839556014,-0.483506720169008,0.419690244968772
2.38286,1.95649588600338,0.840323488197745,-0.0919857105405157,-0.353190153365718
-0.597031,-0.470772139815486,-0.241005559998711,-0.46919664976301,0.401441639486468
0.814011,0.863090494334516,0.380531012676811,0.17364513476111,-0.280756417418459
-1.08928,-1.00453727247495,-0.504335749578426,-0.617348510023812,0.0310355929909784
-1.1053,-0.842184774267138,-0.472762479897485,-0.604388578343801,-0.0528817550312284
-0.49884,-0.388560087403396,-0.220199714683458,-0.562193492036903,0.0354017921582234
1.99806,1.64734215554394,0.800592514955363,-0.75366474046431,-0.531063509021513
-0.972744,-0.851589198574397,-0.425926675708836,-0.804782859810569,0.261296888619015
-0.358188,-0.0934032087593447,-0.106661704236187,-0.197640524628863,0.0391752290076335
-0.880393,-0.737224481115393,-0.406011469055393,-0.524471222650239,0.367903200902151
2.73077,2.15076722204882,1.12679584667362,-0.329392034033384,-0.450373816446912
-0.604772,-0.461523084833574,-0.253154430975026,-0.41447948006179,0.361039696391395
0.523227,0.581082765013454,0.22230413006846,-0.274730326783453,-0.264487495142262
-1.07498,-0.978423590598731,-0.504343982761278,-0.719261135619112,0.0412417945870923
-1.1888,-0.897650657225298,-0.526096556360135,-0.643505818916458,0.030823803608605
-0.490679,-0.333812762743223,-0.207898245751403,-0.442138625963181,0.0678083691880638
1.5287,1.30740521313322,0.596431785421305,0.460754166354791,-0.289271348369188
-0.757807,-0.622744953100763,-0.320321165697223,-0.445098024257248,0.479720829979181
2.93118,2.35954552316511,1.23826620017895,0.176322581655519,-0.605830072172103
-1.09349,-1.00282363357332,-0.527985766927095,-0.797286755641447,0.196208771686329
-1.22083,-0.985697398587828,-0.502483128535888,-0.803276433524321,-0.105157984732824
-0.934569,-0.812462946592889,-0.430567205451204,-0.854597894985138,-0.236025872657877
-0.490515,-0.250758122083785,-0.166335857666192,-0.708700445975959,-0.277325904927134
-0.863348,-0.700008172580517,-0.38376657814953,-0.702883478172693,0.145819097848716
2.18075,1.67001717278385,0.917511874605098,-0.371065688660614,-0.492213431644691
-0.580848,-0.42897718789397,-0.228100511107073,-0.429410856298229,0.399616141568355
0.368985,0.422254614136107,0.160751016184572,0.333759830752071,0.148603915683553
-0.530111,-0.392864536757858,-0.198502287667835,-0.341097312785138,0.500197453851492
1.30322,1.0800184947246,0.543450143587339,0.44858678337598,0.097034789035392
-0.78222,-0.623530894066589,-0.2894173966109,-0.297812948693224,0.743433775156142
2.82039,2.23428825198647,1.15208165688589,0.245240767892221,-0.296448304302568
-0.647446,-0.516703938289719,-0.247361310643463,-0.383818573539828,0.441667458362249
0.321282,0.360740032179858,0.139763285145296,-0.355721513766474,-0.185273247050659
-1.08187,-0.992683012746483,-0.55309864846852,-0.735285249877081,0.0106443528799445
-1.24173,-0.96038319973583,-0.543324128598955,-0.658618424228549,-0.0366036259541986
-0.524025,-0.364079602065469,-0.152987858609397,-0.468249737176577,-0.00174002567661341
1.32049,1.16480702369572,0.550140749179301,0.328349429077149,-0.307639791811242
-0.771472,-0.648843934391254,-0.332768662108974,-0.492853262103074,0.50679287369882
2.68825,2.12139492380076,1.04948661229277,0.124962741902462,-0.411343001734906
-0.969405,-0.858354947996042,-0.442353119719581,-0.534532029593405,0.383035548924358
-0.574789,-0.32745546917051,-0.206991418212919,-0.387502593650927,0.0714495485773768
-0.878689,-0.72359222312476,-0.381673222885882,-0.66312391021333,0.242588077723803
2.00641,1.53938263131364,0.872963620015255,-0.770211168229483,-0.508637078417766
-0.951481,-0.791703980533556,-0.446317653288044,-0.69862746765928,0.204783476058293
-0.579918,-0.296234812591087,-0.20778345911931,-0.411842896532732,-0.057709151630812
-0.856641,-0.694933354945635,-0.36262003259904,-0.517638152444616,0.141731402151284
2.01443,1.5354081537153,0.808275835976079,-0.427587836561225,-0.521560438931298
-0.623863,-0.431471415214656,-0.241593008720758,-0.435169021197513,0.124850216863289
0.281493,0.328098350493518,0.105537170179897,-0.335394481394313,-0.394958889659958
-1.08476,-0.96704562421268,-0.479595027235375,-0.725906971120142,-0.125510734906315
-1.24075,-0.92227240105924,-0.488067866953598,-0.650326680091899,-0.0933717484385844
-0.493196,-0.301458679173349,-0.128527347581677,-0.444072324476952,0.0294510548230395
1.17351,1.02810501287626,0.517880909917421,0.0607418845183336,-0.157737000693963
-0.739059,-0.56737244723382,-0.241678162132811,-0.554308464442563,0.634124627689105
2.49157,2.0085565762798,0.962248520268636,1.55677845703338,-0.0861277841776544
-0.750193,-0.574751307335341,-0.258790102337228,-0.461160335659737,0.882604033657183
2.58302,2.06401736645447,1.12213525368658,1.34383935835628,-0.130941183206107
-0.948248,-0.78623399477108,-0.412905560174676,-0.489284088843273,0.545679167938931
-0.582871,-0.315765023741233,-0.16908349922917,-0.36116106903364,0.165467817834837
-0.836509,-0.665208279218599,-0.326650467064073,-0.486460365323615,0.250467349063151
1.87535,1.49020846382741,0.77632868492899,-0.412164843518093,-0.483419458362248
-0.601894,-0.432134740615674,-0.169484733857162,-0.438482490075598,0.11006274462179
0.259072,0.3158348648732,0.107849554776616,-0.270744935778691,-0.39909160166551
-1.07149,-0.952602787500454,-0.48718647703916,-0.723752748828555,-0.168407437890354
-1.23469,-0.902953293811565,-0.491212569781917,-0.640692306828774,-0.151383201943095
-0.488966,-0.288052083387397,-0.156743552672033,-0.394130525306859,-0.0659415492713393
1.1412,0.967699561950486,0.53330444730097,0.428971936779823,-0.303764805343512
-0.554308,-0.386060101460535,-0.160207376980033,-0.406027852850637,0.295572698473282
1.10781,0.957036828014556,0.429007067213419,0.812069602737366,-0.105093748438584
-0.752189,-0.580818011802076,-0.311213544828706,-0.10868396601397,0.443586270992366
2.48656,1.95521484445052,1.01835433721854,-0.110098072973054,-0.53898581575295
-1.07905,-0.959541542112579,-0.470943070034895,-0.792782184503409,0.114568558292852
-1.24309,-0.906799928689295,-0.498936582026222,-0.786506103863661,-0.19994240388619
-0.896728,-0.730253685089365,-0.352438635924694,-0.84037885758328,-0.336212103053435
-0.562377,-0.279538646436641,-0.159348550152567,-0.736827268101927,-0.36535451908397
-0.866105,-0.633907222254113,-0.356263536339431,-0.692444357483327,-0.0725252029840388
1.82664,1.31290474327562,0.748126176029227,-0.456547114020825,-0.687673341776544
-0.618235,-0.392378056932403,-0.193371335359758,-0.420217463871484,-0.0315400242886884
0.169029,0.241985544403862,0.0570194898035663,-0.369557882662438,-0.420790008674532
-1.05803,-0.917960724517065,-0.491289125335847,-0.665220047192761,-0.187087436502429
-1.26312,-0.946692538666713,-0.504288065945722,-0.584294338282048,-0.14736690388619
-0.507341,-0.276087919125567,-0.116286558200639,-0.445665341545071,-0.131749165857044
1.04118,0.921252262290077,0.44292189485069,0.0555753105676466,-0.359843393476752
-0.732707,-0.578644207430943,-0.255134310680961,-0.483414509830985,0.339975504510756
2.25734,1.74306032733394,0.812199535861359,-0.0436944677276492,-0.447003708535739
-0.955602,-0.784262414240962,-0.43029629706041,-0.528085791539612,0.273541656141568
-0.628211,-0.320110462767168,-0.207419565012545,-0.403356125358251,0.0248197723802914
-0.860955,-0.666354570680215,-0.290087895455187,-0.527701092181793,0.136789414989591
1.70073,1.32615781505536,0.748183307862744,-0.53373546152769,-0.520585396252602
-0.659818,-0.429623150677926,-0.211949092581012,-0.469575646095263,0.0698699739764054
0.132273,0.174669140887021,0.136029189966594,-0.475324814041889,-0.373499270992366
-1.00495,-0.821379659605546,-0.451597893660661,-0.581928838671385,-0.164148089972242
-0.712711,-0.447751394792785,-0.252712653307325,-0.459562844986944,-0.273884894344206
-0.887885,-0.692430415353059,-0.34227010797145,-0.625513873943565,-0.101983028278973
1.52082,1.15752416791393,0.639528222501357,-0.544495293380916,-0.682028022380291
-0.692117,-0.505630294493787,-0.257138515052419,-0.531780561433489,-0.120827950902151
0.0714647,0.127873096137201,0.0944498714709356,-0.466654358538489,-0.525717930256766
-1.13022,-1.01116996106872,-0.55267706363737,-0.796244354385047,-0.288475216342817
-1.29047,-1.06321153078613,-0.543841094206777,-0.719752167664228,-0.250139734385843
-0.585445,-0.429355080760999,-0.12495779777191,-0.535153173090235,-0.239292410652325
0.84062,0.753677213696641,0.420075318508899,-0.0645798015244172,-0.416853851744622
-0.826015,-0.64163469187662,-0.302053448782718,-0.424034911363553,0.240846672213741
2.06618,1.65218213123871,0.932258859699801,-0.156816466900602,-0.487810002532963
-0.757907,-0.776715786381167,-0.353754902262002,-0.641741912329359,0.200900450902151
-1.02839,-0.85780839636314,-0.447785939639394,-0.467610907025133,0.178990827723803
-0.000328188,-0.00456494978972761,-0.0285747789520534,-0.102322942658763,-0.00389309056210971
0.613654,0.49663787639133,0.2082346265286,0.105006302965243,-0.0704521060027758
-0.38008,-0.354523125334009,-0.175249561566594,-0.168189988767513,0.329019054302568
1.82614,1.38565327303055,0.738194171733542,-0.0763887757144879,-0.316319912317835
-0.696412,-0.641856607810972,-0.346254549988919,-0.321113633767402,0.205971393691881
-0.785177,-0.538979930664723,-0.316715441883482,-0.159808351931199,0.092181400684247
-0.533957,-0.480436482383298,-0.251063668987243,-0.284971769980464,0.137085098542679
1.23127,0.953496729796039,0.531090573773522,-0.44208425455294,-0.235659092297016
-0.250488,-0.193374472537901,-0.134933732246699,-0.335195536788812,0.158718569396253
-0.150328,-0.0134376723060001,-0.0257367382039894,0.259175119936791,0.0537276165857044
-0.401555,-0.363753911394799,-0.177725208469125,-0.108524869943256,0.241109836224844
1.85328,1.48434513455092,0.802010871134363,-0.438279512899305,-0.331064114850798
-0.703329,-0.63104020215722,-0.296898605827741,-0.38697046460213,0.197639636016655
-0.822473,-0.562822266538725,-0.316126131378094,-0.137564042170791,0.0442472723802915
-0.524752,-0.482694399534065,-0.24123882371385,-0.286341710712968,0.00845220402498267
1.26865,0.982763894512137,0.550990242420855,-0.450824892447964,-0.401273568008328
-0.229427,-0.144582206882311,-0.074608475427892,-0.363226346210669,-0.0732865877862595
-0.171094,-0.035924012123013,-0.00381975757268292,-0.300953559095469,-0.334021125954198
-0.864198,-0.783463994145189,-0.383119775382538,-0.662828636136988,-0.310177606176266
-1.2365,-0.933735001500839,-0.548366021681849,-0.487360846164775,-0.241421529840389
-0.130453,-0.012550943629238,-0.0105060462129113,-0.469946935689076,-0.382057012491325
0.609699,0.492316778945398,0.274831174612037,-0.742644721583641,-0.520030940319223
-0.716966,-0.623237812865904,-0.345571552904393,-0.622018981613785,-0.187098932338654
-0.834653,-0.53366844790384,-0.294323604885593,-0.12997525138067,-0.157352744968772
-0.515347,-0.426346415598661,-0.240960143773083,-0.336355177385902,-0.0977617262317835
1.32933,1.00400275554799,0.650074701060493,-0.457316223726199,-0.451935386190146
-0.244328,-0.135359762839196,-0.0848996332141284,-0.361360455860014,-0.0890301839000694
-0.170679,-0.0212357720801639,-0.0353153220775459,-0.295246605866269,-0.310277006939625
-0.816493,-0.755879250076314,-0.398127464180147,-0.653390972653026,-0.215721723802915
-1.24966,-0.940746930657181,-0.547869467045707,-0.453312738225081,-0.0815017439278279
-0.107305,-0.0116695570734623,-0.0207157064640862,-0.39090344332931,-0.212657172102706
0.611846,0.577544889423281,0.323159073763885,0.104379415687158,-0.252201236988203
-0.405328,-0.350055002992919,-0.187290742287398,-0.189671018668008,0.121196928868841
1.88886,1.55534967727959,0.839017664221988,-0.145883521494349,-0.5575058296322
-0.857924,-0.828057500025367,-0.414836041229599,-0.699734450014526,-0.0542372137404581
-1.25338,-1.0156091965709,-0.545191550945082,-0.654136814058041,-0.198583841082582
-0.708222,-0.626900034881561,-0.305733006371069,-0.703158444224029,-0.40604459056211
-0.849942,-0.585979805145751,-0.295137051853019,-0.671412670463792,-0.284394825468425
-0.537633,-0.449606104906491,-0.228882874803062,-0.566259426352198,-0.113514785912561
1.30809,0.999171113613616,0.604303739728887,-0.452347571361739,-0.435939038167939
-0.26426,-0.183395012450198,-0.127695709659946,-0.236554086680222,0.111477456627342
-0.133201,0.0389190844130619,0.00185982329108717,0.23387147892775,0.10574772796669
-0.162639,-0.135483932713712,-0.0640340347699531,-0.074602824892987,0.202798693962526
0.591947,0.617711077240041,0.353099758904421,0.275790946015126,0.0911779864677307
-0.392414,-0.28990256538718,-0.116974046543296,-0.0365972308259887,0.425792444482998
1.94732,1.49331997678992,0.852933269053899,0.0458667037029865,-0.233849757807078
-0.277241,-0.169998845887016,-0.0375032177372373,-0.153239247137731,0.19192226925746
-0.118662,0.0665423973454671,0.0110456870857468,-0.270986214632819,-0.139360870229008
-0.812325,-0.738159557813104,-0.371272987928165,-0.648245476739787,-0.104697858431645
-1.22099,-0.864797975460415,-0.437980171039753,-0.457884162891311,-0.0329781342817488
-0.114997,-0.00620493750151663,0.0399870827038543,-0.370347866050947,-0.151659166897988
0.639391,0.650030238533398,0.367416507055283,0.0824712448385483,-0.19565310721721
-0.394104,-0.324077325801789,-0.159956789705186,-0.213400142113499,0.274817995489244
1.96117,1.59789369865897,0.839489077363599,-0.0953561749205261,-0.339494461832061
-0.685779,-0.566403178857043,-0.30107748107393,-0.30033125485367,0.195410625260236
-0.783469,-0.450526027684936,-0.235152954409914,-0.0964558305378111,0.0575786335877862
-0.517704,-0.41603221215816,-0.214450560739009,-0.413897473575091,0.0438636870229008
1.32265,1.04856484921444,0.636230172416893,-0.702864747802947,-0.420717167938931
-0.679444,-0.51637649870302,-0.274498363112359,-0.502787681229719,0.0342992449687717
-0.818163,-0.445961567061981,-0.268992013550753,-0.145209319283831,-0.0436706422623178
-0.473046,-0.373881873510479,-0.138746608212348,-0.277052322052598,-0.0261324597501735
1.35165,1.01023149422518,0.644981087664258,-0.417061368841505,-0.401604153018737
-0.225309,-0.0999751762106343,0.0459506287560014,-0.318783832859354,-0.0381073143650242
-0.106436,0.100885833081982,0.0648072136157553,-0.262635934359246,-0.291139164469119
-0.809282,-0.688385329602784,-0.363211357804386,-0.63633420216811,-0.184620637751561
-1.2408,-0.817318187035867,-0.487336451050393,-0.431999954237258,-0.0397298893129771
-0.103445,0.0240846046593053,0.0280683542523304,-0.356734108373172,-0.0679535947258849
0.67421,0.679615269171423,0.416580204958732,0.109428912524487,-0.0416450367800138
-0.368313,-0.302568418216088,-0.108958211196325,-0.256194540054365,0.466506573213047
1.94154,1.62295418577973,0.84856159888559,1.37889951474802,-0.0109984167244969
-0.36619,-0.295256502855048,-0.11364925182131,-0.179136049669591,0.674050008674532
1.94253,1.60366820003542,0.892230358091084,1.30876739243267,-0.0558133674531576
-0.655447,-0.568852423801394,-0.237508925214432,-0.252528477568756,0.379089001734906
-0.8122,-0.423531418871173,-0.216368756677457,-0.0747345508356503,0.185537130117974
-0.49942,-0.417011640928467,-0.166188303612059,-0.249135826277506,0.111032272727273
1.3817,1.09251722593218,0.681870244920902,-0.429396014282836,-0.382067912560722
-0.24398,-0.124211379116081,-0.077621927429109,-0.350321999887821,-0.0279682172102707
-0.111092,0.0533265939554121,0.0249465829536012,-0.299092497487242,-0.30449390943789
-0.865003,-0.740659285740217,-0.402326591128248,-0.657912533081649,-0.223347269951423
-1.2566,-0.899179644386134,-0.54368533461706,-0.472365023202639,-0.109138674531575
-0.137014,0.00416446856065771,0.0449930117086378,-0.222886631182315,-0.158711689798751
0.642488,0.614601577082534,0.403564915919348,0.269807224737846,-0.183376156141568
-0.149995,-0.0705084522504933,-0.0350085711558943,-0.154842601303164,0.147835316793893
0.642103,0.647701126739849,0.328274171405049,0.591182528696683,-0.014902486814712
-0.390945,-0.321059729658419,-0.144997137604424,0.11382134726295,0.293018226925746
1.99206,1.67682020508497,0.846486454557214,-0.157805215013472,-0.446454004510756
-0.867322,-0.776112577266531,-0.424424854136363,-0.656217891678582,0.0288536547536433
-1.25234,-0.965340608124291,-0.532203886226811,-0.629865621435368,-0.176936299791811
-0.716904,-0.576441559568158,-0.27528097903012,-0.681571133465636,-0.378295373941707
-0.81604,-0.487397376852612,-0.179850489232773,-0.659588854728252,-0.282163052567661
-0.516602,-0.410544393097899,-0.137838976227948,-0.548405990861283,-0.165932473108952
1.3995,1.13984284381381,0.745740905752903,-0.444509172411359,-0.555463025156142
-0.247721,-0.153457249617887,-0.0874121412673379,-0.371307075632832,-0.117906715648855
-0.0917247,0.0542198500870112,0.0501142357788103,-0.335169081993129,-0.318385141221374
-0.881873,-0.758846195604041,-0.409326651527082,-0.642994958330126,-0.195329943615545
-1.28329,-0.927506648508694,-0.530705013212874,-0.456111790198135,-0.0700416920541291
-0.128924,-0.00260839457514894,-0.0178731533020836,-0.387109339613948,-0.180572692054129
0.681938,0.704443231884294,0.419950075290242,0.131181292899452,-0.217015130291464
-0.416693,-0.328078434281612,-0.131782010582092,-0.220587589484738,0.273495178452464
1.99328,1.65072587634981,0.941742532018701,-0.0778935502209979,-0.346286923317141
-0.717647,-0.631901575206783,-0.335140589854412,-0.319708766587257,0.229546583275503
-0.845531,-0.560744382843292,-0.216136590059416,-0.100902813083447,0.118291387231089
-0.54551,-0.455078058986336,-0.188798250429302,-0.267831287580525,0.0834721349757114
1.39231,1.14430434243346,0.675285253189241,-0.442563873977246,-0.379028770645385
-0.237375,-0.13722478486895,-0.0515044843533354,-0.369372307652676,0.0198789954892435
-0.102132,0.0292505265367716,0.10223422933188,-0.280509048965275,-0.222322827897294
-0.739173,-0.597575604904551,-0.33306956589834,-0.350336308821307,-0.145087781124219
-0.8363,-0.51140322000011,-0.247185784171847,-0.225446785792309,-0.117431982303956
-0.522714,-0.427813519810817,-0.204404618487989,-0.3918612536367,-0.0634556887578071
1.44557,1.17142197013856,0.72448127482287,-0.442260300379834,-0.494877493060375
-0.264458,-0.155980072808198,-0.0779443142300726,-0.355012831832754,-0.0815829142956281
-0.0898632,0.0586974612220373,0.0650493258298978,-0.289514848428549,-0.323529619361554
-0.892351,-0.761571055267196,-0.418142527152819,-0.640130811908423,-0.197149744968772
-1.2886,-0.928083284791027,-0.505852736400905,-0.468694080921637,-0.0787180537820958
-0.15894,-0.00474402428545761,0.0215803849221135,-0.400174119906104,-0.196226691533657
0.689273,0.701815831998252,0.428382894890346,0.123848734073874,-0.239570498265094
-0.43428,-0.33813416699837,-0.154229394256242,-0.20574434639977,0.233331459680777
2.083,1.6786141804063,0.967391036210921,-0.140576022902015,-0.451738625954199
-0.881337,-0.777801562092449,-0.353611719995952,-0.641582580071326,0.199390239417072
-1.28795,-0.94193301860999,-0.504555720923313,-0.408329833286095,0.175019819916724
-0.136716,-0.0286829616605271,0.0272912558933783,-0.188403686117152,-0.0379724007633588
0.689151,0.704095842254126,0.377791181136726,-0.158119172475356,-0.121867137057599
-0.437254,-0.35042931739469,-0.150676643168602,-0.259991531923648,0.345279600971548
2.05651,1.71756364474348,0.667408177808271,-0.184302781342488,-0.357085943095073
-0.747874,-0.642148120776384,-0.321149320866194,-0.360301439692748,0.241452779354615
-0.843772,-0.491759724963161,-0.220591213402065,-0.153879557137973,0.127478225017349
-0.570944,-0.459453045041425,-0.206284625004347,-0.319548350257871,0.190461812456627
1.45372,1.14176487291559,0.806771284980887,-0.451661683120221,-0.234775075468425
-0.274086,-0.166092897887271,-0.116642802318812,-0.353361731748555,0.228656169500347
-0.0788129,0.0988646096907682,0.0859489271928851,0.350820365961666,0.0885920045107564
-0.443863,-0.332330528436868,-0.166063478235237,-0.0851456528019109,0.318396389833449
2.08736,1.73353698792322,0.982547521154329,-0.437074566046411,-0.324494786433033
-0.720651,-0.615513776022743,-0.293703113996934,-0.388771566253671,0.261120297258848
-0.838407,-0.522821608977668,-0.25972419492596,-0.0847366613219886,0.0884379696391394
-0.562764,-0.472355731149192,-0.22603784362589,-0.289707811023702,0.0633549375780708
1.45992,1.13605098540982,0.762884487129631,-0.438285378851682,-0.402460544760583
-0.274308,-0.169537409094582,-0.0657593136632993,-0.364997241016094,-0.0116301901457321
-0.0620868,0.0747895375005848,0.0826192752556268,-0.269396164209536,-0.32947143129771
-0.869216,-0.775731648468472,-0.438019706598251,-0.673587510237682,-0.289172451422623
-1.29363,-0.955089764950815,-0.53311987722612,-0.470839000203425,-0.220979954892436
-0.154527,-0.0218141570056273,-0.0275998484497837,-0.450354414809387,-0.366375241151978
0.723577,0.638438396899844,0.471035726456032,-0.775193169737596,-0.543300770645385
-0.764539,-0.632001003351182,-0.335367438254372,-0.661690156715487,-0.171139007564191
-0.857393,-0.543961728508249,-0.295224695900377,-0.105008220863468,-0.157740389312977
-0.581486,-0.474618476884283,-0.254079217991428,-0.359504321287004,-0.0807273438584317
1.44703,1.18133268083687,0.819490764709768,-0.463060376063093,-0.474695770992366
-0.28498,-0.184429865756411,-0.0938647351920159,-0.380295677687278,-0.065875575294934
-0.089534,0.0462293900551099,0.103369941689295,-0.294021824693068,-0.330316187716863
-0.880211,-0.797906889543517,-0.42245422474696,-0.655324919343266,-0.201590903192228
-1.30612,-1.03651023964515,-0.543777800019213,-0.462784588990563,-0.0710867873004857
-0.125995,-0.0421586488651379,-0.00779341024253125,-0.400499876548054,-0.198315294934074
0.719145,0.680283804638296,0.43041750436936,0.139404242298043,-0.260379950381679
-0.454244,-0.369253950795484,-0.196294056212577,-0.195084648566032,0.164008680777238
2.0654,1.69220323364466,0.966384113148868,-0.124771573834227,-0.579119818875781
-0.89938,-0.839760550055229,-0.434169941111463,-0.721495569830443,-0.0283552272727272
-1.31056,-1.0473602278162,-0.55572054026792,-0.671505215132453,-0.182014746009716
-0.740637,-0.654706905970607,-0.346707042376728,-0.721553978685164,-0.392429788584316
-0.843608,-0.548646082505455,-0.2588399265026,-0.677956969837854,-0.268518916551006
-0.552162,-0.452142137943519,-0.251318561933627,-0.561542666461724,-0.0647567940666204
1.4807,1.12153135131603,0.751102272826599,-0.431754048493458,-0.419755830499653
-0.222963,-0.162229421143519,-0.0785230205327395,-0.19178595354872,0.17447470593338
-0.0617247,0.0922754402446438,0.0942029764751269,0.347092620945566,0.159625104788341
-0.133949,-0.102788733928198,-0.0225048575457076,-0.0748322641588652,0.267602724149896
0.709932,0.631905495891019,0.38742424337436,0.270174013134168,0.124456924358085
-0.432926,-0.355395003947946,-0.176857288150703,-0.0202864874679283,0.491103983344899
2.07323,1.64158055884358,0.93728974867494,0.0838148910304007,-0.227198152671756
-0.280741,-0.212382023926787,-0.101582840468391,-0.177952994461283,0.218923048507981
-0.0839535,0.0443831349502762,0.0506667148039464,-0.289082367221182,-0.14715013185288
-0.886852,-0.804996205333711,-0.402932430561786,-0.646372721780418,-0.101623230569049
-1.3079,-1.04974962551425,-0.579282624236232,-0.470461793358441,-0.0356938062109646
-0.133896,-0.0479314524332232,0.00133137855359674,-0.396013387919113,-0.161548763879251
0.719219,0.689056263258328,0.417108650936567,0.130546061215785,-0.224752736814712
-0.443091,-0.372238461735996,-0.167864338474364,-0.228137920523699,0.28678239295628
2.03674,1.72644636183071,0.966092146859255,-0.0727256888871273,-0.365438743927828
-0.741276,-0.670742183069658,-0.362251480003233,-0.336710484736196,0.197968320957668
-0.842785,-0.580640632081338,-0.229183026001349,-0.122640113997402,0.0559218174878556
-0.571074,-0.506866470271126,-0.269475931450817,-0.463921191882322,0.0540436707147815
1.47835,1.22538851061001,0.782748223176898,-0.74800575254875,-0.458494678001388
-0.730683,-0.606760617280028,-0.330787273090493,-0.560086180422172,0.048810460166551
-0.829139,-0.518691523841499,-0.206318589953055,-0.179092519379553,-0.0513445024288689
-0.580116,-0.471684460383815,-0.235388137877143,-0.319076283527559,-0.00291438410825814
1.46514,1.15645726087146,0.743026965913341,-0.435447919348651,-0.424898226717557
-0.251386,-0.150946243979255,-0.078329579806935,-0.36184745078707,-0.0152808018736987
-0.0541398,0.0603136679816996,0.0622226077215357,-0.281708934832099,-0.293117244274809
-0.819167,-0.751713367489557,-0.420348739180825,-0.639585497329443,-0.16622369500347
-1.26078,-0.867368500445838,-0.513338538247745,-0.425554144340099,-0.0169726325468425
-0.0992234,-0.0172596121116952,0.00931623297114278,-0.343964078063629,-0.0356219396252602
0.757278,0.66706590985311,0.448475951647165,0.147815283760849,-0.0196235517002082
-0.37735,-0.332277402749384,-0.153137526176904,-0.299276960669375,0.525903209993061
2.10643,1.57848788372891,0.911685482295127,1.52888887990378,0.00610282616238711
-0.398826,-0.337786857774999,-0.156461733097778,-0.221108467397877,0.743065116585705
2.07478,1.59255177673514,0.916141994444352,1.49379786680427,-0.0390408089521166
-0.669027,-0.614293982380779,-0.31181100376171,-0.268149124887127,0.423098937196392
-0.80561,-0.468174892433014,-0.269540821812526,-0.106252854147142,0.211688117973629
-0.508048,-0.42363297755299,-0.216460223996311,-0.267094016072967,0.139992054129077
1.42751,1.00345499605807,0.669485576775903,-0.412149644479061,-0.367943485773768
-0.254441,-0.175392526325102,-0.0609445692239065,-0.335259310415654,0.00743407390700906
-0.061316,0.0462450301120806,0.0625843608789731,-0.271369819969875,-0.279624897571131
-0.816564,-0.755621023231101,-0.383620976703094,-0.618306821595143,-0.190767508674532
-1.21608,-0.875543053040637,-0.534971177543462,-0.428240132072218,-0.0712298122831368
-0.10027,-0.027996655014449,0.0358469990659238,-0.152332036602541,-0.118700785912561
0.678536,0.541722159880157,0.358218593701383,0.368011298928184,-0.141377337265788
-0.0934488,-0.0744934098602413,-0.0364327744579092,-0.109095318035785,0.186702373004858
0.669053,0.554971616190703,0.304430071009485,0.626005201450359,0.0326428053435114
-0.337401,-0.304403497444248,-0.132209684130715,0.161946918108976,0.335238498959056
2.00807,1.44102328797971,0.820751846406449,-0.105639465891374,-0.38914246703678
-0.787655,-0.722949143261016,-0.35106131180265,-0.619614590784451,0.0739182696044414
-1.19385,-0.87563435236609,-0.521307420032087,-0.576936363855182,-0.121393888549618
-0.652521,-0.574987630978608,-0.296206017262916,-0.640657731661826,-0.325252526058293
-0.747601,-0.46604484225672,-0.197243078148588,-0.619862151927238,-0.231802540770298
-0.447665,-0.386220016590869,-0.206271716196498,-0.497566430941096,-0.121858890527412
1.37195,0.933975931726613,0.527431893148769,-0.380870681604656,-0.48892723907009
-0.169744,-0.122567654157423,-0.0592660034946356,-0.298085850487204,-0.0796086505898682
-0.0859151,0.0250292196840285,0.0591558207945878,-0.256613357023058,-0.251146383934768
-0.789788,-0.716609520781492,-0.366870997319548,-0.582410192031431,-0.143041275503123
-1.17059,-0.845668294290463,-0.509359965224047,-0.403161014509633,-0.0172860607217211
-0.0385205,0.025516769436021,0.0731700281414933,-0.305024803783788,-0.128250509888966
0.647239,0.529248257336055,0.276758823002589,0.133717577311438,-0.136537911866759
-0.29397,-0.279431832733788,-0.138758795835556,-0.149550420946074,0.305228681263012
1.9448,1.35809278709693,0.80438056009756,-0.0373175359615049,-0.265199951596114
-0.614652,-0.555557044478155,-0.265492166802261,-0.249862417893311,0.276439360895212
-0.735777,-0.458818964799922,-0.291270609073705,-0.0752350087439428,0.17026489018043
-0.436392,-0.406546053467936,-0.213062805036002,-0.207364087545391,0.127485819916724
1.30877,0.896887605836302,0.570936004135508,-0.362753395411551,-0.28824794240111
-0.13632,-0.115272693111405,-0.0954354608452853,-0.280672857710203,0.0615422380291465
-0.0831624,-0.018197520913054,-0.0526166941952411,-0.217390533248051,-0.141527334142956
-0.601207,-0.52751774389814,-0.286719454417092,-0.273733749912041,-0.0870001951769604
-0.735036,-0.43775707228253,-0.300419975426826,-0.171732766575837,-0.0450776937890355
-0.39039,-0.349177891630295,-0.215329807485381,-0.288139905859443,-0.00706063584316452
1.3524,0.8696059706834,0.568527267125415,-0.345512524675596,-0.378778653712699
-0.117395,-0.101845448692351,-0.0674448202176947,-0.260324544900114,-0.0248651541984732
-0.0771405,0.00168466073854271,-0.0383116165076803,-0.196437749037165,-0.209960678174879
-0.740324,-0.679704587599771,-0.384887620820133,-0.521406341226051,-0.110305250173491
-1.09038,-0.820800053746177,-0.471524341021689,-0.364759102001642,0.000981090909090904
0.0198315,0.0312069003474891,-0.0464157665952113,-0.272317026048027,-0.135238206974323
0.632835,0.491634815689177,0.218444648337431,0.121697840716214,-0.146593252984039
-0.264435,-0.256534198519111,-0.122800207294273,-0.0832128679672491,0.223595067487856
1.84751,1.38760279462664,0.723794225936076,-0.105272969316702,-0.381395270645385
-0.860551,-0.821571254730504,-0.435091284849519,-0.593391179389994,0.179165532616239
-1.26989,-0.968868479349119,-0.537312347263783,-0.36670235102971,0.157049986120749
-0.0243621,0.0167901527838179,0.00858977944352246,-0.171586217191003,-0.0940350083275503
0.617246,0.469537135450663,0.167315587508128,-0.0764714196007876,-0.159186645211659
-0.398896,-0.337620775543855,-0.194109635292029,-0.261915288827859,0.20887594777932
1.50454,1.18072915436733,0.445429448375691,-0.104137010853543,-0.36791214555864
-0.734534,-0.638826821082985,-0.308236823038417,-0.393589325935188,0.0865159016308118
-0.758319,-0.533519151008605,-0.366690616669162,-0.290742602445228,-0.0378322578417765
-0.604454,-0.472927108125551,-0.242254179727179,-0.38243419696409,-0.0038683150589868
0.801539,0.586035034106457,0.160856208836666,-0.466616861922064,-0.306393945870923
-0.30384,-0.192345590251592,-0.0794176101499294,-0.392342084282859,0.0047485333102012
-0.158658,-0.0711936838486839,-0.149908278183101,0.0634627730126997,-0.0910865697432338
-0.478582,-0.369780240755891,-0.184641474416579,-0.185382249540103,0.0973839264399722
1.44282,1.06300722069561,0.354469363408474,-0.443656645022898,-0.395961003122831
-0.791471,-0.690161886085208,-0.376531807288639,-0.43729749183844,0.0842867848369187
-0.640082,-0.463780770458546,-0.322375546788304,-0.289083888198613,-0.10328052203331
-0.651455,-0.527555085117994,-0.277955128176725,-0.395117306679302,-0.0596339280013879
1.03018,0.773793424682816,0.228528260398367,-0.43150349056255,-0.451876471027065
-0.385542,-0.26330667718976,-0.150480780408152,-0.417316501455692,-0.119618174358085
-0.0368321,0.00435842182264039,-0.143930597047129,-0.349926930003819,-0.416882729007634
-0.960131,-0.878239328365214,-0.440725872633553,-0.636122331694361,-0.304250039729355
-1.03168,-0.822905847378276,-0.466604592131485,-0.595596563348092,-0.324904679562804
-0.283585,-0.150952351925033,-0.0931907790059271,-0.471541449071648,-0.394459461311589
0.533004,0.398626642782167,0.0812661119304436,-0.719158436891911,-0.579666888098543
-0.875299,-0.742951458100855,-0.403419228904058,-0.660615651422961,-0.227307292470507
-0.640295,-0.442594918563043,-0.30571735682986,-0.349372097440916,-0.313148341776544
-0.756724,-0.587393598421189,-0.313755897275108,-0.501402192836851,-0.167599568008327
1.06471,0.815262339617234,0.260427870796646,-0.504126925471479,-0.551088299791811
-0.500606,-0.341551136518051,-0.217274974639224,-0.465046442524754,-0.168674249826509
-0.0638978,-0.0393933667228791,-0.0992041443842802,-0.447555856143363,-0.454440191533657
-0.981547,-0.910270940353738,-0.443790720501064,-0.664850601740388,-0.268253839347675
-1.03095,-0.852261673146426,-0.468951189661666,-0.633951914333336,-0.252220311936155
-0.374685,-0.220877061269885,-0.101830025666014,-0.470219190094709,-0.277159479528106
0.516413,0.432348456979633,0.102484246853429,-0.0803814538861614,-0.399527767175572
-0.664453,-0.527273191411622,-0.257266293942323,-0.352529346847998,0.00690505523941709
1.57255,1.19984173513646,0.455131447126151,-0.255041839586812,-0.652640299097849
-1.00672,-0.973107140890373,-0.522587330019318,-0.707099344992013,-0.143307944136017
-1.01404,-0.895125415638322,-0.450870230953081,-0.757113373987239,-0.352674037473976
-0.884531,-0.771929675349552,-0.367382312667289,-0.753126866687181,-0.429547621443442
-0.622909,-0.476077777614379,-0.300946201522836,-0.749072171831189,-0.442497646773074
-0.78662,-0.62960740947806,-0.320429106423584,-0.661374024909207,-0.192609974323387
1.02508,0.76450124157152,0.274734504342288,-0.520929064538132,-0.553501318181818
-0.515441,-0.331813804164928,-0.176632929515845,-0.413320951942975,-0.028829333795975
-0.115693,-0.0166002294436027,-0.117761090456274,0.00800767658369902,-0.119271903192228
-0.43602,-0.266226163824549,-0.139439692914205,-0.363149853608739,0.045077218945177
0.495234,0.405854397719109,0.105980127945118,0.0185018158807634,-0.146420784177654
-0.687899,-0.509266353113256,-0.268521891743801,-0.305926222041962,0.225078592990979
1.60715,1.15843444842318,0.477896706221522,-0.129619097190638,-0.434818837265788
-0.600679,-0.42237792917738,-0.219235329584486,-0.397691972419102,0.0107041755725191
-0.130356,-0.0303362790576108,-0.104085127380405,-0.485795677832658,-0.376511032616239
-1.04662,-0.949054363939725,-0.525700255724698,-0.750230350251604,-0.267287437890354
-1.15239,-0.900848901319075,-0.521272707743948,-0.700480371199862,-0.292067193268563
-0.470123,-0.254929911632662,-0.141655786639304,-0.5486122517909,-0.326627477793199
0.467387,0.415943673195219,0.0945675925027115,-0.175242581218102,-0.461586307425399
-0.742706,-0.56464712329435,-0.303331614506906,-0.497335767427389,0.0190327335183901
1.4715,1.10889274293891,0.479802560187001,-0.292335544238655,-0.576572171061763
-0.960447,-0.79056674769819,-0.446622664087023,-0.58947550707648,-0.0636147133934767
-0.782726,-0.540043662995129,-0.346961996293129,-0.491618340276927,-0.252493545454546
-0.844799,-0.682247957982898,-0.354145651600553,-0.702006119975524,-0.1778243296322
0.997694,0.772681648543143,0.357535898093367,-0.855114628411827,-0.64967495593338
-0.956057,-0.751495531460921,-0.423142620973606,-0.71663074752095,-0.180063853573907
-0.768794,-0.512679921612121,-0.293786361940417,-0.496596193769003,-0.328378451422623
-0.794615,-0.599862916157602,-0.304233501350386,-0.534600456347156,-0.224267738029146
1.02982,0.769095101254883,0.354411915306496,-0.58941525966662,-0.625231947605829
-0.588127,-0.352356213759597,-0.169494796165263,-0.534441694394244,-0.232702203678001
-0.159956,-0.0410440414041675,-0.056272631506073,-0.514125553756359,-0.540581646773074
-1.05022,-0.902683417205247,-0.515037541912657,-0.765917121111416,-0.370231502081888
-1.23055,-0.936219253270874,-0.555159271970255,-0.68056204943822,-0.311650666897988
-0.470949,-0.230837797417303,-0.0535103782398769,-0.546023527610873,-0.272143320610687
0.48377,0.44563923444669,0.103492933697881,-0.177123665187938,-0.332303747050659
-0.716604,-0.510416797406634,-0.251292369053166,-0.553744296261737,0.191296427133935
1.54249,1.28308559255545,0.503430750537891,0.965396997599017,-0.301085521165857
-0.718647,-0.548376813375357,-0.258243531669602,-0.488789119379239,0.37132475537821
1.56677,1.26124620258903,0.516078272828064,0.886089855842219,-0.336371952116586
-0.947442,-0.780647126730628,-0.378906030131026,-0.525402080880193,0.127975523247745
-0.765511,-0.466806211376775,-0.328028578788749,-0.451209445553648,-0.123617109299098
-0.814507,-0.613853866025009,-0.314076168061057,-0.529985601578933,-0.0932643424705066
1.08013,0.807903459950165,0.379684490559589,-0.587175167653527,-0.594363956280361
-0.592162,-0.352249244497724,-0.211151026714772,-0.530952962052404,-0.199786148854962
-0.118767,0.0019381454248176,-0.0337827915710489,-0.536466763383548,-0.532059208188758
-1.07234,-0.9141700639747,-0.512166913370345,-0.727941541002024,-0.373856760582928
-1.19793,-0.83767700009824,-0.479703244851025,-0.660305759233229,-0.348013938584316
-0.48539,-0.209221889807565,-0.0999800660559733,-0.482815201254381,-0.320946606523248
0.484324,0.405168116671635,0.141801108571702,0.132943013673094,-0.430704577376822
-0.515136,-0.279624656910677,-0.136850913109106,-0.440531409448533,-0.0600817807078418
0.482327,0.44101194883041,0.150138436836221,0.365835912161032,-0.297939661346287
-0.769054,-0.570847360693085,-0.309550877614503,-0.168014294462623,0.0669926613462873
1.61496,1.30484412927877,0.627918947364891,-0.343183842209043,-0.661775631158918
-1.078,-0.98340734496118,-0.5244044003536,-0.833081717062405,-0.179518282789729
-1.24459,-0.998537339087728,-0.562479402196378,-0.828595505231694,-0.404244668979875
-0.924844,-0.757987395723626,-0.374420811672176,-0.843813519993421,-0.524218200208189
-0.763355,-0.531259440068985,-0.322561617894792,-0.821999990111202,-0.508928476405274
-0.814799,-0.643879930092177,-0.339480740426449,-0.748585814294121,-0.322321590909091
1.10989,0.858538684713084,0.443853665133227,-0.586677904169071,-0.742071591950035
-0.610665,-0.372898330890388,-0.209677905087359,-0.539058713473477,-0.275810480916031
-0.147275,-0.0376031206903323,-0.0754726343274599,-0.507566119893312,-0.534909291811242
-1.04737,-0.871712133720005,-0.47363880484,-0.767400421872074,-0.362492012491325
-1.23971,-0.882285186277088,-0.524102707927431,-0.673415324120741,-0.30668960999306
-0.491388,-0.238422761830367,-0.134191021225677,-0.559355637063514,-0.326324633587786
0.549209,0.510706415040292,0.256300794503762,-0.170102928321293,-0.448783498612075
-0.727655,-0.501680642221872,-0.24575328904376,-0.476461962066081,0.0748819118667592
1.63209,1.23051223688752,0.549144448293289,-0.264178606868885,-0.536752612074948
-0.937377,-0.743776987725598,-0.384467509939935,-0.529608397273437,0.0391668011797363
-0.719369,-0.418620584650515,-0.239960820418186,-0.423113685286707,-0.144430269604441
-0.809948,-0.592971999876009,-0.287484501090671,-0.517572513152577,-0.0782893560027759
1.13265,0.837919767166285,0.404339217208422,-0.5772031515509,-0.566962618320611
-0.621918,-0.370061429507686,-0.211995313137603,-0.541150076610322,-0.125161583969466
-0.107114,-0.0264850789380731,-0.094927767373303,-0.480617223767139,-0.441979082581541
-0.952764,-0.71174973381508,-0.380852288952871,-0.517637514442793,-0.283527449410132
-0.740048,-0.424352003522836,-0.239264862935256,-0.435313529723575,-0.350344047536433
-0.806701,-0.528966527814319,-0.259778651365792,-0.560871857558671,-0.219436686328938
1.12298,0.854048475154647,0.490532514701557,-0.564587253261657,-0.669956804302568
-0.637619,-0.372260402222486,-0.245874384824295,-0.513548067547094,-0.223469176613463
-0.0709142,0.00972328637559404,-0.0702102234325955,-0.478367966590239,-0.539733204024983
-1.05319,-0.920204267699764,-0.517033762388259,-0.779667700394837,-0.346262062109646
-1.24573,-0.939879477697695,-0.549989322331262,-0.676463645097223,-0.298796589521166
-0.489577,-0.253974093902972,-0.0846454236223547,-0.550793636907227,-0.338066965648855
0.568792,0.509813799182822,0.204720814499075,-0.137708446785128,-0.469484168632894
-0.750225,-0.560026135921221,-0.317043937809154,-0.434514693625671,0.0343365915336573
1.69326,1.31592868397976,0.56495142929988,-0.312913151616499,-0.642265064538515
-1.06409,-0.962941825699537,-0.517165609673257,-0.751316820918779,-0.0253832303955587
-1.24939,-0.963169648628622,-0.556581498439992,-0.639839657453807,-0.100166901804303
-0.490428,-0.310913105431548,-0.0780730287835489,-0.420778235422009,-0.213075238723109
0.535002,0.481917543316406,0.173392149513158,-0.155111485611317,-0.371124773074254
-0.741716,-0.557636220401601,-0.284986916694985,-0.496936031865899,0.126582447952811
1.64749,1.2285874660295,0.572733166534762,-0.26539792803147,-0.540256007633588
-0.945199,-0.772245930259007,-0.408438643233852,-0.549285213869058,0.0479349347328245
-0.73175,-0.466290501808032,-0.304035431575812,-0.413278385409807,-0.119861518910479
-0.811416,-0.642342168911898,-0.349920171228607,-0.533817843228142,0.0349495869188064
1.24579,0.903461273578157,0.444785434257638,-0.546619513944514,-0.418944604614851
-0.608929,-0.350816734729539,-0.196474989919476,-0.531664914663099,0.0927092454892437
-0.0349251,0.0987723916209361,-0.0607223393028956,0.0450107300133736,-0.131777330326163
-0.696631,-0.521568424915588,-0.276476815199115,-0.360839048056569,0.177873030013879
1.85509,1.37827052164414,0.682794311157601,-0.541647088135342,-0.478027098369188
-0.932557,-0.773318044039979,-0.408798485774016,-0.542567001783,0.135129706568702
-0.701062,-0.422619596467797,-0.308421754667494,-0.370437484510278,-0.110926027451423
-0.793242,-0.61831802876919,-0.297365390284323,-0.505838017522598,-0.0390016999045801
1.31384,0.962624989915175,0.49585056127368,-0.520804115364011,-0.551137232607564
-0.589794,-0.346918211905833,-0.175538806556271,-0.480039318057923,-0.102325398551353
0.000511751,0.067274439644818,0.00632680517419691,-0.440076862269732,-0.500672701596114
-1.06171,-0.917526541971943,-0.521503432321674,-0.728818517907147,-0.371884236164122
-1.25695,-0.938181926270141,-0.580444374590296,-0.634598507208832,-0.373626444613116
-0.455375,-0.208429481921348,-0.0651660463513242,-0.508760161459231,-0.427392797024636
0.702427,0.514955768022867,0.24124576919906,-0.842413330742432,-0.675210151150243
-0.935689,-0.731752367817966,-0.388789270121258,-0.733357234330157,-0.238898302431992
-0.716376,-0.423980000989132,-0.301369452160231,-0.328806355380901,-0.31337288945177
-0.807243,-0.588539732021867,-0.333413280352467,-0.527924276259728,-0.15214172241499
1.32227,0.98830066061112,0.542766692841934,-0.522359955429008,-0.600712200208189
-0.578163,-0.368826287868068,-0.196411617581599,-0.488998630064596,-0.136461803261624
0.00418976,0.061655921609995,-0.0131238892248729,-0.440733854628902,-0.494430618320611
-1.05435,-0.916561142350707,-0.523964871687177,-0.749038474387524,-0.294992838653713
-1.26944,-0.935783968640969,-0.561656191377534,-0.644701407780347,-0.248483845593338
-0.458186,-0.224910387112372,-0.100295128256987,-0.509689869622629,-0.296277326162387
0.664966,0.576609914753344,0.1984348564121,-0.0666816262364351,-0.452236553920888
-0.703543,-0.531892150846964,-0.25646246827886,-0.409029519855107,0.0216799186537128
1.77898,1.39301515604692,0.675792125757071,-0.24841287895158,-0.713396430950729
-1.06947,-0.999617369362383,-0.527931916216149,-0.796907932645861,-0.158814444829979
-1.26854,-1.02490541634871,-0.571626946413967,-0.789432158484209,-0.341077457321305
-0.900798,-0.763338001673844,-0.377564469661488,-0.809989516128729,-0.471871296321999
-0.709415,-0.48842789603288,-0.239406337020061,-0.784989625147769,-0.442009081540597
-0.780444,-0.624451604146513,-0.296753585869201,-0.713967355041433,-0.172566638445524
1.29556,0.968496288159203,0.514790007447865,-0.527663584938308,-0.580422509715475
-0.571796,-0.383107546933833,-0.194459779935485,-0.449648013701812,0.0391526110340042
-0.042672,0.0506520103777715,-0.012646544519894,0.0821091094293769,-0.0885841027064539
-0.51057,-0.321700663994335,-0.130639542396304,-0.366296363824275,0.12197974833449
0.651553,0.546875006051412,0.199268816967412,0.0735432659597639,-0.119361661866759
-0.717493,-0.551773116663033,-0.287504228679334,-0.313972569875209,0.309336786086052
1.82905,1.38444900293967,0.690865816986358,-0.0701818134814074,-0.422784753816794
-0.618991,-0.436866990633213,-0.182492230194149,-0.383017432448186,0.0823861795628036
-0.0268213,0.0587830390738543,0.0137125738510417,-0.470054939991437,-0.357682880638446
-1.06777,-0.964543520147006,-0.501892865481481,-0.740961734468002,-0.225118089694656
-1.27464,-0.980153400721064,-0.533660408879456,-0.649664321992637,-0.227339876648161
-0.471092,-0.26523535652234,-0.111770063712739,-0.515840718082401,-0.261568324947953
0.699914,0.614870191166278,0.246804419530481,-0.0604816519235957,-0.423809462699514
-0.718277,-0.566626236924033,-0.268934792212347,-0.471716723900667,0.147040931540597
1.79556,1.3610971404334,0.628426362153443,-0.182060820383881,-0.521372188063845
-0.939934,-0.773411149935728,-0.413801923312293,-0.538440164916594,0.0623522605829285
-0.74732,-0.471927735046412,-0.284530040083356,-0.396817042744369,-0.14277542297016
-0.8275,-0.670623586697296,-0.332064732309177,-0.657934013653887,-0.048476953851492
1.31124,1.00696517361679,0.50999830383192,-0.818120673463196,-0.593517506939625
-0.922271,-0.752153511718625,-0.391682469929372,-0.685541400538213,-0.0552702917418459
-0.703015,-0.45755017869502,-0.26363364419795,-0.399136368914523,-0.231421458015267
-0.792372,-0.625790769264053,-0.320031782807112,-0.474221450706502,-0.105893617279667
1.32825,1.02534157754583,0.572414203874213,-0.537734654161868,-0.583091417765441
-0.577778,-0.393720680373732,-0.189751739648543,-0.501378773362962,-0.123518687369882
-0.0399518,0.0419378253798452,-0.000468382476574539,-0.471359730136203,-0.490565804649549
-1.06802,-0.950979851323488,-0.536693234454274,-0.6990541922033,-0.296717787994448
-1.27223,-0.909529323834923,-0.513508966283462,-0.595548116454681,-0.235214527064539
-0.443661,-0.214297082776024,-0.0847275730050149,-0.476816287302396,-0.185143695350451
0.729633,0.641181732544449,0.315160606829063,-0.0469756914829721,-0.282868911172797
-0.703413,-0.559024022988283,-0.284774500845314,-0.557680908678455,0.317180376197085
1.7761,1.49438457856391,0.668368352945451,1.41725217255335,-0.235145395211659
-0.720435,-0.582948622604256,-0.248305656639591,-0.472151936739659,0.502725801526718
1.81313,1.43525821792332,0.690122671596477,1.35805867952861,-0.282581548230396
-0.955986,-0.828162601245946,-0.41572252305058,-0.517111649215353,0.229927369222762
-0.748875,-0.481708525514619,-0.318639613876834,-0.394012433544106,-0.0498024061415683
-0.827664,-0.676683529140592,-0.342359818026166,-0.528396252949515,-0.0091027264052741
1.31939,0.975712381326415,0.524751548666038,-0.56107794700984,-0.577693667071478
-0.593031,-0.370187261794101,-0.201013115432933,-0.454993160461055,-0.125331449167245
-0.0313229,0.0251145892608016,-0.0582781108953824,-0.511687657935645,-0.505860486814712
-1.06769,-0.918193094618292,-0.491320342029728,-0.712572823166878,-0.341036905100625
-1.29998,-1.01979546921499,-0.566877890836823,-0.612737680707161,-0.294336463046495
-0.493796,-0.295825908395088,-0.0884184256627871,-0.477462676811968,-0.269429731956974
0.671111,0.556404432731694,0.244466855081467,0.28273176875502,-0.410077011623872
-0.517982,-0.358462385508278,-0.14024449227955,-0.449464587670785,0.0254415388965996
0.632277,0.552371520473598,0.239652651494909,0.505359776007437,-0.248651304302568
-0.72501,-0.588229148965407,-0.260152779259834,-0.168096591013853,0.146665655794587
1.81511,1.42004422985718,0.597621164770816,-0.341491228138646,-0.636964733171409
-1.09272,-1.02292149398522,-0.537768142118984,-0.850093574178046,-0.124720037820958
-1.30808,-1.02899076519923,-0.54067765081808,-0.830131907308495,-0.366100832755031
-0.944924,-0.806519901685027,-0.419512228196678,-0.858841296106082,-0.499477262317835
-0.7416,-0.533612149530125,-0.303386199298726,-0.828333113060865,-0.490151566620402
-0.834045,-0.652628738439149,-0.340773381884954,-0.752469286767028,-0.278442453157529
1.26728,0.979590627280982,0.511076914686797,-0.55405460617757,-0.735022805690493
-0.590588,-0.420770333849822,-0.199609119718569,-0.517405129176838,-0.225870214781402
-0.037692,0.0124938433928977,-0.00511655740527117,-0.486830548292804,-0.518016006245662
-1.08571,-0.967290096298336,-0.513900651030732,-0.784050181079073,-0.315900961138099
-1.30051,-1.03455612040944,-0.57146926134642,-0.670892513477077,-0.256551738376128
-0.470901,-0.305371010307643,-0.0948071295610548,-0.5158536515345,-0.278646806384455
0.703991,0.597576336203134,0.243381331144749,-0.0831300158547766,-0.419536130117974
-0.710441,-0.558047269480661,-0.275340768016501,-0.468984703794684,0.156662311936155
1.84009,1.3765157783209,0.749180100373025,-0.186737038432414,-0.508469619708536
-0.93294,-0.786276159641761,-0.37781402682353,-0.532254875019056,0.110499154571478
-0.730766,-0.446508705364092,-0.240842636170803,-0.386530572347901,-0.0818965134888966
-0.831249,-0.65596249757896,-0.33442141437543,-0.52116393454508,-0.00838307290943788
1.31815,1.02124931796841,0.562183614147653,-0.536811167615769,-0.545639216125954
-0.613714,-0.428117338380827,-0.204710075679216,-0.525253532003558,-0.0541316249566273
0.000585475,0.0301773643733569,-0.0371103353482515,-0.419608448251858,-0.409558831714087
-0.947995,-0.772656772200448,-0.436515350288586,-0.535417689727415,-0.231781368259889
-0.723039,-0.45628803620291,-0.292399560849196,-0.418719024523801,-0.309660254293893
-0.810598,-0.606076961198708,-0.305107642733556,-0.594153148052991,-0.172490998655448
1.23995,0.95505782981627,0.52902988224798,-0.544316379516147,-0.657684747007287
-0.632138,-0.423211889208177,-0.226686703003814,-0.520397283162182,-0.183814819751908
-0.0144032,0.0334048543851256,-0.0236029563463668,-0.485352174704722,-0.524986531575295
-1.07258,-0.938769900233784,-0.483416815913526,-0.762765350481008,-0.3161621648161
-1.27963,-0.986431470143137,-0.573788074240324,-0.654878819212531,-0.261560001387925
-0.496116,-0.291544331801218,-0.124182496713455,-0.522125808742123,-0.290503688410826
0.691096,0.592786989485345,0.21967836812562,-0.0794515019013162,-0.428872067314365
-0.710764,-0.561206203937827,-0.276817564116243,-0.415188956773624,0.115560606453852
1.85372,1.46190957470377,0.657804787238664,-0.238560511626479,-0.575159983344899
-0.950306,-0.903156379908818,-0.440216989811364,-0.673454431326631,0.0489830464954892
-1.25057,-0.954680898169039,-0.5151561030832,-0.535078783432934,0.00243965926439968
-0.245298,-0.108462708362529,-0.0105734262505198,-0.243142705509449,-0.190136414989591
0.411347,0.422615701960546,0.134082429658672,-0.0560560735651994,-0.266914589521166
-0.478077,-0.349095626255143,-0.220212741521596,-0.348607676929774,0.0990741342817489
1.35605,1.01480356253278,0.41480926339746,-0.19554190412564,-0.43429170610687
-0.787736,-0.643143939290162,-0.353304251044517,-0.44318221655851,0.0333160857737682
-0.786354,-0.510362018853132,-0.346403004864554,-0.294853267402588,-0.0567183150589869
-0.643908,-0.489490028971228,-0.257826787642564,-0.404926547103227,0.0417202192921582
1.13175,0.82498583699087,0.364520138425019,-0.470094283964845,-0.319120320263706
-0.330631,-0.189059707059839,-0.100324274116838,-0.410348461095262,0.0911682664816101
-0.0919618,0.0221064692221265,-0.102704401099297,0.101039375022167,-0.0369911235253297
-0.529608,-0.389148160498407,-0.209441640878247,-0.174145329501018,0.197958359125607
1.75372,1.30802445881974,0.561607753192547,-0.461152080154339,-0.388212509368494
-0.814096,-0.692340335657334,-0.386563354730088,-0.475207607368512,0.164957305412908
-0.719781,-0.424620047432881,-0.300350128744868,-0.313490281913186,-0.0300159639139487
-0.689192,-0.552119609900259,-0.284918343170954,-0.41422413600061,0.0171823487855655
1.38469,0.954454408734663,0.42411888672853,-0.443456493678832,-0.465145712699514
-0.403859,-0.247276876396541,-0.151407213317506,-0.406336658148333,-0.0416803098542679
0.0353782,0.0943819743977126,-0.0620884284173476,-0.350143095009552,-0.400397045801527
-0.980306,-0.889366573218635,-0.490062935905574,-0.686346641727738,-0.291664390353921
-1.24167,-0.926784480796855,-0.549489892472059,-0.550577709258154,-0.270086760235947
-0.286791,-0.132076042644126,-0.0625249347749252,-0.431519905785831,-0.355668435114504
0.818412,0.608421918133843,0.247461275664009,-0.754100637421786,-0.588628481609993
-0.867295,-0.713559483618141,-0.389603482317853,-0.691236547514053,-0.150909979181124
-0.678032,-0.418398292646417,-0.235727852438532,-0.288523222258385,-0.221041332755031
-0.743091,-0.580110632370736,-0.326137615148113,-0.476870693216392,-0.062963348369188
1.47686,1.10551174373962,0.479746367907973,-0.464707564990658,-0.527683035392089
-0.480377,-0.316873012837643,-0.190563927868916,-0.424007720093908,-0.0502348938237335
0.0611668,0.107719194639334,-0.0105479321814445,-0.392597683912796,-0.405300174531575
-0.986313,-0.910047406053891,-0.503840783312798,-0.694780586108498,-0.205357410478834
-1.24459,-0.937224887262676,-0.552237061084043,-0.559324424958588,-0.136150678695351
-0.332897,-0.173715461497773,-0.052293170487115,-0.424155876460128,-0.1900770055517
0.874164,0.70992654482278,0.273279859139634,0.0724827576412984,-0.354465344899375
-0.649688,-0.519964881347825,-0.260522496720447,-0.34089266051237,0.166399003400416
2.05855,1.57555637573115,0.751452991293374,-0.115697830860559,-0.634444406315059
-1.00561,-0.96154330330308,-0.459493405438662,-0.752377867139049,-0.0395513150589868
-1.219,-0.961559459987489,-0.528805959071256,-0.740308474484675,-0.24103806592644
-0.855405,-0.73753731136498,-0.363729760621751,-0.779437954849158,-0.381938743858432
-0.659988,-0.424910856340853,-0.264350921134415,-0.725632374149976,-0.3528541648161
-0.743416,-0.606429612794132,-0.313494365794788,-0.668883758111504,-0.0606416731436503
1.52628,1.09152577745242,0.561129883672931,-0.452427844027024,-0.506117922276197
-0.489444,-0.315131170337652,-0.180700466623077,-0.361777172999275,0.166929764052741
0.0727602,0.158904975464931,0.0337653285594604,0.175589678259638,0.0347460194309507
-0.390217,-0.26075657725745,-0.108018296246914,-0.311434549437018,0.253767298854962
0.835983,0.661092252726193,0.253112835950008,0.210141332696839,-0.000648764920194389
-0.672312,-0.519531721590739,-0.278350667299809,-0.205597079253794,0.467679978313671
2.12575,1.60567335355461,0.769119593602004,0.0564910692641734,-0.3384224259195
-0.567577,-0.435696379003897,-0.215803593067588,-0.291543620603104,0.219505076578765
0.0961443,0.152635605410485,-0.00222517109030818,-0.400982725973018,-0.262677504510756
-1.0273,-0.947738991420183,-0.486999469998063,-0.713222548329796,-0.114774566099931
-1.24603,-0.92269218139607,-0.538400204592132,-0.606610728027568,-0.115061008501041
-0.407072,-0.228441120729018,-0.115083320729225,-0.443674402561675,-0.135405042852186
0.929447,0.758773649450942,0.30127141609071,0.0889930216362186,-0.320167841603053
-0.666636,-0.534945489832676,-0.254986418926167,-0.420805659179348,0.328036220784178
2.21007,1.59181612605166,0.768223622269719,-0.0485404432643074,-0.429591780013879
-0.900007,-0.771352197209341,-0.419227399097984,-0.470216464417041,0.239792060027759
-0.618606,-0.382495093674574,-0.264344704569983,-0.347192516219959,-0.010289818181818
-0.778038,-0.649052007533836,-0.343397172567462,-0.605187912859194,0.104306690492713
1.59053,1.15903275959932,0.588968899487081,-0.75536325082511,-0.510524210617627
-0.89066,-0.74291342569136,-0.383569702859786,-0.629886117134895,0.0812036131158917
-0.650668,-0.412543226850803,-0.24413066263142,-0.383218377317333,-0.118636182165163
-0.745344,-0.625848788231492,-0.287310860774293,-0.4641473600658,0.0184625933379598
1.59415,1.17377570484095,0.57370142927563,-0.444880867845238,-0.508805113809854
-0.515864,-0.362431986646216,-0.166474785233138,-0.418448210959606,0.00217040423317144
0.129788,0.16035027601863,0.0453902769675514,-0.363415500786272,-0.415098614850798
-1.03263,-0.935100354125373,-0.512291488911912,-0.708071724752391,-0.197258597501735
-1.25364,-0.945920333284898,-0.558876882040374,-0.597742528350475,-0.141625877515614
-0.40136,-0.225780577627176,-0.109000014667142,-0.436028684491824,-0.082189224496877
0.859175,0.719842966613049,0.301875716223655,-0.0218718144586086,-0.186364099583623
-0.669053,-0.528026556321115,-0.222555945755263,-0.508565904683208,0.469859876821652
2.0928,1.65118111760109,0.743080728675928,1.38066677065257,-0.13314259611381
-0.661015,-0.548180291312695,-0.229104859440518,-0.443845543503661,0.695267586745316
2.19102,1.67737028079942,0.777340069796685,1.22443575277675,-0.175922349757113
-0.904101,-0.780903535062762,-0.389816180059149,-0.447376749742119,0.406359076682859
-0.647188,-0.370217702832926,-0.239875042801854,-0.332878075460324,0.0900867546842469
-0.768692,-0.632204071611434,-0.327237052355225,-0.465004307547207,0.139136360166551
1.58162,1.15480966229021,0.55678718811758,-0.455204805193616,-0.49084460444136
-0.548392,-0.372172407958417,-0.205093433349374,-0.429489678344559,0.0124919108258154
0.128264,0.155968433040396,0.0138317004748857,-0.374806062884347,-0.420624620055517
-1.02652,-0.941768831962827,-0.508169837037579,-0.708561365854124,-0.232200872657876
-1.25781,-0.938014478006512,-0.550879241739081,-0.593296223347744,-0.191077133587786
-0.43076,-0.231898360430422,-0.127411444533357,-0.405255198446291,-0.152671403539209
0.887492,0.69807457250581,0.322480245434356,0.205144058737196,-0.32198450277585
-0.477544,-0.300758657698984,-0.157563122585014,-0.379211729578721,0.171941849063151
0.852583,0.708157377708706,0.30609236235273,0.599485492022513,-0.145189877862595
-0.695192,-0.555670498782906,-0.278725747288328,-0.0938941088596713,0.310616517002082
2.15501,1.69209791779443,0.768814410476911,-0.196767667193336,-0.557965855655795
-1.04625,-0.974683624193935,-0.512166574924948,-0.779914682880617,0.0201573428174879
-1.2619,-0.994943888448187,-0.554831057121608,-0.759784526087845,-0.243054835530881
-0.873818,-0.745442374204212,-0.334602865755414,-0.799191586569052,-0.37884253573907
-0.628193,-0.396303830383677,-0.196494172190795,-0.738087814405982,-0.370011825815406
-0.768146,-0.617693322940726,-0.33753233371728,-0.681837738225368,-0.121355085010409
1.65521,1.17011249646955,0.602633127695473,-0.445216642321143,-0.655630828938237
-0.538492,-0.343759218730654,-0.122239869087481,-0.402339310206065,-0.0636122713393476
0.124334,0.168635157186607,0.0817429395152196,-0.352363759118203,-0.408048987161693
-1.01817,-0.899272449163693,-0.461306274493035,-0.704095492270243,-0.193518335530881
-1.25829,-0.924457861228188,-0.513724260145284,-0.584949318269019,-0.138399770992366
-0.410654,-0.225425515004005,-0.0784605023079411,-0.430984917246041,-0.157068621790423
0.918509,0.776140775504877,0.349656167972739,0.0937744801468617,-0.333458808813324
-0.680393,-0.542726556630545,-0.262417461303272,-0.42645820949712,0.30848017314365
2.15163,1.63957788902555,0.768106056730736,-0.0528032257266972,-0.431989166204025
-0.918194,-0.786305644038006,-0.419543379457409,-0.479933008776237,0.257442774462179
-0.652578,-0.419485236467488,-0.265004964257005,-0.347511805461308,0.0404215284524636
-0.78412,-0.642035315307459,-0.308117688104399,-0.472268023032165,0.135002311242193
1.62598,1.22511534180516,0.60339673882654,-0.453035804789697,-0.464417146079112
-0.542497,-0.389009822829232,-0.194282159012574,-0.455156053613705,0.0935792626648162
0.152121,0.156629047667084,0.0380481520140532,-0.31922126120164,-0.299398597154754
-0.892401,-0.745942589524965,-0.42079430284786,-0.471970102617755,-0.0973715846634282
-0.641438,-0.365387979644972,-0.250196252006937,-0.348391934825024,-0.178324909784872
-0.778067,-0.568769630591207,-0.31086083999421,-0.504810148560411,-0.00460054996530185
1.64129,1.11774149118623,0.612385254755407,-0.426998818906645,-0.571015604788342
-0.529248,-0.344112603677414,-0.20183941655447,-0.425167822524895,-0.0163847567661347
0.190586,0.2092856830465,0.0339839367822443,-0.343192204255807,-0.410370478834143
-1.02468,-0.91555716429398,-0.516548491128417,-0.701656106724026,-0.177139872657877
-1.26287,-0.93903348290149,-0.571046342629274,-0.582349172075358,-0.105833422276197
-0.423321,-0.246156654228267,-0.0903995590234146,-0.428493808036986,-0.125022274462179
0.958725,0.825065364391138,0.418881602542957,0.0591275303846651,-0.258530915683553
-0.662064,-0.522845709710374,-0.272069785714756,-0.200149421858478,0.402203227272727
2.20055,1.72732764963007,0.826682833568673,-0.0194057364375522,-0.272676561068702
-0.229416,-0.34273404801106,-0.0697257429495371,-0.246933735013428,0.308200994101319
-1.31142,-1.05250230647752,-0.563591168839544,0.0491382847889456,0.52218732852186
0.716084,0.736840130851639,0.43839896887507,0.432909990177733,0.0782809597501735
0.429845,0.363235398247017,0.195338762290382,0.331132286036142,0.279310058292852
0.409476,0.399579936751997,0.262921741816411,0.327418136372337,0.394411638445524
1.28401,0.959867742724193,0.541756633302729,0.200629884025079,0.121025136363636
0.0337078,-0.0551894372105026,0.0359248284016972,0.206626665521018,0.325848178348369
-0.836877,-0.542841992460259,-0.330616648494344,0.513896582273584,0.503735794240111
0.312852,0.215570885203799,0.19864530927853,0.34933132242248,0.310227980569049
0.965697,0.612000920201083,0.413015420484466,-0.0345222890056107,0.280316520818876
0.718349,0.661690282193013,0.391341260254278,0.328639231987344,0.352132335877863
-0.15626,-0.0815905110153952,-0.058746072109374,0.807973399664415,0.54933164462179
0.528755,0.446059482899016,0.278751643370127,0.604986062109548,0.432527412907703
1.43606,1.04729051821025,0.601174299631719,0.0700446529361234,0.215784133934768
0.109467,0.0182835483842701,0.0925679892728554,0.134566506551309,0.405316056210965
-0.800061,-0.558534804243043,-0.334984208806662,0.577962048848389,0.510779930603747
0.324808,0.250520513703282,0.186689141123021,0.396925580149456,0.229184489937543
0.995961,0.669212066148983,0.430535437428223,0.00962694481849126,0.147641779666898
0.700572,0.667839440814217,0.403494723193612,0.142409574381302,0.155751197432339
-0.100903,-0.063274021233243,-0.0165831338328164,0.0989525421712526,0.170955528452464
-0.141109,-0.301410358130801,-0.105752790875893,-0.22349577333706,-3.04947952810969e-05
-1.3059,-0.944406136671995,-0.563514087944912,0.166981651317828,0.316878679736294
0.854584,0.859216711132055,0.44735117092878,-0.0722246925624758,-0.107706078764747
0.591976,0.41763074845447,0.269247135796558,-0.278213452976485,0.0625771852879945
0.161951,0.0207410719008766,0.0978220176498284,-0.0884789044167032,0.13960143907009
-0.76806,-0.487922512241947,-0.307522335748432,0.548155689468601,0.409037903539209
0.395387,0.272635099161755,0.200192327965038,0.362005385674964,0.216992040249827
1.1712,0.759001847008348,0.491366846320351,0.0774018171733145,0.174112832061069
0.793816,0.675349331221292,0.391396191241919,0.219632672277365,0.205003978487162
-0.0739516,-0.0703105569578084,-0.0409003998415232,0.151815031804136,0.259633516308119
-0.047657,-0.256486757413807,-0.0357005373786491,-0.152723246459404,0.131004122137405
-1.2928,-0.920146756902717,-0.533475594804222,0.230175386875424,0.499541999306037
0.913203,0.881334483215315,0.501089042306383,0.16379223724115,0.064426321998612
0.55852,0.407200219525524,0.207880013668201,0.523238530040109,0.327400524982651
0.595698,0.51806554624024,0.34757252895951,0.502538971611502,0.36849583185288
1.61569,1.12930999558824,0.592021840945773,0.291978389896298,0.0309967536433033
-0.048105,-0.216507846768685,-0.0399461950249664,0.000160507942773863,0.227802900763359
-1.27584,-0.946595031345659,-0.576512860650196,-0.0601310841176804,0.367727538167939
0.233218,0.134286672352522,0.147847284858272,-0.0145237754532147,-0.0833227229701597
-0.770428,-0.547820557423548,-0.302829420586289,-0.166950926826173,0.332013959750173
0.500411,0.368511658339495,0.258548273227816,0.197297537268669,0.241615624913255
1.17082,0.751797225137587,0.47637080281415,0.119821343088708,0.28760235426787
0.902062,0.797495521393356,0.438155022204891,0.674040195670929,0.493464639139486
-0.0646396,-0.0150516814273683,-0.0266726832776036,0.796883302442523,0.840175971200555
1.08574,0.978415741488865,0.539297203596808,0.777549798066963,0.607133595211659
0.629846,0.433519462720769,0.226995008735489,0.685009543028445,0.824760814538515
0.738455,0.531637391885247,0.359329422594982,0.902401867027866,0.809421034871617
1.72585,1.19792921069498,0.650720964916754,0.624231566998122,0.52622985721721
0.952391,0.730902802343448,0.444386741121901,0.685891246374851,0.538483798022207
-0.0513976,-0.0352823356382731,-0.0251143511615354,0.292404822035062,0.540115108431645
0.0614525,-0.210966604016785,0.0696195229982869,-0.00190656174297371,0.314175581540597
-1.26741,-0.941399180089252,-0.566952159055606,0.339384367135177,0.675680188584316
1.13011,1.03903083690531,0.570518688403696,0.298971975393248,0.21539568129771
0.678521,0.480969714977749,0.263647676773154,0.670503148518876,0.538485556384455
0.815345,0.630597216313261,0.351959957610772,0.686840071499555,0.654378102671756
1.8149,1.27087442976241,0.70564188652419,0.500249487057108,0.415344651457321
0.393281,0.186696276986152,0.204719921149346,0.554240658877221,0.606801880985427
-0.718774,-0.485894869966518,-0.310285308271909,0.918571829716413,0.790484452810548
0.681626,0.464533611935755,0.395063586375001,0.560155444139674,0.455692401457321
1.32095,0.783236856175894,0.498161303577085,0.0332490729441756,0.350041304649549
0.455318,0.261533665075106,0.194682356110242,0.307418982942714,0.48672488629424
-0.727079,-0.463546888438816,-0.320012738052664,0.869136492384564,0.732456564365024
0.734973,0.491334975360273,0.351272905269833,0.705622298280171,0.434055485253296
1.35442,0.835572530811926,0.52825902241605,0.282521890365381,0.424825627515614
1.14402,0.898319838513156,0.568265512204381,0.443700155937315,0.403832346807772
0.0343733,-0.0135896745995598,-0.0195302160726447,0.36984527401626,0.494700481609993
0.166817,-0.153988403896411,0.0595075180144299,0.0427319018667419,0.323016177480916
-1.26122,-0.911829276964272,-0.532419202910623,0.443832461772071,0.774014149028453
1.31464,1.13092635413723,0.667621298654251,0.369912046640563,0.352500571651631
0.729676,0.496640865597017,0.309099275312773,0.718954549481004,0.767376371096461
0.902585,0.703823225839347,0.383052935128064,0.909328379419184,0.892502889764053
1.78538,1.37243563056323,0.639240604597116,1.62225581990657,0.80214235149202
0.918367,0.699256186654429,0.436865953299091,0.936570776567075,1.06372859646079
1.84594,1.30111148314253,0.643918379549671,1.51088747931905,0.731727789729355
0.476281,0.258853939167631,0.189207788495471,0.730295671235408,0.815307929181124
-0.719244,-0.493791111720961,-0.288241638335856,0.972678812984071,0.94610751370576
0.724895,0.519020838001655,0.335252165938627,0.764537220550354,0.549063007460097
1.27766,0.819903536862924,0.510115859119551,0.278004800088184,0.466693396773074
1.15709,0.955252562566072,0.558648257725368,0.435180618089681,0.416330696911867
0.0366089,-0.00256928106735371,-0.00314519636122758,0.376090769920079,0.524238017349063
0.228903,-0.0745704536764119,0.0787978138272926,0.0791610221881926,0.329485277758501
-1.26167,-0.94793279183123,-0.556608707344052,0.490719146875992,0.805135094552394
1.39293,1.21322321792533,0.670117560601924,1.02622594661563,0.366956454718945
0.797701,0.518635482460432,0.278194940595677,0.69365496237588,0.769137184420541
1.39421,1.20518355795028,0.602508087346226,1.1076317897783,0.692986036051353
0.792662,0.586171982075481,0.274893629580027,0.969517045915315,0.897085082928522
1.00784,0.721439515076013,0.461236071243252,1.07841361674205,0.786250744968772
1.93259,1.29970714524142,0.75230035758315,0.571749378379846,0.396764350798057
0.157229,-0.101144595674713,0.0389900692036571,0.235542569288569,0.500736095072866
-1.27321,-0.933125367278102,-0.56974722104241,0.133774129094744,0.602085621096461
0.433836,0.255577924178823,0.195696502317043,0.171068730887544,0.0788009546148508
-0.697853,-0.490180869296705,-0.272487739759294,-0.0036215854908121,0.505800894517696
0.714754,0.542346551669309,0.368088538135042,0.394594760595057,0.316491205759889
1.47808,0.996754643625702,0.620229701347463,0.293489739532356,0.297383941360167
1.18153,0.970732597986103,0.553859659065172,0.462823454544413,0.364680468771686
0.0599232,0.0353732394133115,0.0244670686255785,0.384616858708681,0.524239161346287
0.138001,-0.0972496382910769,0.0737575793941315,0.0894099997117098,0.369385712005552
-1.29238,-0.991441021464709,-0.57163472561957,0.476555899540792,0.821129702984039
1.43287,1.25208539610356,0.686887703476923,0.406204972753797,0.305416611727967
0.850631,0.620589229247286,0.378841280525616,0.813428391015675,0.681001460444136
0.957182,0.761511960248989,0.471471832340489,0.839664385653224,0.796515957390701
1.99148,1.44219071870119,0.792815824709342,0.64021925070444,0.552698482303956
0.44133,0.202068735366139,0.183661280516487,0.666999267328577,0.79789340388619
-0.676125,-0.421551975244675,-0.246057609814933,1.05150726963412,1.00896078660652
0.788087,0.536407104787652,0.346948531683877,0.846622409750409,0.664196883067314
1.59818,0.989379429403553,0.683346322842968,0.367682705585615,0.563755505204719
1.24927,0.953152303467951,0.569381258460722,0.587074146025744,0.608280031228314
0.179845,0.0792334381073293,0.0443541923780662,0.433570255074044,0.717105886537127
0.514672,0.220067631208542,0.238521122154597,0.530123416169505,0.48909120055517
-0.644364,-0.39975804205292,-0.248140752896965,0.638515034962434,0.806844178001388
0.777869,0.503771942576447,0.339053018720624,0.610619525192902,0.522882347328244
1.53668,0.947577721934211,0.610806130687391,0.36579926671621,0.451468709229702
1.26286,1.01744334264097,0.600106246694883,0.516064715934425,0.455956890353921
0.15127,0.10787795383782,0.103922072154995,0.464459786870999,0.562532798056905
0.105554,-0.149040149858977,0.0401291520404587,0.116252226709837,0.43027834351145
-1.28617,-0.991168189043869,-0.571107772541748,0.521981167758474,0.85944339129077
1.4716,1.28878258789816,0.678804429163087,0.445583489277296,0.321710740631506
0.981128,0.735209041090614,0.397207386342705,0.878872268273046,0.676422584142956
0.972067,0.779798142391764,0.41900663491086,0.893640661051677,0.779811817314365
2.14071,1.61825639562625,0.863405516011597,0.637045202733624,0.429228883240805
0.0522437,-0.172062466105186,-0.00208918074424052,0.294282856679629,0.797983558292852
-1.28385,-1.01094007021061,-0.553938928865846,0.788278245314625,1.09442092626648
1.44207,1.27005202281976,0.73629389149609,0.834284698632367,0.498506938757807
1.01111,0.70068889057242,0.404430783662638,0.903587848899625,0.818004703504511
1.02928,0.73974466336267,0.450236911063962,0.923160602751661,0.943504170541291
2.18836,1.4541346863895,0.871216578887613,0.739958194490942,0.610114854163775
0.504432,0.197845909910189,0.193889848058073,0.742557212742595,0.878021049965302
-0.632733,-0.39863523753997,-0.209570784591218,1.11267040739243,1.084782555517
0.816521,0.514284251736706,0.368144518597382,0.896102771773236,0.811760484038862
1.60645,0.962504479482078,0.669242821347255,0.399441085217642,0.758589328591256
1.25832,1.02143227257179,0.593415965433163,0.805650174561165,0.838997418459403
0.203736,0.176953311636805,0.083108065164757,1.38896846180266,1.05977640943789
1.01447,0.777159853473038,0.457789375801348,1.14073948317346,0.915058126995142
2.14643,1.52107390957837,0.838356935720313,0.474463859471742,0.638233133587786
0.494215,0.27139568685857,0.214359546880057,0.566824263471382,0.869149891394865
-0.650045,-0.442138903591176,-0.238944586508607,1.09748777157216,1.00167136884108
0.7883,0.580152395328307,0.345059668022318,0.887014279368481,0.64124794795281
1.61176,1.12135991988129,0.723869608591456,0.382943197419239,0.543438178348369
1.26839,1.04762162979796,0.567084993842273,0.541273999163238,0.538767224149896
0.171552,0.113657627990434,0.0798010547989557,0.456427062898653,0.572287926092991
0.11966,-0.141501619531828,0.0289369752705458,0.134941758455029,0.356840931644691
-1.29788,-0.968599016503139,-0.559933790999228,0.552233654953817,0.755014298750867
1.54746,1.29400875873774,0.725874071884832,0.228311538289757,0.190944602706454
1.06751,0.632452436678639,0.416001107575182,-0.00702930852101608,0.43481223629424
0.520523,0.211600363520185,0.255804712521842,0.292241095010638,0.517751118667592
-0.622795,-0.374029239616632,-0.208963166232077,1.03352083709569,0.838907407702984
0.857839,0.524547345916331,0.37171849881501,0.795981252884893,0.579289273074254
1.70557,1.04225331751349,0.754053152913239,0.412323387844249,0.543482213740458
1.29388,1.02237722790415,0.621387150471222,0.600411275265804,0.554026274115198
0.194702,0.112330811938208,0.0980666957327672,0.51737421611149,0.624968965301874
0.201049,-0.105938659101228,0.0689479253608237,0.204157779124038,0.472919482997918
-1.26595,-0.967314851140194,-0.568994591636478,0.57945941754362,0.913497666204025
1.49528,1.33558438223481,0.720040837490347,0.490218962002573,0.364504797015961
0.966872,0.735629115870858,0.41487892662229,0.940292405888087,0.70076870888272
1.0359,0.824074226285671,0.474861835581458,0.928850268761387,0.728604865718251
2.22273,1.64588696946855,0.878894378266449,0.655916578604992,0.29908055301678
0.15924,-0.0448551674343393,0.0648135401991348,0.319346708227563,0.502054819954989
-1.29227,-0.988815682595024,-0.550298939529101,0.69049387536379,0.616054956984842
0.507874,0.322311919628027,0.267708065444356,0.200001913699031,-0.201039505324298
-0.617074,-0.445082860875457,-0.168092883721405,-0.354394325056661,0.175312595419847
