1000
-0.844862,-0.709189880597024,-0.549620539680566,-0.646668013886518,-0.349891970159611
-0.896284,-0.866744334093742,-0.59594594138841,-0.460073511779845,-0.236054497579865
0.314825,0.298682573477725,0.110697838822655,-0.43830628174047,-0.492096369930356
-0.205868,-0.357496598981039,-0.18755819648258,-0.319291517195916,-0.25500855663916
-0.231719,-0.0957173383892614,-0.161206816947942,-0.183582011151062,-0.239340302356301
0.191681,-0.0710945882049747,0.05104622242431,-0.367710322938111,-0.380809469292158
-0.653767,-0.459271130954197,-0.42639855561611,-0.27689906475321,-0.221835478313671
-0.784124,-0.621965294429232,-0.451051217657059,-0.203343735191018,-0.196397232859126
-0.302712,-0.164625664855969,-0.347672464697765,-0.242540894236982,-0.222499817661346
-0.0173799,-0.0126089718662124,-0.0808210243353069,-0.310765851798117,-0.168376643303262
0.200443,0.142770219437228,-0.195210822916419,-0.143941815463238,-0.136943886363636
-0.189787,-0.107050073333606,-0.268966889524895,0.0723795244679019,0.0122600529146426
0.0169054,0.00870032544143932,-0.301204657958783,0.0520985749201159,0.0446450768563498
0.925197,0.73740002306419,0.244425198073124,-0.190974181035006,-0.179391371443442
-0.553607,-0.342259900234229,-0.459213561872584,-0.181988256404565,0.12145053851492
-0.522069,-0.35122274651469,-0.4241257932441,-0.0749142880038121,0.0390238981609993
-0.234293,-0.14021669436995,-0.36334855751614,-0.0750833550722939,0.00881794916724489
0.726643,0.6020991997664,0.158923781178831,-0.184094396078938,-0.154567309195003
0.268691,0.148989086162068,-0.223177506194387,-0.185085955928445,-0.0619011014920194
-0.0386681,-0.0203677345719386,-0.201927585392805,-0.220567279442186,-0.154287092297016
-0.79246,-0.524070126647005,-0.501517163848481,-0.371978327696129,-0.0870551514573213
-0.925905,-0.68195749527857,-0.572001591875889,-0.32368674423786,-0.0417094033657183
0.554395,0.435144833534411,-0.0565568849052564,-0.347053488372334,-0.312007155621096
0.338221,0.328889288634897,-0.00612434204663219,-0.47022263051167,-0.234914385322693
-0.554788,-0.387932167348538,-0.488926633919225,-0.328419488420094,-0.0649885961485079
-0.586085,-0.420549171311855,-0.443087378704252,-0.0333009838242897,-0.0758165045107565
-0.239185,-0.139745789232784,-0.363528625734128,-0.118220265992971,-0.0755449104788342
0.630172,0.531249053218815,0.113378258440203,-0.219763290947978,-0.190380496183206
0.255824,0.185960247223109,-0.1888325649041,-0.216675834785763,-0.123491487161693
-0.104543,-0.0503991557520082,-0.213621065293764,-0.240495657763657,-0.164048332512144
-0.795271,-0.569914548926704,-0.544453338408154,-0.396937720037124,-0.0531151184941014
-0.965732,-0.739935153703573,-0.571422745012096,-0.332512004028191,0.0410482239764053
0.5368,0.438082203225089,-0.0525498682759797,-0.188177069062861,-0.205147100798057
0.341873,0.239353232390869,-0.0410564838689453,0.0704396966875023,-0.0639361847675226
0.0141377,0.0161460188189644,-0.273845105597078,0.0650023114877357,0.0160638351839001
0.959929,0.838011076570873,0.274326273020898,-0.0146377616571099,-0.352729757633588
-0.804746,-0.591294352350505,-0.574011803156513,-0.497624379946986,-0.0784850029493406
-0.960474,-0.739760409082655,-0.592580771886986,-0.524398644623524,-0.185429797536433
-0.535366,-0.359206683219773,-0.444932577458644,-0.507314192667803,-0.315517602984039
-0.559879,-0.438082802928967,-0.39261782140132,-0.570451064982912,-0.188264464885496
-0.251973,-0.15213288800282,-0.371327188764524,-0.274039414624896,-0.0570016677654406
0.721376,0.583731358673624,0.157354695936859,-0.202391836564433,-0.131625019465649
0.242421,0.164532441792228,-0.198586755674395,0.111257421852745,0.144913545281055
-0.0426203,-0.0332174962974197,-0.193234511803555,0.321237362856214,0.303116767869535
0.502614,0.264217370613203,-0.106430147996028,0.211736631036563,0.23143064295628
0.411972,0.313502035164224,0.0251450754175315,0.300802210821877,0.27851813185288
-0.0103046,0.0167146078822135,-0.27912764869417,0.353258669532998,0.375601366065233
1.03915,0.831504333566741,0.33164478864332,0.24254001463276,0.0555604104788341
0.254391,0.121050972541071,-0.221380706419578,0.050518338610394,0.132634868563498
-0.0246905,-0.0256220123246083,-0.172832168983247,-0.178568180704341,-0.0114385678730049
-0.791706,-0.537784037716585,-0.531793983152128,-0.378243425303972,0.0458577165683552
-0.956519,-0.722514707043856,-0.555746973128232,-0.313289067056897,0.0993260786433033
0.526345,0.41431520664478,-0.0744677854021858,-0.159866933008567,-0.133280101405274
0.444893,0.336746827809539,0.0481284224164482,0.0228615934441111,-0.00445997805343515
-0.00775681,-0.0144373118166788,-0.300462227355735,0.0714313779966909,0.180905007113116
1.08396,0.900401210873602,0.392168658497732,0.0503483536408879,-0.163289906401804
-0.577104,-0.355343260267338,-0.481044141527969,-0.0976279085452728,0.137705150329632
-0.536901,-0.322880736368958,-0.390753351892583,-0.0229493984941345,0.0226786602185981
-0.266299,-0.190625530287891,-0.35206213654439,-0.330613133673156,-0.0225361232997918
0.811356,0.63676820185233,0.230460395399815,-0.492979694400817,-0.288299988414296
-0.559823,-0.327479982131881,-0.408868134582558,-0.293766231949152,0.0288373417071479
-0.530039,-0.286909818996892,-0.356390686789648,-0.0959990345681844,-0.032369546148508
-0.267784,-0.185829927892142,-0.387493107034457,-0.0563308559007393,-0.00640512907702984
0.819674,0.645895744643045,0.248871681992669,-0.184869849082681,-0.180406332755031
0.238095,0.150314956876639,-0.239867342542843,-0.178376286368317,-0.0408516027064538
0.0235648,0.00628766672535491,-0.129485684850272,-0.203952326722031,-0.144031416689799
-0.805916,-0.570098112812618,-0.544349509152443,-0.378354243394778,-0.00519157546842473
-0.968551,-0.732240499911227,-0.537359643734399,-0.306917391275742,0.0975054302914642
0.476978,0.385850900306032,-0.106847975019045,-0.15969515384119,-0.053070054649549
0.50032,0.359427741821343,0.057440374805515,0.00914333940281123,0.102022019604441
-0.0258329,-0.0538165371340755,-0.32566706469465,0.0792571405688419,0.351910967661346
1.14907,0.909335524578523,0.38849552839063,0.732924796968471,0.0955333204371964
-0.0210964,-0.0605052525600972,-0.298090181311867,0.0669983596947606,0.423084179215822
1.13668,0.887708036846075,0.43555052987447,0.544598400277883,0.013638170888272
-0.561405,-0.344436192536357,-0.458352530096714,-0.0932300546325461,0.273403098403886
-0.52798,-0.330194601710732,-0.391559053242876,-0.0309658439263693,0.124288913809854
-0.282842,-0.179189450095733,-0.35319999755718,-0.0904289084985499,0.0850139314712006
0.856998,0.650256439841372,0.229583359794592,-0.191133389666705,-0.163771529458709
0.222698,0.137057372125948,-0.186497633459858,-0.182442776401228,-0.0237059914989591
0.0372731,-0.0192615946210443,-0.166940205225498,-0.214709001781029,-0.132729417071478
-0.804919,-0.579356211465418,-0.571250004862104,-0.344054058540966,-0.00234431037473977
-0.979173,-0.781533835819405,-0.600737637391921,-0.282739599057034,0.101957252185982
0.462763,0.352685100163351,-0.0702886718903676,0.282938329688166,-0.0443086308119361
0.506485,0.417954629460451,0.061996086280765,0.3622474092443,0.104247327203331
0.432975,0.265409608572731,-0.136749980227993,0.333077042491881,0.182996013740458
0.50121,0.352950141465309,0.0463313267277953,0.517801344900439,0.140321481436502
-0.0517937,-0.0362538595004476,-0.298923592222082,0.30914470759655,0.224782960791117
1.15511,0.982866069991942,0.388754392863443,0.00250186310652287,-0.257813971027065
-0.819867,-0.600995927793468,-0.574461644871432,-0.48950635414464,0.001379542852186
-0.985027,-0.741472968047957,-0.584721648331134,-0.514252507018179,-0.161107257633588
-0.570569,-0.397060010670414,-0.443430359088758,-0.510670704242113,-0.286061061693269
-0.503114,-0.406187788155866,-0.366562285528802,-0.575989692590357,-0.216720846703678
-0.29359,-0.189312618365473,-0.368413069268313,-0.293334697902368,-0.110103333275503
0.88452,0.713197930984492,0.252474276802381,-0.186211763663742,-0.290673129944483
0.194811,0.119582063750388,-0.211997690336355,-0.173830282918938,-0.0750666407009022
0.0541287,0.0114363816766081,-0.137986482411056,-0.21031471506868,-0.151475864538515
-0.805115,-0.594727331936176,-0.583915408908085,-0.343163243406845,-0.00711882113115896
-0.981809,-0.795472756032395,-0.584211550482691,-0.283419066471729,0.0765791257807078
0.417869,0.325713735651379,-0.0908033957973332,-0.158106992927021,-0.11861728296322
0.537361,0.380925340299846,0.0816524795618152,0.0984147090445785,-0.0267448815058987
-0.0617296,-0.0577059726856425,-0.302446749041964,0.052388846345802,0.215120032512144
1.2139,1.00716239810663,0.46422738725211,0.0779317908965139,-0.150983866065232
-0.599112,-0.41143489949566,-0.499557449600233,-0.102624289389267,0.221982986016655
-0.510867,-0.337822567647239,-0.350413897432008,-0.0422917165460109,0.115998062630118
-0.307024,-0.211781097936941,-0.375982788010974,-0.0729400047808097,0.108212980395559
0.926054,0.737796557883753,0.288906266394238,-0.188426623036173,-0.151614607945871
0.194523,0.0895698000165619,-0.200035433192367,-0.166872243720866,0.0387857441013186
0.0768787,0.036426775343582,-0.141277614952168,-0.141565325988268,-0.0721707508674531
-0.598637,-0.383987599125621,-0.495890013866287,-0.107685746778902,0.0209825028452463
-0.502508,-0.339222536463449,-0.35580276637505,-0.0743890914940288,-0.0194982494795282
-0.31406,-0.193272549206513,-0.387078276366376,-0.139235078856892,0.0233586429562804
0.957187,0.766748515553015,0.317392555466733,-0.188064216441582,-0.224173606176266
0.169928,0.0962856425276574,-0.21517291037695,-0.170402843803217,-0.0312720155447605
0.0922867,0.0383635867919832,-0.105519584539983,-0.209643956454605,-0.160320853469813
-0.841253,-0.631187652954909,-0.572402868829516,-0.37220597616674,0.000273164469118667
-1.01053,-0.805021954987689,-0.576298793830949,-0.30851570369945,0.0677729614850797
0.396407,0.300658037088634,-0.0874595072349988,-0.155672058113961,-0.139549006939625
0.601269,0.433279510124926,0.129206085147769,0.0977034988324331,-0.0854103459403192
-0.0720267,-0.0838695224860877,-0.3083404046283,0.058487595130778,0.210063673733518
1.28995,1.13214304847801,0.507374011317675,0.00960191121134193,-0.226481403018737
-1.07019,-0.801638186944589,-0.695954192753871,-0.175954342662221,0.475337863462873
-0.87546,-0.694907753076158,-0.54138002317348,-0.249528389545267,0.537468164295628
-0.390542,-0.213006474549891,-0.340876423507205,-0.494631646312475,0.876956986988203
3.20031,2.66972717908982,0.291017281402376,2.65644171138568,0.415268513289382
-0.800133,-0.603272928199759,-0.562236743339877,-0.606820669430237,2.00211089694657
6.9794,5.16573651820376,2.34169939763409,1.23202097782003,0.00373030811936148
-1.0021,-0.844083228392132,-0.657742814180865,-0.519602685346641,1.77685798820264
0.141117,0.0602719951364877,-0.0484054856982074,0.00823928140434849,0.962979156488549
-0.853042,-0.626433105765385,-0.55820020464664,-0.425181731745625,1.21295273768217
3.09115,2.18539163047199,1.36421573051916,-0.10271003937383,0.10703559888966
-0.598952,-0.317408043383123,-0.415377074909903,-0.302996143780196,1.01446724961832
0.980712,0.602637875398402,0.394878313478714,0.392443331798919,0.296732644691187
-0.736994,-0.469034642967654,-0.446484914556537,-0.231297635714921,0.863057960444136
2.87925,2.17598991145053,1.578709739513,-0.112170268309085,-0.14628812907703
-0.981776,-0.771918749644523,-0.634317054416319,-0.425446751011818,0.740482567661346
-0.0252636,-0.133916332525209,-0.00359582709572439,-0.381064324433106,0.238645339347675
-0.868967,-0.654938395565261,-0.54168183266234,-0.457172710049682,0.547861668285913
2.45489,2.05418696974265,1.3332551985348,0.120250032967127,-0.286186926092991
-0.679031,-0.462948403256136,-0.453303810091351,-0.349370979716906,0.542792956280361
1.25554,0.960587375705019,0.436077585326515,0.182059613865446,-0.25634631054823
-1.11834,-1.01980758343994,-0.689780809551241,-0.530913238484138,0.188014149028453
-0.939159,-0.803216826077053,-0.503351543596801,-0.613643989977914,0.0283243062109645
-0.596732,-0.338860507005121,-0.384338553154923,-0.455363238342204,0.195913718771686
2.31389,1.72354323294008,0.894029417089053,-0.644953655937025,-0.471808264226232
-1.03075,-0.844153045265199,-0.653888356314146,-0.717190087717759,0.445484964781402
0.0995361,-0.00491413604341467,-0.00423234976784554,-0.233684816770404,0.0743474496877167
-0.922791,-0.715783500912972,-0.590414095232332,-0.503857904995346,0.517583554302568
2.76337,2.12901458257235,1.38456498688963,-0.138454458325228,-0.351865011276891
-0.691524,-0.424551259086358,-0.465543183131363,-0.262636337688655,0.510724435287994
0.956826,0.642085603123904,0.4425881048521,-0.277364699455685,-0.243876338480222
-1.11953,-0.971438856239539,-0.702418335481322,-0.594290465834295,0.181321408431645
-0.98681,-0.833054446206491,-0.521509226845659,-0.65001796276439,0.0707391460791116
-0.595943,-0.292273933646577,-0.366740945736333,-0.342683184355714,0.179945660999306
1.78359,1.2717086202136,0.862519058164562,0.40429388309296,-0.292982579458709
-0.816901,-0.589339661794423,-0.532475681533326,-0.427104163900976,0.545836888549619
2.81282,2.2224459002725,1.58201013829364,0.281922624258462,-0.54626460999306
-1.11431,-0.991052790976929,-0.711406209961117,-0.721008087468056,0.25897579111728
-1.00541,-0.911657141382559,-0.53911910288867,-0.789360266087275,-0.0752442526023596
-0.99896,-0.790299581712955,-0.626961253157922,-0.769761387565211,-0.0858171075641916
-0.0193422,-0.131973412009309,0.0195717827436902,-0.694743828668437,-0.259875216863289
-0.910859,-0.671826541865645,-0.563167434762997,-0.634674518671144,0.296125312283137
2.27258,1.60898009820635,1.31312574399131,-0.18088154942512,-0.398041259888966
-0.668888,-0.398282456795645,-0.44389113155668,-0.378088830548713,0.54615930777238
0.796041,0.451103608808325,0.410919281372758,0.362189445783731,0.156104356002776
-0.621234,-0.352971763438107,-0.416368927356726,-0.350315033508389,0.641102922553782
1.53297,1.04361525751287,0.774060485029334,0.535009190602542,0.113964046148508
-0.833246,-0.585148220803893,-0.531490081999224,-0.325507382779154,0.812972605829285
2.70244,2.07350547286687,1.57240287375269,0.379436475614769,-0.227745129770992
-0.737544,-0.459237971380984,-0.449954090548864,-0.357989242845438,0.540595442748092
0.741341,0.416144277331984,0.394034495214897,-0.382136448944036,-0.193804045107564
-1.12455,-0.980749976818455,-0.704124141028545,-0.602314386763376,0.134688638098543
-1.01825,-0.851805896942075,-0.521486704900388,-0.655030925204141,-0.00466791845940315
-0.623516,-0.315754151701708,-0.374167716955755,-0.363309337880259,0.115736458362248
1.57477,1.12041096300946,0.818269622300924,0.285200927939491,-0.2972293296322
-0.836534,-0.61688289625497,-0.514045627993236,-0.491615127395899,0.584178971547537
2.59896,1.95758096251072,1.53893783094509,0.263138991890911,-0.347313599930604
-1.03064,-0.823791777083253,-0.643469424242654,-0.48265660467359,0.484097036433033
-0.131192,-0.243983346347861,0.00639819447894345,-0.438504125880248,0.0677964972241497
-0.920509,-0.697892851099189,-0.555076643790004,-0.638523590544698,0.373464878556558
2.09864,1.52042388796981,1.26357558299116,-0.597803428986231,-0.430171426786954
-1.02067,-0.786624760672193,-0.627307377428373,-0.612981688571734,0.352925265440666
-0.128026,-0.211098886906988,-0.00138729659006101,-0.449414170662245,-0.0353794500346982
-0.909594,-0.682181355092299,-0.55540515404527,-0.469336510404024,0.289417672796669
2.07559,1.49609345126891,1.27607218672976,-0.247256431673204,-0.433336553088133
-0.692133,-0.397957179425627,-0.429480742150621,-0.269448431497029,0.269899684247051
0.695735,0.377387107816119,0.383554303500383,-0.328119530831598,-0.365185241498959
-1.12064,-0.942726716225306,-0.679943150541886,-0.58728135171611,0.0169932959750173
-1.02935,-0.851301499361919,-0.533527808969034,-0.634654656699127,-0.0518571245662733
-0.601057,-0.295978799908834,-0.354862294310339,-0.341754847818774,0.136664059680777
1.43782,1.01954045134234,0.838144786878105,0.021036122579624,-0.177820518043026
-0.815706,-0.560015946304306,-0.502885445448317,-0.586397380057923,0.678884107911173
2.40986,1.94575326481233,1.47703020369049,1.52645950842084,-0.0820560638445524
-0.815674,-0.558977368368203,-0.494366466224739,-0.518368367707443,0.879408952116586
2.4861,1.94118480937651,1.54142267923047,1.31510582237983,-0.115317016655101
-1.01861,-0.784837890740372,-0.598114337901621,-0.464607998197494,0.612253963566967
-0.151931,-0.227003096055812,0.014299968179342,-0.421875464163548,0.133856149895906
-0.909546,-0.646903522630092,-0.539883373861657,-0.458708966234862,0.366302538167939
1.97943,1.39983523861622,1.2573700567319,-0.243205815654643,-0.421961658917418
-0.70495,-0.389162121995228,-0.413914246622114,-0.300150341474168,0.250495268910479
0.664848,0.380342027897306,0.412521192107833,-0.266984601721038,-0.378519213740458
-1.11822,-0.912334511530511,-0.657404092522602,-0.593018375837183,-0.0258400471894519
-1.02783,-0.827433402162678,-0.494505485627439,-0.638840526922672,-0.105850445523942
-0.609722,-0.287571497862538,-0.31693281231357,-0.339322641184288,0.0579468702290076
1.40201,0.975044298179315,0.816533735406849,0.554750186044152,-0.293953303261624
-0.650359,-0.407560001119753,-0.388714767047854,-0.428033464593212,0.396844005204719
1.32672,0.928893582729739,0.757427069832056,0.92824305308074,-0.116906242192922
-0.838043,-0.546160796793997,-0.468275831948354,-0.118394971189829,0.501876549618321
2.42253,1.90637994578073,1.51735109645977,-0.0347195437692079,-0.501542126648161
-1.12645,-0.966719476642388,-0.642844159747147,-0.729360213626886,0.1726341759195
-1.03049,-0.8757493844015,-0.48499228266805,-0.791537049608526,-0.191495840388619
-1.00972,-0.749562733085452,-0.567298971728309,-0.760716454109568,-0.202790120402498
-0.151639,-0.203303953984475,0.0630897919322774,-0.740874540926085,-0.360951238029147
-0.921202,-0.639165505032859,-0.510994995703611,-0.640859926939548,0.0578212040249826
1.90892,1.30684343489791,1.20672220952837,-0.292350969131382,-0.606888721027065
-0.699643,-0.369945984376437,-0.418434979731693,-0.265159309116791,0.114760657529493
0.590198,0.293885598250906,0.376471712557469,-0.363223012516693,-0.399553122831367
-1.12114,-0.894169236923841,-0.659756211822593,-0.52723087889993,-0.0407795746009715
-1.04177,-0.848360963426294,-0.530333204399792,-0.568268586726003,-0.108561470159611
-0.617824,-0.272018332050261,-0.303114657961337,-0.344777950283349,-0.00614607980569076
1.31327,0.910911301592236,0.797683510379573,0.0299104011251192,-0.351968234906315
-0.83279,-0.564918957531424,-0.481709058592562,-0.479296454068727,0.4347969944483
2.25722,1.71713148292374,1.45511859702799,0.0820646852541141,-0.395387940319223
-1.02267,-0.787222215304302,-0.562576765828821,-0.487269020121607,0.38053376648161
-0.215507,-0.239696607950309,0.0108669670735124,-0.461547434952968,0.0245988188757805
-0.927005,-0.653668816725761,-0.538142888700917,-0.485467720593242,0.276807185287995
1.8308,1.3041089329614,1.23693913303208,-0.394065892046516,-0.444191681124219
-0.736134,-0.40186000716415,-0.425582206863408,-0.335782040941092,0.224537270992366
0.497565,0.249040133639578,0.371358978686204,-0.386060082531139,-0.318452875433727
-1.04911,-0.789843659715103,-0.632305744770253,-0.486495254066076,0.0205000523941708
-0.301152,-0.317232383914848,-0.0217088870881244,-0.417808381922018,-0.225547463566967
-0.94979,-0.665984444476203,-0.575754405868308,-0.546759207397181,0.0588465874392783
1.63737,1.13969166111489,1.19978568174713,-0.389947775674289,-0.594044460444136
-0.771087,-0.444675000066651,-0.444966517556094,-0.398241674595695,0.0331783865371271
0.430923,0.195570238989718,0.326282715209924,-0.447946460646146,-0.485089081193616
-1.14119,-0.958351839889053,-0.716219634364122,-0.652833603784131,-0.150349821998612
-1.07077,-0.894809916901521,-0.5571361300149,-0.689801830848106,-0.203242541637752
-0.683026,-0.332455182023347,-0.339931036333275,-0.42171815323752,-0.11944200277585
1.10213,0.758715399490656,0.732948349428611,-0.0740939276801209,-0.415836879424011
-0.877767,-0.613366401460377,-0.522586925131625,-0.419881262323708,0.290644411346287
2.05697,1.60419275117258,1.46360875940129,-0.0883910038294343,-0.496744125780708
-0.88044,-0.800141815194986,-0.579179708201619,-0.582998255534055,0.183822769777932
-0.940367,-0.842515537240826,-0.582232805444297,-0.576375667837813,0.0714463492366412
-0.0823645,-0.00865365929183738,-0.183257265278518,-0.182523837040707,-0.103745718598196
0.398523,0.348372571297914,0.104199815661304,-0.101602082078096,-0.19180838185288
-0.469083,-0.34624693892887,-0.402355846494666,-0.284256996790455,0.123225634108258
1.19222,1.02418434847604,0.566193991880998,-0.164827010981308,-0.391917701769604
-0.796538,-0.59417914978521,-0.576024929856231,-0.386622326929785,0.0411657421929217
-0.599761,-0.401634393993753,-0.328443855737721,-0.326552353697125,-0.096762399722415
-0.628222,-0.439433797291074,-0.455990639659267,-0.377950352940659,0.0141572243233865
0.91474,0.809640732264643,0.474928216945999,-0.4168961577342,-0.31095071703678
-0.350274,-0.200095224009538,-0.340560720390882,-0.384398708384075,0.0473788596460791
-0.0131615,0.0587989517689031,-0.0298571087749182,0.0522775194402381,-0.100212941360167
-0.487669,-0.33997028225666,-0.411611699138891,-0.219857171434474,0.10702946165857
1.30354,1.1519507977999,0.725791793209749,-0.409591717562242,-0.373192501908397
-0.799251,-0.575265147423055,-0.566544204103495,-0.40088956921601,0.0772313772588481
-0.592224,-0.38200216091574,-0.290841061444436,-0.298037242654756,-0.115184781020125
-0.621424,-0.429320815011418,-0.463605491559573,-0.369041651114246,-0.0641258728313671
0.960012,0.856671212705814,0.543281894696123,-0.407899734472006,-0.429620625260236
-0.342836,-0.135637787880531,-0.290524377142,-0.376794620483225,-0.117944504163775
0.00435496,0.0156221327807331,0.00883287429744641,-0.391429643426863,-0.402580464954892
-0.943802,-0.750793469611282,-0.616644182384762,-0.585235746769345,-0.280496123178348
-1.06614,-0.872800566903227,-0.584978488831665,-0.528825078131515,-0.278580878903539
-0.190298,-0.0326323773352796,-0.194460581869072,-0.447526579283619,-0.37054664018043
0.561094,0.507076644474451,0.321148361500203,-0.691532768439093,-0.521464171200555
-0.798899,-0.626838205097535,-0.554887324547579,-0.571965199834397,-0.171651642310895
-0.584988,-0.427899616182719,-0.281271531905803,-0.233174368313175,-0.241709774288689
-0.611154,-0.402868150795898,-0.458166280761356,-0.371950645268794,-0.118733564365024
1.02372,0.900279371821506,0.586625291053403,-0.399075131221098,-0.446547267002082
-0.32832,-0.138121517415163,-0.293174370774071,-0.374589082906757,-0.117745238549618
0.0210671,0.0250917297143669,0.0275817306892111,-0.38322023667389,-0.378306611380985
-0.930961,-0.740565597115371,-0.622798530914514,-0.569124611785152,-0.199695898854962
-1.07345,-0.879553060127427,-0.598878949018597,-0.508273868108879,-0.159902166377516
-0.179098,-0.0312968115124361,-0.181832651111579,-0.391442713699307,-0.24750766221374
0.564061,0.503051996177512,0.315477786979382,-0.0675184424847124,-0.333028674358085
-0.484415,-0.315409738636974,-0.4029999526989,-0.256731462874787,0.00863665929909796
1.3646,1.26012523678341,0.810714088166019,-0.178308164119902,-0.572010088480222
-0.944797,-0.781953400984811,-0.640829112260337,-0.677449578647402,-0.141345539555864
-1.07418,-0.853957754133301,-0.566231937637569,-0.680735890326575,-0.297880190145732
-0.783513,-0.568937449342761,-0.518931488846179,-0.69404495394624,-0.395716143580847
-0.569103,-0.470122409505037,-0.248934004547058,-0.705440326248474,-0.365815746703678
-0.620259,-0.437164272077072,-0.465413394170931,-0.561082814098699,-0.129235298403886
1.01975,0.893034023813414,0.629727565390114,-0.38939011017195,-0.418860436155448
-0.33783,-0.18241684880162,-0.319820529833224,-0.243919879793205,0.069928386537127
0.0287572,0.070342476436902,0.0537288073117897,0.133711461608277,0.0103686627342123
-0.207244,-0.156844133457208,-0.303483891437608,-0.139140320649484,0.15282210721721
0.575385,0.53342413277843,0.392742450835823,0.163230263896193,-0.0113000294934074
-0.48067,-0.288914653055437,-0.362404042696702,-0.0923095844802071,0.299668336224844
1.39247,1.19991965017821,0.89782430172996,0.0434081964426641,-0.250879783483692
-0.340776,-0.173331690534499,-0.333179448470238,-0.23862008609236,0.0869737908396947
0.035426,0.108779011649216,0.0817904001811209,-0.383405197353751,-0.249519738029146
-0.927186,-0.696172916685604,-0.594698822347278,-0.589053759582559,-0.126500050312283
-1.07434,-0.800956343762246,-0.509388859318057,-0.516410097790777,-0.125625838306731
-0.184213,-0.00356858655716391,-0.172664381739265,-0.379399213850303,-0.200862143650243
0.604342,0.566094398128248,0.414872257783796,-0.0890767296007298,-0.284133151283831
-0.479211,-0.30566293195482,-0.400859208428367,-0.290089164414383,0.143899792158223
1.42363,1.25289293070073,0.898035330040277,-0.11242717217937,-0.380597253643303
-0.791166,-0.516557142955744,-0.491742252428368,-0.338335547063306,0.0839985763358778
-0.567933,-0.287271028077253,-0.202275843117599,-0.252078598279032,-0.0969306776544067
-0.606111,-0.377303785970464,-0.428532187541473,-0.497229198320314,-0.0315185489243581
1.06964,0.930427774372143,0.682280607896773,-0.65336130122532,-0.460837820957668
-0.777649,-0.499061952053038,-0.463412071040795,-0.499800697058285,-0.0169422527411519
-0.561778,-0.295393693947668,-0.154645688898585,-0.286615358619247,-0.162863621790423
-0.605725,-0.35785587710613,-0.377272932084565,-0.329643773735507,-0.0571159517696045
1.08025,0.925807289842434,0.70438498441445,-0.369448476763238,-0.415543973629424
-0.303089,-0.121945083874167,-0.322722527205606,-0.344224240472918,-0.0728995940319224
0.0658796,0.124763968049653,0.117568116525939,-0.352000614448587,-0.354247694656489
-0.920263,-0.681926301730383,-0.565452926931213,-0.552347826432743,-0.167707528799445
-1.07167,-0.808000580105009,-0.540690348047805,-0.483158218247831,-0.111049498612075
-0.150961,0.00138448275244028,-0.196002593981699,-0.362307519929861,-0.119433131505899
0.64278,0.598363918793974,0.414529019921327,-0.0481389560152506,-0.151579493754337
-0.459947,-0.305546202403046,-0.393137484109459,-0.33083482765734,0.308627404788341
1.44744,1.2728873894242,0.881388589327343,1.00671039571782,-0.121191509715475
-0.45393,-0.308966321413365,-0.384065625116846,-0.303350732164395,0.433309351145038
1.42752,1.23990764448757,0.891595608915796,0.939105186854258,-0.167901137057599
-0.787823,-0.522325325033699,-0.512092827887952,-0.313376852932595,0.233632868181818
-0.554322,-0.274212788921722,-0.172530728820816,-0.245761799111565,-0.00247654632199865
-0.607243,-0.384362513342018,-0.461057957904811,-0.327466836939445,0.0359752055863984
1.10026,0.95678729989475,0.761603344011454,-0.382389600973686,-0.401231024462179
-0.317031,-0.116502932349698,-0.302673049443063,-0.363655270057953,-0.0645344092643997
0.0631531,0.1103279877557,0.142119469353491,-0.373307289669143,-0.355996887578071
-0.942553,-0.710572854134833,-0.606946657180468,-0.568672726780514,-0.185743152498265
-1.07814,-0.841571318069501,-0.556916787340577,-0.502603274802596,-0.14374002758501
-0.191995,-0.0022975578416268,-0.146283884502487,-0.225767999096274,-0.153263047362942
0.642005,0.606464107052578,0.471977911736961,0.254135573221922,-0.216625510582929
-0.188062,-0.0770567847892969,-0.260909430927371,-0.195317945847858,0.0998626998959056
0.619709,0.579444149808171,0.459363626516243,0.519273778430528,-0.108521086051353
-0.481034,-0.28765810405562,-0.389367200133474,0.0306118908826777,0.180731613115892
1.47944,1.36524052863187,0.988057779217984,-0.176973029875789,-0.465945057251908
-0.952234,-0.721259768560241,-0.604905455204672,-0.647512221608045,-0.0616566134628729
-1.08633,-0.807427199768919,-0.534446068256784,-0.655906593944127,-0.273478343164469
-0.791517,-0.520349508230143,-0.492187486988945,-0.683926400512444,-0.369931767244969
-0.535951,-0.3488981425598,-0.109155269047213,-0.698358080149085,-0.36615910166551
-0.6227,-0.385865212771518,-0.42242258824708,-0.545139685786335,-0.170050784177654
1.14103,0.994853186894468,0.796950165500301,-0.382674816233781,-0.533468900763359
-0.324138,-0.136486869149787,-0.309821954527223,-0.374319588685099,-0.122278188063844
0.0898588,0.122667119292916,0.165998476818133,-0.397366957750987,-0.362603235253296
-0.95809,-0.728316944441783,-0.630174651536501,-0.544009616135938,-0.164139379250521
-1.08179,-0.859202688393239,-0.537648800612269,-0.484303704543647,-0.127728397293546
-0.184078,-0.0138971104546746,-0.173401886642273,-0.367109960383155,-0.188017713393477
0.676232,0.637290573045211,0.51597953616589,-0.0200966886443639,-0.276855933726579
-0.483272,-0.302538268890881,-0.389565976037274,-0.274048658060969,0.175139051977793
1.49781,1.33689047599916,1.03239092392681,-0.0643473078921601,-0.360627902151284
-0.810861,-0.549432066254955,-0.53839576131654,-0.326609792242977,0.152000444482998
-0.546995,-0.323784036233835,-0.163222304827114,-0.244345516147112,-0.0234923067314364
-0.627531,-0.396084991907391,-0.464577210877703,-0.325441918002808,0.0487896106870229
1.13992,1.00519365701861,0.827963864026361,-0.36808602505246,-0.377798658917418
-0.328279,-0.130116482575541,-0.305005948944456,-0.361107771279586,0.00541798403886196
0.105136,0.11959899763155,0.179060853485117,-0.274035093208358,-0.270463199167245
-0.812765,-0.548834649483563,-0.551561313100733,-0.329814246892082,-0.0958195648854962
-0.534094,-0.363844665525268,-0.159165752596014,-0.252171020908501,-0.186662151977793
-0.634298,-0.400201809131447,-0.460948840889244,-0.380957443488976,-0.0550221252602359
1.16771,1.0421485248836,0.868451541272337,-0.369587520239431,-0.466451821651631
-0.342129,-0.141223028623443,-0.305245549422508,-0.35574835205321,-0.0821125031228313
0.109964,0.107335153949247,0.183839082173159,-0.361286109709805,-0.366737984385843
-0.962046,-0.727658989921976,-0.627902909959879,-0.540355672530779,-0.161854619708536
-1.08686,-0.882747936539129,-0.571869774190107,-0.488310262147588,-0.13129387369882
-0.204231,-0.0146197028691582,-0.148580380929482,-0.374728989911052,-0.204060605482304
0.70281,0.632664142608475,0.593794284039817,-0.0352530422370465,-0.305756839000694
-0.499036,-0.306808547148926,-0.388892513834173,-0.250610923277273,0.131357264052741
1.53549,1.44100220556266,1.1331244953149,-0.139381584033212,-0.459010251561416
-0.969726,-0.733157470373276,-0.62255607216108,-0.570456391855835,0.0962263133240805
-1.0849,-0.826300735185066,-0.57742629907785,-0.507045134070929,0.0357370978487161
-0.196396,-0.00541811610899296,-0.172451097594764,-0.256320220784359,-0.0925784517696044
0.691316,0.652629398519976,0.589062236533693,-0.256376490483463,-0.215231519083969
-0.495584,-0.307456552576001,-0.384964487877134,-0.302018533266033,0.226459066620403
1.54722,1.35127613322796,1.01779549359176,-0.161168067096767,-0.364695622484386
-0.822883,-0.572909046598841,-0.549445468161043,-0.356660436280324,0.163062027758501
-0.535903,-0.326914496925714,-0.144414901119335,-0.285685527703371,-0.0134847859125607
-0.646482,-0.414416302784114,-0.457622479152916,-0.360382777141512,0.130317500346981
1.16412,1.03583160389689,0.882376319354609,-0.371479264748207,-0.265239370229008
-0.343088,-0.165936839463482,-0.305989530041914,-0.371889610108701,0.157461314365024
0.115809,0.179278953160988,0.238723017841636,0.16076245767754,-0.0383581231783484
-0.513767,-0.296490529053481,-0.386956794848575,-0.17323740300466,0.216781253296322
1.5588,1.36264566844778,1.09932213860754,-0.371660274445035,-0.341901155100625
-0.825031,-0.536194357576357,-0.540938049336924,-0.380759721064971,0.17338562074948
-0.544037,-0.336985270285129,-0.14503381943709,-0.241941212504717,-0.0565156807772381
-0.649048,-0.416624346633035,-0.461970871419166,-0.352366590921617,0.0193097394170715
1.17239,1.0298315289229,0.895374888801954,-0.368090744143159,-0.407306251214434
-0.343927,-0.167522608214544,-0.344447122267623,-0.362750609829871,-0.0396907224149896
0.125119,0.116339078447388,0.232609181139102,-0.342876522952106,-0.376958102706454
-0.957149,-0.748611287043506,-0.634394075787732,-0.570042451708483,-0.233626622831367
-1.09135,-0.882971081919014,-0.574599882920017,-0.506853237297021,-0.241430190145732
-0.205594,-0.0236464261546301,-0.162058694398164,-0.410427619785928,-0.326742130464955
0.713898,0.660949817468095,0.603920844924667,-0.697002316080382,-0.51993575537821
-0.832346,-0.622468643449936,-0.571022609586535,-0.577619564869305,-0.118740846634282
-0.53959,-0.405584189886471,-0.148566200396338,-0.182242587532146,-0.214176889312977
-0.640895,-0.433966344936541,-0.472122956579648,-0.369647683129435,-0.0629875520471895
1.19186,1.06465758979107,0.917268689294987,-0.369731856148878,-0.437997679042332
-0.352025,-0.157487089633862,-0.311301012223231,-0.35380131038079,-0.0576332015961139
0.126776,0.107018699629177,0.204679812061472,-0.349181193291626,-0.365994480569049
-0.962106,-0.74793844563409,-0.635905552583404,-0.543785140744058,-0.155600994101319
-1.08855,-0.925530583320863,-0.61546606059513,-0.49018847819675,-0.124146021165857
-0.196867,-0.0285885940724792,-0.127564095341197,-0.366436653531696,-0.19771850277585
0.720105,0.612899376968788,0.559695213455258,-0.0123743815218029,-0.318589001734906
-0.501957,-0.326928096126425,-0.39481910987259,-0.241463836565862,0.0790031748785567
1.55927,1.45230797231364,1.12273445707221,-0.125098379786232,-0.564994097501735
-0.967348,-0.792843613534432,-0.653451761515292,-0.671353863700302,-0.0883381835530881
-1.09023,-0.905929271866005,-0.625820165883495,-0.677145378412997,-0.26219302741152
-0.805198,-0.59362419618275,-0.520391346573365,-0.692398498296192,-0.356363272380292
-0.516036,-0.434282790537706,-0.130094134578044,-0.696586719603114,-0.339656060027759
-0.631928,-0.429435798764599,-0.458815021712938,-0.547718095352799,-0.0662081599583622
1.19243,1.02532582279114,0.86210958518049,-0.353797986623214,-0.395033089868147
-0.322638,-0.158159080557949,-0.319513496489668,-0.209897420418083,0.145065598542679
0.129199,0.138077711454294,0.212666528631192,0.252306787413051,0.0616783313671062
-0.198123,-0.111947734683928,-0.238877211062946,-0.143708918634324,0.231211583275503
0.699383,0.579577599433072,0.499620838662008,0.206413006210723,0.0339360683553088
-0.493222,-0.31676505716951,-0.407102354660942,-0.0744275099579888,0.380722668285913
1.55151,1.34349606501493,1.05877476391247,0.0960697029616259,-0.223101141915337
-0.340821,-0.183667373333755,-0.308450232469876,-0.231751392689306,0.150184300138793
0.125544,0.114112919423534,0.171869064546253,-0.367030295044058,-0.227651466689799
-0.960908,-0.747189885003851,-0.623405258591471,-0.541878849241273,-0.0822289597501735
-1.08749,-0.910603388141604,-0.619923988755365,-0.491690328122384,-0.0946254253990285
-0.182263,-0.0286891804117652,-0.160907899161752,-0.362514975302745,-0.164098493407356
0.718299,0.625897039533484,0.550717035665953,-0.0078933801236189,-0.272242976058293
-0.492264,-0.330235524537704,-0.391924125660321,-0.271743530257542,0.195226977446218
1.55645,1.37854585311584,1.06978923116061,-0.052100501900341,-0.375125715475364
-0.825299,-0.587351039571434,-0.572387674567543,-0.340460563212045,0.124170814365024
-0.542503,-0.378669825121692,-0.173306960594885,-0.264952207558484,-0.0857609798750868
-0.655461,-0.43683043002169,-0.474634291891127,-0.524030933439704,-0.0039648893129771
1.15495,1.0572091378111,0.848389796771093,-0.666015506123786,-0.474920843858432
-0.819069,-0.557756202524665,-0.554178686578266,-0.528684649564016,-0.00232450451075644
-0.539188,-0.355648527705699,-0.15221870883604,-0.318311627545944,-0.175879374045801
-0.652221,-0.409326749099881,-0.443380885720829,-0.380269683378319,-0.0552561686328938
1.10952,0.992672599220091,0.786015834738052,-0.391158096408163,-0.439337294240111
-0.359223,-0.135649687280906,-0.311081598105157,-0.376197116559525,-0.0786037366412213
0.062833,0.0890863246920763,0.120258254988734,-0.381549258111375,-0.379690373004858
-0.945627,-0.720818879762804,-0.610582039459787,-0.573601347085997,-0.191518819569743
-1.08343,-0.832954474543433,-0.571502972615844,-0.51518749077201,-0.145456909784872
-0.183836,-0.0355156354352552,-0.195738015979332,-0.388362732907858,-0.160096601318529
0.578601,0.536972600635038,0.373799148697432,-0.101238909643765,-0.195730551700208
-0.486216,-0.326939018308359,-0.416487835963814,-0.390237259703476,0.243832854614851
1.32221,1.142651771054,0.811564248990967,0.919643567839083,-0.168389403539209
-0.482223,-0.323559611087918,-0.39760848484172,-0.374011421503802,0.352625971200555
1.27346,1.14878266689076,0.780708548992721,0.885977176792647,-0.213164568008328
-0.801132,-0.555820965689977,-0.541512011816285,-0.370858430483092,0.158039510721721
-0.586941,-0.355538135139355,-0.271377268945163,-0.321832017245485,-0.0650564023247744
-0.627569,-0.399192889274046,-0.455546181663599,-0.381520473119057,-0.0332425234212352
0.937084,0.860655490587071,0.589341352786916,-0.416120986372251,-0.431473210444136
-0.334499,-0.183816317451852,-0.330263210440267,-0.407007856832315,-0.129121061936155
-0.0227631,0.034119393847061,0.00820174746204016,-0.403754192490806,-0.384231907356003
-0.935652,-0.726858409597292,-0.60916895634437,-0.577124201823412,-0.227944496009716
-1.06019,-0.846550134018932,-0.573657883664074,-0.519445577711784,-0.179870540076336
-0.154682,-0.0352832459749865,-0.184972938416739,-0.204764121320308,-0.209565801006246
0.482957,0.477420864244093,0.262234734494747,0.202550944623964,-0.233743099410132
-0.153225,-0.0807134108061016,-0.24332446002777,-0.180692294145605,0.0187163268216517
0.454231,0.428726610527963,0.224982482011662,0.400125658894817,-0.141870918112422
-0.453795,-0.291624259729296,-0.377019826324317,-0.0222074265209498,0.0878543532269258
1.21687,1.12513454876165,0.68691673555638,-0.216242524242963,-0.474757832755031
-0.93155,-0.70936082582849,-0.617784722668297,-0.6619158090126,-0.128257621443442
-1.04889,-0.794454760939001,-0.584830627393638,-0.670255809167833,-0.315622844899375
-0.765479,-0.56482957507793,-0.522172792096435,-0.695531156253129,-0.40939041814712
-0.580484,-0.426528504953816,-0.308082341135277,-0.708556965379205,-0.392275926960444
-0.580377,-0.387805011775117,-0.43449283116832,-0.547507453811256,-0.238415153539209
0.875623,0.785277424465968,0.444605155607476,-0.400074625896718,-0.525164973108952
-0.272309,-0.1297435603391,-0.297680099084207,-0.386655701384401,-0.200160974149896
-0.0507581,0.00377097298435452,-0.0567624097517619,-0.399613377626264,-0.372356177654407
-0.916093,-0.707737942892548,-0.612881470297882,-0.558624677976904,-0.213375068181818
-1.03849,-0.810728468099994,-0.582172022137468,-0.503854436584353,-0.167282740631506
-0.102165,0.013506653611246,-0.183060643170482,-0.381307693273322,-0.259138376995142
0.43374,0.395870354647,0.172651786314066,-0.117571516082887,-0.282557011623872
-0.41874,-0.296181307333178,-0.388147064864141,-0.279487530436244,0.0567913292505206
1.15499,1.0105493364034,0.561607106435161,-0.143674940184772,-0.37255207425399
-0.752494,-0.531903978634871,-0.536001913404466,-0.358949906913559,0.0393931803261624
-0.609073,-0.362708836317537,-0.343899481726662,-0.3032359358867,-0.0901478582581541
-0.56648,-0.386513919029247,-0.449566453995088,-0.356310028927172,-0.0626705123178348
0.816962,0.734512392666725,0.371137634636207,-0.405373661853325,-0.388605933206107
-0.263815,-0.135656689258799,-0.300539774118803,-0.388978732184352,-0.111918812456627
-0.0752153,-0.0266700480176992,-0.094137453340459,-0.333965813487596,-0.299296903192228
-0.759012,-0.527881063381484,-0.514958969810741,-0.357945397154638,-0.182579396530187
-0.598974,-0.400550260703269,-0.337042993429146,-0.321263280994598,-0.234558021512838
-0.561422,-0.356356462061537,-0.443392378283213,-0.386108699716424,-0.151938731783484
0.82164,0.716373100421539,0.356026417241472,-0.398271678780852,-0.448319707668286
-0.234801,-0.113459669352288,-0.289464136072189,-0.384919253588897,-0.180663683310201
-0.0807313,-0.0229536939836608,-0.104640060673251,-0.371190264413384,-0.354192293372658
-0.888295,-0.667830097356121,-0.595776405674589,-0.525039429524913,-0.202767742539903
-0.986727,-0.795487941385604,-0.591345992467034,-0.48776227553295,-0.161658470853574
-0.0512745,0.0248238399002958,-0.163939845973274,-0.360896093076161,-0.274091243060375
0.397124,0.334981436850894,0.0927740930063024,-0.111619835404626,-0.28278099722415
-0.37473,-0.250244284655332,-0.343016207222526,-0.210263896539144,0.00802358959056218
1.12023,1.00041572118166,0.506747325733091,-0.211730060361612,-0.441780353747398
-0.948751,-0.765144555821108,-0.661774860549054,-0.582379980266513,0.0404105674878557
-1.09204,-0.815821698487403,-0.606394774836537,-0.476259502217686,0.0405256736641222
-0.10009,0.0137255985553555,-0.146577238117052,-0.272819335719897,-0.0667359958362249
0.709643,0.576519680917635,0.291961356642941,0.0795870998196493,-0.117816939278279
-0.518847,-0.329927712496415,-0.40471161604103,-0.233861498117922,0.398144026717557
2.28112,1.36978825728962,1.15692282639972,-0.0679730868054792,-0.348912429562804
-0.867119,-0.626626392513173,-0.559571864576351,-0.32419340569077,0.364397934767523
-0.405024,-0.419845542614159,-0.224809053518395,-0.266992914934703,0.0914133105482304
-0.694404,-0.454941595401456,-0.416885746228919,-0.302930136299146,0.265451212005552
1.34388,0.711666923233519,0.767925834579998,-0.314708429320496,-0.201900301873699
-0.394536,-0.186303834728117,-0.262692037099306,-0.291100247422227,0.289587835877863
0.318408,0.0457529568748853,0.115247863008198,0.181783648724808,0.017388430256766
-0.557264,-0.333423061507334,-0.345861358007344,-0.0889739509829954,0.366918858778626
1.90452,1.11191172735304,1.10085303816588,-0.293500767442589,-0.287394376821652
-0.880948,-0.659414311381042,-0.555704030100548,-0.313142650478207,0.349723786953505
-0.260872,-0.347464735634255,-0.171770251732101,-0.256617835075569,0.0235034087439278
-0.723145,-0.491730032452237,-0.442961747789529,-0.313920311031909,0.208025945523942
1.56711,0.906704681398453,0.927625091833036,-0.22991446233252,-0.349526592297016
-0.447195,-0.237299054043976,-0.321352136042788,-0.239556935526085,0.158338577376822
0.510064,0.113164590719967,0.237365753889747,-0.25288036203247,-0.329464614850798
-1.05493,-0.841676192586781,-0.685474907367407,-0.459735261256196,-0.0645044757113116
-0.867168,-0.729229834818125,-0.540647012457706,-0.555335364657277,-0.18341860999306
-0.353725,-0.10873841509621,-0.224473402935395,-0.241160221287085,-0.155304996530188
1.12469,0.474637824588089,0.552186501582516,-0.644333112108866,-0.503829418112422
-0.939877,-0.685236941694161,-0.579243340202545,-0.531655510101051,0.040571651630812
-0.276337,-0.322520697673311,-0.148803921398382,-0.25951849032675,-0.176767793199167
-0.800299,-0.521046779990331,-0.472813804501434,-0.38750812640289,0.0933326970853574
1.58518,0.865331463164251,0.882705439628751,-0.325984713315166,-0.444280992019431
-0.542338,-0.288372150239954,-0.33467375750421,-0.290268094434536,0.0895308160999307
0.397891,0.0459478823979617,0.152623205318726,-0.36138535913351,-0.370460450381679
-1.08173,-0.857664730175404,-0.681190353605354,-0.506403161161759,-0.0556084427480916
-0.885989,-0.75878716716119,-0.554430367595492,-0.6099658799556,-0.133637326162387
-0.439059,-0.165003795960487,-0.248235688259577,-0.321149677702954,-0.0822593896599584
0.999372,0.445791152030522,0.506243636231103,0.00540123832887529,-0.345508737682165
-0.709201,-0.464687785249296,-0.458075765905317,-0.266003653839238,0.209717349063151
1.94399,1.13875261175762,1.09412461355734,-0.0837641812113791,-0.591359249479528
-1.09433,-0.923573845720699,-0.69177238987787,-0.613228233909565,0.029935857390701
-0.872956,-0.836744062754918,-0.553520917500358,-0.733723735813727,-0.258874812283137
-0.952684,-0.727330101848534,-0.559428694825671,-0.680265351883167,-0.253063174531575
-0.271551,-0.384082131295105,-0.143124308418207,-0.722290763658013,-0.363602135322693
-0.832917,-0.586729132567801,-0.52150705440333,-0.588674178494084,0.032089858778626
1.47911,0.816851496309384,0.863988135252056,-0.338299432491313,-0.45137226648161
-0.566825,-0.298359540176363,-0.347820070337472,-0.353524398157471,0.232896918459403
0.368189,0.0627067847148889,0.165671187710963,0.195161089026071,-0.00121214018043027
-0.495648,-0.231034451101604,-0.316840494764958,-0.303241039477726,0.320460109299098
0.967048,0.436090743562539,0.491183402642562,0.227921075907449,-0.0293551394864678
-0.746202,-0.456829331746416,-0.451961147045494,-0.226189528957402,0.479198476752255
1.95594,1.13050071944931,1.1493101924407,0.103292920965657,-0.311601917418459
-0.638029,-0.365994924852426,-0.395810436425641,-0.301913912035168,0.249425910825815
0.359446,0.0438811720187894,0.183824513274674,-0.435572207115792,-0.296203465995836
-1.10667,-0.910211695084278,-0.706889841188131,-0.576594117565173,-0.0514088643303262
-0.966575,-0.804179220402709,-0.574887634712746,-0.649625968504124,-0.170081423317141
-0.532236,-0.214775815365839,-0.284156296804852,-0.383674347895763,-0.115248282442748
0.930751,0.441433819434048,0.526433753488187,-0.0807068617947787,-0.3812156759195
-0.773336,-0.51143264971392,-0.470732023665015,-0.421883065936468,0.246071948646773
1.82032,1.09251888152394,1.14989974853869,-0.0826759363697965,-0.466120416377516
-1.0059,-0.747956517742708,-0.609455057224136,-0.469187755777066,0.16496014018043
-0.391375,-0.417905517382097,-0.180709629323526,-0.460950435428276,-0.145517417418459
-0.882919,-0.630689400637966,-0.515504660553636,-0.625656355957376,0.0540863223455933
1.37752,0.859467047578576,0.923825754998607,-0.705802341250623,-0.543568741498959
-1.00037,-0.731866625587044,-0.605320402110754,-0.593551680945178,0.0502893150589868
-0.379586,-0.393069627738093,-0.149017478238561,-0.465650161821094,-0.22577779666898
-0.867551,-0.565644142293979,-0.453067149457892,-0.431567487379242,0.006451073907009
1.40557,0.82447221578916,0.942687278000114,-0.411012179873368,-0.52639176092991
-0.638612,-0.326116166117204,-0.353392055009066,-0.378846722081285,-0.00721861034004151
0.296551,0.047724589936478,0.194232933829352,-0.447070323971998,-0.467075041637752
-1.11452,-0.895661076796613,-0.696908300936916,-0.584708186618786,-0.168575482650937
-1.02889,-0.846229292200906,-0.574609110924399,-0.634491783711387,-0.2084504888966
-0.546536,-0.230038052870003,-0.298098458358528,-0.399437167813566,-0.0799556627342124
0.898855,0.484204985227656,0.536686505210062,-0.102248557251469,-0.270863069743234
-0.77234,-0.493006572420445,-0.437997494040581,-0.545803799601339,0.389787430603747
1.85116,1.26467581719779,1.21987849563729,1.2157284700229,-0.21607977203331
-0.775238,-0.517797379631082,-0.465938983257055,-0.481403962199565,0.565140872657876
1.87896,1.30181494626807,1.20443121565042,1.1259799313965,-0.244324092990978
-1.00558,-0.778245749347471,-0.568533729387257,-0.429593716569953,0.340425067661346
-0.355551,-0.379265292370187,-0.12188232246613,-0.439930383796867,-0.0382321703678001
-0.873883,-0.607396859731234,-0.497803169895363,-0.444114937247597,0.126159391047883
1.44425,0.883528592920056,0.97091619709079,-0.414080143738436,-0.499745808813324
-0.662145,-0.348935522092704,-0.331051619723735,-0.361483648698646,0.0236065752949342
0.330565,0.0754151612337343,0.24247390803824,-0.477379571199092,-0.461665246009715
-1.11465,-0.908163322213011,-0.68366894661582,-0.571596291132742,-0.179039197432339
-1.02964,-0.793079170927261,-0.515644006183779,-0.595284726052905,-0.23492219222762
-0.564103,-0.23513630303758,-0.264163478125782,-0.42948056052897,-0.12226680777238
0.93647,0.451906340698094,0.547448896133703,0.431002360120788,-0.365229356349757
-0.604029,-0.300592488884047,-0.33737350461176,-0.399473337619551,0.164422014226232
0.906539,0.46991856535018,0.533418723332869,0.683554409636592,-0.224884395211659
-0.7981,-0.554852670554469,-0.497939824774889,-0.0594287882931412,0.261605309160305
1.87856,1.31592241494544,1.25921061355487,-0.178076354524154,-0.56843434351145
-1.11821,-0.981126315505584,-0.698687762636239,-0.714290368612694,-0.00489839174184581
-1.03132,-0.930083460894389,-0.564356558669688,-0.769999621879509,-0.309259018390007
-0.992417,-0.755254910796331,-0.577868661986212,-0.747332235659427,-0.323641823039556
-0.321339,-0.401325166027616,-0.113610362272347,-0.782738775926465,-0.435076472935461
-0.887545,-0.617376480444373,-0.523356348511107,-0.652337122563659,-0.0935252376821651
1.50173,0.898335291106588,1.01037185722411,-0.391552506713719,-0.641129724149896
-0.654572,-0.355000597371542,-0.377985648977361,-0.36861826943466,-0.0426339240111034
0.332717,0.0485344654876362,0.219202391967077,-0.430810252973506,-0.454523502081888
-1.11504,-0.870700452614519,-0.694963383200885,-0.576364857810267,-0.149991085704372
-1.02657,-0.825150091647642,-0.539823831217241,-0.623679332729566,-0.200888907009022
-0.563105,-0.26064538099992,-0.30044916573022,-0.411282062715351,-0.130141338306731
0.967666,0.548083394539635,0.583752695942274,-0.10714442099521,-0.386653979528105
-0.772671,-0.496832542529503,-0.435440134581355,-0.421266667473428,0.266848637057599
1.88341,1.27820738109879,1.22906497431064,-0.0796340638663489,-0.442743080152672
-1.00911,-0.74753285226711,-0.586362115870185,-0.42637140149303,0.240397728313671
-0.321387,-0.343740225004075,-0.109769456451308,-0.416480356612295,-0.063023893129771
-0.881077,-0.594365270477753,-0.493520087260461,-0.441256779847339,0.148946120055517
1.51274,0.911049742712038,1.02870563276734,-0.397903524699091,-0.463507688063844
-0.680257,-0.375520879027185,-0.409708934758005,-0.394030913175362,0.118099963566967
0.365828,0.0764329400745248,0.228309763444737,-0.32561242067689,-0.340583453157529
-1.00402,-0.712941822321585,-0.590493379938961,-0.366526139357814,-0.0301241849410132
-0.326253,-0.325893308862513,-0.0955518922335354,-0.310149167855695,-0.238491844899376
-0.880696,-0.549668576486389,-0.488038102200324,-0.416766319408304,0.0250157824427482
1.49947,0.939597196803302,1.04406189289919,-0.371225744017103,-0.559623049618321
-0.675622,-0.395647658465053,-0.431117288534825,-0.354257921634669,0.0112576363636365
0.398081,0.0929432303546007,0.255101416664838,-0.399488508011924,-0.458275735600278
-1.11597,-0.914840969023126,-0.712765091830579,-0.588414876959892,-0.133681607564192
-1.02741,-0.836718878915903,-0.565329366503027,-0.627538745264707,-0.188838093684941
-0.563682,-0.246680934513225,-0.308451293707205,-0.398768547818892,-0.137546394864677
1.00996,0.537126318384389,0.616590203930387,-0.0620541716237716,-0.409848884108258
-0.790345,-0.530808259976731,-0.465188438129657,-0.350804847534543,0.227221442748092
1.97771,1.29756513437322,1.26261249309977,-0.145908601460922,-0.562470138792505
-1.11981,-0.936704788222435,-0.710123096369228,-0.59446465877464,0.144287980569049
-1.04026,-0.888878410666543,-0.573611263257437,-0.62856032463356,-0.0103809410131853
-0.577902,-0.286848840552827,-0.288421318696526,-0.315168236878535,-0.0160350693962526
0.994097,0.511141620027434,0.58803671281628,-0.0785885234065484,-0.312454115197779
-0.79114,-0.532197022892884,-0.468081850585016,-0.43749741910695,0.335964764052741
1.95349,1.21883272011362,1.26047353105763,-0.0599025508594692,-0.43578115648855
-1.01048,-0.742381814770934,-0.610101157507885,-0.445273220623869,0.273552430950729
-0.29593,-0.364500329128366,-0.115093431358441,-0.400618241636193,-0.0246329118667592
-0.876665,-0.613562289919787,-0.529361606429906,-0.446688446984131,0.276398597154754
1.62499,0.959326589215859,1.06183301289965,-0.340286892174483,-0.30586306037474
-0.650343,-0.345270492269452,-0.390529149243989,-0.43719996650019,0.338422528452464
0.476661,0.159748589959012,0.267989277456935,0.112880552369364,-0.0440372366412215
-0.75142,-0.505324653330088,-0.453984106221059,-0.294066239953515,0.409548842817488
2.09465,1.33496963991576,1.32703175124134,-0.343737332097967,-0.353113786259542
-0.998525,-0.741973588305475,-0.615657204461073,-0.4192694662189,0.362357502081888
-0.239448,-0.331710108502922,-0.0861335180633056,-0.364329341007272,-0.0209456134628731
-0.859701,-0.600775477002155,-0.51782755654545,-0.420454023908837,0.204375168632894
1.70628,0.999253649384687,1.09584242599997,-0.31345109216276,-0.442543710964608
-0.640307,-0.33906262734136,-0.382208438058531,-0.301190953445441,0.142034482997918
0.499201,0.146308367247756,0.284839121149919,-0.357139997552619,-0.414176778972936
-1.11417,-0.89596019106066,-0.724270577915142,-0.532418105725525,-0.144373891047883
-1.03173,-0.833037025511098,-0.557618394145436,-0.571988771023278,-0.248078481263012
-0.525755,-0.210078220691832,-0.272606360141441,-0.300303257373286,-0.202617073213047
1.15118,0.575612756135582,0.653745135177802,-0.719599081843475,-0.582163003816794
-0.994337,-0.712659175468028,-0.61258098946522,-0.589332877257631,0.0161545711311589
-0.237281,-0.310569896871293,-0.0831824636177923,-0.268489388043599,-0.209338520124913
-0.861557,-0.565082734992823,-0.513744833668511,-0.42350489399193,0.099796806037474
1.70003,1.00826741939486,1.09385935731558,-0.305533886173652,-0.478414761623872
-0.646295,-0.342573974587984,-0.359190832890016,-0.302685879971216,0.118529026717557
0.524353,0.145561192994318,0.275842536506823,-0.362257631456181,-0.411877217557252
-1.1127,-0.886554324406948,-0.709568657709768,-0.54677208575724,-0.0694109302567662
-1.0321,-0.832658747534544,-0.582193278599928,-0.58878577296477,-0.134412977793199
-0.536323,-0.217417671633137,-0.290795373625879,-0.353900238460294,-0.0893904267869535
1.1199,0.609080956555269,0.672161406675608,0.00425712439550452,-0.395582807425399
-0.768164,-0.522536097257034,-0.473102742377276,-0.322395319088351,0.217809056210965
2.04357,1.38063625771106,1.33631563133142,-0.0725229496849997,-0.634451011797363
-1.11951,-0.971770392017999,-0.708354202313373,-0.677002981593407,0.00719383414295638
-1.04044,-0.929707190483,-0.564939876256528,-0.742270241698171,-0.257056879250521
-0.985156,-0.750426072390526,-0.584744219117047,-0.726784980103484,-0.277563383414296
-0.264768,-0.351939349354088,-0.0511690357348163,-0.757104155183837,-0.384821096807772
-0.875931,-0.592146105379749,-0.529327234758338,-0.640952258300382,0.0468820298403887
1.64347,0.96980352928023,1.0949406573956,-0.346171795616191,-0.483158284871617
-0.643998,-0.334380444462259,-0.377210878433981,-0.393257524260458,0.267064606176267
0.425354,0.134726960947754,0.279248988836794,0.218850681740328,-0.00620604892435803
-0.571672,-0.285673081533832,-0.312931600481671,-0.329114424563084,0.354375125260236
1.05596,0.569409030066776,0.642174989666829,0.247081667778838,-0.0362794035392089
-0.788332,-0.510203620494762,-0.483898873948488,-0.270349643966785,0.509716780013879
2.03944,1.34302325944191,1.37496154103509,0.133719163865575,-0.319595189798751
-0.687682,-0.404402059965729,-0.366307300934129,-0.314780461531001,0.281425551353227
0.450504,0.134195638085482,0.285131157315794,-0.442062945438687,-0.306569867453158
-1.12297,-0.934526248655882,-0.71680084413532,-0.566769798806289,-0.0338390874392784
-1.04953,-0.852150553298871,-0.564537683404352,-0.602156021663489,-0.137677582234559
-0.565019,-0.238100038441356,-0.274689062093154,-0.374864697877318,-0.071665117279667
1.10055,0.63186673826947,0.689388360259368,0.00603517831188238,-0.364800046495489
-0.782871,-0.542573611393609,-0.462756343642796,-0.42723709044476,0.338880905274115
2.05817,1.3384563366652,1.37499983428863,0.00500114644854988,-0.430523727619709
-1.01095,-0.750235392402989,-0.617626421401797,-0.442708531757583,0.26691159333796
-0.297123,-0.353881036525537,-0.0627807467025656,-0.400193234185199,-0.0732812428868842
-0.889317,-0.638872950489436,-0.536873273641368,-0.606244360914759,0.165145078070784
1.62479,1.02234185477235,1.14016288063379,-0.657992645281511,-0.498018221027065
-0.992473,-0.71835925987443,-0.589839823726774,-0.572237650701041,0.158586784871617
-0.274973,-0.322486768181709,-0.0466067800714654,-0.397099110269473,-0.156618823733519
-0.874983,-0.604153390514025,-0.498687215990936,-0.400868323781226,0.106356031228314
1.61588,1.03169195277619,1.12233998221526,-0.351770883335004,-0.487664224149896
-0.652877,-0.364800299355064,-0.372697449054102,-0.357037819095918,0.0873012595419848
0.447019,0.132985287499775,0.287925870039747,-0.42280801478371,-0.435679633240805
-1.12126,-0.918663992459744,-0.71744170813261,-0.522452847192459,-0.107389116238723
-1.05191,-0.807455018880884,-0.50227887936503,-0.541307170566708,-0.154922838306731
-0.552682,-0.224813351966654,-0.247434028594348,-0.322092082039912,-0.0183105985426787
1.06689,0.676069719021766,0.733440397525686,0.0108785117882765,-0.245833673490631
-0.784885,-0.55408872478471,-0.471126236156412,-0.570499970854204,0.472275578417766
2.01701,1.45969360734536,1.36498407823658,1.58718426248777,-0.184602369535045
-0.790862,-0.568660180936342,-0.477001552854066,-0.501135933237848,0.644499016308119
2.00349,1.42656765984855,1.36998357545862,1.57028641431501,-0.2099249944483
-1.014,-0.796616434282436,-0.607420375661382,-0.447836164600147,0.403852122831367
-0.303262,-0.36889243522859,-0.0817197589947075,-0.407146098463171,-0.0010535565579458
-0.892604,-0.641393884704325,-0.518574366647738,-0.451775496676327,0.183526611727967
1.57676,1.00191223525084,1.12095123501422,-0.383135119095697,-0.484947772380291
-0.670507,-0.354694852699157,-0.384979964383304,-0.274551092955167,0.0750189746703678
0.420008,0.119516235530104,0.296874074601264,-0.465942955993991,-0.448472782442748
-1.11872,-0.88855887424913,-0.681815190081219,-0.534507637311288,-0.150438100971548
-1.06412,-0.857614899422083,-0.574120905672872,-0.558939690967401,-0.207840683206107
-0.584543,-0.250445160676199,-0.265808056873487,-0.462114358002151,-0.0904583136710617
1.03275,0.571859453799328,0.686787447868986,0.560256023002796,-0.356507486814712
-0.622969,-0.331955166753647,-0.353197395535772,-0.453586414006654,0.211508248785566
1.00837,0.561472303994732,0.644542679485631,0.759661553828349,-0.208122279666898
-0.80125,-0.553493170721466,-0.476815952181665,-0.118103058715401,0.307937441013185
1.99535,1.39705702777995,1.33077365779614,-0.211948824667887,-0.560510201596114
-1.13114,-1.00452000079091,-0.724198827767802,-0.724484456191011,0.0244313844552395
-1.06515,-0.928737151277956,-0.562388354755367,-0.781851193118819,-0.290192517349063
-1.00139,-0.778837009398168,-0.597969739569716,-0.75963003525159,-0.311087496183206
-0.302145,-0.374005723458219,-0.0412675473208513,-0.783185789614527,-0.427996996877169
-0.890828,-0.61981407026729,-0.532408421542431,-0.6728839946982,-0.0752371304649548
1.56587,0.973065471724219,1.11799287308771,-0.37340885440153,-0.640207827203331
-0.676541,-0.368508254851467,-0.399153876327284,-0.354354039631004,-0.0153472189451769
0.404846,0.107358039135029,0.280414655902353,-0.425775370902395,-0.454154802914643
-1.12368,-0.919131266965002,-0.71998317846115,-0.600159954735658,-0.130991783483692
-1.06286,-0.865921379562363,-0.580218513003339,-0.627107935174381,-0.177684213393477
-0.579528,-0.250413543261986,-0.289855522672454,-0.382642039614972,-0.101582558639833
1.06592,0.613273202098347,0.673278640424853,-0.0443550756190895,-0.376657578417765
-0.784342,-0.540391962449096,-0.469457229752826,-0.435145407209614,0.319346240804997
2.01525,1.36375610199164,1.4006455878536,-0.0215707231779951,-0.425855999306038
-1.00881,-0.763683755359195,-0.605795368088201,-0.445031603170381,0.29204736259542
-0.283949,-0.338878420128674,-0.0548142406360319,-0.399312598352502,-0.0251649056210966
-0.888465,-0.634720267271032,-0.520544674751931,-0.45719993494513,0.202824668285913
1.63124,1.0337998460027,1.1720629376389,-0.349779762670966,-0.442306268910479
-0.68211,-0.376117137543244,-0.40264833852846,-0.382752540571743,0.172493419500347
0.450269,0.142587993113947,0.301862282651927,-0.26732912683439,-0.317276546148508
-1.01178,-0.721722464209508,-0.62523942058008,-0.420848121265889,0.0141030548230395
-0.271926,-0.306587184313793,-0.0629446973598066,-0.32552642980609,-0.216895123178348
-0.89718,-0.588602619128316,-0.537593863571081,-0.49150968332398,0.0630830464954893
1.57926,0.99449106806469,1.13067181832925,-0.354327246172864,-0.553126749826509
-0.701676,-0.392382433907019,-0.394436405509699,-0.367865882503068,0.0441401037473977
0.453343,0.140564603282935,0.297791668319233,-0.421469446627655,-0.453482588827203
-1.12551,-0.919457737996396,-0.715987392184705,-0.573124760867702,-0.113075227619709
-1.03885,-0.845084413239879,-0.557570198700247,-0.606629621079849,-0.167354247050659
-0.583433,-0.255632980786128,-0.288885049326903,-0.389577353976489,-0.103891483344899
1.10062,0.618174894059749,0.658822548357154,-0.022331749524521,-0.387567294240111
-0.794826,-0.542978797523678,-0.476072660284954,-0.348811365543686,0.292825637751561
2.09196,1.44540821208715,1.35128690757241,-0.0955663079130953,-0.509082575988897
-1.02706,-0.876624272868296,-0.674488757689052,-0.539981688948705,0.216614253990284
-1.05098,-0.876400199781108,-0.588258450619652,-0.528815239674287,0.105870752255378
-0.353436,-0.0824944462546577,-0.116032262579431,-0.135567962711307,0.052494162387231
1.05734,0.509115494242356,0.649230485100573,0.104227149589895,-0.192026854614851
-0.588229,-0.335099230053029,-0.348838732027871,-0.247950677675474,0.413282775850104
1.98825,1.09952857238213,1.25276127223179,0.0674492263548492,-0.324368563497571
-0.884074,-0.637298102740187,-0.541535157137427,-0.306374799722575,0.34221759333796
-0.339499,-0.352986275728949,-0.138310539788979,-0.26684475935085,0.0848942206800833
-0.722879,-0.469020178906602,-0.426222251498086,-0.309603380488988,0.333752897293546
1.62104,0.902672312375652,1.05285602793983,-0.275351535251145,-0.196548684941013
-0.437365,-0.188943354961722,-0.266895874179242,-0.296805636067172,0.391040200208189
0.453324,0.135908500863483,0.263569242870809,0.196883545790991,0.0764210215128383
-0.605255,-0.376990805900319,-0.366623647280187,-0.0929704476606751,0.491802595766829
2.254,1.41259112596335,1.41201304671117,-0.283030098308976,-0.266931447952811
-0.912881,-0.687313217142722,-0.550167672577948,-0.324374450480111,0.455911808813324
-0.255203,-0.302612140288084,-0.092421338281595,-0.301318357922127,0.0948486970853575
-0.756992,-0.526802803152819,-0.462195316356801,-0.317313288736801,0.29427922241499
1.87171,1.0522244823694,1.19911018183656,-0.24251915867845,-0.354286872657876
-0.481414,-0.237784081800691,-0.309200132550592,-0.202282762984491,0.228538084663428
0.557168,0.18214873967853,0.297935860890654,-0.267907768986042,-0.317991655447606
-1.06921,-0.86214579045408,-0.683765461673118,-0.491798684842508,-0.058665248091603
-1.0188,-0.812387064595693,-0.566997070474646,-0.51701177009543,-0.151999927480916
-0.395602,-0.108486137504174,-0.204520580402733,-0.209935719979558,-0.125831587439278
1.31044,0.637512159006467,0.732307097882653,-0.660702511370528,-0.510195134975711
-0.942385,-0.673478489697504,-0.58750326134448,-0.553913584632538,0.107365472241499
-0.216897,-0.288439868364852,-0.0686726201048072,-0.247710931761651,-0.113467520818876
-0.797999,-0.522725387494145,-0.477197412895379,-0.368028942883138,0.193552378556558
1.90096,1.10161347990948,1.19617767519288,-0.258977279824752,-0.410123045107564
-0.53685,-0.27897262175426,-0.331231914893809,-0.227966859774804,0.206081981263012
0.577343,0.181603991624739,0.31871817791806,-0.32195341578814,-0.326562084663428
-1.08079,-0.872511798504182,-0.696330458359188,-0.503738374473936,0.0201586287300486
-1.02375,-0.813022444565841,-0.565061996302804,-0.528452543728398,-0.0286918213046495
-0.423534,-0.139364708470933,-0.208411152542798,-0.258363524434298,0.0116965093684942
1.32017,0.686810947617178,0.730905050102562,0.14912318635266,-0.299452598542679
-0.701783,-0.467269345164567,-0.428190313785087,-0.268416566367379,0.362188493060375
2.37692,1.49126520744444,1.47513753156192,0.0487970152681354,-0.565085616585704
-1.08936,-0.928341273295976,-0.703017350835574,-0.647662682194157,0.136320518736988
-1.01527,-0.883443968075586,-0.551660277161222,-0.710574531493792,-0.150676270992366
-0.941349,-0.715903070553343,-0.565599171801403,-0.691024288890401,-0.180059267175573
-0.179201,-0.306316487514991,-0.0404088381921733,-0.714260451827702,-0.291510180430257
-0.819862,-0.564208830662356,-0.487219862702286,-0.577979437740732,0.170628632893824
1.87757,1.08616460627997,1.17379015852521,-0.242709393423481,-0.392802889659958
-0.545914,-0.287747602572787,-0.343283037331121,-0.31949586018657,0.410605190839695
0.590332,0.205509194991782,0.327353991766782,0.30592713515941,0.124072506939625
-0.475752,-0.228398760021051,-0.299335972513057,-0.271223845227844,0.510729914989591
1.26377,0.650704989778108,0.688435259158409,0.399383682220781,0.0924699715475364
-0.729428,-0.468078814634493,-0.450425226697764,-0.147931171825573,0.68127759888966
2.3524,1.4691206124929,1.44858305964249,0.275746311164601,-0.222983278278973
-0.622551,-0.367761866162391,-0.373748048618428,-0.200130277932536,0.429920786606523
0.603221,0.209274844411509,0.348873893598643,-0.373162702264033,-0.209198287647467
-1.10348,-0.916399829830786,-0.70379176827848,-0.53694387887962,0.0862052602359473
-1.02179,-0.823471304039264,-0.559071154592342,-0.576268820333679,-0.0258282567661347
-0.493574,-0.205971027322447,-0.245728926121497,-0.301089499494591,0.0486068334489938
1.3297,0.746700700044067,0.764054968273411,0.132425637825951,-0.270157124566273
-0.734888,-0.506147461618964,-0.449805965551592,-0.387809693891744,0.503848916030534
2.41285,1.52502786160377,1.51177134143378,0.133947276479653,-0.346194653712699
-0.986728,-0.734690537265594,-0.594299774281901,-0.390622946503186,0.427220479181124
-0.183686,-0.299911164676067,-0.0426221829912222,-0.370664282558959,0.0468209934073561
-0.844017,-0.614308295541685,-0.512757709016859,-0.567688136898292,0.308509090909091
1.89377,1.14838318309363,1.18236466449991,-0.59459153934133,-0.41689593684941
-0.973527,-0.707533785466567,-0.598690434893035,-0.526036130503102,0.301934488202637
-0.177109,-0.288157917393311,-0.0584936368720549,-0.396442006916474,-0.0442449038861903
-0.827848,-0.569957313656735,-0.498975908372278,-0.385568710925412,0.246252326162387
1.92146,1.11245487023201,1.19867548335667,-0.248547366929401,-0.407975215475364
-0.587127,-0.315770874581367,-0.356463817944489,-0.243995060899673,0.227024196738376
0.62027,0.20892390427271,0.332107046605603,-0.313078161268001,-0.34881361276891
-1.10336,-0.882157185215132,-0.690787874868356,-0.525657954634157,0.00951347015961149
-1.02666,-0.824834674229585,-0.551169457873314,-0.563810143789802,-0.0454896818181817
-0.481549,-0.196206047758792,-0.25890972841987,-0.286122822436153,0.103250478834143
1.2814,0.69989321013423,0.719603724642185,0.0234898313065659,-0.144919555863983
-0.73933,-0.500285285135741,-0.453337938963421,-0.526575223043732,0.640807379944483
2.31403,1.56085327236369,1.46121130495537,1.54644659058246,-0.070610918112422
-0.740025,-0.512372705425501,-0.441947934995664,-0.470354036763008,0.84097515093685
2.37869,1.63855447745273,1.48593787030421,1.39795705085275,-0.10328148612075
-0.986583,-0.763804431762234,-0.590591753929603,-0.387786147126146,0.587737663428175
-0.179666,-0.31027380990962,-0.0507356099210661,-0.361547625787978,0.13618689278279
-0.850391,-0.60630808716515,-0.510792361739541,-0.400275552322322,0.345428320610687
1.88937,1.1178314561312,1.18648305579008,-0.259229330475177,-0.396601879597502
-0.620679,-0.340945571972705,-0.373188253279211,-0.265482956027775,0.229454692921582
0.616281,0.210933597999117,0.333508391875133,-0.325973309532156,-0.356532163775156
-1.10458,-0.893173975831295,-0.717209208902099,-0.520419845561704,-0.0184474413601666
-1.01976,-0.827330669945784,-0.565476965602011,-0.560213277898222,-0.0858826828591257
-0.497782,-0.208692203083303,-0.278497418070239,-0.339706742524684,0.0488736970853573
1.30811,0.688715824145177,0.721228366350128,0.442620609221868,-0.2501795
-0.548523,-0.279532150314852,-0.337348541831322,-0.350931117562856,0.383009764399723
1.26426,0.670040064788944,0.696623117820999,0.827827565538317,-0.0871413965995836
-0.758916,-0.509065278529034,-0.460390060859329,-0.0282785290720842,0.488583687022901
2.3535,1.61766905671481,1.4972424015456,-0.0435469558277415,-0.477611288688411
-1.11263,-0.9506499761928,-0.715575954026355,-0.675961906846054,0.174638858431645
-1.02867,-0.908930549000752,-0.545949703589628,-0.734303020881336,-0.173527714087439
-0.97215,-0.733770817101998,-0.575025078864106,-0.711098689518355,-0.187391992366412
-0.146939,-0.284864042253719,-0.0029242995577316,-0.72767866493146,-0.32594609333796
-0.856692,-0.596769104083836,-0.522687400878942,-0.597844593434565,0.0840374011103401
1.93568,1.16516385891725,1.23048215081942,-0.248727953574909,-0.559607504857738
-0.600364,-0.326878664460602,-0.345475354332623,-0.228600286332963,0.143549023247745
0.607653,0.224989247352584,0.333990437433207,-0.307654349385213,-0.351474938237335
-1.10295,-0.880946104497801,-0.706233620304642,-0.520962930778818,0.004452620055517
-1.02316,-0.82862682557744,-0.554391297658988,-0.561212350961057,-0.0586334108258155
-0.504679,-0.228635652226471,-0.277485009023166,-0.288038005702084,0.0222568053435115
1.29577,0.766041403755552,0.736092282140117,0.12992200370889,-0.286509379944483
-0.748322,-0.529241753804726,-0.44933159853956,-0.388102405831773,0.475328824774462
2.32615,1.52062847614409,1.42073192196653,0.131246214274984,-0.346138647467037
-0.993798,-0.738178269464767,-0.606341652627663,-0.398937367466435,0.442328352879945
-0.169062,-0.303986184763201,-0.0340165497787344,-0.377431840493028,0.0860432532963219
-0.864539,-0.603013595483422,-0.486750712827503,-0.405893507474274,0.343220527758501
1.88602,1.14847365803295,1.20149647509108,-0.259704737516722,-0.361170315752949
-0.621422,-0.34979729485874,-0.376421251144353,-0.316427948538354,0.310675943789035
0.622593,0.227723613032737,0.352832384077803,-0.185338826093359,-0.221139947258848
-0.988075,-0.699793443060945,-0.610015428971182,-0.353558009337578,0.151727933379598
-0.151119,-0.251160388600785,-0.0292311246646204,-0.281319701367064,-0.101652881332408
-0.855988,-0.557597357820655,-0.501089140985152,-0.413136188307458,0.218478591256072
1.92048,1.14700412184422,1.20619134194124,-0.229412768577263,-0.467033327897294
-0.627195,-0.342999014894619,-0.372990225123086,-0.258774994641243,0.202162331020125
0.682136,0.263423450147293,0.35388892906097,-0.305529937711337,-0.359634688410826
-1.10878,-0.892415867985235,-0.70502573230396,-0.525065759664816,0.0198575749479527
-1.02745,-0.839322102095417,-0.557613049340365,-0.563139979939826,-0.0371382970159611
-0.510479,-0.226933983782298,-0.263679911554572,-0.304394673989945,0.0271351335877863
1.35602,0.80110034011845,0.759479958582234,0.089315963758603,-0.272178784871617
-0.759772,-0.489966056421987,-0.458914518307461,-0.237781048260593,0.485467767869535
2.38067,1.55639765811313,1.50552488371204,0.0563004536968145,-0.354542314018043
-0.722924,-0.472614760477322,-0.456485219777497,-0.166197012098697,0.366067486120749
-1.09716,-0.887789182944974,-0.594058655969623,-0.120769363768278,0.350486937196391
0.259192,0.640811172960303,0.46648525788868,0.254800486906606,0.0947819878556558
0.786316,0.389424233397425,0.81814423635823,0.226716377101508,0.0516272866065233
-0.163884,0.240446887281782,0.0884943943140255,0.192516739443905,0.420566564885496
1.6391,0.91864139949379,1.48825002852141,0.133814770949553,-0.125870974670368
-0.529058,-0.215404756780783,-0.223820509075894,0.0793142924706896,0.337838538167939
-0.497551,-0.369910136157421,-0.102514807262243,0.243978627104563,0.242117396773074
-0.308503,0.0530779643556118,-0.0359879788790482,0.154174846370548,0.313457449167245
1.26674,0.659213385873481,1.19818891532613,-0.179600765612926,0.00707237421929216
0.108645,0.398663891592354,0.285557309364214,0.00651490465839838,0.344820301700208
0.180272,0.0275745814841339,0.350157709135884,0.636530100495042,0.265899661519778
-0.0924345,0.25617580182515,0.126013102801036,0.338330469442658,0.428046776197085
1.75122,1.00631033213459,1.57884478271342,-0.129806542353407,-0.060029669500347
-0.497646,-0.199238831731054,-0.233759790105419,0.0172368141930383,0.405883760756419
-0.450573,-0.370007458017227,-0.0867999725984481,0.284814310590161,0.240422105308813
-0.287775,0.0756161688008507,-0.0301360099076018,0.192014777857931,0.242169475884802
1.35167,0.704648988755117,1.24590117892864,-0.125840659511812,-0.113903128903539
0.110683,0.467942281501636,0.269826475364103,0.0277610754581437,0.178749605482304
0.278136,0.0566232591433989,0.410336926068619,-0.0705837728597666,-0.0840007643997224
-0.673955,-0.395333134995694,-0.423034883103193,-0.105434433215091,0.0098005374739764
-1.08502,-0.766369927757075,-0.593446758061706,0.0054104768778018,0.0984764469118667
0.348617,0.702647399464784,0.456024073224209,-0.103305967064535,-0.0988294795281056
0.999443,0.475815805522939,0.935461024404451,-0.464785273423632,-0.193367186328938
-0.463167,-0.147664607049594,-0.226344875877192,-0.159589439826627,0.178481317140874
-0.380453,-0.314682276676747,-0.0590206568939702,0.341505942724427,0.148121556557946
-0.252375,0.084820736405801,-0.022353636135407,0.193715626807715,0.250540279319917
1.57709,0.830542142454852,1.30195697581811,-0.0838559229230404,-0.0944302362942401
0.158831,0.484348823911451,0.275326478419501,0.11418253283937,0.236825260235947
0.34223,0.0675518107428727,0.380709174799187,-0.055305965130759,-0.0176125038167939
-0.634674,-0.379950780922275,-0.402758910480791,-0.0337317213862745,0.133433267522554
-1.07515,-0.754706578592906,-0.596399198047665,0.0620986527837405,0.253303456974323
0.366017,0.686455303029271,0.496267523771189,-0.0166522197937687,0.0455285964607911
0.929257,0.451105432885143,0.789160053723598,0.345249116075805,0.0336140069396252
-0.046004,0.340340786077816,0.134036898456348,0.381351938185522,0.356580859472588
1.88866,1.07627711849267,1.48111343331808,0.167297753910209,-0.264593188063845
-0.638227,-0.4424911050953,-0.422153389600963,-0.110488037704523,0.175473034351145
-1.07809,-0.815248202190999,-0.581122610291339,-0.22767798600634,0.073613919500347
-0.436053,-0.0906204235168024,-0.165870247441323,-0.242112308322471,-0.117358518043026
-0.372183,-0.349131958513765,-0.0858554832639172,-0.421808891814677,-0.00303191533657188
-0.204249,0.119486180192206,0.00698889784269446,-0.0751509842288593,0.226984485773768
1.47883,0.780321485355291,1.15177174134625,-0.0522484538589287,-0.0198080694309507
0.203324,0.502468329525465,0.326711241294535,0.349453056997096,0.488402252428869
0.369489,0.103309584975229,0.333082462346849,0.760833778642156,0.520965855829285
0.467934,0.67237075338819,0.476028892244451,0.390040099899591,0.593703844725885
0.978168,0.487297771502194,0.751516366813944,0.6770516994188,0.511749122310895
0.0310389,0.319932263324726,0.157468570598251,0.592275665012242,0.783306538861902
1.96481,1.17673703108828,1.51755022269274,0.502788213768149,0.215098481436502
0.244457,0.538921382325457,0.314222976579717,0.381032863279638,0.516311905447606
0.380031,0.0794122263168521,0.342072030758026,0.00489870196496262,0.197735925468425
-0.586568,-0.379183497190284,-0.399959207016358,0.0746943775180785,0.27948436814712
-1.05812,-0.757502881714493,-0.581085535796047,0.163227817717799,0.378643941498959
0.513492,0.781319680239266,0.536747370274221,0.0759610149696737,0.170664998091603
1.06638,0.514320073220378,0.753749694157767,0.443848883509204,0.198039292643997
0.0894997,0.382737383979231,0.179733893229986,0.461745304136891,0.621526079979181
2.06823,1.19369061836101,1.45612464320467,0.355858961235458,0.0804719607911173
-0.340674,-0.132509730566207,-0.128098863248816,0.358848980008091,0.566853754337266
-0.295363,-0.27418981369467,-0.0939506592709373,0.539029681684675,0.420059961450382
-0.0927601,0.157348207265065,0.066530516454765,0.223832778667353,0.423360591950035
1.63902,0.871966152571944,1.15055599835149,-0.264244442838595,-0.00703698934767526
-0.318536,-0.118022047996864,-0.130863808743963,0.0602310314601687,0.45644653296322
-0.277445,-0.23772626849914,-0.0797950485675257,0.488563746436848,0.355511658570437
-0.0651301,0.179768511880402,0.075047976062832,0.431853531632423,0.411269794760583
1.66605,0.90759140954409,1.19512247494043,0.0799648664329796,0.0772081507286606
0.389026,0.60684863398674,0.375490007163043,0.259092382969815,0.383803940839695
0.509193,0.124298854553605,0.351180468357926,0.0938821846656401,0.129863868320611
-0.530341,-0.353302835190251,-0.368730570421377,0.143717574527632,0.289206187196391
-1.0412,-0.744336984463167,-0.57108589484732,0.253739928907761,0.453362594691187
0.629366,0.8510892658069,0.628063651436048,0.135205780930228,0.300131315058987
1.1342,0.526080451427071,0.744815252155747,0.482182396805121,0.392827873351839
0.141447,0.40419601691838,0.205766165663582,0.258153401868781,0.841029551006246
2.05202,1.29445094138304,1.39785664705062,1.73503041740521,0.428543331124219
0.153181,0.387379589169573,0.20479462199519,0.29132157269877,0.98344732147814
2.07738,1.27591999969304,1.41260026275722,1.62408844199123,0.361142291637752
-0.302755,-0.124132642823801,-0.13474611200289,0.471995110767957,0.75792063167939
-0.282872,-0.258798194976504,-0.096423274705754,0.581170019368852,0.552298133067314
-0.0642377,0.189929491863321,0.081349871977308,0.473264759873829,0.512933433379598
1.60996,0.846250626616887,1.13189975141825,0.0835013778150897,0.109286684767523
0.395716,0.610119390818536,0.361957140595449,0.249212860495816,0.389433503643303
0.507078,0.122065545367145,0.33794497316833,0.10708360474267,0.149140066793893
-0.519705,-0.335029472325694,-0.362195393760644,0.179381559941101,0.298272322519084
-1.04015,-0.752562384157689,-0.576980563403278,0.28425410432251,0.476638763809854
0.695467,0.927492992841049,0.629887302938267,0.550039629346146,0.316525392088827
1.16757,0.528214923928222,0.770844509224349,0.911334981778158,0.416729657529493
0.69998,0.841987602607565,0.532086845142548,0.596242863503779,0.648060160652325
1.18198,0.599933580256374,0.765390165319459,1.16994598608989,0.518222197432339
0.217141,0.466374127877408,0.254389740616506,0.936577151947757,0.728949354961832
2.12105,1.23789995103556,1.48670129004328,0.377331023899319,0.0398187684594032
-0.532088,-0.39166350036177,-0.358361790402064,0.0845261661887541,0.403970155968078
-1.05273,-0.800514440778897,-0.576762077884269,-0.0696502978137181,0.241053243407356
-0.309162,-0.0135097595472887,-0.0865938285915239,-0.0993880606464164,0.0182708651977793
-0.250114,-0.272560856211184,-0.0258187154372324,-0.30455435254911,0.11317091204025
-0.0616373,0.210675925934903,0.0842900670970093,0.0854493240580396,0.272430097154754
1.73618,0.922901421908775,1.21729649553992,0.0861947147115378,-0.0507176924011103
0.410585,0.633516981796061,0.40895133754731,0.284886803598355,0.328166534524636
0.508901,0.148361361354874,0.378882199337775,0.100113136286077,0.149663694136017
-0.53925,-0.346449405613321,-0.352538739737078,0.176207486315701,0.310178303435114
-1.06783,-0.771928896682117,-0.583745620341048,0.267050987263439,0.473034387473976
0.727921,0.92765866717837,0.677672862012534,0.152503725982271,0.223313952463567
1.15073,0.599790379257054,0.849570921088273,0.524338195145294,0.291497530728661
0.180991,0.458940511654743,0.264284762280378,0.559944437867355,0.700767640041638
2.11008,1.28353532239655,1.54050818157154,0.453131370134297,0.183179086398334
-0.300654,-0.105099612710744,-0.118844979854541,0.43886885692023,0.704655852185982
-0.229834,-0.224696961669777,-0.0130272028733135,0.60852494428703,0.589418402151284
-0.00951724,0.240035145479602,0.134417557275957,0.53711048490506,0.600404283483692
1.80516,1.0080131993748,1.33919011541676,0.143126673329539,0.201702768181818
0.492276,0.66225557693866,0.427251865509887,0.330584792556305,0.544236711138099
0.593261,0.234004997741284,0.436805831777314,0.265811100705947,0.332346259368494
-0.265921,-0.0553741829219199,-0.0761278379203525,0.398913310290113,0.456687482338654
-0.19836,-0.196742315773875,-0.0161674733016883,0.470908452077495,0.414946608972935
-0.0242601,0.218543849936531,0.11004270688128,0.355122499339666,0.476097185981957
1.75379,0.983444274812475,1.28203360408314,0.148180215448838,0.0996839116932686
0.49406,0.685654611031629,0.432581894195742,0.316144999555918,0.406932251387925
0.571528,0.208514687527044,0.449903162687872,0.170354610262543,0.184242201422623
-0.554474,-0.382048180520486,-0.384935608865509,0.188545015397501,0.360505720506593
-1.05534,-0.77623370630939,-0.567763659756364,0.291923470078428,0.509644824739764
0.75088,0.964161238015495,0.67083517120941,0.204516352844928,0.240773155794587
1.29678,0.689758483119066,0.915191592413036,0.571084566070784,0.28290620055517
0.204808,0.506139006934796,0.267375997134532,0.687741602938859,0.68304559611381
2.22003,1.38759778722431,1.62203732378214,0.428326294007031,0.0721726155447605
-0.571837,-0.410457157233021,-0.390209830862257,0.271401016888799,0.661525119708536
-1.05586,-0.826267843663991,-0.580908503887768,0.413415842066197,0.714529401457321
0.741455,1.01779721940079,0.66100093447946,0.547515176144264,0.395864249132547
1.31943,0.694678834337644,0.920536818049574,0.612057871946008,0.412055552047189
0.253512,0.498283719189772,0.29149065251987,0.63794750925797,0.833656216169327
2.28769,1.40564317481087,1.68150625215934,0.546134066118678,0.235411209229702
-0.270145,-0.0896619602535376,-0.0872468437143551,0.506722069385083,0.780346094378904
-0.184374,-0.20520586300945,-0.00424248381654901,0.648960512913882,0.653616543719639
0.022178,0.249860395153438,0.152669728599437,0.56682211034227,0.728088341429563
1.78815,1.01746316243715,1.33423826071332,0.177858409273058,0.379511749826509
0.479592,0.653604501399702,0.424388359198,0.38839754415287,0.757744380291464
0.647889,0.314130200793802,0.462389080618401,1.0473081790845,0.637901591658571
0.242814,0.477344487833261,0.297539605931744,0.760402558275455,0.827376153573907
2.26006,1.37326696764607,1.60137649536449,0.210353268289427,0.270526664122137
-0.271639,-0.0810192448959031,-0.0949589979654795,0.387349618546784,0.7796323351839
-0.213191,-0.212118701190913,0.00293735653898887,0.643474782753623,0.583894647120055
0.00656336,0.241451954942121,0.136236939406961,0.558963420179264,0.569223297709924
1.79921,1.02864783490918,1.34292836070665,0.153629184962231,0.179558830326162
0.483787,0.694613020715086,0.427755323595211,0.344711272610623,0.479331204024983
0.599965,0.211597440484703,0.453653931819937,0.151228933120175,0.188122907356003
-0.550149,-0.381911135831395,-0.379088037939553,0.210451699703284,0.298364400624566
-1.04704,-0.771445695112378,-0.561016364611288,0.318669341296832,0.411655121498959
0.83279,1.02597879368891,0.728967025531864,0.122336660792965,0.124976804302568
1.3645,0.660180391523511,0.954164452779924,-0.279113618034738,0.0702815964607911
-0.255503,-0.0330060290446144,-0.0795703272145041,0.155097853883719,0.468569171061763
-0.189725,-0.209945541636146,-0.00603583735091447,0.696801479731538,0.435480335877863
0.048013,0.250070496046723,0.142336353108309,0.526005486700296,0.516226091256072
1.90194,1.07088868027708,1.3756741741564,0.174723309610868,0.179073079458709
0.513219,0.708017507178646,0.474985161716089,0.389268511300288,0.490737779319917
0.616256,0.215689535389597,0.439366321691697,0.196978507018706,0.231919165510062
-0.497698,-0.335675215962359,-0.359680834340071,0.264690321697418,0.39977340388619
-1.05076,-0.765960229040894,-0.560349478775765,0.355496776032184,0.557695330326162
0.802825,1.0034828326708,0.722163944417486,0.239415534651898,0.27146506592644
1.28101,0.684383910257522,0.901615264085007,0.631798688315514,0.302384207147814
0.264588,0.528931522578893,0.26097257302338,0.718848499979563,0.627961479875087
2.31109,1.40101430934571,1.66361638397723,0.447593443803806,-0.0571902616922527
-0.525381,-0.376742111462888,-0.36000002424773,0.140761190038834,0.398253784696174
-1.0518,-0.80524123205403,-0.568639271432404,0.086123331232381,0.24951975624744
-0.257594,0.0418920732086666,-0.0251242770574047,-0.0204341085964921,-0.147361234269119
-0.175251,-0.319093173932217,0.0345919191155192,-0.676049003898979,-0.236088269951423
