1000
-0.12684,-0.197260422857227,-0.597075084728358,-0.87125635605085,-0.854972697759549
-0.847561,-0.811453710470391,-0.648772768852063,-0.812433561979134,-0.543133855674988
-0.894438,-0.867130993326049,-0.733820690950554,-0.873749305564436,-0.833479234801368
-0.908808,-0.883539798368951,-0.760045284372341,-0.870304436880776,-0.900660664646201
-0.931235,-0.916556321040165,-0.744857480205349,-0.898394555362068,-0.905026592290381
-0.900845,-0.900559853759753,-0.707108638353699,-0.926766590406309,-0.932809747063293
-0.936297,-0.918756079138813,-0.703404969718372,-0.92777283054016,-0.928024505113669
-0.950517,-0.936548103070737,-0.742757338659298,-0.936328848768066,-0.943388016262797
-0.953028,-0.937997078730549,-0.734365853427108,-0.936873500244327,-0.957573834933403
-0.967701,-0.948438314745986,-0.706566274450583,-0.954639941197233,-0.959180458941882
-0.968564,-0.950436564545135,-0.706445999985943,-0.958248036119541,-0.958859475385318
-0.951393,-0.942642330284252,-0.730767912020928,-0.959513372374091,-0.96278843718023
-0.9572,-0.94404051576575,-0.74242511618269,-0.956808203999331,-0.95645225368317
-0.963462,-0.942953320492807,-0.759907207446033,-0.953324687921276,-0.945222976607286
-0.94451,-0.917232102404675,-0.709056610740034,-0.909760855378239,-0.917574000055785
-0.932568,-0.883405899567166,-0.644046140863767,-0.84214072796636,-0.740281012453446
-0.493952,-0.564415510510387,-0.469021446154239,-0.901525175024748,-0.845749992644285
-0.727084,-0.783966496900967,-0.718169779187293,-0.856178866925404,-0.742406966316192
-0.932432,-0.898307863640312,-0.644387512864394,-0.863155594257375,-0.791613750925773
-0.907468,-0.838214616268559,-0.671564035465924,-0.692946320297811,-0.815155207893912
-0.752186,-0.80172686915935,-0.772353526150353,-0.748391191790756,-0.763331425590131
-0.610018,-0.702750980998247,-0.647920936570051,-0.814853963794779,-0.728092490168472
-0.685694,-0.652130264879174,-0.401986013279097,-0.720276686820422,-0.644439727777453
-0.609524,-0.638796834552317,-0.448642064170372,-0.756904152284617,-0.792343850638345
-0.90578,-0.890771904824125,-0.709400074258153,-0.810797078298852,-0.765619816239952
-0.914104,-0.909417369181186,-0.740829277641284,-0.878542904871111,-0.879672655949655
-0.890992,-0.895396394543599,-0.731339514887846,-0.903205799853625,-0.916941591565235
-0.92684,-0.92220328740808,-0.692479331711712,-0.924739994799408,-0.91211770520027
-0.92891,-0.926048861586979,-0.705779618252587,-0.928075545676767,-0.932041396929673
-0.944757,-0.934812659312372,-0.658186099540026,-0.927034381631101,-0.927972718004367
-0.943185,-0.935527205565005,-0.660724958797588,-0.928788852870118,-0.892344176762954
-0.830974,-0.826111223644658,-0.598068030680652,-0.934352187160139,-0.925329457658816
-0.898087,-0.89568669052371,-0.719011265075712,-0.931622816385339,-0.904706368386099
-0.963199,-0.949984352510789,-0.711204423570173,-0.928449196886733,-0.921646601128461
-0.955231,-0.936679518452419,-0.680432819013851,-0.934130132533564,-0.945510560033152
-0.935745,-0.929232727306212,-0.683227494639627,-0.950570048879274,-0.955187199411861
-0.957208,-0.939956815083711,-0.723775622165951,-0.951758025540635,-0.942482954497639
-0.943528,-0.935396570567108,-0.728968623456363,-0.956046320286022,-0.958431584714245
-0.963252,-0.947671076422963,-0.716035712473336,-0.953337425499879,-0.951488515208186
-0.957503,-0.944814113221957,-0.718200941981973,-0.956360461899161,-0.959926464087429
-0.961676,-0.946370267273601,-0.717983813480386,-0.95188947537792,-0.951914468752158
-0.948003,-0.934846091974594,-0.720080617687748,-0.952837233518754,-0.947455169747265
-0.946806,-0.911832498263409,-0.710694002744289,-0.944287018119044,-0.905006585027707
-0.931503,-0.904897279465524,-0.706949481374528,-0.928565107481829,-0.701186738690157
-0.386123,-0.518960177956713,-0.553244291589269,-0.923073703603573,-0.890006682660277
-0.826281,-0.813688858171145,-0.651565495301923,-0.902554322606737,-0.713511983322796
-0.958942,-0.924370570734322,-0.73859531516101,-0.882377814953571,-0.865202768508828
-0.966913,-0.92380854151025,-0.722629902225896,-0.877662521109967,-0.918698623179666
-0.904314,-0.88964047467393,-0.682959964262748,-0.919693080053902,-0.939914649542293
-0.908811,-0.882092964805604,-0.672005503487916,-0.925692716405847,-0.942499490083466
-0.97391,-0.878349718382239,-0.719951474957267,-0.948266354695845,-0.935652432002805
-0.9633,-0.898063502778342,-0.751759293839475,-0.95003409851912,-0.958934543842079
-0.957721,-0.902518742618974,-0.71173044727079,-0.932000938861274,-0.946909896058357
-0.9314,-0.907804487039371,-0.705334308601539,-0.94439383886586,-0.941589295344303
-0.926303,-0.916715888131446,-0.713106381912516,-0.946775678647924,-0.92522499806079
-0.905987,-0.828515194131507,-0.871038992547346,-0.952257489397043,-0.946797149560889
-0.962371,-0.888510923629482,-0.650379775581512,-0.959098237547599,-0.94761529001546
-0.986919,-0.914852298449512,-0.687810354598398,-0.95925925988237,-0.967572768692122
-0.981164,-0.937105723188011,-0.730796281956301,-0.976115749247312,-0.980202926163924
-0.978749,-0.93208521412605,-0.719234979385443,-0.977096697729063,-0.978733531853513
-0.977005,-0.933335254153066,-0.717191210432645,-0.977705550085431,-0.97527188283454
-0.971744,-0.929720932661006,-0.7175807095631,-0.97587454392798,-0.973385344687894
-0.970151,-0.913599606309569,-0.675469919062979,-0.970074523859909,-0.968985990936187
-0.966491,-0.909800442630044,-0.671279218593206,-0.963363011404703,-0.964826837263111
-0.965535,-0.918179247933361,-0.720396756122251,-0.95577818417983,-0.944994037179698
-0.939851,-0.888708942032303,-0.656111936381249,-0.956098275498721,-0.896295082514704
-0.813354,-0.685866477656903,-0.461179994996708,-0.93847805042327,-0.923474129956275
-0.895361,-0.809951249429081,-0.506812696478209,-0.929627202108622,-0.890316970808252
-0.944669,-0.891305191451948,-0.712843501313602,-0.952114636782131,-0.925545607171888
-0.963515,-0.893533371558039,-0.647919502526313,-0.96709893259837,-0.954989011204913
-0.974027,-0.901570376718195,-0.716426245428839,-0.953885705573234,-0.966978430013123
-0.975845,-0.894672278133256,-0.653665311766697,-0.964023661162086,-0.969648399455959
-0.967534,-0.906948256743646,-0.675315509778367,-0.969541518668297,-0.97116685490195
-0.966504,-0.904392788621464,-0.683142500655421,-0.959982651404744,-0.969521398313684
-0.973241,-0.891791305151221,-0.602888290024798,-0.966037779344168,-0.960083033997269
-0.95332,-0.891920952036402,-0.68399569628597,-0.96510996026082,-0.962535525337237
-0.957054,-0.89962852404789,-0.695043951553268,-0.961319393796737,-0.942027964873739
-0.958772,-0.850434104960016,-0.588172773265543,-0.935515643237994,-0.854530209644514
-0.965055,-0.826043996301498,-0.686867793590133,-0.894899468653943,-0.251706455408801
0.446231,0.40781035747231,0.248883989861002,-0.0390805322915233,-0.229409337762524
0.459678,0.604629832626378,0.483296280549181,0.307900302630659,0.499144142765685
0.755572,0.630304695791769,0.530832763388091,0.509795776779711,0.617243855951249
0.834755,0.515042496817862,0.434825435749585,0.611849090384218,0.682806537769431
0.687217,0.40987091500781,0.342824003272158,0.613832752434198,0.658523157503679
0.501415,0.383355604814381,0.190646841616806,0.6729431690962,0.604127818694513
0.474091,0.527268030496293,0.434803226590617,0.682971994440042,0.595155802059813
0.652256,0.552037078564133,0.54628200642363,0.594765611318113,0.587108314885161
0.716043,0.449525626710506,0.415628084447323,0.559666212192056,0.589294640720217
0.546192,0.434135258482727,0.356702840233166,0.629934013726146,0.642949697103405
0.548294,0.494467235855397,0.212383157423207,0.72199407947879,0.675499417387008
0.781601,0.56949319965199,0.261418437590643,0.609842359443948,0.665695060290828
0.8191,0.608581141326489,0.661598671135395,0.56894554400482,0.652377906774483
0.573447,0.544601295289025,0.544188001775792,0.669429590245031,0.638241224462201
0.43462,0.434799557266195,0.229022833293485,0.711200911907592,0.633512100108383
0.644325,0.498874944954735,0.406657487555534,0.648529185858406,0.599282775965487
0.743975,0.646243954310451,0.543568775322627,0.605690956013694,0.65993293285287
0.712646,0.664011799496158,0.446028214360494,0.587582466222949,0.686842746935783
0.659736,0.556911630824565,0.40855345833116,0.669107216997537,0.650608613401268
0.584877,0.522565912052202,0.454434225504046,0.688218221701879,0.632651449620393
0.588336,0.449895204214614,0.328080178811412,0.637256540843816,0.622918108763103
0.657748,0.536394821803426,0.444206231709515,0.606514344300675,0.592865480820418
0.592782,0.606581449988283,0.589431839810058,0.628577054434718,0.631055555719075
0.599439,0.580934339592869,0.612508447625847,0.646382126120056,0.650683867174757
0.696778,0.541195838389605,0.419866424597257,0.654541748215685,0.660235517458201
0.721034,0.469068121585042,0.171686493855894,0.668030210996564,0.700897993587326
0.729676,0.473087272059888,0.285540403753281,0.669252843684477,0.688822635595922
0.6651,0.60112590014224,0.492332959932474,0.686641229366605,0.687504504922405
0.630851,0.566699631078088,0.397231392575993,0.724583751311431,0.708218642638175
0.712566,0.429557259595798,0.256063553526788,0.726757265259435,0.772982605442538
0.903246,1.11109692930971,1.23948908709812,0.827245474229944,0.820019455889619
0.899801,1.05010958839433,1.14685171483175,0.887721898528326,1.01626845882234
1.1995,1.14479988111063,1.1827284125351,0.843617580110797,0.914582769935342
0.975353,0.937184298681099,0.77316941987558,0.881066775378981,0.924829639787803
0.64756,0.804604976998293,0.525004495741395,1.03113556116365,0.985417005132265
0.92442,1.17732813985271,1.20813159991346,1.16480024751485,0.960258097890246
1.19742,1.28818709398308,1.20704080404021,1.06439136590943,1.1188372261092
1.34684,1.35407126215979,1.17772240475507,1.11477141085581,1.2491105981798
1.33629,1.3324892609207,1.35305966965973,1.34323317682688,1.36184145893126
1.32856,1.16550218711009,1.17788728951348,1.54032932128539,1.58969509483533
1.81142,1.24493945957712,1.18930613822509,1.63114317604578,1.68529870205769
2.10439,1.4687121117155,1.45286600890186,1.55656630571786,1.71127941975125
1.72868,1.40048692962552,1.18212116605039,1.57890046495872,1.73840063268711
1.38609,1.33133739007949,1.17997428318373,1.73981358072376,1.71850163183173
1.61473,1.33740047792151,1.16426636604619,1.65894416406863,1.68123844812747
1.90058,1.60680295028805,1.45774552432638,1.91978942967511,1.80224819366596
1.92071,1.71736652178755,1.54040508909532,2.03893679339298,2.20253636881644
2.59053,1.79804787930016,1.62238592022701,1.96426354192089,2.11945222432672
2.3592,1.33668374324817,1.29853047490556,2.11510809762752,2.3206735955871
2.15733,1.09041436320488,0.967160679317091,2.26380708598853,2.2526067466967
2.0767,1.58931029156649,1.51437720208584,2.38113374853452,2.2995312698769
2.39016,1.68298713966268,1.75999457030365,2.29122764420769,2.30273181929221
2.55615,1.2499288541825,1.03761267282053,2.18125337698604,2.30232701673299
2.37478,1.35405549719889,1.10855489434656,2.06477579812253,2.06324688384931
1.71661,0.666684767998015,0.482718071384761,1.4621829421102,1.67442905327514
0.989315,0.675265065090765,0.427020480617104,1.66164045363519,1.27824728210986
0.700268,0.755514636234219,0.558411448271263,1.35632470618887,1.03225814582326
0.899743,0.795180400922351,0.602353883685645,0.996707751952189,1.00147238196057
1.29363,0.86456970961651,0.790334467417209,0.833226447551616,0.910268070061258
0.960703,0.691513433546128,0.512759690530681,0.943846365102039,1.03241729498834
0.741292,0.823353153347451,0.641283759044794,1.09561200254146,1.1787044687495
1.33729,1.04046376030558,0.943799744396728,1.25065232627646,1.1216711261974
1.38446,0.898294119549527,0.65515160010737,1.34607234470854,1.58123400500741
1.87185,0.721565879658584,0.293882050170855,1.53913346106666,1.74114897846149
2.22005,0.960061231249428,0.607865926916606,1.53515804346892,1.66570378080289
1.55539,0.903565343495383,0.816446602455218,1.59382983102321,1.78994575672215
1.36776,0.942381377538434,0.701855884318818,1.73814120736936,1.69228048055212
1.73233,1.024868911301,0.591860575924716,1.64600444693215,1.59303541637224
1.7787,1.29368274121182,0.886914955306368,1.66955374442962,1.72439339061529
1.72763,1.28083572514156,0.984230504729016,1.72511976573581,1.87016882372318
1.9551,1.01404960075778,0.53510879144311,1.8476154903508,1.91330242111667
2.10417,1.11032428906022,-0.0198910764914857,1.85996356568043,1.97733529786793
2.09415,1.29133790764678,0.723083080458627,1.75041100820741,1.88116822870455
1.6809,1.28628067009993,0.75756232483753,1.8698763190806,1.90162722153745
1.67649,1.45319872648132,0.679512794741264,1.87139205265697,1.82641424934147
1.89482,1.33519693567838,0.682571537588098,1.87343355608621,1.84171385366139
1.96544,1.39687180905275,0.524802374612096,1.93567660962567,2.01920983000303
2.20242,1.71129776749064,0.910316847109781,1.79659058572873,1.98380039777177
2.39443,1.67943910237851,0.897572025308839,1.55880037158021,1.02220914498117
0.0156126,-0.289868384779582,-0.72734653466326,0.641771471928213,0.735015825266575
-0.888484,-0.852960240019054,-0.709401956594604,-0.708776309832808,-0.265608040258526
-0.914024,-0.899329418350101,-0.743147158629253,-0.770460758425137,-0.755028820588563
-0.794492,-0.811152941924361,-0.747239626695057,-0.82976715850398,-0.889186270046913
-0.901265,-0.897401187785731,-0.715467161148452,-0.861994163124766,-0.837736738164179
-0.861295,-0.876961517660029,-0.671979195693984,-0.904177787300408,-0.895543581198166
-0.896131,-0.892404224876036,-0.666212765300183,-0.890593388287662,-0.90554853657934
-0.94598,-0.925359878138597,-0.695406333640255,-0.911998886181329,-0.918198005833568
-0.948329,-0.930008503745996,-0.701837873650051,-0.92687036070253,-0.931604500236424
-0.936602,-0.898878241329947,-0.716338291893457,-0.920731183446987,-0.904339861258839
-0.947854,-0.903330405539857,-0.742439238369421,-0.909141672401619,-0.656534268567269
-0.283043,-0.447441294253798,-0.328870764709553,-0.926153173927962,-0.921190485936745
-0.894228,-0.884399741231453,-0.740261395114474,-0.894988097438182,-0.644223219011163
-0.898326,-0.880637537216332,-0.71221253559295,-0.913486503963886,-0.883287721601203
-0.952887,-0.897323234327296,-0.699984467903656,-0.894468596526545,-0.906951165148947
-0.923073,-0.920126373812147,-0.719586643676931,-0.937619617869748,-0.948437121947073
-0.952396,-0.936923242057469,-0.725159185803828,-0.925781704023327,-0.944536490436774
-0.963051,-0.939044124316307,-0.717275932266835,-0.945872282490581,-0.955700471788483
-0.961546,-0.9390413894344,-0.733892823689594,-0.956163833221952,-0.965701599449583
-0.973029,-0.952242282206053,-0.746813821308695,-0.959959723311027,-0.958886634206598
-0.955526,-0.934629669983198,-0.693497248037748,-0.966627353512319,-0.966058493377466
-0.96669,-0.936964556385484,-0.677643925594468,-0.956957400729585,-0.942733717244622
-0.972853,-0.936411987109652,-0.707541415601229,-0.94828729454112,-0.818174946018245
-0.640774,-0.614677491134049,-0.391802217051401,-0.910023217053181,-0.906994113722698
-0.831367,-0.837510253310647,-0.643569450042285,-0.885880019755191,-0.797207160077781
-0.896351,-0.88596959795144,-0.671310581820794,-0.930280963621126,-0.878853669287699
-0.949951,-0.93123047167928,-0.721236449274871,-0.914320402446279,-0.90850687694253
-0.935278,-0.908798033513007,-0.706431913026884,-0.928077626270443,-0.93199059076033
-0.918592,-0.899632625810803,-0.69415166049089,-0.945326058519563,-0.945346450085272
-0.951085,-0.928822571909823,-0.706118351721165,-0.959102168960682,-0.94796170260226
-0.976628,-0.944117503864913,-0.728197919800259,-0.955015834288894,-0.955181505735279
-0.97254,-0.941800805452409,-0.725661617986228,-0.953744587855679,-0.943022447946828
-0.941794,-0.938651173815745,-0.734404636089148,-0.936271975722965,-0.864200159214434
-0.922409,-0.912029879475282,-0.710927767224942,-0.935871338611209,-0.379438064225033
0.370196,0.10774242883761,-0.179087566567224,-0.916124414469905,-0.88710292073945
-0.837371,-0.869792524853773,-0.756065070437299,-0.901238033716054,-0.366867270216926
-0.907139,-0.899876666226018,-0.673477769037638,-0.894730079588428,-0.804408757997248
-0.925117,-0.904778400624632,-0.703190774783564,-0.888085043840145,-0.893904366377822
-0.910661,-0.910616536326368,-0.709980137595471,-0.909741064177635,-0.924976185850676
-0.936624,-0.920676160634904,-0.706519736515284,-0.90403485612908,-0.910476927691384
-0.911747,-0.910410576774745,-0.686139794378912,-0.913439704845262,-0.914077148253914
-0.886358,-0.900360694401216,-0.681980712382786,-0.929705981488471,-0.930094297737766
-0.946474,-0.931039709795676,-0.699371569368081,-0.92247376298506,-0.914490711081654
-0.947305,-0.924028330812002,-0.703526130890444,-0.901422897687331,-0.912818874161226
-0.91765,-0.911712262472997,-0.715353766122212,-0.920232302357403,-0.831422987836108
-0.675772,-0.668178218809721,-0.482728209484607,-0.940896975590469,-0.936050063571546
-0.95091,-0.900975925183883,-0.606299010448251,-0.91908746748159,-0.829460322533086
-0.941924,-0.931166137736608,-0.793636011330782,-0.918806052326705,-0.942962871345387
-0.971086,-0.951558910802063,-0.709258736488882,-0.945304714259764,-0.953368852580212
-0.970183,-0.951969869263704,-0.691943426293672,-0.962615282398248,-0.963625662620005
-0.961264,-0.94740468947151,-0.730886287158998,-0.962634618277193,-0.965011818787489
-0.959857,-0.946419798370092,-0.751361206737552,-0.965594372924829,-0.963134236634063
-0.962061,-0.945223121257382,-0.724918637619516,-0.96549505700751,-0.966744049757997
-0.972118,-0.956879446098013,-0.706562229199641,-0.973240543886676,-0.970658317310502
-0.981998,-0.946699292287479,-0.685192903339154,-0.970652862465345,-0.968032508723787
-0.987556,-0.942235997157939,-0.696598112448611,-0.962222467261689,-0.910380475390631
-0.826037,-0.774663819206985,-0.621581016309727,-0.964327019807179,-0.954416634172063
-0.915715,-0.901526755819092,-0.636257611317459,-0.961169169296974,-0.905089585341168
-0.961479,-0.927965134327122,-0.649394462072295,-0.941538882783639,-0.929034990317234
-0.950326,-0.920877458341593,-0.682100510484058,-0.954501802261083,-0.957987161058012
-0.959873,-0.940065110635609,-0.691574519543566,-0.964653429045391,-0.965193180141961
-0.979104,-0.962269365200193,-0.71368710158755,-0.967139842908924,-0.970590638754443
-0.983744,-0.962911072508104,-0.717871609680299,-0.969366789744709,-0.976330129472801
-0.977427,-0.958207145315291,-0.738790850757851,-0.973698781387466,-0.977373686336806
-0.972625,-0.951026625675392,-0.729675539592744,-0.976050261127679,-0.973540700230049
-0.969363,-0.950998346086585,-0.721780151667941,-0.97454280840905,-0.969476812109169
-0.971157,-0.954698994544024,-0.725518020768664,-0.970308221286311,-0.951342293312117
-0.963924,-0.928207488101114,-0.719862435694689,-0.963159111541263,-0.863076935774967
-0.974993,-0.912662711131901,-0.711224981584174,-0.945969874270026,-0.236968896634807
0.48297,0.473644344729761,0.211361312107353,-0.150819900981834,-0.218334413994719
0.529249,0.656665792861556,0.578209294904188,0.287853385198453,0.422152185314072
0.596745,0.640319883315684,0.638928007543961,0.386224329624105,0.486368182065232
0.499127,0.480824142356832,0.491144924820574,0.528801697914051,0.48650076917294
0.36632,0.345497026452822,0.367660345748052,0.534707044037852,0.52525446209509
0.553412,0.473334276271869,0.514010364301796,0.479183134113773,0.422844757420798
0.465087,0.451992566681995,0.462985968508613,0.490910852845099,0.471559591041914
0.39529,0.424368856568119,0.282636793905662,0.48024305844219,0.498947108043204
0.532973,0.524875497912348,0.456221982378436,0.457326405773046,0.437729801666658
0.489593,0.505840811162353,0.626039128110602,0.425370111160542,0.430756233156768
0.359483,0.410798918983234,0.438185906317783,0.395987245516837,0.38616449303744
0.257522,0.330827694671054,0.399790996985733,0.430215172260345,0.390394487243719
0.408761,0.420375705016078,0.5331126344387,0.358553947939137,0.317317526213865
0.377612,0.37686163364152,0.479931635389694,0.384688098932432,0.320637057966433
0.197682,0.204132810714211,0.191327928752405,0.452814762210372,0.471141053320299
0.535176,0.610882256967008,0.787482557150144,0.484310241574111,0.472789463813815
0.72148,0.728869836809557,0.695132254660814,0.552400346952361,0.602330557002141
0.736453,0.703621403008973,0.744544870449518,0.579197703697501,0.643359831522519
0.603962,0.481373701984466,0.419569563101785,0.64289752212341,0.653756719638085
0.582581,0.455358010149433,0.330415101824314,0.633009201043262,0.589139318811397
0.564874,0.587578237545122,0.780120851875577,0.596929825188399,0.545660498376908
0.482797,0.511784792784743,0.519898594479089,0.625510515446702,0.591961371249754
0.590637,0.575955573494415,0.549183690953722,0.597206669903485,0.625923601603966
0.772462,0.695315413403324,0.737483409759964,0.562956591363224,0.620181339263419
0.68229,0.565374170204374,0.343518560812252,0.588401798517045,0.651834166567492
0.557954,0.482445739408627,0.360419498926458,0.610683424284872,0.633649847264652
0.597576,0.53963319403475,0.555541155653403,0.556582911498571,0.515496709062751
0.446262,0.474968133739725,0.425241927365043,0.62563472597304,0.543066277702807
0.328933,0.376719996327233,0.312569769314208,0.673603922518481,0.940698839664543
1.47689,1.33613561775729,1.35843323647775,0.629103057407543,0.699818152281095
1.11163,1.14339037816796,0.9945206316217,0.748744570982613,1.0036079620154
0.675336,0.924762235530207,1.32923333829455,0.975166255177131,0.988286498148453
0.833274,1.01015792102961,1.31204256542536,0.885260285662695,0.79662383002428
0.894699,1.05908542801489,1.41438960749661,0.762572594732027,0.701917383004553
0.515491,0.728210895051536,1.3489397638352,0.829077666796232,0.927188638887266
0.954943,0.979144688719933,1.28522674356222,0.922186268644337,0.815844061555299
1.04678,1.06683694750965,1.33930261762007,0.943562450184706,1.01962978670287
1.14238,1.15012233710825,1.32186874689714,0.992205918419492,1.0820265686188
1.12052,1.1720041777777,1.56359869358384,1.16369427452528,1.18642163899884
1.23411,1.31524348871445,1.62257394915955,1.18107586102457,1.22437500478427
1.35695,1.38436010706485,1.49743670412873,1.16583187689321,1.18914097699778
1.16539,1.30256792718635,1.43724255389254,1.21594779009207,1.23630081077563
1.16349,1.34951822758665,1.59312842583172,1.18415699728792,1.08759197106061
0.971549,1.14015487882312,1.38362915138695,1.16780738426847,1.11172898404801
1.0551,1.10618338283259,1.18313171072013,1.11780666232636,1.03048444373901
1.03528,1.29485227688785,1.72910156036975,1.13185524477497,1.1235452870243
1.18983,1.29606025978177,1.37113288198003,1.05973662117734,1.14761338389978
1.30779,1.28369170016154,0.92620816896293,1.05587148968048,1.07197498233194
0.977853,1.19675752770538,1.28109920037521,1.08016606235918,1.12949671424814
1.00124,1.28429288460953,1.88635561590648,0.942060875931054,0.916302976206162
0.839148,1.2065853903101,1.68388695802018,0.885569940458135,0.819576805855882
0.616592,1.00337541668453,1.50421070062194,0.85891891997052,0.799936433641836
0.734749,0.694318003900724,0.456429590808536,0.791082381104725,0.698141507031628
0.713296,0.99825362805243,1.15644322158856,0.829895735227448,0.815742053763926
0.881709,0.948048363145659,1.05340009652805,0.857381195149299,0.888882824605119
1.10081,0.926872591129412,0.86073098288636,0.902745811486762,0.853062803055982
0.812883,0.732287899840593,0.584624269892325,0.999490122235875,1.06054381230043
1.07196,0.873944506268774,0.738962656918416,0.938272764580585,0.911009661966518
1.01971,0.926679602353425,0.671256653465977,0.960144968044322,0.868288873305848
0.6053,0.798077796587658,0.616630803025659,0.974968985140893,1.12235499667678
1.28344,0.886989162920006,0.500430267446192,0.904049487383556,0.771178117970365
0.855138,1.0835231094986,0.908372704239687,0.96364043291689,1.08758757536619
0.984861,1.10135929879913,1.10218607250656,0.925528427305226,0.94243603571865
0.986549,0.965454720342855,0.891938854378264,0.951806231422331,0.95571869313201
0.94737,0.980672324040563,0.998574048528038,0.92675164074159,0.936280306873303
0.910055,0.894606318723977,0.975025377790161,0.810306469480335,0.858139725572598
0.783783,0.925493252031232,0.857385315581053,0.849090536963783,0.781922609897408
0.582138,0.924049880598624,0.861209971483956,0.876953288776208,0.910461072335181
1.05245,1.03493212058387,1.03611378589495,0.783242605963752,0.716482167895718
0.82138,1.0761747922296,1.1558735605168,0.804129340838634,0.891580857978122
0.781094,0.913199261859494,0.909027161138744,0.820519703650429,0.864315679507069
0.870677,1.07473517562133,1.08619662499873,0.869506346248988,0.869746778221877
0.974331,0.921600384229211,1.0120664418362,0.814288235754284,0.830564292108744
0.812198,0.791396379137465,0.834517107376496,0.824359068242133,0.85171692637644
0.715029,0.780089714827777,0.737500291479932,0.804053974051671,0.878840512700495
1.11329,0.474512764236832,-0.0729213022207277,0.415950037588342,0.29095328928228
-0.0814476,-0.411912920295216,-0.639919322872979,-0.00487109855193356,0.255595724637527
-0.542904,-0.576457226429369,-0.526330917142684,-0.0902842983432059,-0.234089757678474
-0.557251,-0.590807256758393,-0.597216592779003,-0.452766304303231,-0.503034599646161
-0.520878,-0.59955660529356,-0.598282840696249,-0.612363337456607,-0.654335976615256
-0.77395,-0.749945043887518,-0.640718018081456,-0.637091289331506,-0.628127384149484
-0.727763,-0.714131266829771,-0.612611748417526,-0.689684754487864,-0.747259332249324
-0.737391,-0.746199785601716,-0.616098075825344,-0.720351431080625,-0.801793752726848
-0.867878,-0.876821357577734,-0.685419213317899,-0.852816941120494,-0.823960844337242
-0.913538,-0.913225715649346,-0.722529536075163,-0.87780335988121,-0.874886612713247
-0.90901,-0.904319071761917,-0.724069653177045,-0.881425394427792,-0.881773180527146
-0.859535,-0.876467622597263,-0.722920922166707,-0.894502064697013,-0.884648421132605
-0.8634,-0.874851523741449,-0.704613163889451,-0.871440597393223,-0.857323654945516
-0.852873,-0.86850439568232,-0.699436071686455,-0.854504719337761,-0.841499776502091
-0.825925,-0.845080808947216,-0.710611201262856,-0.850494357083114,-0.817397399780046
-0.833034,-0.821769491858919,-0.720306210250778,-0.818715954557484,-0.655739283392927
-0.428245,-0.369638030460164,-0.0709290215104211,-0.837143412218271,-0.807272197900341
-0.760704,-0.824546852552005,-0.763736125529564,-0.841883091486002,-0.695601685311416
-0.909828,-0.878564163013782,-0.723662562539895,-0.825173939083881,-0.789888358915849
-0.85287,-0.856701168462566,-0.727327116183151,-0.871679443476427,-0.890404795094596
-0.898889,-0.88915664194278,-0.71654027474548,-0.880845438646085,-0.879937374413588
-0.902167,-0.893629157782071,-0.685656866656107,-0.894395460657189,-0.899282285512775
-0.905262,-0.891004554823597,-0.6686225767916,-0.897487069990297,-0.9050923167128
-0.906794,-0.893766738844664,-0.69763153213019,-0.920084177524505,-0.914407974341333
-0.92723,-0.904551962475028,-0.694439277634588,-0.907913344936125,-0.906812497970471
-0.924445,-0.852307780488358,-0.680653305285139,-0.896780898610341,-0.866659102799369
-0.906778,-0.844861356562292,-0.676972128335366,-0.905831948436611,-0.590312914799624
-0.163304,-0.481597879177622,-0.532827333400383,-0.901407210439374,-0.846261988109722
-0.757129,-0.646727013295243,-0.531282283059971,-0.799346696823748,-0.602762286110477
-0.939291,-0.874735521607747,-0.695945260035631,-0.839933250218326,-0.782255581515878
-0.882087,-0.857230819407975,-0.701704417139773,-0.860940140862217,-0.88359929447033
-0.863806,-0.886373839795327,-0.71535530330037,-0.891821740322148,-0.881942602475282
-0.873826,-0.890163913362929,-0.708462864030987,-0.898074773298788,-0.887475506885523
-0.905634,-0.900251491855218,-0.710685104448186,-0.879942599637073,-0.897046708536773
-0.927567,-0.911308663873646,-0.711304047315728,-0.881227711901728,-0.893076236387013
-0.886944,-0.898988819392249,-0.711692644327143,-0.909965268907412,-0.900144486499912
-0.869983,-0.885867163713251,-0.712249579522206,-0.902129901208503,-0.903764568416914
-0.921539,-0.906012578429751,-0.716671257618538,-0.883518975332429,-0.875955290987722
-0.883326,-0.889955695324795,-0.715025739781808,-0.877475841571908,-0.882933205574829
-0.874827,-0.87451681051574,-0.666156870864181,-0.878224735032176,-0.803827956025098
-0.69112,-0.72034473401277,-0.531114146241011,-0.885915468821982,-0.879219943515867
-0.883098,-0.883106535824268,-0.672442954183875,-0.854718896162581,-0.796186868861604
-0.869744,-0.848274027833527,-0.639462314286148,-0.883858098246666,-0.876354879463503
-0.889559,-0.847684895736999,-0.620699638173857,-0.890092616873255,-0.894376722265316
-0.919675,-0.89427741336036,-0.651010219967903,-0.89320683638077,-0.906420026035883
-0.931153,-0.907025230306769,-0.684851319613544,-0.893158329929795,-0.907424162869712
-0.900585,-0.904667131714209,-0.698222272362127,-0.907750176597259,-0.913262967851621
-0.902456,-0.906260092874105,-0.718852925539022,-0.905535593449287,-0.888130532310422
-0.870097,-0.87523267648098,-0.664608086115093,-0.907574778004347,-0.890971302986914
-0.874554,-0.873644256450521,-0.618564119571014,-0.896186737964202,-0.890052553822368
-0.914399,-0.887664991062491,-0.649008327503419,-0.871643992193266,-0.863526383809458
-0.898706,-0.869377860179602,-0.717005606330811,-0.840957424292537,-0.749342788264859
-0.55268,-0.45829740785147,-0.721417361051582,-0.884018183498067,-0.851757711963596
-0.78006,-0.692082719216668,-0.472990073290908,-0.899241227834057,-0.770091575127111
-0.933491,-0.901088333029979,-0.77907352122236,-0.89332615458808,-0.85000284336498
-0.944061,-0.918128371385541,-0.702007860047257,-0.94340850254017,-0.93257269721232
-0.959735,-0.928023816594404,-0.7101059367292,-0.947438734363255,-0.945331451689769
-0.953511,-0.935362224717087,-0.712418046983181,-0.950736931642826,-0.950752231817916
-0.944807,-0.931604410737261,-0.711852204132517,-0.951401289567096,-0.949912851004936
-0.946408,-0.932070670495563,-0.70771386926689,-0.95231922841449,-0.94438714690178
-0.941805,-0.927960982433012,-0.709580118590037,-0.947833667241988,-0.946672594003857
-0.946771,-0.930775457933622,-0.713133698859889,-0.946579654262449,-0.945292783432773
-0.94783,-0.930906385341091,-0.716246340872215,-0.946344681709521,-0.947853290785831
-0.950618,-0.932775861259318,-0.711758386510536,-0.94627980105147,-0.945496398595268
-0.942283,-0.931713081718937,-0.690971006714855,-0.954691863742119,-0.949907940479543
-0.950291,-0.92927270769746,-0.722354800675308,-0.949387593778197,-0.944734305441476
-0.967486,-0.932349720679238,-0.706640529222968,-0.933218109584438,-0.886765559050266
-0.906759,-0.86116764939324,-0.630823287169995,-0.903543039355656,-0.660778277139639
-0.324693,-0.372895075915986,-0.27081741681051,-0.784915829299537,-0.727228832332737
-0.480802,-0.553091199088458,-0.268749563317257,-0.72092098189159,-0.641123467073281
-0.855864,-0.84974821870713,-0.714172767240765,-0.846364050203418,-0.706986886144479
-0.945449,-0.913744308862702,-0.708270317668862,-0.888674898912355,-0.86470369901605
-0.936353,-0.910006304635199,-0.698767709386059,-0.9019055691883,-0.913113693193108
-0.903563,-0.895501800303121,-0.715199440079084,-0.91546985015917,-0.91673334892759
-0.894589,-0.89380445818902,-0.708271503304988,-0.926772112594229,-0.916327081956849
-0.921483,-0.908634932428036,-0.696719362391773,-0.929830287176859,-0.91888764232737
-0.941699,-0.920314868535489,-0.697035001797683,-0.92177537496322,-0.927777734761265
-0.938614,-0.917810814488578,-0.693324910975186,-0.925119922211672,-0.935385006064679
-0.936244,-0.92516585185329,-0.723688135533524,-0.925298190832515,-0.925244666345944
-0.914584,-0.913601003801082,-0.711732451031002,-0.933982909973926,-0.916570868479075
-0.919529,-0.912770468679183,-0.702242680124913,-0.921374457901135,-0.841872029640688
-0.92478,-0.892313159380929,-0.651045753506416,-0.868602744042173,-0.392081997310608
0.15136,0.207127466060963,0.488197430360173,-0.356298087351684,-0.440456754963049
0.0157824,0.126158567245279,0.318634197187229,0.00205129763176462,0.0938467287072112
0.199081,0.232984168678183,0.335216779188224,0.0252029259526229,0.100490143095085
0.213741,0.211997036014317,0.261523398621047,0.0978592708178322,0.109896061789067
0.0449754,0.166050296271426,0.439766202379814,0.118659177791825,0.138624346379788
0.0530102,0.235328644518043,0.668320443855775,0.171953838091415,0.117285100872113
0.144504,0.19738404122372,0.338962510999195,0.173980229935689,0.168891360853465
0.294851,0.268537521721038,0.291616134350407,0.120768460027031,0.171268577007879
0.234321,0.212039976887901,0.312498706754203,0.129480434016935,0.175873858573167
0.0759679,0.124081127753414,0.336572622575968,0.203553532884936,0.176113628894757
0.0749805,0.213002383709909,0.404550809129581,0.293250497467488,0.212849760887467
0.304598,0.319224497055633,0.316959348539079,0.254453128716459,0.260323475799725
0.461005,0.365905552423151,0.345298009992146,0.177273350471103,0.301907701619373
0.366952,0.259192884142127,0.228321586879987,0.224118454396069,0.286722585858911
0.139453,0.219965054271661,0.317976260609256,0.342609581385841,0.263185254028243
0.0876578,0.273108454276133,0.550983483770413,0.317860994605815,0.337802662969329
0.556621,0.384401219436512,0.211259775605742,0.254720834068154,0.14170368076357
0.201122,0.259374674334454,0.398409387963819,0.160314576744142,0.283085956731714
0.0571669,0.208007253438689,0.43574573818454,0.217075301492937,0.219885671909617
0.188721,0.238271470927518,0.310693347450268,0.241704466484639,0.159926999027739
0.242093,0.227302905890711,0.312404801434383,0.177117162957166,0.182860823661547
0.182756,0.237182920435482,0.519265238163996,0.187112175420431,0.239832525512562
0.228879,0.345678092416187,0.657288456385272,0.257060472029796,0.272875752115864
0.346593,0.389607102997352,0.492704615282598,0.289684084063412,0.315072521987185
0.432003,0.335648331909117,0.317688226293055,0.273039513580045,0.296940565869377
0.275819,0.263504550592906,0.352514660099363,0.290058466992645,0.312713117258436
0.201648,0.312716531362314,0.549519871696436,0.317976905405075,0.273774771709852
0.23895,0.27001365977226,0.33705283403064,0.308226368246624,0.266400721250551
0.328023,0.316924317177001,0.379927841560954,0.244040511436279,0.244584196149739
0.259776,0.293308520967171,0.363642614889837,0.254813279606817,0.266564462814989
0.218954,0.31242142342751,0.458681264905226,0.264912635032179,0.243518300797998
0.211076,0.434451147359507,0.973365432938868,0.302236650113678,0.245506696954644
0.24265,0.313262952647641,0.70149238376331,0.23200883335671,0.301572070927261
0.443794,0.450596517123459,0.858186281676147,0.17407639302236,0.160958573092269
0.074808,0.218009048996898,0.833797983241359,0.252836085347821,0.27344340726327
0.10541,0.246633049066904,1.08172007884153,0.285971180881688,0.210518513274289
0.299167,0.25702674485176,0.428429438664659,0.234239913819288,0.191650358041876
0.274054,0.326432686958076,0.666177573333821,0.219382373097446,0.275158224074359
0.278389,0.301513459044519,0.638335457457333,0.244683141311635,0.280570190937781
0.287161,0.353242472610927,0.805105281854955,0.290976696639874,0.28390320305917
0.26092,0.340046285914803,0.68396687570134,0.395102898948728,0.370853682237901
0.417446,0.463544892198637,0.535216398677779,0.459765679431383,0.469412778728197
0.704977,0.636567915796828,0.691232496388225,0.381409719261544,0.446983160112315
0.525963,0.48484991477683,0.593478622462846,0.459365870681447,0.503677158228891
0.317658,0.409540075521788,0.824486227491073,0.527890169326428,0.535915494349727
0.559419,0.628565218633649,1.32262894066985,0.433017765018642,0.344178234941903
0.347063,0.611459294239003,1.2352687837439,0.350492957660063,0.402405670743435
0.299905,0.491525643415321,0.971486854740768,0.271670911841629,0.259023072287896
0.130529,0.314674862129053,0.514867242368823,0.327456347522154,0.265045639267138
0.171783,0.262378940018486,0.527877610828021,0.35952941752074,0.322408761413445
0.491498,0.480194148020889,0.792459251514336,0.286623462166608,0.316376093286615
0.52188,0.502236993283896,0.810069393851115,0.253235724186922,0.286676373637904
0.0950052,0.320656754326395,1.08215459898307,0.426718888482363,0.419839884436381
0.254926,0.445965832779939,1.10334968063836,0.442751913567023,0.455066592131059
0.791566,0.691843684160678,0.738777522049876,0.376409234457985,0.386862475124986
0.50351,0.507433767079804,0.566965595275899,0.568301126449272,0.706007224332035
0.666682,0.511441167863232,0.330443161527452,0.642913444779821,0.72187693733696
0.950972,0.745495420765953,0.745912554140171,0.59417556293378,0.660337502540099
0.729846,0.620819394066677,0.657777604503782,0.527430868364475,0.630908660619697
0.312638,0.566502636086525,0.747274966203261,0.710426848189469,0.680352900909038
0.612644,0.593549614822485,0.666383557704336,0.629896646826698,0.468711295904814
0.569837,0.4325228941278,0.218553502215151,0.564051504979937,0.535204021060349
0.47549,0.581508123830959,0.727993361624902,0.521186159743729,0.580952732338581
0.619575,0.688286957897234,0.850214653579316,0.510359880513071,0.459126735714931
0.409738,0.450910281708133,0.436599097988898,0.552783331890409,0.56736403242465
0.525103,0.581787081749449,0.352123960366598,0.566562725663121,0.513492988949161
0.557234,0.625976404060398,0.661195396590483,0.580703969353729,0.639548327064993
0.790135,0.774969115126898,0.93451409540209,0.559535656547763,0.593220297814803
0.6589,0.711521314991299,0.947614948779312,0.659835002006156,0.630142310223089
0.468376,0.587029154462592,0.682210995537061,0.703172585962059,0.69652652871093
0.712402,0.749966328668791,0.704750520320751,0.650562361998565,0.630561539235792
0.78046,0.779454977465489,0.757102600361693,0.612023662235654,0.668957972702302
0.66496,0.694413579861332,0.626981883085832,0.65254373205973,0.690337713610596
0.59825,0.648815575916429,0.704105517421568,0.697850430266175,0.695670344108787
0.735083,0.796637619318538,0.825663373216898,0.660045821117683,0.593615342634456
0.55403,0.647728618502855,0.999160867532147,0.670323867549452,0.710921879415687
0.711226,0.682845325714989,0.641358402090491,0.62228822135764,0.625463965691926
0.670852,0.722514614612349,0.926530246877055,0.713699161891794,0.686656105992424
0.633097,0.73750612912407,0.946061891171298,0.775601892270104,0.816548416507722
0.978416,0.881837311689859,0.720559411571106,0.701066004794189,0.744350640600677
0.894609,0.868423670027389,0.726622059241053,0.690779728915929,0.760347810374506
0.643013,0.690222924487521,0.668156148840723,0.806936916858272,0.604754740395599
0.305912,0.468471288876471,1.16884149583308,0.508129642740546,0.506884533391598
0.496897,0.0409875132194556,-0.612043227508968,0.0879055628655123,-0.119465257242816
-0.612534,-0.657192632447564,-0.642869454166497,-0.259071012521708,-0.0300694036664347
-0.494717,-0.576681404029102,-0.556100576652242,-0.618469779847136,-0.612436997558721
-0.772062,-0.697831097438416,-0.599568074979949,-0.621569484426416,-0.641892081428215
-0.782553,-0.794342380133749,-0.68561696578251,-0.818346224525971,-0.800200978740417
-0.858524,-0.847837262059976,-0.702604992740083,-0.812519864933227,-0.857703890514342
-0.950371,-0.913725546059668,-0.695705348859097,-0.841269383919102,-0.866061233711966
-0.901124,-0.879967854769859,-0.683847110805919,-0.866316890820361,-0.867786720254382
-0.79889,-0.812681252582775,-0.657872506229151,-0.849561720328146,-0.859007907706898
-0.813811,-0.805226848506427,-0.616649794364855,-0.835472372492396,-0.807759563013691
-0.79631,-0.803061513630967,-0.62931404394793,-0.824605551110027,-0.819169175094702
-0.834547,-0.83036827708082,-0.664395628964842,-0.789644916337275,-0.782749000642861
-0.765689,-0.833377948415258,-0.700537183647112,-0.786869232290023,-0.800289258122101
-0.778611,-0.837933328241318,-0.714551968607465,-0.773930559004795,-0.752822800463285
-0.756367,-0.722167330946815,-0.632503795370301,-0.78428553642107,-0.680830051715802
-0.546687,-0.402710235734585,0.654339212877467,-0.777647783124116,-0.776134891611457
-0.788989,-0.825133703794941,-0.712245390784497,-0.788832738579782,-0.696019515016922
-0.799042,-0.848206121547207,-0.697319764096967,-0.814447719059876,-0.826199479465628
-0.898982,-0.880089501862031,-0.641894907818503,-0.820103477204745,-0.832509661440541
-0.873797,-0.833223310710949,-0.538576476955669,-0.856945037097099,-0.873120603290812
-0.855758,-0.83568433569544,-0.563735450399405,-0.869827357714491,-0.89022221030597
-0.914985,-0.899733015705671,-0.73110773403788,-0.871397026790434,-0.854372762122718
-0.8518,-0.844062915419513,-0.664826971558983,-0.768387090977779,-0.873343831158585
-0.863421,-0.855761178652478,-0.620179235682034,-0.824441456921683,-0.784111818261512
-0.674737,-0.735203314239372,-0.630050080386714,-0.85960296907143,-0.880448324227902
-0.908405,-0.881737530732534,-0.753658804495723,-0.804619763089466,-0.770963768753221
-0.83903,-0.82126573883408,-0.701825951839843,-0.777868112310708,-0.858156047345939
-0.830647,-0.719645772748287,-0.219415936414238,-0.843799736047489,-0.864657709501065
-0.875148,-0.863588947938621,-0.688459067401532,-0.900576260347962,-0.885144860817868
-0.937112,-0.902988409146198,-0.659106437250829,-0.910464214746872,-0.904306169558657
-0.942339,-0.923607976988214,-0.707426381909704,-0.92245228735425,-0.926180786123759
-0.93273,-0.923768525641767,-0.725675267858577,-0.918415734023303,-0.912204487249032
-0.89134,-0.881065951073729,-0.701817249576964,-0.920634943969803,-0.889405215478081
-0.835815,-0.840123451954236,-0.672592523729606,-0.899311517426874,-0.897338618525563
-0.913464,-0.851092659774671,-0.632010832620867,-0.861110777822082,-0.824270846356145
-0.786725,-0.817266207577288,-0.629423418957718,-0.883081363082964,-0.900721999203064
-0.899359,-0.881962340420205,-0.696967591570365,-0.871063220069561,-0.847551925502468
-0.884898,-0.899643298215275,-0.727457251916778,-0.900211166240805,-0.904992547662057
-0.932087,-0.911663177787823,-0.71455508453432,-0.903575138945991,-0.884550997803115
-0.931272,-0.89244255098079,-0.705891290378069,-0.903397022563665,-0.771161227262102
-0.908285,-0.8721593014006,-0.71333775654466,-0.90688507366357,0.0506231315262378
1.32869,1.09523049387865,0.169880966517085,-0.862448923923746,-0.782298946716891
-0.612027,-0.689026106148384,-0.679692767056517,-0.776718514842579,0.0537648088045435
-0.87776,-0.842666774190673,-0.746822101656995,-0.778111717933683,-0.649511384319497
-0.927909,-0.875623272371099,-0.701775803223748,-0.77552117784805,-0.864222394023515
-0.931517,-0.862775468193091,-0.640338704172362,-0.869472442011127,-0.903969171383639
-0.911041,-0.89458904575149,-0.643629115729097,-0.888629469041221,-0.879168778175655
-0.837106,-0.842084960936335,-0.687635329842515,-0.899912420067972,-0.852312071737479
-0.811849,-0.783370014512537,-0.496125070847254,-0.81210380281463,-0.76028371833908
-0.704339,-0.702066720025092,-0.483283221867985,-0.754673213551952,-0.652924943173185
-0.503749,-0.483733288492818,-0.441937620186942,-0.59014979359805,-0.561751761875668
-0.391724,-0.441105565770368,-0.479201392208899,-0.561784367293744,-0.499161520011051
-0.420402,-0.526165137816368,-0.563480803065971,-0.627496148065613,-0.555538968709655
-0.663079,-0.413371126888749,-1.13662798732635,-0.633947890612512,-0.656605683425335
-0.880669,-0.800658267590531,-0.458673691840575,-0.67863120425201,-0.79766294548961
-0.977907,-0.91000553229712,-0.719825894672162,-0.825674120084852,-0.879936801629468
-0.940775,-0.872179235878876,-0.710818547633793,-0.885239641483504,-0.871019794106396
-0.782473,-0.760914875604409,-0.601492560658754,-0.856072856381906,-0.869383272822905
-0.771951,-0.780746842073552,-0.596787408737209,-0.873428206404833,-0.867580009990915
-0.923307,-0.909291248035682,-0.678118724916539,-0.897236987329047,-0.867662727288666
-0.95667,-0.936511042875533,-0.707456111384322,-0.901140170476119,-0.933923151162729
-0.968089,-0.9424156153861,-0.733474660303044,-0.937344023870081,-0.95278255302012
-0.960226,-0.937424792420559,-0.748490801531962,-0.953927092364812,-0.952547877662429
-0.946862,-0.92793069066779,-0.748794255679326,-0.957063410533089,-0.930919450712195
-0.957177,-0.894024740642996,-0.683679299270888,-0.94394682267747,-0.765379957212532
-0.525683,-0.466446685234243,-0.801643823929145,-0.93837086013591,-0.927867012785502
-0.894889,-0.809189494097142,-0.50316370096961,-0.920244938843586,-0.758871285592468
-0.92225,-0.908827143639813,-0.713453807098267,-0.944959903328024,-0.903385342661021
-0.955934,-0.931609196331651,-0.720170229314292,-0.949737010257206,-0.939136761742845
-0.967746,-0.940648342753593,-0.709957429629955,-0.954635431683366,-0.955962256026161
-0.961097,-0.949995864684483,-0.713804380548363,-0.967060879783471,-0.96833611292045
-0.969902,-0.954211973088647,-0.714881780393599,-0.964687842267713,-0.971802838952614
-0.982616,-0.964392359543143,-0.729473333758989,-0.973108623148917,-0.973049632202039
-0.977862,-0.960801557944039,-0.719939675321988,-0.974494841413109,-0.977529235334793
-0.978666,-0.961970564391652,-0.719407089209096,-0.974198610523154,-0.964472299145419
-0.972837,-0.938124078478358,-0.73311053098002,-0.968705799513457,-0.901670376328625
-0.967152,-0.925735524667994,-0.716699003147796,-0.96262805458823,-0.495509136086037
-0.0114834,0.0290162184034758,0.42021249235688,-0.389591355962764,-0.509223533582863
-0.0530059,0.0636816051632138,0.509781511484638,-0.217500274073716,-0.0949385580673782
-0.0323309,0.0218643293237576,0.23195426787681,-0.133086123337785,-0.059039017792648
-0.0510709,0.100865279110525,0.464847286563971,-0.00934096958351551,-0.0402809071973903
-0.0692985,0.122039732338794,0.521531503111394,0.00818595925685949,0.0288393540469714
0.102217,0.204165205746806,0.485951936311787,0.000173953448488355,0.0328836612402442
0.159926,0.164978341872999,0.343838924715398,-0.004415627225742,0.0252108895713018
-0.0210179,0.0867758497488509,0.39818392872424,0.0119698021046592,0.0448296008155307
-0.0712282,0.129640865514971,0.641398652547625,0.0737493838697331,0.011170292225469
0.00216015,0.123523545352238,0.440184801823677,0.0885109620597495,0.0242266952786884
0.120025,0.169525952866314,0.428562733257988,-0.00201901911801139,0.017544483039087
0.0523439,0.118697382010683,0.39292225019548,0.00579274753415063,0.0429467304145127
-0.0202349,0.147309562853006,0.474583825362701,0.0472542508207983,0.0369916776026586
-0.00680636,0.128953577254496,0.516749147132861,0.0561003917563945,0.0630137355587315
0.146137,0.13994777581226,0.37376244412288,0.0277384081900983,0.030002678225995
0.0686472,0.126918824058265,0.485083951016349,0.0481447683741292,0.0905176466626997
0.0456867,0.134990956952275,0.538012725642002,0.0752211724439781,0.101859522356432
0.1471,0.226002046061749,0.601195227914455,0.0271895550238002,0.0313549263211863
0.0185324,0.106598379066649,0.570795448123362,0.085083725121378,0.0549452907128854
-0.0506594,0.12428236962944,0.769105102473286,0.101435591768769,0.0856930468972644
0.13953,0.247805514760195,0.740771256785518,0.0563444707487034,0.0382798745974148
0.133361,0.129224033370113,0.450869847766058,0.0154003779897396,0.0595378168931734
0.0178555,0.133886119562745,0.551923475096797,0.0451936301237751,0.0349685143095085
-0.0890843,0.103858978690285,0.615025344947836,0.097396659040184,0.0685816389945861
0.0970491,0.193416293319076,0.616514039002844,0.0276373365907916,0.0313415087944491
0.161638,0.186565117838441,0.47266382942117,-0.00505433933873751,0.0220642545677687
-0.0223318,0.0896733686376644,0.58307243682858,0.012553013028115,0.0448265093958697
-0.0980163,0.0519456230869632,0.639392930834002,0.116569990575476,0.0843448994891643
0.11318,0.186145089557709,0.486081187145208,0.147286724317144,0.18952692332338
0.462945,0.528545053319681,1.21277876898219,0.2611770226315,0.269878810852934
0.450908,0.608024737210581,1.27443808718571,0.318254355840334,0.445373454784535
0.491079,0.586412707034661,1.15764405883449,0.42051258753567,0.446143210574803
0.42086,0.528854230400142,0.882059906777857,0.538770137107402,0.543208806949543
0.607864,0.59469336826144,0.867755067063973,0.487126148092646,0.500638985548903
0.593098,0.531214819256635,0.765769930224686,0.453313782210838,0.513172768283029
0.49032,0.538873953123835,1.0512432396626,0.473896785329123,0.390005703795007
0.149513,0.543059627825419,1.48187497826893,0.457509208702782,0.45811895801478
0.418726,0.601257233690751,1.14630350398395,0.410164951125841,0.284243034188534
0.344438,0.443889547574497,1.12276513608733,0.37058881854449,0.435939052039889
0.482813,0.540575261562559,0.812921337944523,0.397717942138522,0.425802868890825
0.50752,0.628917734023553,1.38383207550349,0.433363281690091,0.463169237489441
0.487074,0.576122262662033,1.24706161665529,0.428568081959981,0.414881585984029
0.322016,0.392989852997248,0.729613282313321,0.445214556605967,0.428623929779355
0.354564,0.485988593846565,0.991602704713533,0.427865869466999,0.395916880316224
0.442233,0.573615281107148,1.22722736777825,0.446541049347315,0.406283427717949
0.449819,0.689995061595947,1.12965352011774,0.408752604802006,0.470415814986107
0.529698,0.776965234474602,1.28102174668611,0.419500208959143,0.429027147903263
0.400888,0.569016107673088,0.991260990080489,0.509599616161284,0.494171115539711
0.436882,0.599460519197642,0.78684755919059,0.512201127093032,0.54178466824637
0.666444,0.843061082954464,1.2493450744614,0.544255811099616,0.546274360878967
0.597785,0.817343078834752,1.16722943718025,0.683223645593785,0.816917246842807
0.989917,0.790824318395379,0.544539274816193,0.763959956843704,0.837339312900792
1.08004,0.881749324591728,0.801704481932513,0.940478378535025,0.978467876158877
1.03698,0.936919840325434,0.937584429827912,0.97914839368372,1.00761695443123
0.997825,0.863557715027647,0.706426468204612,0.868565705079977,0.884129266646655
0.746317,0.773971153013396,0.585564754256218,0.866403031409218,0.814596151261018
0.594669,0.789619415255389,0.749271048974663,0.888696824928923,0.790939170998454
0.775249,0.82792337402849,0.628663194285047,0.868854403218131,0.771269262784174
0.920858,0.79584164456686,0.460111161923038,0.766886033868685,0.831594753409556
0.916131,0.914410329375689,0.666981106702964,0.756139795209218,0.887957664625626
0.922828,0.959426111192018,1.07357073266156,0.711125648142333,0.776206949832909
0.627652,0.822690569971672,1.07893533926608,0.879946204191611,0.813588351028844
0.670821,0.801180340764283,0.772447206722165,0.837280346200568,0.787876624316628
0.927303,0.851286100003422,0.703915620021411,0.717855054167405,0.721534717162272
0.800402,0.759658494796783,0.732581087967933,0.710255095431445,0.750348905175299
0.596832,0.695329067436725,0.580238846304434,0.750409505221338,0.755351438720972
0.702989,0.744656725451041,0.556265649639787,0.704593519435436,0.646396547199834
0.656702,0.723615112514294,0.487224392535151,0.713301365834041,0.696893015433985
0.68908,0.786401247375684,0.632462525026923,0.715383485524039,0.71807920483368
0.759151,0.799500155649401,0.655216141499314,0.749542873034289,0.772146605548796
0.840247,0.862122815420738,0.86885252904558,0.824829005097772,0.857356648341577
0.984569,0.889473362125131,0.845792055062897,0.791922005965256,0.845518809062219
0.889935,0.796425876842437,0.642553219814246,0.808847231774409,0.840607060755707
0.741863,0.795023472407878,0.573303092958875,0.745437814238177,0.749166346305673
0.781904,0.796525217962741,0.536105508510167,0.524720576040568,0.159577324371351
-0.389237,-0.468830872747239,-0.381052307514886,-0.278835890062557,0.00406191847880954
-0.760248,-0.766006604341822,-0.689220969057622,-0.661362116669178,-0.524167414366622
-0.832017,-0.840041758537322,-0.709648116475841,-0.735807496361957,-0.762938775160583
-0.851784,-0.841590395107063,-0.690629555836793,-0.775985620261193,-0.816013559709065
-0.80851,-0.820990232085787,-0.690865332530759,-0.860865735468434,-0.875111981102002
-0.897071,-0.881490358899441,-0.704259427385015,-0.870733006794021,-0.88105587081144
-0.948608,-0.923174900499148,-0.708757104318076,-0.888643114319438,-0.914423166833138
-0.950514,-0.928971559341665,-0.70555498560579,-0.913894280800641,-0.923655627979875
-0.920987,-0.892656430687666,-0.706065727006769,-0.918191004105386,-0.892551108994214
-0.915734,-0.887670286181702,-0.711425493186122,-0.896653632046906,-0.655685702780243
-0.309003,-0.421141753854706,-0.550969979878711,-0.912457357888179,-0.870566988239888
-0.802001,-0.818555613897368,-0.718243900390502,-0.890416555972157,-0.674388955645226
-0.947751,-0.912315769535702,-0.710560806349599,-0.865969343715556,-0.847529659753694
-0.954888,-0.917057059754684,-0.707714596637824,-0.886454330126948,-0.930642462905308
-0.943676,-0.927393817880738,-0.712884673834968,-0.936954255402362,-0.94888514719399
-0.947196,-0.936178992719895,-0.720507441728483,-0.949870168686846,-0.950451813012363
-0.967553,-0.942931154207576,-0.714172697732098,-0.938590091103031,-0.919928163116761
-0.936703,-0.880365744063324,-0.669391130060589,-0.907209775861492,-0.80487748105153
-0.658574,-0.704695065168144,-0.608002908278794,-0.731773094013766,-0.755514388423715
-0.536866,-0.645863785523107,-0.599321252135704,-0.762097396324869,-0.729954550368981
-0.794691,-0.748520745854841,-0.559535790069745,-0.599132522669785,-0.559156898483697
-0.562499,-0.642346038005299,-0.549074148193686,-0.700212980337743,-0.64241456756685
-0.464231,-0.534801497064145,-0.640838479894082,-0.718760476414954,-0.731260781259796
-0.863379,-0.845718137531225,-0.674589149587721,-0.849878751625117,-0.697025533245493
-0.910274,-0.881134344505745,-0.692342897545471,-0.844758806362065,-0.85967796806945
-0.905883,-0.898783939737246,-0.708008490879476,-0.902784834190575,-0.92390413891383
-0.953131,-0.93050142253588,-0.721376218950281,-0.944730095435537,-0.928539024694375
-0.957296,-0.935138013753914,-0.72575373962788,-0.9421639794014,-0.936774384338092
-0.930452,-0.921983799373755,-0.72420032327254,-0.925766889152622,-0.933852721601203
-0.91309,-0.916382698304993,-0.726246392334531,-0.930459632088255,-0.920342689147332
-0.90463,-0.911883194441345,-0.724914732622792,-0.930951103526005,-0.91651867640699
-0.925775,-0.907208024041322,-0.717415531176745,-0.911592924898313,-0.886064840743063
-0.928278,-0.907896481156278,-0.71144514038515,-0.904245431925553,-0.717141573875923
-0.452366,-0.560499837289828,-0.681811230263013,-0.892713131569282,-0.88684546098735
-0.846414,-0.828399900594568,-0.638154743459386,-0.851910589116755,-0.684380979014031
-0.843081,-0.837213236158873,-0.686679000488881,-0.850158206949297,-0.827463758634796
-0.860148,-0.854657328043184,-0.696243368999591,-0.820256077359877,-0.837506617457669
-0.838417,-0.855430252337761,-0.68774774988538,-0.84682342200906,-0.848405076986627
-0.842393,-0.84650728233904,-0.709289985565435,-0.83813742562164,-0.834580018531407
-0.834032,-0.828950279418692,-0.680180885663774,-0.827288395053579,-0.818118041961311
-0.807578,-0.802092120077706,-0.623414626157343,-0.787538138649545,-0.776190986590232
-0.718954,-0.731620268179564,-0.628323217948354,-0.775072227819257,-0.759272865137259
-0.690833,-0.709333441079009,-0.646546561333892,-0.801414985381722,-0.764970326321983
-0.78551,-0.78854066420483,-0.656523711287994,-0.789231634145178,-0.779845675086733
-0.866638,-0.856340181024464,-0.680226278869723,-0.789252472007943,-0.805806680952178
-0.849533,-0.85311314809361,-0.696955606898233,-0.82673174391319,-0.817081463290493
-0.91051,-0.897740627648749,-0.71155470868019,-0.808217813234378,-0.450801202333958
0.0466397,0.0392653543760194,-1.55974512606933,-0.771184225077371,-0.755164944623608
-0.605866,-0.589244939097409,-0.259682966139447,-0.742308720630267,-0.36084587867188
-0.607639,-0.610035114799978,-0.557453410417974,-0.781325651091571,-0.630297530923755
-0.707686,-0.722424249684006,-0.790845905961887,-0.814374272940927,-0.730512304912842
-0.848275,-0.831455339721098,-0.913098478624008,-0.790075756376695,-0.825877254663401
-0.959831,-0.894321126227569,-0.779614443956827,-0.790616234352622,-0.895646600799858
-0.974369,-0.913686057653412,-0.656028637927931,-0.906048217688006,-0.931187303627119
-0.920538,-0.88718130791929,-0.679578799233159,-0.943398996738033,-0.952190603413009
-0.927673,-0.896640730923728,-0.670825682197263,-0.947638013925107,-0.952842693990044
-0.980368,-0.949537305603656,-0.697124696556993,-0.952975751335054,-0.945578264213345
-0.971234,-0.930177740658115,-0.689775917569586,-0.950581507432516,-0.945881716004059
-0.957506,-0.913160037050442,-0.659513089058764,-0.955066175472537,-0.837061496169397
-0.671411,-0.664139642169136,-1.02973545274353,-0.93942619902029,-0.919841317167054
-0.866805,-0.831113403973892,-0.81422632285306,-0.931296463671632,-0.834986144298458
-0.954262,-0.903564804766242,-0.703649866961386,-0.939301209466405,-0.902737845569835
-0.964285,-0.878123329307199,-0.651420382356578,-0.93549938382708,-0.941700392796234
-0.963672,-0.882533190686712,-0.640810929301824,-0.921374697579616,-0.901998567287922
-0.846919,-0.764150956578686,-0.445823426287298,-0.905603816204909,-0.894327393710054
-0.810519,-0.72246968189954,-0.461138088764978,-0.907931843354346,-0.887377052603057
-0.920514,-0.812237720740584,-0.707212393600516,-0.863158947504107,-0.835246932627072
-0.852031,-0.784953294807513,-0.651807984189251,-0.894251931737524,-0.877657876498903
-0.841921,-0.80451829333811,-0.741837808166919,-0.912074016027944,-0.877647835183109
-0.949452,-0.859507992129052,-0.705686322643683,-0.832416433587477,-0.715943680883111
-0.978791,-0.860809131587798,-0.645900007458294,-0.672052277631094,0.349404061212617
1.62885,1.09045223927397,0.467630061281299,0.534654142414207,0.340754350885395
1.64302,1.17827545200058,0.767026485395286,1.21637302125322,1.47606048031038
1.71932,1.21927196173562,0.815321425506407,1.48394740379223,1.63058724836495
1.67678,1.18737109807383,0.766245424092685,1.71314422431484,1.69394568243714
1.67081,1.03581117223577,0.539183798976218,1.71509092443293,1.73588403974317
1.82353,1.16467213128518,0.670994745626264,1.63091581231259,1.64105837887377
1.65778,1.10841820535672,0.599441978033906,1.60334647770674,1.56909296321877
1.31263,0.810813393383113,0.323978717386523,1.61986249742957,1.57823772668831
1.46994,0.805182684022914,0.300591982030688,1.51722166126089,1.44313998050164
1.54636,0.85210092088737,0.400008362708303,1.46703649695494,1.40823908139899
1.32741,0.79111892125406,0.329403809624349,1.44937305237924,1.54500618621195
1.57124,0.985873326587713,0.480416238103754,1.48522830072451,1.4186285473725
1.42739,0.910796149514408,0.3693554609683,1.55991182451519,1.65573144125788
1.79656,1.00762565693308,0.356154061832003,1.49724002455146,1.53909965083599
1.66247,1.04615843185948,0.47523675481973,1.51026128652604,1.60827321321744
1.47622,0.975092994738485,0.544937552332321,1.56230298129602,1.56414459372227
1.43645,0.942620463947457,0.467415736231583,1.58883778606564,1.5284867002088
1.53918,0.984258163568577,0.523054601637379,1.56090124570193,1.53232958423874
1.60442,1.01382750000445,0.572033986454492,1.5885957615977,1.60940771762981
1.71197,1.09965196674832,0.61663622745706,1.55779653330559,1.59055587702754
1.60234,1.16241158822869,0.790726312793182,1.55227974259898,1.60222515359604
1.52096,1.14938313972464,0.830022320116488,1.57596225204189,1.53309527048788
1.44516,1.00593052638133,0.626799907343314,1.57459128856951,1.50640242966778
1.48408,0.873212955739897,0.490794365557988,1.47093181215957,1.44946740585535
1.48219,0.899343077984566,0.411715959564245,1.34653718837051,1.34130403226792
1.31785,0.940489365882166,0.596182488512701,1.18373232139675,1.01476184108575
0.559323,0.785769146668849,1.20309404822053,0.838935534591065,0.911949376310295
0.463909,0.71496778610304,1.16293146850803,0.818054850176238,0.628853864202188
0.568515,0.69039555317559,1.27713790659436,0.648937903400423,0.573711093727586
0.621245,0.598270466195084,1.17944329441212,0.598596722512567,0.690713237412404
0.856182,0.720437362773605,0.499927960608378,0.583408620675949,0.626178079818405
0.649317,0.713517952701593,1.04714323708219,0.670670741684542,0.705709010766599
0.585368,0.686952691249724,1.24368320319006,0.62361219423808,0.652105813519745
0.662945,0.560301331268204,0.386350972270662,0.609381920995708,0.518962002568789
0.419188,0.476312001923041,0.508338472134715,0.585663454034585,0.60279737134273
0.553093,0.486061694362591,0.638956935808936,0.5983539790233,0.500924261817226
0.490548,0.326458317524725,-0.224098565839676,0.666262571614986,0.704391783366362
0.890484,0.692580357687271,0.317474472269653,0.584538288048281,0.627487526583112
0.761516,0.587097576164161,-0.162928522201613,0.597965328147401,0.782392938670499
0.778058,0.686763993944274,0.494835296345576,0.575713429616905,0.625446437823091
0.493325,0.494940474483432,0.570996544535556,0.650954565703849,0.587183086618921
0.379457,0.416847370105608,0.387750348139292,0.592627326139515,0.516995355215412
0.486874,0.425623824926516,0.249436402911321,0.497116344812973,0.48250926959266
0.564674,0.805554010982358,1.10586803789231,0.602876196714973,0.510997371483522
0.430819,0.675761149514437,1.1297863329502,0.73301080685127,0.88074792901961
1.18158,1.38033427056122,1.44006226573847,0.874829738689973,0.911150843627969
1.36176,1.43495975935827,1.45318795693986,1.02213781607736,1.25565603161443
1.51782,1.442338121114,1.38177034656381,0.929577025984862,1.15721984019849
1.0536,1.09327678975733,1.10986804795049,1.13035544136706,1.07906964209892
0.667858,0.517108185256026,0.309390505101775,0.987827223901395,0.9010504339978
0.638692,0.489606507070563,0.314290391392528,0.959838054735312,0.835840321489101
0.937716,0.751240443503943,0.305365030396227,0.795235222495192,0.790213402083189
1.00089,0.796552957484265,0.530284731758723,0.688378701181185,0.702388778319104
0.487397,0.483252373926487,0.478531419046413,0.781600589040497,0.810828298152172
0.641476,0.494652662868798,0.448498722709709,0.742286943800464,0.585818527916651
0.611922,0.571152262681814,0.566264401540575,0.655713779610136,0.613330319390504
0.588107,0.558453730671394,0.493667315574691,0.622127277538551,0.631596865641985
0.615448,0.711337944710716,1.16830641305032,0.715106220992945,0.714529456197767
0.804333,0.970004438149932,1.57223774411816,0.857708796780518,0.817024872822374
0.926048,1.02762415466961,1.22558629020691,1.15718059525262,1.1710122262739
1.54028,1.39763225453682,1.30149183560404,1.15999687142843,1.30918966408371
1.7825,1.66842098107834,1.47893041646212,1.13734684679674,1.3880331233789
1.43308,1.54445219494222,1.45788595198813,1.07054350682005,1.24288377596017
0.767538,1.10398405673873,1.37998045388169,1.2377162122761,1.07707614888349
0.693967,0.888363221115698,1.19053135265337,1.07005029229898,0.724753534834051
0.589485,0.504174656858201,0.289536498867287,0.703773360845407,0.608344474936378
0.470624,0.379689871308353,-0.112546518821094,0.64885144704874,0.623575100796404
0.634562,0.646104211518043,0.513821819077908,0.580251644791139,0.574386046485249
0.671665,0.686050093840004,0.700838416480414,0.604070091767023,0.594816430056688
0.545812,0.571267776735342,0.583663524969568,0.654864218617694,0.706899481155132
0.769354,0.643226305456557,0.481646863596304,0.605253344858446,0.604630387068924
0.684114,0.591545917701749,0.328923672433166,0.551319423398755,0.583607750322759
0.515271,0.407136760785953,0.241125743322072,0.584729333741375,0.315088200981825
-0.0684066,-0.101935675980575,-0.0744194058094371,0.226097630711452,0.257538064068303
0.105862,-0.278131490040706,-0.442799761466028,-0.158847827073763,-0.377740637949538
-0.784716,-0.771741954999218,-0.69584658811548,-0.396033246548546,-0.325156220883961
-0.733277,-0.744443804016458,-0.651276604236463,-0.742559408954573,-0.72806117426589
-0.790248,-0.769764362776329,-0.662501936834009,-0.74509556203183,-0.798417452066985
-0.876231,-0.877191203634473,-0.692023264546616,-0.842767980526193,-0.825668357647659
-0.865383,-0.869610782379839,-0.678698451178807,-0.860483690956278,-0.88325502093284
-0.905236,-0.896276947670665,-0.694530126519765,-0.895092794990157,-0.883100913343888
-0.899977,-0.886653932156393,-0.68380215092977,-0.907879666284811,-0.903923754894512
-0.929258,-0.85102710434388,-0.679343430435819,-0.888998840860075,-0.84587654061449
-0.937115,-0.872088890081221,-0.721231483000142,-0.85919230347079,-0.446882008426265
0.150288,-0.177013006630062,-0.331110897433543,-0.835732736238505,-0.790013092808454
-0.617965,-0.606378285928092,-0.55066442638973,-0.818986218611257,-0.404522484202082
-0.773443,-0.726473436955882,-0.650636955331858,-0.831412771115448,-0.727369686554635
-0.927134,-0.855462768716206,-0.72717811681436,-0.769322870053488,-0.833413381705548
-0.952725,-0.910789391094653,-0.715718823119363,-0.786402897252497,-0.851002372198108
-0.80852,-0.795386373598828,-0.622702891768614,-0.818457804386351,-0.859749855141031
-0.758342,-0.777625079032993,-0.622368043502072,-0.861335129947585,-0.848890922604279
-0.860289,-0.842217084727369,-0.658805953625831,-0.885013546649664,-0.842568641578251
-0.918738,-0.906519473339743,-0.712387889253904,-0.862845601509435,-0.874076262143969
-0.90088,-0.897022892110077,-0.716257891588022,-0.869528445533842,-0.906654989916109
-0.953437,-0.882190812327271,-0.736147232686269,-0.823521430846635,-0.767135744683112
-0.866962,-0.813665717595503,-0.724020233798663,-0.87191258499121,-0.123682572035002
0.91135,0.483125220089358,-0.303314271095039,-0.830523788190809,-0.693292022008703
-0.49512,-0.608493585354689,-0.637418454479203,-0.615556335977791,0.0320593660962379
-0.872669,-0.781280191837297,-0.697882789621342,-0.419915232085001,0.381336182163521
0.93366,0.338135611737246,-0.623938415390172,1.32724299701641,0.582584664386545
1.84538,0.828386804267398,-0.257419384896787,0.918673268329339,1.62710259131553
2.79898,1.31744025455063,-0.419966562523559,0.998044324953635,1.50058900447346
1.44727,0.719344336067793,-1.34945516662772,1.27786743209933,1.65097077141499
0.914466,0.231842595056569,-1.06392426183777,1.41429594541595,0.461683110455263
-0.697772,-0.723036830679387,-0.710626060071911,-0.436161606924834,0.149540127607972
-0.713878,-0.734463041511672,-0.614326307999939,-0.661888622561118,-0.604216920542872
-0.761368,-0.701305788826971,-0.591523237063232,-0.701799935873735,-0.740605255529404
-0.838807,-0.785233939076688,-0.668036430623793,-0.737740880527896,-0.691707691405316
-0.594965,-0.639020068607002,-0.741281712855861,-0.810159370186096,-0.84394807592139
-0.864403,-0.803854889009623,-0.628780605652355,-0.825088680893911,-0.740710820078525
-0.845523,-0.816443442032427,-0.634357838302593,-0.863162813169977,-0.858278001801074
-0.883002,-0.87006376035577,-0.689413895876876,-0.857878827021803,-0.877514068310656
-0.915558,-0.909477516484015,-0.698154312247372,-0.882932073337214,-0.88412907435674
-0.896582,-0.899594045868487,-0.691923539276598,-0.891803571358157,-0.885273547385786
-0.865,-0.85838139053031,-0.686763658692196,-0.875018121974719,-0.867646837249829
-0.877436,-0.849068587849928,-0.689121447046745,-0.848796487469201,-0.738001072895692
-0.644875,-0.611370531426298,-0.538669120123424,-0.632918855793795,-0.630930548126936
-0.361082,-0.468432364789681,-0.467723161283647,-0.699244752631675,-0.601949513994188
-0.48106,-0.566496323592708,-0.587107302241904,-0.742997070391207,-0.589238334604003
-0.745245,-0.758158087333884,-0.676963407941945,-0.6369413217423,-0.68912153329331
-0.92714,-0.881032249335422,-0.697894616133376,-0.723055960505955,-0.751894499681226
-0.781236,-0.74870065495828,-0.51516863958315,-0.796252224104132,-0.899350440963017
-0.904309,-0.859020643517142,-0.661576542757351,-0.870407085330306,-0.853580297867932
-0.914913,-0.873977669111495,-0.656398665130182,-0.882152359827307,-0.882099097401459
-0.884696,-0.858670723854509,-0.6462529854295,-0.861598676156894,-0.868114002738802
-0.842353,-0.817721015474682,-0.597293515978776,-0.869511674373531,-0.808542518552659
-0.726362,-0.743452058211354,-0.660708285170499,-0.827366554601341,-0.794788886266676
-0.727928,-0.772961212557908,-0.763719793104391,-0.803890848348198,-0.777571872492974
-0.804024,-0.801615446944304,-0.712932391665585,-0.77308847491178,-0.788331109065939
-0.836094,-0.813932448836427,-0.615874271232985,-0.849662252770404,-0.848297594928302
-0.906709,-0.875331674926611,-0.639770425268595,-0.836955936312379,-0.857854776000021
-0.899048,-0.883368314480953,-0.673556982804593,-0.864413133881672,-0.853868228213111
-0.794776,-0.799452940313544,-0.428666209888015,-0.898841847502368,-0.905992437517599
-0.909246,-0.873833879585311,-0.619079027648502,-0.913541439453992,-0.873975524141833
-0.944674,-0.908976036940289,-0.681210076806946,-0.884413515889117,-0.896004990120656
-0.916434,-0.901429825058452,-0.666406386309233,-0.867989215687223,-0.863971823903815
-0.790123,-0.7707253012419,-0.660140203431759,-0.881933102002045,-0.857102652886766
-0.795936,-0.770404715852203,-0.697406213290665,-0.848891005512307,-0.798523086587044
-0.771715,-0.745097029318467,-0.567164395988595,-0.836338424404146,-0.837552646338613
-0.882957,-0.848422329700868,-0.593898703439338,-0.818709433521892,-0.809885787550273
-0.843205,-0.813331576637166,-0.599897233654386,-0.853604410868792,-0.858097754703248
-0.83503,-0.811545743807801,-0.60309253371347,-0.883810879479136,-0.888581978740417
-0.932265,-0.906452821243628,-0.680829810377828,-0.875009500727248,-0.877812140053448
-0.923147,-0.876855679751562,-0.676285631213062,-0.875965339391937,-0.905616338572741
-0.915463,-0.851855243403789,-0.607693538607644,-0.883740611726564,-0.844443408458673
-0.822822,-0.735210446461242,-0.497723837324637,-0.784091860300317,-0.68140290088513
-0.813718,-0.741031246295632,-0.555436668659896,-0.575181560679872,0.399970492612408
1.63461,1.19990528586809,0.638643517951381,0.730466693751701,0.416056187659719
1.65977,1.22777644712857,0.796151268529601,1.16254452384472,1.42844940658322
1.56485,1.18633816927326,0.677289306597688,1.50588797435167,1.66642468020837
1.73279,1.31397543070067,0.816815795699473,1.64077213685045,1.6484928102284
1.74651,1.30453192298166,0.832758853032625,1.6243361125833,1.66106389715281
1.63644,1.14992551718925,0.715300354238792,1.64253452911963,1.61235018305609
1.44684,0.972845956547679,0.586609708310609,1.79060881319673,1.6724315065269
1.61905,1.09206825618128,0.762672452353588,1.77511401140111,1.79394398929981
2.14617,1.37899727058018,0.736568984152208,1.67345863085933,1.75222155304137
1.94313,1.39243502298092,0.788832329303991,1.77193568006921,1.88177433559486
1.7102,1.21530776355222,0.62933337257467,1.76423959687387,1.8004213771577
1.66001,1.16781544281077,0.585646549015246,1.7785356558033,1.63579697674542
1.50077,1.11350918489709,0.70927466884496,1.72877131721111,1.66348999691852
1.61628,1.29276078924856,0.779728872715527,1.6594713002449,1.69645375237088
1.88793,1.40461754925404,0.674195403308587,1.60578190204306,1.67316574872092
1.78702,1.337965419897,0.540915068125801,1.58563770068007,1.6711136339197
1.51128,1.15167066975204,0.485886548471801,1.61633343556295,1.60616889813039
1.37377,1.08494080384902,0.6592884161002,1.68899945975291,1.60669091884009
1.64728,1.24566257871762,0.819443894613632,1.60213484870179,1.56460420773984
1.73605,1.23035428773514,0.651684569875401,1.55636713197031,1.64775105283151
1.69358,1.25059887597643,0.806692741874814,1.65032054137519,1.67743833065917
1.60734,1.19045096702983,0.674335032596185,1.74645844339727,1.75351446870966
1.8137,1.30896155373893,0.779941809075809,1.71684214636655,1.70467785640285
1.79509,1.24863688893611,0.616004248350534,1.72151033867822,1.76812781241201
1.7441,1.27411486153711,0.688487817897713,1.76865476349302,1.79339480637123
1.75025,1.38470507879071,1.15972905256044,1.87519937127439,1.8942123073674
2.04915,1.73017319870939,1.42061704505307,1.83806496995071,1.85900867737925
1.99005,1.7141042406302,1.1837270452939,1.87827455602607,1.92236192356326
1.82788,1.65010388323547,0.844374598076151,1.92782415567274,1.95179981574851
1.89525,1.94268038030422,1.51541488743763,2.00558576871125,1.92777973701128
1.96843,1.9008048504692,1.53439456801659,2.10155262505617,2.04407036802482
2.16859,1.75654003580632,0.935624726238829,2.06539581168309,2.16494236041674
2.32793,2.02495653839597,1.50155369235516,2.10925407557763,2.38381012886447
2.68375,2.06257694120413,1.32241927793625,2.248887949826,2.31503059483267
2.31086,1.93167298045391,1.22113039218019,2.42680028496485,2.5348177984922
2.44743,2.04225327484089,1.03579541319296,2.38120073493796,2.3894737698769
2.46849,2.21465261844681,1.46154641694108,2.35197946690129,2.29197335345153
2.14828,1.86082934630468,1.17457200710296,2.28130056105776,2.31097664641565
2.2147,1.9166977233418,1.55640050352232,2.10766126068493,2.01798231469921
1.92425,1.78217143593507,1.31874848664565,2.06131655399926,1.7885390174582
1.36445,1.17895474149215,0.780147087596383,1.7838770724624,1.66866822556994
1.35373,0.961873712019493,0.229331696830677,1.62273989564468,1.4583955206911
1.4572,1.07736448447551,0.503174855829716,1.50509076504062,1.42884021551793
1.50156,1.292861393289,0.770311810099785,1.4028299994277,1.43035255351422
1.44255,1.23910485584783,0.730813692705601,1.40351195228598,1.38191292488617
1.29354,1.00300896167266,0.528583717951713,1.32059263332147,1.29664206703822
1.15131,0.838892456919335,0.379421804727949,1.31189415839647,1.20725102403558
1.05393,0.833634012579585,0.540663497866038,1.3598888551593,1.26028351153697
1.30805,0.985355026054112,0.374783032658269,1.33968869074004,1.31142490139251
1.52142,0.996017470606829,0.320136132070207,1.37662223640884,1.4943629216453
1.76755,1.13900183933883,0.581485609775764,1.27168666708445,1.45413289925141
1.44006,1.02268220374768,0.384086712706457,1.48670707566756,1.52957437063346
1.28565,0.922762307426196,0.328286798946966,1.56629062935016,1.54574052366633
1.61677,1.1456949998811,0.775158081684222,1.56211084825612,1.43887447566956
1.577,1.26787664538828,0.958987404508641,1.49582674074427,1.52592391454726
1.46312,1.13226301443228,0.45268866027789,1.50266755571701,1.57691402776523
1.59052,1.01974358654588,0.310745478416696,1.47123425766411,1.49236285475585
1.53968,1.08513402403547,0.673250282503927,1.43781606115413,1.44007852524426
1.28972,0.932974136050218,0.495064581222955,1.50698445263652,1.47236224462201
1.35982,1.00554222084413,0.470185146691442,1.51510441775048,1.47763223566977
1.63249,1.29122293294521,0.683469831007377,1.45189788863673,1.47656720161406
1.61251,1.37715693109252,0.723105140898017,1.4887361657357,1.55380094041047
1.41935,1.18345981017594,0.588750430483866,1.65615075127185,1.83912597903528
2.04312,1.78130159471649,1.40385482441877,1.8409669474606,1.83184425656542
2.22266,1.87337252468042,1.43651110254649,1.96062468430376,2.06563122587278
2.16939,1.74874202288284,0.956884591099437,2.03392164054489,2.20197741623145
2.15649,1.94711911570702,1.50369483000518,2.3011808826421,2.38019772477301
2.58072,2.04881684072517,1.57509260722679,2.26681371374498,2.3966762005382
2.75591,2.06151697761414,0.956191890908848,2.00815131305294,2.231533285975
2.38371,2.1365527991006,1.41661823612063,1.73774083487707,1.09076344812747
-0.500049,-0.52600613182605,-0.384703261693535,0.315602151313988,0.838251645610745
-0.747061,-0.673772797102028,-0.515107639939839,-0.609356855082553,-0.439034078362669
-0.803167,-0.740452233351207,-0.564937392130355,-0.746685890003949,-0.773104103314721
-0.900421,-0.859444031705908,-0.675464728290596,-0.828431334608961,-0.845273940049198
-0.90918,-0.8863411999782,-0.680499876958809,-0.856434796559318,-0.901950790873494
-0.924573,-0.900475293734963,-0.651624788635694,-0.899551583398843,-0.904335468401507
-0.894637,-0.903093349175795,-0.676481490739115,-0.93094578399547,-0.936993376793769
-0.9538,-0.941784694604084,-0.697438161224187,-0.924767614832543,-0.921067736493271
-0.94305,-0.931547900384609,-0.707598467868527,-0.941538582023116,-0.945556004967565
-0.944828,-0.934673156138127,-0.743175842959549,-0.948886045673549,-0.946593576027648
-0.954607,-0.929220002271902,-0.721086169314391,-0.936791798786533,-0.933457872028095
-0.961166,-0.931577126995611,-0.705841509421442,-0.938361606242432,-0.827566881694922
-0.655434,-0.679561988668459,-0.706835425683966,-0.959771544329851,-0.963062258414311
-0.965081,-0.936250375465545,-0.714883779887491,-0.94942834692098,-0.836692402223981
-0.974847,-0.942247449500355,-0.710950992391921,-0.94823129031047,-0.941644186886692
-0.959369,-0.932094002355294,-0.709726659542793,-0.948679885326308,-0.958193992410517
-0.945062,-0.934375477179414,-0.685667453341303,-0.968498419879061,-0.965757799358201
-0.971842,-0.952999468714441,-0.711005794724437,-0.964292748375836,-0.956515568985395
-0.964988,-0.96008213607806,-0.736248318300291,-0.966221903556607,-0.968700477871757
-0.970072,-0.955867572936267,-0.705108463689447,-0.960200834744745,-0.964878311107687
-0.977284,-0.934115459713905,-0.715115153211483,-0.95336519888058,-0.930009061834227
-0.93734,-0.891203078535305,-0.692885446272605,-0.957895944486954,-0.801052063991265
-0.617046,-0.689212523981013,-0.56029027484726,-0.935994742069253,-0.810039143528087
-0.63031,-0.5521420166593,-0.244397123857314,-0.883121097835832,-0.803579808783292
-0.936483,-0.884734913201019,-0.629797047760137,-0.867531499518945,-0.801856118042089
-0.965986,-0.91683005221565,-0.691046555946293,-0.920987995506049,-0.935651334075369
-0.980251,-0.952806638229364,-0.723611720454003,-0.967311320237829,-0.966515945489611
-0.980126,-0.954897531174717,-0.727825500413468,-0.969187594699351,-0.971997858480191
-0.96703,-0.954439453313358,-0.722382249108411,-0.976671947418403,-0.975084112625584
-0.968516,-0.95417664757417,-0.722380693847333,-0.979442108651357,-0.975582074890687
-0.982218,-0.961189717578426,-0.723621376622356,-0.976088865909047,-0.975353451742898
-0.983492,-0.963192905753784,-0.720784446830719,-0.973913923017162,-0.97726461902232
-0.975956,-0.958623606637379,-0.722411815761526,-0.976251237761016,-0.974138394084613
-0.972155,-0.939005305187014,-0.725454512678577,-0.977957871847997,-0.951672433912794
-0.972333,-0.939577037310581,-0.726644834262839,-0.974106277889327,-0.819276912140516
-0.619855,-0.577522253179653,-0.295577996161817,-0.960701616360847,-0.948929910145521
-0.918603,-0.857867366863184,-0.569125131653673,-0.958710932302764,-0.818476173556617
-0.96412,-0.914022248800333,-0.640191945099857,-0.948208484983835,-0.92330744677799
-0.962937,-0.940142492616876,-0.731677811234266,-0.960226473109235,-0.963888263971608
-0.975144,-0.952862122101648,-0.722660253280886,-0.974107701448735,-0.97111331399525
-0.981177,-0.962760655823346,-0.721874863383424,-0.973963649437097,-0.976416577470102
-0.981934,-0.96555599274083,-0.721110855538645,-0.969913209595793,-0.973741545303128
-0.968264,-0.958842666516605,-0.721443871524383,-0.972080468039933,-0.972320213212128
-0.962451,-0.953398199515173,-0.722747175617804,-0.972922957281078,-0.968159585040989
-0.967614,-0.950807677446162,-0.71559396982666,-0.966425606622788,-0.960391097454588
-0.968941,-0.951168906472138,-0.713944569806938,-0.963024518153434,-0.928699786044065
-0.939894,-0.931282684220658,-0.71138587777099,-0.961580226123471,-0.789248010235309
-0.558682,-0.462329800546559,0.650487883480173,-0.940784161173154,-0.922073837611106
-0.892975,-0.849046031766984,-0.517937434773254,-0.943718841993629,-0.777973105944608
-0.935644,-0.918842530948818,-0.748786657510735,-0.938900418566996,-0.906305319911168
-0.959321,-0.946299361176903,-0.695895694930016,-0.952553019605651,-0.947150228290148
-0.971715,-0.95181829633639,-0.716289063026823,-0.965137193272526,-0.961350569912496
-0.967834,-0.952597138696292,-0.720145190168303,-0.969894171601974,-0.97174575302437
-0.974937,-0.961747810156372,-0.72073895740462,-0.969797776333569,-0.969866287016327
-0.970464,-0.959728481977344,-0.726272903054215,-0.97630553187488,-0.976275309402245
-0.977337,-0.965130875105463,-0.733176360491415,-0.975396394747604,-0.978506797719171
-0.987965,-0.971564585368884,-0.723237408422128,-0.973966898066255,-0.975721327721136
-0.976078,-0.961056428307611,-0.725772786486451,-0.976462679946296,-0.977196425382928
-0.970202,-0.955875471189271,-0.722990141061141,-0.973591865323193,-0.967038914826188
-0.965798,-0.95184357543383,-0.711696071126416,-0.971674864193164,-0.937462974107565
-0.952646,-0.934881343461452,-0.723710629853503,-0.965748929511934,-0.796184988534755
-0.959135,-0.935355082994369,-0.74188932736333,-0.944798025111167,0.154365595998852
1.60707,0.573220207601461,-1.31641718860584,-0.875151478000301,-0.821572273293097
-0.651078,-0.579273680319076,-0.481857483863464,-0.820020400812683,0.173638405459539
-0.870015,-0.849360786405472,-0.746998305442766,-0.887568028712773,-0.637083617157491
-0.898597,-0.869768622163482,-0.698091716679519,-0.884880585708263,-0.865263277596549
-0.938166,-0.903550165076204,-0.67543535252941,-0.88492758034659,-0.901777463147045
-0.925465,-0.899266142081185,-0.613877833382004,-0.906860582199221,-0.91113697766721
-0.88459,-0.879927572824553,-0.670879701154924,-0.928076953669327,-0.93140830464454
-0.936172,-0.913463578714865,-0.77325781730592,-0.92608262580619,-0.914691763899884
-0.935119,-0.908651703634024,-0.71340105705562,-0.937764723715795,-0.943602959446608
-0.957227,-0.924762296607859,-0.7198948296889,-0.948020234552406,-0.947743752984524
-0.963157,-0.936883619375248,-0.71990463859585,-0.951390484390274,-0.952014657726821
-0.948499,-0.939391341965832,-0.718156583811927,-0.959698259609671,-0.960604705394191
-0.959051,-0.936151925479343,-0.700773486515876,-0.96189487692854,-0.955743048156157
-0.968683,-0.91759046422123,-0.707014894259089,-0.950838162472467,-0.937238988319582
-0.967295,-0.900625807633466,-0.740381072372965,-0.909276077471981,-0.798178765406092
-0.859299,-0.785330080876485,-0.702619194386534,-0.880542321799708,-0.146292773311692
0.655062,0.692552897814241,0.684490010489098,0.00425884661511888,-0.0448189913745013
0.798738,0.968753073576423,1.11838236548482,0.420552560267005,0.569179385400673
0.702018,0.915698034194013,1.1408667357975,0.646595276301642,0.758330573708566
0.77204,0.74556116157647,0.642627811812104,0.741268139950552,0.746006976838398
0.788126,0.763481184130582,0.776109853933469,0.754234347252463,0.760810202448186
0.761728,0.738928992277241,0.881111486748352,0.75000717842362,0.764056382499827
0.72703,0.75988513565416,0.686509067674806,0.818636308368923,0.801673371698695
0.814171,0.844972397401893,0.728624158173022,0.821338352717032,0.853559241011896
1.00399,0.94407411712784,0.997362073053137,0.765872209963759,0.80420669967485
0.841049,0.903157698793445,1.01178024627232,0.799817815112859,0.792013308586714
0.601419,0.711491114258553,0.708666494266173,0.767565694378932,0.760907521416938
0.657151,0.597986810437691,0.611080029707909,0.72928248925,0.660981551775979
0.675447,0.703944040042906,0.791426479177054,0.70574958854064,0.685904704062909
0.720659,0.685303399066384,0.741547373253079,0.647880249096955,0.684817234026667
0.699525,0.664578277730996,0.555190046291471,0.68093149226336,0.713389063011035
11035
