1000
-0.80636,-0.735073489439491,-0.34312096301701,-0.905408127109227,-0.905955193548387
-0.896071,-0.863544158493777,-0.677363214321927,-0.911336482589668,-0.879081638297872
-0.915961,-0.910739106607324,-0.750472103180313,-0.914043208846098,-0.895015127272727
-0.918239,-0.915398262797883,-0.77898573193114,-0.911635976297222,-0.906172830508475
-0.915197,-0.91377011885607,-0.77883211798476,-0.912052796618754,-0.912900672131148
-0.916437,-0.910078647830495,-0.724467146053991,-0.915085151240692,-0.916029209677419
-0.920127,-0.915093561188263,-0.726295492953369,-0.916730750180756,-0.91856235483871
-0.918414,-0.920630213187376,-0.775097147042776,-0.914276718047849,-0.921446822580645
-0.922829,-0.920351909773336,-0.762116798707434,-0.914424179241911,-0.922410403225806
-0.927103,-0.924307091844911,-0.729574799313831,-0.913707964831157,-0.923119596774194
-0.927535,-0.923971619269229,-0.732209047291971,-0.915194055995172,-0.923618758064516
-0.924611,-0.926059696714163,-0.761651687376926,-0.914903191769468,-0.921463451612903
-0.921498,-0.923671187460114,-0.774681672222413,-0.915054724509924,-0.918344903225806
-0.924056,-0.924761761138527,-0.788738960577572,-0.913005771170796,-0.910940822580645
-0.920708,-0.914492368717759,-0.724396607637791,-0.914669590626567,-0.899143451612903
-0.914336,-0.892555524429132,-0.659296780787411,-0.911029170328296,-0.877625580645161
-0.777159,-0.731426416684192,-0.428394150406258,-0.908817414430664,-0.904892403225806
-0.888622,-0.871120327370727,-0.679097917297465,-0.909268426543218,-0.868975629032258
-0.918404,-0.907312898236054,-0.659050336716087,-0.907765972942175,-0.865751387096774
-0.871453,-0.845552289270401,-0.684471221144093,-0.907873345367769,-0.876099306451613
-0.866219,-0.84405225431745,-0.76115775629251,-0.900698962846784,-0.868018967741936
-0.861024,-0.800411005287525,-0.61601423406941,-0.902183932668602,-0.861723693548387
-0.821803,-0.745236478117173,-0.356488593464149,-0.895703709897132,-0.875345080645161
-0.857844,-0.770846222631564,-0.397852167423244,-0.895942319033615,-0.876453516129032
-0.906105,-0.897605815534779,-0.735220006062889,-0.905278433073575,-0.880959225806452
-0.90916,-0.903975446771602,-0.771332846109524,-0.904129091431297,-0.896698516129032
-0.913382,-0.904898837015223,-0.75569947070377,-0.905285042338666,-0.905167596774194
-0.916269,-0.906275865372289,-0.710016693010629,-0.907994288855843,-0.910138419354839
-0.919866,-0.90990362116014,-0.724864748871538,-0.908959223207581,-0.911608919354839
-0.913133,-0.902367790968484,-0.689304073288236,-0.902861608051343,-0.913232983870968
-0.909403,-0.900252963219386,-0.688044805889405,-0.903102536962019,-0.912619032258065
-0.898415,-0.85566709998742,-0.614942854585587,-0.891292149975434,-0.917429661290323
-0.921917,-0.905877014486301,-0.735672045160931,-0.900461410977086,-0.914135983870968
-0.922853,-0.915248830749682,-0.740751436734686,-0.904364193752018,-0.918539887096774
-0.923342,-0.906623125204893,-0.699592084283715,-0.896345354154099,-0.921011548387097
-0.924252,-0.906150613572628,-0.698297761135717,-0.892034132688894,-0.922143903225806
-0.924375,-0.912468053715488,-0.756222102194088,-0.897108859582546,-0.922539709677419
-0.919892,-0.907537847386314,-0.752242036229965,-0.893759086268149,-0.924328580645161
-0.922965,-0.909955588533872,-0.738431057690808,-0.894574698965181,-0.924067225806452
-0.927603,-0.914770067156631,-0.745684909754482,-0.898565733960222,-0.922105403225806
-0.926523,-0.913900516168534,-0.748505146313955,-0.897702868790934,-0.920657693548387
-0.923583,-0.908834942183999,-0.745953593581547,-0.895507476272169,-0.917334403225806
-0.921843,-0.90477907105174,-0.734428940223118,-0.895009776109059,-0.910228951612903
-0.920501,-0.90189949670663,-0.733231001611023,-0.890708956502631,-0.896803451612903
-0.833207,-0.74871607168789,-0.483052463004237,-0.798129755340042,-0.91570164516129
-0.902349,-0.859898317612863,-0.625916967221119,-0.862833708153183,-0.896601870967742
-0.9225,-0.912071265511673,-0.781175591144288,-0.871424450824949,-0.900250129032258
-0.920381,-0.906426251596617,-0.764408907992219,-0.876235030569966,-0.904338290322581
-0.898533,-0.874274415550494,-0.706932938635734,-0.874151773062001,-0.910726129032258
-0.899587,-0.872265398107023,-0.694504602900456,-0.87090064763926,-0.911768709677419
-0.916581,-0.890981961424771,-0.730405479911445,-0.846465769861522,-0.907811225806452
-0.917125,-0.89873840477776,-0.764795708034124,-0.826731222291613,-0.908381403225806
-0.920711,-0.894710422840173,-0.718272892950184,-0.872781435850481,-0.902648129032258
-0.926651,-0.895246873406187,-0.702558215690384,-0.86797549525152,-0.886829935483871
-0.923737,-0.891611002723377,-0.709910531113487,-0.869079395313011,-0.855775596774194
-0.680001,-0.730245517755377,-0.811297462256092,-0.716926790701059,-0.914860467741936
-0.900727,-0.861188167337301,-0.658583868879637,-0.825470399080168,-0.855203483870968
-0.903971,-0.872049595433093,-0.69519639141283,-0.847961796331736,-0.885170564516129
-0.920399,-0.888536114580627,-0.723714103793069,-0.85254908692676,-0.898934451612903
-0.92222,-0.886877860049657,-0.714427482008009,-0.860363044045814,-0.909403693548387
-0.925238,-0.889217436736088,-0.714289445195843,-0.857967646836789,-0.912433596774193
-0.921469,-0.887569687039208,-0.71890974927929,-0.849917306589666,-0.909779548387097
-0.91194,-0.873938624523642,-0.686386049064747,-0.830340851109797,-0.899507790322581
-0.903275,-0.86033664320444,-0.678421284594437,-0.827801979336778,-0.882766741935484
-0.90836,-0.857177386660444,-0.713916078843236,-0.841594652595644,-0.848396467741935
-0.885988,-0.826640935849186,-0.660250560752824,-0.823462898385672,-0.798092532258064
-0.611843,-0.603741706529312,-0.514215933492237,-0.648531558178737,-0.833753806451613
-0.703508,-0.70267483125258,-0.555048637168913,-0.727402083841002,-0.796115806451613
-0.826903,-0.809421406614795,-0.711281202654982,-0.803316824976152,-0.791597451612903
-0.855699,-0.813740960598318,-0.668973626734237,-0.816112967810637,-0.819355016129032
-0.869279,-0.832596869242331,-0.714401375295365,-0.818804794202618,-0.837022580645161
-0.858893,-0.81574395535312,-0.674212672160003,-0.810205604902315,-0.851404290322581
-0.858916,-0.818786527988687,-0.688342921754098,-0.822244053328193,-0.85929485483871
-0.865403,-0.816769914783058,-0.694952202374022,-0.829072289784085,-0.860773161290323
-0.867713,-0.799529179426266,-0.638147611018441,-0.735185422023004,-0.839926919354839
-0.854632,-0.807781787305501,-0.693046246144366,-0.824719977213607,-0.7999275
-0.860543,-0.81430395700383,-0.698084743765175,-0.809257239822658,-0.714062209677419
-0.871885,-0.796683901582899,-0.623212636649405,-0.687986812851236,-0.54459185483871
-0.832313,-0.808868787548186,-0.701499642128354,-0.796551096906825,-0.228011774193548
0.382758,0.375157050886521,0.278413244747971,0.117275612143644,-0.20580885483871
0.54136,0.553983383983631,0.54102912742494,0.179605219337868,0.0584112419354839
0.377208,0.546501456612389,0.675541063589182,0.231542141026397,0.234760241935484
0.236711,0.466781534011393,0.606052728436334,0.257289534069105,0.316716290322581
0.279869,0.39896079088174,0.447254806099891,0.232315983288996,0.334956903225807
0.365082,0.387712440779864,0.307047356263044,0.217139966891957,0.351468580645161
0.440475,0.489271116813786,0.503483920823024,0.224737030641062,0.347973322580645
0.39727,0.49471391508312,0.587748325865455,0.270521244015994,0.358164725806452
0.320681,0.423474566913749,0.481032659599382,0.306323729354799,0.369844225806452
0.268091,0.368327595301322,0.461780969647117,0.261058225068653,0.394910870967742
0.400484,0.410069233983343,0.366557045526203,0.290280079108676,0.389559403225806
0.456362,0.48608171048072,0.479873525605223,0.291419651473149,0.420166306451613
0.477567,0.57732002675493,0.674966751077536,0.364246916676942,0.4503475
0.519535,0.52285577615166,0.514209380472624,0.350299721683177,0.455185322580645
0.395507,0.392564605393233,0.340672912438003,0.303564831550644,0.513280548387097
0.471185,0.471975371415019,0.479375966753628,0.343827604956699,0.52662685483871
0.65835,0.592949188606387,0.591435425621887,0.385945872035857,0.507318370967742
0.626829,0.611379126794253,0.594908881731863,0.387322520738649,0.522795161290323
0.486073,0.53276659296869,0.561431035285563,0.368503609519578,0.540442919354839
0.510569,0.482044454689021,0.492713851460565,0.386534863359095,0.500271870967742
0.429335,0.421664140920619,0.370656925863784,0.400698007146391,0.509724677419355
0.442293,0.50619091565014,0.516645322191309,0.427386087308259,0.508246258064516
0.547909,0.580763898904818,0.629165843997556,0.425777746453789,0.491752225806452
0.547334,0.537869229962082,0.583348685029213,0.435081014057454,0.503147370967742
0.559771,0.497836689495768,0.425174249016689,0.447323656157871,0.483262919354839
0.481203,0.425316082596469,0.348386670492283,0.425992850542782,0.4823285
0.35435,0.419534944168115,0.498338735594057,0.437378240296252,0.514156403225806
0.466995,0.505272632475014,0.586187765343205,0.469431926591934,0.506650209677419
0.508348,0.479934122120397,0.492266722912975,0.477625042858206,0.554905774193548
0.26455,0.350644149952832,0.450932412794582,0.463595037831376,0.776710161290323
1.09575,1.08757471253189,0.977282608513743,0.602534108150435,0.711830596774194
1.18443,1.10623243504505,0.891114556528988,0.618455374444419,0.836690516129032
1.0096,1.16054126905985,1.14127788514484,0.613449197515575,0.921935177419355
0.75003,0.956323624701012,0.80652062912335,0.557886713812169,1.00363432258065
0.801025,0.824990136436967,0.496524435910994,0.523404683414991,1.0501335483871
1.14618,1.19796092937462,1.07052586306054,0.637351121308525,1.07739274193548
1.25438,1.30930282541168,1.11547661279136,0.666793240668024,1.18116370967742
1.39905,1.30820341544184,1.08120848784656,0.665444058765674,1.22605370967742
1.37438,1.25533482554312,1.18870931495562,0.607675426449031,1.26946596774194
1.11835,1.17469210188375,0.983628231938081,0.630889149280637,1.37596685483871
1.482,1.31768191114173,1.10043737130936,0.639221642206227,1.29584338709677
1.46408,1.4736188178929,1.42428394417846,0.663040583076248,1.31532709677419
1.26901,1.35452580114304,1.16247663457612,0.677506320229598,1.35639870967742
1.20631,1.3158029962324,1.09057755029382,0.666273979764457,1.36796758064516
1.10326,1.25830906083007,1.12521833705496,0.689476303438867,1.48036274193548
1.59339,1.53741145346069,1.29014980434311,0.694760128220285,1.48166903225806
1.78702,1.70847516126882,1.4398436380614,0.665878365147746,1.57644048387097
2.11959,1.89208952413389,1.56878705381021,0.663407525578821,1.48901677419355
1.47157,1.43153698662351,1.26418667218439,0.662716342307068,1.58183483870968
1.17888,1.18887606669922,1.05268275827978,0.651738657417704,1.53197008064516
1.28156,1.56426379474995,1.54650365830673,0.647493457343828,1.45196427419355
1.62701,1.7561770011687,1.65991241604081,0.645292997431189,1.32063077419355
1.52851,1.42270434522758,1.02176576085893,0.584130219657655,1.25272709677419
1.39815,1.42133945952225,1.24497528137041,0.638864691994116,1.05660693548387
0.610805,0.628232001872431,0.518921880338151,0.473344954829281,1.03108051612903
0.666905,0.586904367866954,0.382829269682233,0.460820053563047,0.788880209677419
0.612238,0.621897767365873,0.627912330296614,0.487831065950036,0.672228338709677
0.457254,0.636789132681619,0.763838646804686,0.484001624269467,0.638172274193548
0.61024,0.780426891229239,0.839954917567464,0.553150057081522,0.545999870967742
0.460592,0.609016932272359,0.55691775482915,0.479857993614241,0.589223790322581
0.486889,0.667910154036526,0.676260283644619,0.466418514929225,0.62059135483871
0.830477,0.876968639402074,0.911008217289799,0.502613328162316,0.555003209677419
0.610517,0.702253558434225,0.761330944492779,0.441291182703353,0.640468838709677
0.543118,0.580046635555365,0.368583102696336,0.367557160408764,0.66484185483871
0.754092,0.755244617591721,0.683171504241603,0.346727075973278,0.605417112903226
0.652451,0.797138068803568,0.845496355080243,0.523480523594162,0.63316429032258
0.533047,0.698133257848082,0.827573621882038,0.471713401535961,0.657760693548387
0.6077,0.764969500544632,0.840153372990624,0.470379471194995,0.642375435483871
0.696459,0.936578238608786,1.10482088754853,0.481984049860602,0.638087806451613
0.678249,0.930477435143166,1.12157605529892,0.488033743572543,0.656388935483871
0.723173,0.750288214324051,0.700524293160855,0.401461206660728,0.626320790322581
0.631014,0.491124044943859,0.174576934816446,0.244351387853269,0.618158
0.64174,0.744002261147081,0.880156184065468,0.442202224592485,0.553346258064516
0.467858,0.721196488007418,0.931864728763811,0.450706438906086,0.538670241935484
0.378432,0.685852108288067,0.919979895788903,0.430676852791242,0.493912016129032
0.400448,0.657463966012896,0.882081363091537,0.412895194178115,0.441369112903226
0.469425,0.624613883842172,0.787986879685404,0.370982390045804,0.376089629032258
0.65842,0.894334676959798,1.13717222977635,0.365609155001308,0.19367464516129
0.682918,0.870152268740361,1.03934707947197,0.392313728371194,-0.149198370967742
-0.807838,-0.696936265791056,-0.510727734931815,-0.31992311492532,-0.137895274193548
-0.879208,-0.829468063954178,-0.752100133782115,-0.575849712274015,-0.514101032258064
-0.911289,-0.86988005334991,-0.786936745603013,-0.607847260621871,-0.718421758064516
-0.922314,-0.852944576862775,-0.728345911071317,-0.733415608365865,-0.82724885483871
-0.918077,-0.841272897617934,-0.691052554822274,-0.846510768803084,-0.886755161290323
-0.917533,-0.816587637326383,-0.628659005345725,-0.800328269167668,-0.916154467741936
-0.918668,-0.813989590157575,-0.617676530784329,-0.774344880300693,-0.917684080645161
-0.920946,-0.838831647699391,-0.672341187907058,-0.847490144511725,-0.917349161290323
-0.921985,-0.844756797304546,-0.690756064031178,-0.863035914366489,-0.915323774193548
-0.924268,-0.850666538601607,-0.708105746955422,-0.843772573456839,-0.909130983870968
-0.919691,-0.859869396364524,-0.733864132237448,-0.820555411645693,-0.898903274193548
-0.832757,-0.601694862097567,-0.172152838527356,-0.552190375378835,-0.920767677419355
-0.918289,-0.864450016080891,-0.749837098300551,-0.759648650328374,-0.898960322580645
-0.923572,-0.853264543648701,-0.701009703380734,-0.855510884100381,-0.908934629032258
-0.921566,-0.849851614877055,-0.682572252034062,-0.87200467806261,-0.915344387096774
-0.921338,-0.861516913873373,-0.705296352882518,-0.871965755296766,-0.917582741935484
-0.919756,-0.866443064052835,-0.722859046633816,-0.86304692511634,-0.918712838709677
-0.917368,-0.860423595685102,-0.709274411414198,-0.885838579932447,-0.920358661290323
-0.920462,-0.865048688798114,-0.726694442982739,-0.868951063264226,-0.918231967741935
-0.923358,-0.872772093231938,-0.74500567567134,-0.862122971688672,-0.914739080645161
-0.914533,-0.8507699424296,-0.684292855821741,-0.881729453549006,-0.913348564516129
-0.918555,-0.855264299695859,-0.667092625143446,-0.870040430586884,-0.904898967741935
-0.914242,-0.859503207381152,-0.688465354682032,-0.882835049831744,-0.893837919354839
-0.849694,-0.681562593129612,-0.162475458866026,-0.582192632869044,-0.903662290322581
-0.866897,-0.79923222491502,-0.504191063202858,-0.700331150501163,-0.899477774193548
-0.916479,-0.855653677224046,-0.616724940323337,-0.841680643520819,-0.895748129032258
-0.922034,-0.878131280360791,-0.699190712976101,-0.881241010804385,-0.904562919354839
-0.912819,-0.855448579999491,-0.676904662125953,-0.870988128475083,-0.912038709677419
-0.909482,-0.851628380011417,-0.668729071344009,-0.877053507807842,-0.916083774193548
-0.921762,-0.87580879688551,-0.695162878490995,-0.890354484656339,-0.908123
-0.923321,-0.886980294071603,-0.718170682520686,-0.891228187695232,-0.900967822580645
-0.923596,-0.887022231213602,-0.711876613910373,-0.889467201463934,-0.882702516129032
-0.914522,-0.877581567590136,-0.700966096297159,-0.858149614320022,-0.848648435483871
-0.908226,-0.867141914351356,-0.683405897806355,-0.874490817399188,-0.780411467741935
-0.424927,-0.374344054638013,-0.398128632632167,-0.468548751333987,-0.894619435483871
-0.847664,-0.836192148599979,-0.719150003924598,-0.834461288488132,-0.783829419354839
-0.901528,-0.853203367174676,-0.644507875198565,-0.846479202464762,-0.832679338709677
-0.908524,-0.858406095828468,-0.660225890941896,-0.832363177257717,-0.871621225806452
-0.914797,-0.867020918357501,-0.670402939195392,-0.857400000000323,-0.892770903225806
-0.917287,-0.874106478188615,-0.690813897600558,-0.882601884967033,-0.904886290322581
-0.917781,-0.865628649362628,-0.646106816514353,-0.846921357279262,-0.909063951612903
-0.919065,-0.86589587237523,-0.648877517632539,-0.856809796356494,-0.901590161290323
-0.919772,-0.871454433616922,-0.693068773984084,-0.869788551246845,-0.885311
-0.919808,-0.866289449440413,-0.676522325319427,-0.871060389899057,-0.852125629032258
-0.915919,-0.869452336793298,-0.694447945013658,-0.879282659983533,-0.787049709677419
-0.507895,-0.486515989865164,-0.490112067473889,-0.716875617182449,-0.865927903225806
-0.743752,-0.738701723709842,-0.630080901892488,-0.829768569007726,-0.798137870967742
-0.871364,-0.857131202691436,-0.754181859208439,-0.798471283536632,-0.816002274193548
-0.906822,-0.87279337750359,-0.707041092512643,-0.878677479326187,-0.854581161290323
-0.917433,-0.878855098734109,-0.692294699233152,-0.872105883586422,-0.880094258064516
-0.906265,-0.875089521909419,-0.71793815984892,-0.875275642604841,-0.898126290322581
-0.914373,-0.878312124920019,-0.734006237404329,-0.843527475298609,-0.90424964516129
-0.903463,-0.867865375478511,-0.715101410166808,-0.871210915094121,-0.910130306451613
-0.9155,-0.869523339079539,-0.703633637381568,-0.87812345530387,-0.905406338709677
-0.918987,-0.868595035616897,-0.687799890869252,-0.85662173205184,-0.899355064516129
-0.911825,-0.864359848258569,-0.700424950455389,-0.866313667448224,-0.888653064516129
-0.831,-0.735278100088297,-0.621224212528646,-0.715781929524925,-0.904658822580645
-0.884055,-0.824348585535152,-0.640553743670183,-0.803132384879609,-0.889668903225806
-0.907551,-0.847256090141961,-0.665497330582594,-0.800773805412472,-0.893410887096774
-0.908333,-0.850030644185156,-0.681833470921763,-0.852551251642764,-0.901760112903226
-0.904525,-0.850460807096508,-0.690194300518521,-0.860302758512035,-0.909268580645161
-0.916782,-0.867328157835373,-0.70834434959971,-0.864202712431896,-0.911204225806452
-0.919317,-0.869750830988918,-0.709816325730293,-0.869824738795323,-0.916018580645161
-0.922531,-0.877666769006348,-0.729924592166363,-0.846527420060979,-0.917660322580645
-0.920248,-0.874238831436531,-0.72263775669629,-0.84130168138814,-0.896799016129032
-0.917203,-0.870634492406976,-0.710407906464396,-0.84360070973209,-0.848668951612903
-0.921566,-0.872702377623926,-0.71308227992982,-0.847624017339379,-0.748785467741935
-0.921527,-0.869835547088566,-0.709342259087903,-0.854682365941031,-0.555443403225806
-0.918385,-0.861413809264062,-0.710972014102995,-0.840507125172204,-0.172831483870968
0.468658,0.40382337025335,0.259627826560481,0.176772787594417,-0.120375725806452
0.755594,0.706085828457273,0.593169101825673,0.343682210056696,0.195836387096774
0.763765,0.723680295458439,0.618890363799156,0.409879942139083,0.36054814516129
0.48555,0.51452852488151,0.51856128949474,0.371194754081911,0.455910967741936
0.263807,0.376654756024542,0.48714724338606,0.307447476381392,0.496196193548387
0.374561,0.463350843168056,0.600520611464773,0.378997470260776,0.474028080645161
0.527861,0.49312236999604,0.495294987299143,0.377823398987498,0.457046387096774
0.520155,0.47283607724866,0.379453131406749,0.362082130911352,0.482658725806452
0.515999,0.516182122118191,0.56222879886609,0.390055537122536,0.487906596774194
0.515455,0.551648952394746,0.664213267259785,0.434907583692814,0.477998467741935
0.547601,0.532562880437394,0.44719460429719,0.454665784983274,0.439630806451613
0.400626,0.47110893221775,0.432685977734356,0.419797376647882,0.439909532258065
0.321204,0.437031096350162,0.573786810111385,0.432019177490967,0.425805467741935
0.320433,0.365849385914478,0.567346186598572,0.4113908459069,0.424624419354839
0.202002,0.235038558979913,0.293554801288879,0.38187333910145,0.536641612903226
0.705551,0.707872702014786,0.729724241064162,0.540143173430392,0.502369483870968
0.83513,0.796006800338316,0.718582011414513,0.594556254521557,0.558037064516129
0.759734,0.789055986335059,0.815354753773275,0.631774497851005,0.578141741935484
0.508701,0.502122248128114,0.52727566193832,0.571305549770769,0.595619080645161
0.335865,0.418365124346704,0.484380439049058,0.50559379238862,0.613809403225806
0.571257,0.639140948149119,0.777305431287012,0.558713537358505,0.562075209677419
0.657374,0.588923840740616,0.533380765802372,0.587154368660018,0.575274080645161
0.64231,0.629523507071436,0.63401866627432,0.622477750164628,0.597108403225806
0.686946,0.729693983786466,0.809656608621863,0.683266009488041,0.564624629032258
0.543235,0.543337175575807,0.514831224897746,0.642964792943566,0.586504564516129
0.49975,0.489275310127417,0.511529660575586,0.56809994614399,0.589290112903226
0.505591,0.536946273801366,0.575617349042083,0.616046316127479,0.61301635483871
0.464887,0.478305629354102,0.436420604082987,0.605368606958617,0.72242235483871
0.363418,0.397642138721106,0.36256525117868,0.572611304519062,1.00514767741935
1.49868,1.49736887111848,1.12580809072151,0.851390458692254,0.975164403225806
1.63383,1.45647873642107,0.867247921456794,0.769751604149788,1.19599990322581
1.36744,1.35825837363963,1.06598003381904,0.909383952120865,1.40043543548387
1.43926,1.48976381316665,1.11852731713133,0.976039114522422,1.44995891935484
1.66602,1.58193021574275,1.20555670716937,0.965743633819886,1.42123383870968
1.19143,1.29542511692597,1.09034723016285,0.83806051464918,1.62214741935484
1.45523,1.49976092092358,1.12949189778378,0.96200319699364,1.64948096774194
1.77474,1.61514647761554,1.15949797562675,0.903423282390929,1.74738435483871
2.20317,1.79252284667531,1.12169900790022,0.846037142009637,1.77993725806452
2.0427,1.828454564653,1.48840785882188,0.889757961264524,1.89553370967742
1.78696,1.80733744901487,1.50409338223498,0.911008502267843,1.97396209677419
1.98511,1.8026425790553,1.33412669344262,0.982085626874754,1.91646564516129
1.90229,1.70655140172186,1.21298203519766,0.97865383314187,1.95469629032258
2.05751,1.85323870444237,1.36344606816489,0.931370017949211,1.88541322580645
2.00823,1.79237297768805,1.31490439726475,0.869146933164929,1.82846967741935
1.64966,1.49226264301745,1.05122774547112,0.918593143584256,1.84516467741935
1.84156,1.67853803068734,1.49514633870966,0.783306873243901,1.6839164516129
1.51409,1.51827964111963,1.15985490893935,0.959761117214797,1.70974774193548
1.41831,1.4287731973714,0.829716031600905,0.782903166945946,1.70795758064516
1.64956,1.59384957253781,1.19789372714228,0.840080489541535,1.68237080645161
1.89207,1.81106481459452,1.63978137586963,0.784010927438398,1.66229898387097
1.96839,1.82450192413935,1.48363258134326,0.884683223747793,1.60618482258064
1.89739,1.69192866827268,1.23386502468851,0.948473937068849,1.43101817741935
1.06498,0.863212960665069,0.335760853998973,0.612431422560161,1.40781733870968
1.08776,1.10683009957346,1.00085847907375,0.751216500223526,1.11642614516129
0.825157,1.01434432949286,1.04655104222918,0.707280653263715,0.985909161290323
0.691445,0.867185525361256,0.919086035936068,0.749490693709118,0.874359
0.718099,0.737095054204232,0.637819133092061,0.678881361940554,0.786051290322581
0.686211,0.776662972820803,0.834287021132116,0.676322822894264,0.773232596774194
0.713471,0.747630063782669,0.748372795795907,0.678057729020356,0.789938322580645
0.80426,0.785144115651138,0.64250796569303,0.621284861766265,0.817475612903226
0.8409,0.783854561494985,0.341890317340187,0.542213976649772,0.882187112903226
1.10643,1.06629895005585,0.822421354232561,0.767520301868749,0.851261387096774
0.952073,1.0465319498006,1.03745944116746,0.735568494509203,0.9070595
0.822928,0.929413778197312,0.925068807108183,0.717448330052289,0.929230403225806
0.937833,1.04657357297895,1.00151388434771,0.753470705516354,0.880340129032258
0.760344,0.939572706459263,0.961525571969032,0.707954618837785,0.948009806451613
0.856709,0.935353408381544,0.814808995087432,0.666377602193992,0.971242193548387
1.05311,0.997834631050316,0.8141267801194,0.645851100541123,0.995578016129032
1.22095,1.06545242307829,0.74530154556895,0.455311860277072,1.004876
1.21236,1.13178168658574,1.00285833204782,0.667986447581812,0.994337516129032
0.88506,0.962341638559675,0.943133332980329,0.657992620774503,1.00715041935484
1.00964,1.07764731917171,1.0479515823038,0.681544783801116,0.835258129032258
0.79288,0.938945202545623,0.949956221510036,0.634327160849869,0.733986161290322
0.75635,0.87456707397218,0.824381902524366,0.617024121207557,0.49555
0.881189,0.901808328027895,0.735868590963063,0.544439926024149,0.0315546129032258
-0.693294,-0.228667300402023,0.654109738383423,0.144190050397932,0.00832453225806452
-0.795613,-0.700243428914632,-0.607069767732727,-0.222869677956589,-0.407503661290323
-0.858738,-0.724212770527881,-0.544978347747023,-0.337366835624944,-0.637828338709677
-0.877754,-0.765821862183566,-0.445564335265595,-0.461883210485553,-0.764277983870968
-0.861226,-0.752542830422013,-0.453407002941906,-0.536788315638344,-0.838971870967742
-0.876383,-0.799253534746732,-0.607790592776431,-0.718525892303935,-0.874601112903226
-0.883325,-0.773236640595329,-0.513550186998818,-0.657528251927746,-0.88699235483871
-0.893479,-0.795840088790889,-0.520036884363482,-0.656094426296406,-0.897512435483871
-0.915137,-0.854722648848911,-0.664355621519338,-0.808261815663416,-0.902986806451613
-0.921519,-0.878010246347839,-0.71832388206903,-0.817397602743055,-0.909624838709677
-0.919531,-0.880083081152267,-0.718917539773506,-0.823413544492798,-0.914259661290323
-0.915587,-0.876031383400202,-0.714207593267763,-0.817440309171822,-0.914866225806452
-0.918715,-0.870104183578855,-0.693074268276602,-0.824314373277402,-0.912083483870968
-0.91685,-0.866378702722748,-0.686197314742078,-0.8294182044302,-0.908205483870968
-0.913672,-0.869273914056475,-0.69396836901632,-0.83605351105677,-0.900278822580645
-0.907894,-0.855167249756769,-0.680582008045431,-0.804140613413081,-0.887009661290323
-0.801511,-0.541725907091908,0.117741603920516,-0.381898572018485,-0.915347774193548
-0.920133,-0.880329785521572,-0.756312699003277,-0.729894644820829,-0.886270048387097
-0.920091,-0.87520826544744,-0.720335260163614,-0.808079780288067,-0.901271725806452
-0.915932,-0.868203329216072,-0.704177674989217,-0.813108361680476,-0.908908596774194
-0.918014,-0.862128919587307,-0.672330067968481,-0.785473171482229,-0.909873774193548
-0.912853,-0.850349082061622,-0.639014580626149,-0.813686557940203,-0.910403629032258
-0.907638,-0.854259390559156,-0.626326124626973,-0.83853415975679,-0.909489870967742
-0.903149,-0.86323966311238,-0.682647904111256,-0.822682435153057,-0.905182370967742
-0.906411,-0.866575267378887,-0.682972012083269,-0.832348592660687,-0.899306129032258
-0.912916,-0.86908867619912,-0.648228494531616,-0.85242162034251,-0.888461838709677
-0.908328,-0.861324083238185,-0.642113606820426,-0.857202969811471,-0.871219306451613
-0.844577,-0.741561963616818,-0.5297876422245,-0.642432248175064,-0.866136548387097
-0.743894,-0.66115010143415,-0.310768180417626,-0.634598479998526,-0.892071016129032
-0.902744,-0.876363018088385,-0.70332927829632,-0.865099722067488,-0.860846774193548
-0.911666,-0.881996956991299,-0.690541476453966,-0.874602880009026,-0.886146967741936
-0.918236,-0.888765358447886,-0.697291338833005,-0.873313743343879,-0.899895919354839
-0.916918,-0.886735342179221,-0.6845206698651,-0.882096720435005,-0.908603290322581
-0.9169,-0.888190443196607,-0.692170406839634,-0.879725507828303,-0.912941822580645
-0.914009,-0.889004057469761,-0.707397863817021,-0.862707005897203,-0.916761564516129
-0.915438,-0.888130334376461,-0.709089124065165,-0.855765178239815,-0.916756096774194
-0.919081,-0.886359726772616,-0.689825491939795,-0.881468146633793,-0.916133580645161
-0.922573,-0.889330855341301,-0.691596883096063,-0.874646873605239,-0.913647032258064
-0.920653,-0.889294782357899,-0.695485016566279,-0.884574640120589,-0.909172967741935
-0.903199,-0.860330803603229,-0.663813320024924,-0.87557530925246,-0.90684664516129
-0.888834,-0.802663823085626,-0.441295641055886,-0.77487686603462,-0.904929806451613
-0.904674,-0.870270259403312,-0.646210862476323,-0.847574906725347,-0.895939403225806
-0.889838,-0.838783914527443,-0.603712160417175,-0.865525882975497,-0.89856385483871
-0.88801,-0.830668568842039,-0.569058066128388,-0.849451162378986,-0.899046951612903
-0.898143,-0.854950064071016,-0.608847040034277,-0.858054450915041,-0.899234822580645
-0.903534,-0.870527551283882,-0.660706486987827,-0.87749499196674,-0.902941790322581
-0.91334,-0.882817995014898,-0.685539835213975,-0.873520906409426,-0.904288161290322
-0.914708,-0.888446381856154,-0.715876987682447,-0.877388582275813,-0.890765159677419
-0.902388,-0.851514278166627,-0.602185586209556,-0.845876183447318,-0.875954029032258
-0.89926,-0.840597219077776,-0.537656499405137,-0.81501019327919,-0.844229074193548
-0.911313,-0.859859843952446,-0.605707877213988,-0.854239354299853,-0.777259938709677
-0.91369,-0.874478528898142,-0.707364864372226,-0.860908812255279,-0.647952796774194
-0.0223779,-0.194681775237101,-0.555062496816253,-0.656838205555068,-0.846752112903226
-0.69049,-0.653794680513215,-0.509365867450106,-0.787887443652928,-0.667071377419355
-0.86674,-0.856622395923707,-0.739332116557682,-0.821611940125475,-0.733195261290323
-0.900303,-0.868727163118901,-0.696619355057218,-0.880072422751375,-0.806786574193548
-0.896145,-0.868172994378713,-0.704852192246066,-0.885354318732665,-0.852976238709677
-0.897301,-0.867909939205841,-0.705212950842549,-0.88376104680087,-0.875009288709677
-0.895253,-0.864566171244457,-0.705507895902193,-0.880967242080124,-0.894898790322581
-0.900879,-0.863149694630879,-0.70147518889705,-0.882538586709134,-0.898230774193548
-0.901305,-0.861118864913897,-0.699643160182705,-0.87482922365142,-0.899787516129032
-0.900387,-0.863694944361167,-0.703427206601602,-0.879305859616489,-0.900784387096774
-0.90244,-0.866556568136447,-0.71084591462382,-0.870800038025617,-0.900105274193548
-0.901635,-0.863047341754069,-0.702557387543636,-0.877291143891876,-0.892905822580645
-0.89892,-0.856423913043304,-0.686699864203332,-0.856383821638884,-0.881653258064516
-0.898849,-0.858885898575359,-0.712524596341158,-0.866987751502892,-0.861795193548387
-0.903463,-0.85524930828171,-0.702998580660243,-0.865456967955316,-0.821228274193548
-0.87873,-0.804690307890026,-0.647061311643911,-0.819886314483156,-0.754689548387097
-0.47097,-0.406155456402258,-0.26839385783791,-0.489812709258633,-0.82394814516129
-0.645637,-0.566195722102054,-0.326876461320182,-0.493050521578411,-0.775910693548387
-0.863261,-0.821285195518932,-0.680375807453037,-0.759370341694561,-0.775045532258064
-0.894892,-0.842138521372916,-0.701702561990346,-0.861109591404496,-0.8267135
-0.899718,-0.842928710724154,-0.69800885941621,-0.846056875384262,-0.858121564516129
-0.887246,-0.836128796158551,-0.700862769920879,-0.846214917006221,-0.877928290322581
-0.885957,-0.833133034743098,-0.69242239141312,-0.851911296849715,-0.890587580645161
-0.897262,-0.838167594717026,-0.69137920735511,-0.847434000885717,-0.89440735483871
-0.902354,-0.83557397255174,-0.68933648347635,-0.85399511985669,-0.895907612903226
-0.898611,-0.834171777013741,-0.687381607378735,-0.848339806358334,-0.879851951612903
-0.901596,-0.844538321379724,-0.715242619052506,-0.837383340408238,-0.840041306451613
-0.898363,-0.837044552286156,-0.698545606044659,-0.853820123521127,-0.762166032258065
-0.898397,-0.830368352382992,-0.68738087299887,-0.842537060866314,-0.603823709677419
-0.878322,-0.802100316017149,-0.663490493943282,-0.773459091779264,-0.297895129032258
0.245649,0.32418484551257,0.534296796464485,0.0793953899719417,-0.259772177419355
0.345229,0.315211026441509,0.34235418163927,0.202183501291396,0.0463046290322581
0.377901,0.331277493628684,0.323791418471814,0.208038066799519,0.228182806451613
0.397162,0.294476882539173,0.221344383567036,0.194122104944019,0.330650306451613
0.399574,0.397911231426903,0.404148817370478,0.276313530382956,0.396939967741935
0.49504,0.515161909553376,0.606493187473394,0.273594713168353,0.403770451612903
0.446901,0.39584630250567,0.363006929879443,0.297610861619984,0.418042822580645
0.441777,0.383377795830296,0.350003486296409,0.294372784020993,0.391936338709677
0.339854,0.322763835405295,0.345187828282746,0.277797400312492,0.388260806451613
0.295922,0.300712242151941,0.393239735311706,0.294868502932881,0.378517887096774
0.379685,0.347183169546471,0.440089970248752,0.29935316642527,0.345236322580645
0.381422,0.367898604087201,0.401747815875942,0.297396608098063,0.337510774193548
0.332172,0.355366286198276,0.424029843879807,0.329512330267226,0.336344177419355
0.289796,0.250639715925649,0.270652994568927,0.31473723801383,0.336488258064516
0.284355,0.305533176850985,0.376545278691943,0.336190044944399,0.343704725806452
0.307096,0.404825589440081,0.594330913255409,0.339774226202191,0.367313983870968
0.408729,0.285511468650864,0.24432702018523,0.329910981252276,0.380567032258065
0.450516,0.410765806221976,0.467786080762262,0.381493421672847,0.410734693548387
0.50331,0.43533973254971,0.490748355495723,0.378658262825804,0.416346790322581
0.442549,0.358806595161791,0.35985735328505,0.395030558420942,0.435558709677419
0.392072,0.333047497882274,0.281080787887503,0.395429505642086,0.443244967741936
0.412754,0.472938673781649,0.557016859380132,0.428085083858031,0.439016612903226
0.432787,0.530309434821725,0.661227154918236,0.444798159103077,0.446936564516129
0.514573,0.496529429203436,0.514854411040144,0.465816920600785,0.429072419354839
0.478611,0.399764846075526,0.396436371523883,0.452972949268281,0.427536387096774
0.365432,0.355955339906858,0.438666209187047,0.457822249442284,0.44073414516129
0.396001,0.449263118640697,0.621595831975219,0.468792910985032,0.434835096774194
0.426309,0.362093024272339,0.324776134862952,0.490805590867198,0.454063112903226
0.401316,0.395047753372613,0.389673268812416,0.50216046853839,0.521608241935484
0.411295,0.389380956125452,0.460313759974956,0.496120047328802,0.641602564516129
0.428087,0.447831964507706,0.574698660405794,0.509504744288235,0.888440935483871
1.41453,1.01457770944881,0.700044674783969,0.622095607349277,0.862042306451613
1.26324,0.83552955670479,0.458374351795302,0.627273610983318,1.13796585483871
1.22722,0.882889739910653,0.599677034437751,0.657364255608474,1.28213332258065
1.48132,1.08590442015027,0.548293584107271,0.61381308736055,1.29317798387097
1.8195,1.25082982149147,0.646614371398266,0.692705005186091,1.15341640322581
0.859108,0.579449162176772,0.345341397781397,0.604268803940452,1.32983267741935
1.14029,0.759214644236113,0.537530974490461,0.603187958453621,1.088184
1.0538,0.716798842486116,0.434950897374456,0.627639847881665,1.01724393548387
0.856382,0.74695029668072,0.555748330294897,0.630302537210606,0.99618335483871
0.886818,0.722297088592067,0.502249800908486,0.642949358901528,0.936830709677419
0.762972,0.713213714479278,0.407353548158094,0.613784345710119,0.988480161290322
0.737648,0.763536678604781,0.540386236528908,0.653144337219128,1.12626393548387
1.15992,0.806982345069744,0.373633645768746,0.636246215043746,1.22639467741935
1.6602,1.06491105365982,0.511321439474114,0.685593019424643,1.3192685483871
1.7833,1.27210587361285,0.913234986692224,0.59248827600032,1.43010329032258
1.60161,1.25019111854903,0.887866564809271,0.634105368837293,1.50755948387097
1.67611,1.15783956344054,0.640681100165948,0.65261411177137,1.40401141935484
1.22823,0.787648444431576,0.336012977006889,0.616694233468607,1.432325
1.14626,0.749157035087191,0.284090336597141,0.618677827577593,1.35139646774194
1.22041,0.915939555338004,0.566010990215111,0.668100408356772,1.28285087096774
1.10688,0.920672940559334,0.633696987845311,0.675239852952922,1.33995720967742
1.5411,1.10804796952274,0.725622836842689,0.652652409735811,1.23516083870968
1.94683,1.24681279107161,0.70986857969111,0.599037799935154,0.982145580645161
0.653121,0.74872558674031,0.506257367885628,0.536675361645294,1.11374882258065
0.547352,0.693549025752402,0.515045949395851,0.600971731309295,0.864438983870968
0.574529,0.610453985786455,0.352848795574637,0.545804296241761,0.708886693548387
0.676288,0.827132242315199,0.755100126705202,0.571766221354783,0.590885
0.498552,0.683829774812347,0.550999206076691,0.585217405360252,0.574011564516129
0.503627,0.683473078428634,0.507705127418063,0.543485683871061,0.505112983870968
0.367841,0.676306076769632,0.624579695434514,0.589208067711961,0.539278580645161
0.432761,0.444926236833035,0.289392599750658,0.499359356908529,0.562389612903226
0.673612,0.720794717674057,0.602860178321679,0.581414656838856,0.560855048387097
0.650369,0.798469456606174,0.775129250879607,0.563805172660942,0.636329064516129
0.541198,0.560724115156305,0.363761870789649,0.53223323504202,0.751991580645161
0.990318,0.748178605939702,0.199159351566559,0.415262727449732,0.6881345
0.906199,0.840783819098601,0.527456972490231,0.610868577578804,0.744434241935484
0.709051,0.913704819132179,0.823414116419304,0.552667548340678,0.773094596774194
0.610742,0.846924953137171,0.906805304041473,0.516659657922327,0.781116177419355
0.705957,0.737059605555759,0.591389702846795,0.552569170410587,0.78386035483871
0.847934,0.851212532469477,0.690241691207943,0.555780186058588,0.802947
0.848342,0.873953996113503,0.725614746679905,0.57344510992712,0.864519580645161
0.863047,0.807573121277638,0.541981053011233,0.512882432355862,0.930412806451613
0.942512,0.898608330695045,0.683457764990695,0.538069969213085,0.998463596774193
1.31754,1.04497619589944,0.560566563143132,0.339055158016722,0.939396887096774
1.07957,1.0555847311728,0.828809777956562,0.48811736047171,0.998855419354839
0.840197,0.79401907923438,0.618933776638951,0.530228945777392,1.01483577419355
0.955101,0.961901118148253,0.756351996992484,0.551424067365685,0.915208193548387
0.906673,1.01880972854347,0.839192796682507,0.545067900659728,0.861902274193548
0.8344,0.906375097195749,0.786494629571517,0.489326615593349,0.782461209677419
0.932042,0.868208681576496,0.624275466424077,0.509081650512936,0.57335314516129
1.02521,0.853322712265437,0.515668909297325,0.438388254054791,0.177280177419355
-0.315591,0.572895939809242,1.85219261655574,0.0623753832527844,0.0840229516129033
-0.737517,-0.526466500056781,-0.237983156701029,-0.0778119494531229,-0.280055064516129
-0.849403,-0.776408289959447,-0.687177619870417,-0.382098650429876,-0.562655370967742
-0.866015,-0.715587238068893,-0.499849628260873,-0.462109818296181,-0.736625370967742
-0.894358,-0.746543803015863,-0.533405378241079,-0.613655750104627,-0.827014225806452
-0.908048,-0.803170117857218,-0.658943003374996,-0.675202042443343,-0.877243032258064
-0.907183,-0.824463614618806,-0.683848156056396,-0.693147977109955,-0.892972887096774
-0.901295,-0.835982868547109,-0.71365296675631,-0.666019509339037,-0.896025080645162
-0.894853,-0.821341738461413,-0.683067685482627,-0.706780765671706,-0.894665596774193
-0.88626,-0.777329257667438,-0.599873461442774,-0.696385263691199,-0.893975709677419
-0.885763,-0.753062018640342,-0.534764132653217,-0.629900383074466,-0.892552612903226
-0.884194,-0.771364728440051,-0.581088289531068,-0.733019136943635,-0.891239693548387
-0.89621,-0.79678810671493,-0.633350042322467,-0.778634898817026,-0.888664951612903
-0.9087,-0.829944309154315,-0.681348497498957,-0.764061022576552,-0.882485225806452
-0.9113,-0.842773070258113,-0.701890873007671,-0.765721036621768,-0.868292774193548
-0.8975,-0.744128033107996,-0.634644283536412,-0.667779914813263,-0.841011822580645
-0.656228,0.0257794848886419,1.01704061526535,-0.287340323297696,-0.902869806451613
-0.895922,-0.78888190776114,-0.686777973215019,-0.628925215895367,-0.843822693548387
-0.913191,-0.820271895897421,-0.67872908210925,-0.736361265433219,-0.873588096774194
-0.910816,-0.786838080628681,-0.597302373364613,-0.788128687649339,-0.893514612903226
-0.911922,-0.722249858291953,-0.42876490755206,-0.665792438657648,-0.903039822580645
-0.908726,-0.729398363084214,-0.468895824609666,-0.73402873092453,-0.910574693548387
-0.915825,-0.841030533039225,-0.722370695271629,-0.735199139442901,-0.915630274193548
-0.9216,-0.817483439557003,-0.627356841113676,-0.824153912540417,-0.911678016129032
-0.921202,-0.818403228270259,-0.590615779735406,-0.690786923297879,-0.907502306451613
-0.921221,-0.776354308967297,-0.548988177171133,-0.809002532904631,-0.896366612903226
-0.924265,-0.859613452112909,-0.722262004505556,-0.727602852020876,-0.871185064516129
-0.919887,-0.836014989979168,-0.657081605188644,-0.841544692158542,-0.823240596774193
-0.572684,-0.265521405104487,0.244087752364682,-0.499251206456639,-0.903569064516129
-0.864807,-0.795224218488331,-0.678549001972235,-0.754286082051599,-0.824364258064516
-0.902338,-0.837647153009725,-0.643800231268939,-0.846470313512936,-0.856796338709677
-0.913978,-0.860041153490515,-0.685896844518075,-0.871348724729539,-0.879825870967742
-0.920368,-0.871011224551193,-0.705313608025769,-0.872371477393755,-0.888627612903226
-0.907818,-0.839595605914838,-0.672275318022824,-0.855710798768122,-0.891491322580645
-0.8815,-0.804862479107358,-0.611226895887753,-0.830555156706264,-0.896129451612903
-0.872826,-0.785867418926499,-0.586264085634566,-0.80413332553629,-0.894388596774194
-0.878481,-0.797238032657041,-0.608776010652347,-0.842481639904109,-0.895994758064516
-0.902723,-0.860728691607118,-0.709637382117134,-0.817695829099974,-0.894409241935484
-0.917122,-0.871818011870821,-0.707862518410129,-0.845318019372708,-0.894612532258064
-0.908399,-0.866184857396114,-0.701454642258685,-0.877803590805908,-0.895700096774194
-0.911017,-0.865625325453855,-0.692029278269821,-0.879391861859613,-0.884705903225806
-0.912299,-0.868943349951807,-0.696167354812745,-0.871508300341296,-0.861249516129032
-0.743255,-0.22725000633813,0.822893913092642,-0.535584121146409,-0.899881612903226
-0.874213,-0.835706157783644,-0.729337369143475,-0.70981372779983,-0.864149532258065
-0.900484,-0.857524032221491,-0.758961621206398,-0.767471617792494,-0.877226709677419
-0.899082,-0.845032669489285,-0.693048404184994,-0.81448779603317,-0.892583
-0.915707,-0.839072965222372,-0.588476435917449,-0.826978176650336,-0.894624661290322
-0.918155,-0.847860143300835,-0.595393184887338,-0.804693838872247,-0.892297677419355
-0.909273,-0.847563519570536,-0.641054285205015,-0.845194732210417,-0.884035451612903
-0.872845,-0.748532580989401,-0.377087668498096,-0.724523289806962,-0.851837661290323
-0.850729,-0.725517593882142,-0.360290405172135,-0.658962798718062,-0.811426774193548
-0.824382,-0.64177555560441,-0.326733990500949,-0.676056720194045,-0.755113225806452
-0.802063,-0.636971153132417,-0.37256273470977,-0.629672871964269,-0.663009516129032
-0.849547,-0.73045067702629,-0.528331294086032,-0.77488748849351,-0.466466370967742
0.555215,0.0628696285283819,-0.706717364551481,-0.504294937511156,-0.828869064516129
-0.771266,-0.714693944932123,-0.515115991425941,-0.699253351163544,-0.497867322580645
-0.882431,-0.83920829061174,-0.711875059283099,-0.838814944148392,-0.659521
-0.881607,-0.823454764391995,-0.681302239831399,-0.825180904649691,-0.767733338709677
-0.855346,-0.766388490575031,-0.577587389139251,-0.805890805296208,-0.831876080645161
-0.871971,-0.778718930657661,-0.578444185735147,-0.796157711619474,-0.861758258064516
-0.910015,-0.839808937810531,-0.665724147810648,-0.824318607724572,-0.886768532258065
-0.908676,-0.85182860528653,-0.701694754357181,-0.857964542108163,-0.885777806451613
-0.91143,-0.854712019281212,-0.716736704529488,-0.834933082095976,-0.873682580645161
-0.897756,-0.851360095746564,-0.726759381393431,-0.80559067229464,-0.851660016129032
-0.902699,-0.855620291609588,-0.732493609105913,-0.814581238843349,-0.797221435483871
-0.896111,-0.818214497196118,-0.672999446482151,-0.813352209938562,-0.695689064516129
-0.147241,-0.299471527673556,-0.559485356679919,-0.310334340711194,-0.876735661290323
-0.804587,-0.735590516725073,-0.550305821415904,-0.586264257614938,-0.709107741935484
-0.901075,-0.839133499837076,-0.699583868277904,-0.790425440723561,-0.784944548387097
-0.909286,-0.849272499122898,-0.712150196240619,-0.848403396293632,-0.848551548387097
-0.918979,-0.855353728076161,-0.712417971825519,-0.799706772909016,-0.880924677419355
-0.918589,-0.851492379666654,-0.704997962536176,-0.848900040530968,-0.899440322580645
-0.917616,-0.852682977924895,-0.707035272554653,-0.852028282128861,-0.9145445
-0.917648,-0.857305021369249,-0.723917138909137,-0.824473230257422,-0.893630225806452
-0.914279,-0.850794358953608,-0.715820932898038,-0.829735105282685,-0.847965064516129
-0.913711,-0.851671419383722,-0.717261469961139,-0.825745884493679,-0.75625764516129
-0.919055,-0.855806631696181,-0.721372276623568,-0.804363811415927,-0.570302096774194
-0.919068,-0.851045943927457,-0.706420785255542,-0.834178343677253,-0.199522483870968
0.473565,0.383802496953089,0.385062457842795,0.35995005154342,-0.177163903225807
0.57202,0.491382893088877,0.537011798100644,0.384442614471907,0.174403483870968
0.527419,0.366474883610437,0.258056606335501,0.346172497985324,0.38756264516129
0.572941,0.4680607592074,0.488863199578046,0.451443002338162,0.473189483870968
0.645444,0.535964368116729,0.53232176341862,0.467321807989301,0.483923129032258
0.520092,0.477191071452752,0.522842684226531,0.487537612959662,0.502270532258065
0.362249,0.376667109045867,0.403765954114147,0.455075079061648,0.505268564516129
0.380663,0.394723074600768,0.444796660200938,0.466401765125713,0.49251735483871
0.487653,0.482463896277379,0.578627761058292,0.51303729695265,0.492697419354839
0.583262,0.48412038194052,0.417832414346794,0.497402031481199,0.496076532258065
0.544436,0.485447615106188,0.496969242447215,0.525931688040875,0.525233741935484
0.509253,0.42722703226614,0.459677974161333,0.535863280837568,0.547949419354839
0.659485,0.497811651468872,0.471385006912746,0.55350218449647,0.498704758064516
0.570781,0.509140416476226,0.495317816539972,0.584393859537667,0.487731225806452
0.209867,0.287614879893544,0.341312919065587,0.521239469472326,0.57361385483871
0.437048,0.436471384309789,0.423049579750184,0.591042360604407,0.545219016129032
0.690033,0.559051444838491,0.492009632371849,0.606058899674118,0.558865048387097
0.787452,0.639537870362871,0.575888795498615,0.645663029918731,0.584263306451613
0.592339,0.572837060956901,0.584823527158895,0.647080627607047,0.656631467741935
0.599019,0.63629291547269,0.691094499645467,0.681112421147628,0.659357209677419
0.771039,0.719133948368954,0.688514475577499,0.706919676759703,0.608822661290323
0.590484,0.550127702068669,0.472165868751444,0.7000303336608,0.650763967741935
0.512198,0.516554501252052,0.570290968195168,0.686836770796801,0.666236032258065
0.714,0.57929320836281,0.536539079067156,0.692405404571129,0.613095774193548
0.721724,0.615837648187462,0.611010098633141,0.714464036463628,0.630970629032258
0.612291,0.575551419179178,0.575015072642245,0.72967872362405,0.673757177419355
0.565651,0.539055112728931,0.601197917029946,0.724339055182091,0.721305483870968
0.544114,0.535944142003411,0.574798215994819,0.721213428150724,0.843467483870968
0.421621,0.475569966146295,0.508877405036668,0.708948943478281,1.17226812903226
1.754,1.3710316512546,0.843009209357264,0.93559265907201,1.13584658064516
1.91475,1.43745156413276,0.94587629269641,0.881452015546014,1.39409333870968
1.75532,1.32333662456888,0.841336813155391,0.917315433662213,1.55363327419355
1.57157,1.21287342258476,0.667502508558035,0.887456469742675,1.61603396774194
1.29656,1.07578636628962,0.694086067315412,0.835501882923573,1.73826743548387
1.55677,1.11693333175776,0.492367555825559,0.876589151480092,1.80097403225806
2.11931,1.4726071382743,0.637938800879165,0.904025724943327,1.81409080645161
2.3336,1.70796125196674,0.982400770986028,0.908442079820322,1.8471
2.04407,1.52996873586295,0.827951888377369,0.892185735792952,1.89270096774194
1.71094,1.34272579027401,0.721408904063657,0.889131614243375,1.89250741935484
1.56217,1.2037552393749,0.605197277070278,0.879332165025139,1.89104096774194
1.8229,1.52582320378619,1.08532756109152,0.866025561688313,1.83971725806452
1.78526,1.43214909898082,0.935756252125516,0.937375860388914,1.94091225806452
1.92909,1.33412498871781,0.439245572815338,0.818450070750897,2.02917258064516
2.49706,1.62383050393912,0.637238509601728,0.829723463411255,1.95326758064516
2.22819,1.54918013111724,0.864551267536368,0.940772154445113,2.03314629032258
1.97594,1.50565630297233,0.878833159529499,0.902484518198144,2.00423193548387
1.70074,1.433720684723,0.996756260649174,0.885589933734915,1.98299967741936
1.86299,1.37105380472612,0.6863030467479,0.901008305978497,1.87100822580645
1.84069,1.33682236391299,0.622786862828449,0.815403507007966,1.84839588709677
1.96608,1.48594307260742,0.971823073161291,0.949202709962171,1.74249767741935
2.1144,1.54820247731113,0.862370851898494,0.834237565772585,1.51071453225806
1.24726,0.940967336764981,0.422257054656673,0.757918442455678,1.49436335483871
1.01538,0.949595673797451,0.871156912129709,0.790644727807877,1.28121203225806
0.937305,0.992687025442954,0.968268916915974,0.814248485208731,1.12555067741935
0.952256,0.90973798953203,0.713454656927792,0.801703861779104,1.02838858064516
0.919189,0.848853110267793,0.569635932984164,0.768894829668991,1.00140777419355
0.910086,0.887082730905934,0.611234771011086,0.797094375575288,1.01003906451613
1.04324,0.898909173624872,0.544586200317519,0.80543246635899,1.01176327419355
1.0131,0.81154024754297,0.487896896644513,0.767103285952147,1.08300716129032
1.26938,1.06184882706174,0.480614519945871,0.696471193509013,1.04085088709677
1.18385,1.11765481072938,1.00422741168462,0.812597840835981,1.05689090322581
1.02825,1.04731183879231,0.929926830231705,0.785963811388349,1.04103190322581
0.958881,0.964798974266826,0.6951174184119,0.794223479067171,0.991008580645161
0.843701,0.904259815182242,0.73344887673704,0.754163411935155,0.980217709677419
0.855731,0.850827473668211,0.705618240296514,0.745922365174728,0.97525864516129
0.990721,0.858943159844746,0.584235622934256,0.730711333189106,0.965069080645161
0.902302,0.867177416775613,0.568015844927662,0.697048857863852,1.05868927419355
1.26022,0.905075995333419,0.217676030904518,0.46726509487663,1.00306264516129
1.17103,0.961942602254243,0.635982922373544,0.738689383037568,1.04722588709677
1.0928,0.971155726138268,0.703067270262493,0.70814372477288,1.0226925
0.928793,0.971079226899702,0.905959589979416,0.70703599316729,0.975490435483871
0.859989,0.9010115708415,0.946732554622958,0.571240199509042,0.885056870967742
0.844047,0.838885653045534,0.637720547961515,0.642128535686151,0.767542483870968
0.984828,0.909417780606187,0.492441769731534,0.674681447569612,0.51454585483871
1.05587,0.918749102098908,0.471297411078864,0.668034861281454,0.0501885806451614
-0.77209,-0.556556123678744,-0.291007840825321,-0.329673195254389,0.0490414516129033
-0.8991,-0.82725833826337,-0.665435555983747,-0.734687844547055,-0.404152274193548
-0.893662,-0.832853840230843,-0.670867099692851,-0.736165136697613,-0.663164177419355
-0.888099,-0.817243219252372,-0.652868678650187,-0.646085248905095,-0.792729241935484
-0.891188,-0.83370679609553,-0.690973416516373,-0.728337636579055,-0.857387580645161
-0.887265,-0.844800943139169,-0.722519856946313,-0.698733189777424,-0.893697435483871
-0.89569,-0.848629242787131,-0.704505610643403,-0.800993093547843,-0.896984548387097
-0.911514,-0.853027527850941,-0.689305947015184,-0.806815234372194,-0.895312725806452
-0.903113,-0.844323207342917,-0.6854483292324,-0.801497499530393,-0.898095838709678
-0.900398,-0.848137868811294,-0.698146858874609,-0.827597219369554,-0.895551887096774
-0.864103,-0.738857544815727,-0.427481128949299,-0.514006705860461,-0.907959193548387
-0.909552,-0.850189155325448,-0.697937218135,-0.780913570324655,-0.900787483870968
-0.917109,-0.857303666464126,-0.679362247732299,-0.744609827304268,-0.908536129032258
-0.921045,-0.861486776041288,-0.681839651091155,-0.79552637613841,-0.912111419354839
-0.921229,-0.866727353678338,-0.696641807210836,-0.833503598011832,-0.912182096774193
-0.921155,-0.870382316004709,-0.70546968964924,-0.842091257012852,-0.907598725806452
-0.919492,-0.867849249859121,-0.70206041065491,-0.847605456624821,-0.896465806451613
-0.914096,-0.838692057127505,-0.650302579747009,-0.804616356892858,-0.873747935483871
-0.825363,-0.744917170650868,-0.651738318592225,-0.587693356452111,-0.87434414516129
-0.81336,-0.727766198231299,-0.608013308451671,-0.64884703730041,-0.861347209677419
-0.858642,-0.744531909577354,-0.472275759357721,-0.643230915753445,-0.844507209677419
-0.845454,-0.7230036613676,-0.441958145797182,-0.677889807448647,-0.851816064516129
-0.808981,-0.688131397460721,-0.482273814704455,-0.668417815487497,-0.875602048387097
-0.897068,-0.849972910632189,-0.683751001918436,-0.778659849377968,-0.8703345
-0.91148,-0.874976286809891,-0.699839668744167,-0.787404823255212,-0.890803209677419
-0.915916,-0.880652150329343,-0.699989988549956,-0.839403623064111,-0.905563580645161
-0.920316,-0.889252096331211,-0.70581788998813,-0.862468524850422,-0.914033338709677
-0.923441,-0.892590468142079,-0.709474627643187,-0.858144038272917,-0.919625048387097
-0.927606,-0.89772353275311,-0.713282164918929,-0.847418915219233,-0.919588967741935
-0.926243,-0.898610738896403,-0.720014480017293,-0.838031905360163,-0.917479903225806
-0.92375,-0.892568708918456,-0.708556869886594,-0.853027947198798,-0.911247983870968
-0.923507,-0.891363620789163,-0.698795274202763,-0.856542798048506,-0.897488790322581
-0.921678,-0.889183721034532,-0.698335237315571,-0.857350331648233,-0.871352629032258
-0.745968,-0.706250344755933,-0.54776339411486,-0.680335874464119,-0.909649016129032
-0.88325,-0.838337057502518,-0.644920797208294,-0.780490010200961,-0.870898693548387
-0.906419,-0.851556032898691,-0.652750922964562,-0.817685869202841,-0.885348516129032
-0.916309,-0.861111900159135,-0.662654469873795,-0.843409948099048,-0.896113677419355
-0.914344,-0.856042415162807,-0.660732595868392,-0.836118216085953,-0.902681435483871
-0.910967,-0.863403746549335,-0.7063294882423,-0.773882952161953,-0.904096080645161
-0.90655,-0.837731956212881,-0.652181839181013,-0.804865739023367,-0.904298241935484
-0.901724,-0.803372662330506,-0.567608557023408,-0.745731518820184,-0.901300903225806
-0.892721,-0.794956770129956,-0.560623357826218,-0.782387107268631,-0.900053467741935
-0.887129,-0.810683561199956,-0.6121425693535,-0.788523105229059,-0.872223903225806
-0.892103,-0.823911152632418,-0.649166696776988,-0.809688168607325,-0.841412548387097
-0.912869,-0.845775866766933,-0.64094775847518,-0.817843610103464,-0.776295129032258
-0.916989,-0.861784577280904,-0.662496124777973,-0.84233636080661,-0.651417548387097
-0.918124,-0.878307902635746,-0.699815416087391,-0.838215280175291,-0.394584919354839
0.862728,0.117473677075184,-1.1179432269229,-0.399966377349564,-0.793939338709677
-0.611927,-0.582557386992597,-0.353101970455134,-0.587653957268091,-0.370373419354839
-0.688978,-0.650551504584872,-0.532522643734348,-0.75713507729783,-0.551601338709677
-0.795654,-0.781875260916566,-0.733294554887438,-0.694585977303149,-0.651821967741936
-0.81511,-0.82587178439973,-0.866448027034599,-0.629101950748237,-0.727130419354839
-0.76004,-0.783905120757001,-0.765495763730218,-0.720478057452693,-0.798483935483871
-0.866611,-0.825783575943281,-0.666795342117139,-0.816293027342974,-0.822289564516129
-0.866206,-0.812831916912525,-0.674872007134609,-0.822802357938372,-0.851133935483871
-0.870637,-0.812235243028854,-0.66758917386146,-0.817932610359815,-0.86715764516129
-0.899796,-0.849226744523464,-0.695566378567763,-0.812445682357098,-0.866921080645161
-0.90441,-0.850903562861349,-0.691564127906405,-0.811046361694223,-0.861342580645161
-0.895538,-0.83170953102276,-0.659123750437849,-0.789692197630068,-0.8403635
-0.746206,-0.756107872573965,-0.951809448778423,-0.309663837835256,-0.861196919354839
-0.798976,-0.794867671853726,-0.776576724286469,-0.58527129321861,-0.835826548387097
-0.869993,-0.819204745316681,-0.695184465139514,-0.735324810690942,-0.820628870967742
-0.849176,-0.795880822983382,-0.646951864464268,-0.788767550266192,-0.827341677419355
-0.84261,-0.790419054042061,-0.635432121576554,-0.781382901502479,-0.815744032258064
-0.798173,-0.688976325743169,-0.493483020185764,-0.612788107232314,-0.810428241935484
-0.749695,-0.657214281066372,-0.481313879555443,-0.624648177493793,-0.816065193548387
-0.81518,-0.772263679704497,-0.679494370244181,-0.625370790191412,-0.768207338709677
-0.806894,-0.751896143718198,-0.649469808214925,-0.644406007235116,-0.719925919354839
-0.80268,-0.765780501454418,-0.717579942959955,-0.57895908126517,-0.613072677419355
-0.797757,-0.775164991172757,-0.691227335286626,-0.672294421643311,-0.395452629032258
-0.844462,-0.79256878291176,-0.64683378580389,-0.750256175366336,0.0635033064516129
0.90213,0.718332885913,0.47833700244964,0.290954142140422,0.0639787741935483
0.930645,0.877668169325028,0.851061201881406,0.448758686130734,0.51854835483871
0.908972,0.887600717625913,0.876968939318467,0.448747444610345,0.772442774193548
1.09208,0.980207600907453,0.875813666690277,0.4875814820441,0.832489951612903
1.0311,0.839493865748653,0.614079670470012,0.426639316617765,0.869802564516129
0.907204,0.826878511530719,0.828548896922746,0.481857984120556,0.840279741935484
0.855896,0.810388523139227,0.831322898984806,0.470165642753076,0.708498419354839
0.497446,0.492419934500993,0.437166095257662,0.38775328925041,0.660258903225806
0.330118,0.354276438931463,0.423732066962267,0.355006040493596,0.604218903225806
0.487873,0.467022044563295,0.532720713197247,0.445648866257387,0.525994725806452
0.493674,0.480936108697142,0.524911458427333,0.432946363487517,0.551970032258065
0.507009,0.493491142517528,0.642282297120517,0.463812278198225,0.608613661290323
0.592966,0.501424023875276,0.527878804666298,0.499873345876617,0.686368322580645
0.902844,0.700448784871028,0.387442789377027,0.485857832284292,0.704609080645161
0.948717,0.746535411975788,0.610346923882421,0.585530843812451,0.758518564516129
0.801768,0.690006574968205,0.630813591666245,0.589345464010007,0.81101635483871
0.652407,0.617595079305652,0.635383230688347,0.582833068984533,0.868743467741935
0.837,0.707107410694767,0.667373684156327,0.611859887902617,0.862745016129032
0.984431,0.796676406093219,0.67025987836238,0.654352794456591,0.884047870967742
0.971256,0.812702901345657,0.740782571835235,0.674462845356565,0.930183209677419
0.986486,0.904329502171007,0.932270678724124,0.691578603706258,0.93787585483871
1.01431,0.957073065337303,0.991531536875802,0.696680862838621,0.927614338709677
0.948505,0.825234913958328,0.760254663606179,0.686644486258361,0.930080677419355
0.806128,0.65449588798252,0.564011799505258,0.64735182037502,0.968067693548387
0.75805,0.644318491231343,0.600249591937421,0.63227447671669,1.04402751612903
0.720565,0.676642511719543,0.810261619564844,0.660708085190211,1.26198532258064
1.5957,1.34356727306823,0.950963193130167,0.733245201899687,1.29196390322581
1.81716,1.46622306464445,0.838194069877839,0.758639220353543,1.50603162903226
1.94631,1.55182405858509,0.917610633348149,0.759736786778808,1.57998501612903
1.78625,1.37546803496137,0.65414213883805,0.638735057158798,1.59818491935484
1.42992,1.0332172586128,0.418523139499851,0.620203661236201,1.60320285483871
1.72261,1.41683308670406,0.844678598972985,0.737183840481323,1.34032656129032
1.88942,1.45389394906871,0.799137985213125,0.701078905591537,0.927779509677419
0.225783,0.426607047754917,0.404634190657398,0.576777565631874,0.963190341935484
0.158399,0.387285644720348,0.322095858311862,0.574245586886676,0.556905038709677
0.170442,0.40670575327537,0.381414732916987,0.579262081786822,0.325401964516129
-0.0951972,-0.04215936054509,-0.119488314115262,0.456139209136976,0.333171806451613
0.295336,0.338711579845318,0.454150487035311,0.549727390075302,0.231842996774194
0.359908,0.149411622274944,-0.0626872232398845,0.486681226971329,0.297624474193548
0.39704,0.416868750862694,0.598471633358509,0.567081855129963,0.383327583870968
0.328209,0.424769144570035,0.628548519449803,0.5583964593945,0.52483044516129
0.408588,0.402046038687549,0.380230373366135,0.528804773733332,0.700138367741935
0.494443,0.396736590513059,0.201817253631627,0.522841125611171,1.03443309677419
1.66302,1.42402474308857,0.863257905498533,0.733030471803867,1.08570412903226
1.70274,1.37671186535924,0.751065975765286,0.710760191695478,1.39860169354839
1.59568,1.67736960432672,1.45524940490157,0.734811214405627,1.6142384516129
1.82824,1.71309390366046,1.28691503598491,0.765879514328104,1.6462169516129
2.09902,1.75221665432792,1.12146722087225,0.793318934291216,1.54529522580645
2.14676,1.68044513033247,0.872928762870626,0.693524267834226,1.25189425806452
0.615231,0.486704656556844,0.157388078819834,0.558329481501363,1.28865546774194
0.550125,0.458001147658258,0.196356717032288,0.546248099558816,0.916279322580645
0.543523,0.489394186665978,0.452754052786537,0.552043424107617,0.708543096774193
0.602027,0.583428665528121,0.67032316445304,0.574085119982476,0.575464451612903
0.333142,0.420637514370333,0.54579061778394,0.506927269511593,0.623336806451613
0.324683,0.417531889151953,0.41542692696312,0.513922868844726,0.711493435483871
0.648784,0.542223316506474,0.391409604172138,0.531726762219368,0.866741596774194
0.698636,0.553221417094702,0.45050088962415,0.518915393252476,1.28579908064516
1.80782,1.56644512778751,0.976840888925777,0.643046941582056,1.45584259677419
2.29316,1.81283961090324,1.17749918898104,0.659776641346327,1.76491793548387
2.2893,1.740572444459,0.848416397029955,0.665109743931592,2.05642443548387
2.44066,1.94014483988792,1.00117791419648,0.654144361191915,2.10137941935484
2.35247,1.9338885661634,1.1235785979267,0.575803271580251,2.06238661290323
1.85421,1.76916590759117,1.39251859750248,0.652904148115463,2.06285206451613
2.06068,1.83950207869291,1.27122867199832,0.559474924950941,1.77785837096774
2.51988,1.88600414389552,0.769307253184454,0.607039891027822,1.20216530645161
0.278428,0.353867481230383,0.169561245605966,0.350165252163221,1.34244440322581
0.226918,0.128279522477339,0.000394477274410721,0.237422886045887,0.899543225806452
0.48322,0.511691743630676,0.543520949652728,0.399424297083276,0.651119403225807
0.686083,0.678864294212859,0.713572668336042,0.392054171317325,0.517824806451613
0.573951,0.615484284924735,0.547565208445902,0.380728370748228,0.457732080645161
0.476911,0.536893905782784,0.481111171375243,0.339490198002246,0.32753135483871
0.384372,0.439386913971329,0.439888305551884,0.287690487376408,0.143619403225806
0.210877,0.294673980868918,0.31501670320418,0.218109671325426,-0.129944467741935
-0.613624,-0.382038309483895,0.0980403342028253,0.0266676057154886,-0.248942
-0.769919,-0.636336460531174,-0.314295901074852,-0.105250138885543,-0.525667903225806
-0.872714,-0.823278356458104,-0.695217426242233,-0.484872611543431,-0.696255838709677
-0.895407,-0.815577527492339,-0.59076974035868,-0.674275503686164,-0.807521548387097
-0.913981,-0.837408851084914,-0.603771445427911,-0.629712381039933,-0.865302709677419
-0.915035,-0.852192172077758,-0.662718134660339,-0.763464645708201,-0.896047580645161
-0.913029,-0.846901995292466,-0.642000476027065,-0.730658439368656,-0.901054403225807
-0.904771,-0.849060122206985,-0.67403432572958,-0.780634351211693,-0.899759870967742
-0.889556,-0.836835844140279,-0.66480077483972,-0.78116916960332,-0.897864258064516
-0.901509,-0.842559533098292,-0.661443389616014,-0.77484795326639,-0.886011629032258
-0.915806,-0.872226567781865,-0.711945084182898,-0.766770520310976,-0.865205725806452
-0.785558,-0.596432528632113,-0.0669167888669445,-0.285193022095319,-0.892680177419355
-0.857608,-0.756767173393408,-0.491725751146318,-0.669291792015486,-0.870379838709677
-0.895467,-0.821230665221274,-0.604769159226967,-0.752829141045148,-0.873363241935484
-0.906764,-0.866286478697815,-0.728725371162288,-0.721095104361943,-0.87972064516129
-0.916798,-0.876621040984298,-0.708121849755627,-0.788494963823125,-0.873055661290323
-0.854292,-0.787497615177277,-0.616251487331868,-0.755950484961795,-0.88179414516129
-0.820895,-0.768046813725387,-0.61648464284101,-0.748730140568138,-0.891369290322581
-0.884965,-0.814673281265988,-0.671393573007091,-0.792788522681203,-0.884118177419355
-0.922377,-0.879146558104144,-0.692228405710115,-0.799470412852896,-0.8905445
-0.919691,-0.878724852306265,-0.701252449885076,-0.814573505789761,-0.90151479032258
-0.922785,-0.889134537106718,-0.740858487932802,-0.755004198430154,-0.8952725
-0.923452,-0.88441578610559,-0.702362619277485,-0.820001358926357,-0.871727612903226
-0.81688,-0.607835898398203,0.0819061882214926,-0.446421848175212,-0.866791046774194
-0.904727,-0.82692358371406,-0.556327298655877,-0.638860589091316,-0.783258319354839
-0.918053,-0.870984655608842,-0.664938239839202,-0.812826054574122,-0.673787332258065
-0.611595,-0.502696861602626,-0.115407178692513,-0.392039942701288,-0.609307519354839
-0.441393,-0.269555593289336,0.312388897860238,-0.362636361473716,-0.478068248387097
-0.0258279,0.0176404908031701,0.433442579024436,-0.33083314318771,-0.498834612903226
-0.252585,-0.263885951078295,-0.327066691698821,-0.338612772751013,-0.439466119354839
-0.379928,-0.401429208752537,-0.404822922683891,-0.353346716173739,-0.532171051612903
-0.774086,-0.755659378271016,-0.695386765253978,-0.718654061151211,-0.572483638709677
-0.832357,-0.779979199375275,-0.621579068338047,-0.743981986117862,-0.689689996774193
-0.83231,-0.745058654578149,-0.573676247452854,-0.797175642988559,-0.76584809516129
-0.849712,-0.775977710188171,-0.645921326195085,-0.7540098318981,-0.800919790322581
-0.766911,-0.732619110638978,-0.607367391978611,-0.646780987565284,-0.855412129032258
-0.887903,-0.813498397421639,-0.604637755719592,-0.790663094431334,-0.844777338709678
-0.874485,-0.80477813085712,-0.611239798068957,-0.816673313048295,-0.874843274193548
-0.89021,-0.836277393436438,-0.682427931112702,-0.813765478484053,-0.888003209677419
-0.920266,-0.868331860636254,-0.677978410693363,-0.82226991315731,-0.890956483870968
-0.920452,-0.863974111409469,-0.664869970343088,-0.829000308670255,-0.893721677419355
-0.904475,-0.847186300954357,-0.667608177104927,-0.831202410559978,-0.891793032258064
-0.906476,-0.85265348607286,-0.673540375628619,-0.831957069487049,-0.872413822580645
-0.843113,-0.72632992259619,-0.483592622887514,-0.724612785114851,-0.867765258064516
-0.789754,-0.664926755958173,-0.345869230080865,-0.667285503783823,-0.871006967741936
-0.848783,-0.754759043588941,-0.508153483372423,-0.754569137973952,-0.858104064516129
-0.898993,-0.834653141958838,-0.650697856402433,-0.787418391282549,-0.855162758064516
-0.917514,-0.866327584155485,-0.676874994766362,-0.797502398786453,-0.846203709677419
-0.792152,-0.755641231283164,-0.566576559717809,-0.703782123368869,-0.874203967741935
-0.854914,-0.815722106130368,-0.662988844039875,-0.813478498891587,-0.848193467741935
-0.863742,-0.818214760802082,-0.644592772834702,-0.823298792919788,-0.846830483870968
-0.867072,-0.816857889843638,-0.647650480251724,-0.81191893293471,-0.838897193548387
-0.835904,-0.778213929425445,-0.605035462840721,-0.777049796667593,-0.834522967741935
-0.782069,-0.747763727270241,-0.613997805826894,-0.746166030219451,-0.842075661290322
-0.825957,-0.785620239236567,-0.692434234964712,-0.639505370286772,-0.83024414516129
-0.830251,-0.790047926931876,-0.655045074139028,-0.715893966889113,-0.840870048387097
-0.854467,-0.790613608141644,-0.585295364888358,-0.777500407380105,-0.847336838709677
-0.885164,-0.822068648695944,-0.635796846626223,-0.779784300098999,-0.847419322580645
-0.895187,-0.832208559775588,-0.639515119717285,-0.772487990292214,-0.837615129032258
-0.773333,-0.72744265316423,-0.505935463091672,-0.481387128041816,-0.865921193548387
-0.840379,-0.787325232408411,-0.616596328949249,-0.769743957828522,-0.84241485483871
-0.877846,-0.830517848828851,-0.661728351856835,-0.77882076126189,-0.835872387096774
-0.895784,-0.848001866713599,-0.687223301361772,-0.655890263594312,-0.81743864516129
-0.779479,-0.740778639366311,-0.601541960063001,-0.680136620978915,-0.828120532258064
-0.767557,-0.719901330303861,-0.534102846557858,-0.31698355023393,-0.811251290322581
-0.750218,-0.695611315219139,-0.480877090446236,-0.562054269597521,-0.821751935483871
-0.846777,-0.792564298126186,-0.603148573631478,-0.651146263582552,-0.80954564516129
-0.837212,-0.758419605059851,-0.580822971102563,-0.721864660538258,-0.832429870967742
-0.840604,-0.763109482934756,-0.595409421638123,-0.717056960880325,-0.846451209677419
-0.886409,-0.835174134781207,-0.676621099157604,-0.714158938737967,-0.810483338709677
-0.871307,-0.818108896503256,-0.647389068572879,-0.720562161931528,-0.750575387096774
-0.852082,-0.776125747501528,-0.589605373048794,-0.660431711209612,-0.614592629032258
-0.805178,-0.719470096060344,-0.534472007748139,-0.509060430376386,-0.354313741935484
-0.823218,-0.74476240756935,-0.601224306590784,-0.419716972936888,0.178959612903226
1.17721,0.937202604403153,0.782459334596574,0.594274055683366,0.184230096774194
1.17751,0.989213321406828,0.838264827334075,0.735708700367167,0.7086005
1.21579,0.986146211541613,0.64471221941092,0.688829630250651,0.961745096774194
1.31256,1.1013014348387,0.835251701184243,0.743067162221374,1.03951383870968
1.14993,1.01446838303026,0.978515680170987,0.739442250889396,1.09738493548387
0.955949,0.870646581085409,0.860459213418094,0.72120671162738,1.129195
1.01506,0.859574952781202,0.684347918121077,0.71705981665402,1.08696683870968
1.07135,0.925609729829801,0.811233687305742,0.744240237099644,1.08292164516129
1.0705,1.02568007791505,0.95684897699655,0.831240763644508,1.11450864516129
1.22728,1.10458527968764,0.987229538741728,0.80512168901523,1.08800367741935
1.16702,0.987916797755453,0.827470414415163,0.822934344702212,1.10531272580645
1.08923,0.951279385226114,0.744121745796427,0.822502432532533,1.10137983870968
1.01918,0.924437379154612,0.789680785917309,0.81863378560181,1.09785629032258
1.03332,0.980372351220846,0.933858717893608,0.858081896766136,1.09237129032258
1.10584,1.0266377932814,0.946297815068328,0.887158135421764,1.08868612903226
1.13136,0.98893458249203,0.843403045516233,0.84991713930168,1.09962
1.09571,0.907332070008009,0.696943767303334,0.866361608651325,1.12712016129032
1.08508,0.953356555578556,0.763345177968011,0.898450482058298,1.15859048387097
1.21584,1.08882381777879,0.971763099905205,0.953058207248965,1.15405016129032
1.2543,1.09798756235187,0.874144216780821,0.930290502849606,1.16514580645161
1.21028,1.08906329724872,0.957502398616284,0.978581331671838,1.17114016129032
1.14634,1.0460332934437,0.864145880045536,0.968427362830372,1.17838032258065
1.11955,1.07663150302272,0.996611570910113,1.01066227410789,1.19044064516129
1.07821,0.990277882439555,0.868209262833324,0.976335065106345,1.24862274193548
1.18374,1.06728661714924,0.908276322784309,0.97992654863406,1.32784129032258
1.17391,1.22820904274849,1.145327917761,1.03478481446242,1.54321661290323
1.91021,1.73017364973878,1.26038537259992,1.1480305577237,1.56118290322581
2.01234,1.69929685817551,1.07586153517992,1.10702881436955,1.73430725806452
1.76889,1.57249118897625,0.906844578984242,0.971534064618096,1.94070580645161
2.2068,1.88771523434346,1.37275103435519,1.09712001884988,1.8790764516129
1.98151,1.80002339586893,1.38962512700546,1.11624434091337,1.98648177419355
1.7038,1.62873833412273,1.08344763479162,1.0363144318043,2.12174161290323
2.2712,1.99690717425931,1.46777962365088,1.15221368926645,2.016415
2.18483,1.92439519745068,1.3165501840331,1.0477394616021,2.11667193548387
2.14036,1.852375008551,1.19277199553439,1.10008200425192,2.16327
2.20782,1.87073002294088,1.15337666935528,0.984201487592071,2.13354537096774
2.38405,2.02960222080891,1.51818913594165,1.08937062599053,2.00264653225806
1.84799,1.78399387765778,1.24371019990215,0.96508493701777,2.03685991935484
2.01503,1.84707300801337,1.36866924290753,1.09372821117991,1.79033233870968
2.1913,1.79663467462767,1.17944973506315,1.13686462867581,1.42042635483871
0.710063,0.851496109200393,1.01524573230035,0.798430919434366,1.50932156451613
0.857159,0.656420401084786,0.489489930491871,0.8619695488986,1.16673903225806
0.950205,0.814225503576375,0.666168393153708,0.920570233644939,1.01461056451613
0.993185,0.975397918617953,0.966972615819274,0.964296657892383,0.937957370967742
0.944364,0.969368443863991,0.878757654642846,0.941187943361927,0.890321774193548
0.851365,0.782849725549745,0.539848018875532,0.882960783139257,0.845182435483871
0.677316,0.575649296552859,0.539082038084075,0.825087564622876,0.858201822580645
0.661593,0.650543077927043,0.637372694161278,0.889688716891003,0.880059806451613
0.901729,0.787916281929862,0.689307927156792,0.760621446139334,0.884534080645161
1.17709,0.889244233389765,0.518450186951999,0.880187194194046,0.863631193548387
1.02991,0.903077122452245,0.7636926196974,0.949724682926892,0.90094364516129
0.733952,0.718097217178923,0.632538480192581,0.882086979598943,0.950745548387097
0.769773,0.693446399862037,0.566999722095626,0.845612292210495,0.94054485483871
1.00165,0.930723502625363,0.846250438709976,0.901154736205009,0.911587241935484
1.0358,1.01863610808401,1.02031912232814,0.886354966254687,0.934650887096774
0.979249,0.904875557062842,0.657490457646127,0.817374858975422,0.952639741935484
1.01226,0.826301004944392,0.597498928335686,0.772871487998681,0.914091580645161
0.903542,0.861293266942576,0.861339760008795,0.872473512823907,0.89938885483871
0.69196,0.7149118723282,0.677008368968806,0.819868381244968,0.949978322580645
0.826901,0.804842079204453,0.61164830943567,0.791098812937689,0.961442548387097
1.05462,0.952620690204961,0.795968528262348,0.836118613313527,0.99605614516129
1.03,0.945237703478182,0.849542423588256,0.809471043032299,1.14378270967742
0.850636,0.854541370784314,0.732348895893001,0.769735650976931,1.43644074193548
1.86501,1.79527560517949,1.24217977668302,0.834955723684713,1.41601916129032
2.01992,1.85103069756921,1.30405339487966,1.01184971176788,1.61844127419355
1.58648,1.66056066141392,1.08027601613304,0.86027812018803,1.86180008064516
2.05532,1.88364965294178,1.41422754028816,0.995613529297944,1.75036701612903
2.09122,1.96211217653218,1.59139817741581,0.871367482406768,1.67855298387097
1.96449,1.96019229552829,1.32754690095327,0.695698992813454,1.45273290322581
2.52187,2.12860855961816,1.42450411236947,0.798521367384624,0.577533677419355
-0.840939,-0.634217951292658,-0.264861965283481,-0.22933435367346,0.719254467741935
-0.792639,-0.700829733148123,-0.512082164037627,-0.563077801509531,-0.093618112903226
-0.824777,-0.74121778060732,-0.587887795465569,-0.602598006846884,-0.501053258064516
-0.885708,-0.83091399674681,-0.724064297721139,-0.672103947920393,-0.709523306451613
-0.902012,-0.847413289559404,-0.702020763772083,-0.783728355479838,-0.828205129032258
-0.906767,-0.841628548370406,-0.655514649593986,-0.704847963970716,-0.897317822580645
-0.916301,-0.85175257250147,-0.681234893894877,-0.774360855960319,-0.904559822580645
-0.916152,-0.870381490346406,-0.731418602193521,-0.854490504723471,-0.908763322580645
-0.913539,-0.868495334368852,-0.736360800651327,-0.856233715026642,-0.910278838709678
-0.918244,-0.882769843271774,-0.771294113738493,-0.795378922450648,-0.905089677419355
-0.909848,-0.867272494899141,-0.75942286937021,-0.823585197033416,-0.899409387096774
-0.9139,-0.865396028737485,-0.743314593091699,-0.873623617324422,-0.882104870967742
-0.794365,-0.667648008233398,-0.706721958141348,-0.569664707759517,-0.912717193548387
-0.91663,-0.877061100836702,-0.753471756284652,-0.821723222450101,-0.879666209677419
-0.909482,-0.873953741996275,-0.751298170421982,-0.862261028677399,-0.89495764516129
-0.896385,-0.864951476556354,-0.755053069509128,-0.829623688120208,-0.906152596774193
-0.910643,-0.862663302929929,-0.72040799320518,-0.859568365192498,-0.908404064516129
-0.922314,-0.88346489112982,-0.737064511474274,-0.876578702410571,-0.910280983870968
-0.918854,-0.888694693334605,-0.769298143375363,-0.84976266624451,-0.909371838709677
-0.918566,-0.88418759782102,-0.740653960213981,-0.887427623404677,-0.902490306451613
-0.920253,-0.887042770053575,-0.749557928768717,-0.891541378768657,-0.886915225806452
-0.91126,-0.864311515979848,-0.726484455533045,-0.881504536586938,-0.860253258064516
-0.876776,-0.73536065233742,-0.500231048356442,-0.709907059284913,-0.821126048387097
-0.56008,-0.44332286795926,0.0429978577330043,-0.419713380825304,-0.900400967741935
-0.888007,-0.835694896495676,-0.681202304792012,-0.694365811741422,-0.822972741935484
-0.923227,-0.882738759502268,-0.715856678302877,-0.854843351028128,-0.864622112903226
-0.924901,-0.895275064231829,-0.754705488205171,-0.894422446953043,-0.894268209677419
-0.925299,-0.898166096313743,-0.764398643587939,-0.900096192831409,-0.909265435483871
-0.925236,-0.894634948829226,-0.755662875340756,-0.899961496510394,-0.916607677419355
-0.922202,-0.893796671497576,-0.756929121956377,-0.902920554378048,-0.923303709677419
-0.921786,-0.89554543269835,-0.758461602384625,-0.904025470152555,-0.918283258064516
-0.924757,-0.897613126728467,-0.757630025413646,-0.903017308955413,-0.910122887096774
-0.923211,-0.895620281006949,-0.757188500677079,-0.901008226624636,-0.896949048387097
-0.921712,-0.894756338217546,-0.758080744620837,-0.903321042689292,-0.871074064516129
-0.921697,-0.89589006029958,-0.758892113223813,-0.903402008605322,-0.819166677419355
-0.590175,-0.506989556714395,-0.0682101240311447,-0.504485227290574,-0.887160096774193
-0.812774,-0.769858226521966,-0.58476301903992,-0.821185510987697,-0.822995483870968
-0.868646,-0.844093877531022,-0.688371740561479,-0.853558033415967,-0.8517725
-0.923436,-0.896311233854218,-0.74601229636357,-0.86220798582393,-0.873588032258065
-0.924004,-0.8989782089496,-0.754092067232818,-0.89386998731463,-0.898455177419355
-0.92363,-0.900142650069788,-0.758992399134919,-0.901555667417923,-0.911011758064516
-0.922217,-0.900284472637944,-0.757302905277039,-0.902146441271564,-0.920380612903226
-0.924726,-0.900043477369387,-0.756346484059269,-0.897490988329268,-0.911158661290323
-0.9247,-0.899998799100889,-0.754305958209959,-0.898907594209789,-0.89750470967742
-0.922814,-0.897774024667382,-0.746866027759556,-0.905512358606434,-0.870827
-0.923162,-0.900060777362837,-0.745485729723382,-0.905394809554988,-0.817335
-0.91888,-0.8935493229958,-0.737556812626754,-0.902440896826626,-0.713302193548387
-0.227671,-0.211329256969836,0.162064107425643,-0.593583423549576,-0.860993080645161
-0.724794,-0.697208783793851,-0.636775537563946,-0.864219179564549,-0.723130870967742
-0.85623,-0.865094555791565,-0.766669643045827,-0.878643373213622,-0.776383951612903
-0.910094,-0.895973594168727,-0.741340239141326,-0.897601463630193,-0.830805048387097
-0.914967,-0.902401175741751,-0.754307760659586,-0.909158749925849,-0.870990209677419
-0.911959,-0.901846707439284,-0.756023461544835,-0.909275333146007,-0.893321919354839
-0.913144,-0.903248740045753,-0.756435502145638,-0.905980959347607,-0.909772387096774
-0.917711,-0.907575070247389,-0.764000152459589,-0.905818885871712,-0.913309064516129
-0.917133,-0.907538344458281,-0.77145731889444,-0.90199353552587,-0.914663225806452
-0.915045,-0.906994569846508,-0.765045366428502,-0.907557589989303,-0.914641983870968
-0.912942,-0.9038182045953,-0.76063756187036,-0.907158472908781,-0.900023467741936
-0.910674,-0.899959510140666,-0.757141603305477,-0.906270777444649,-0.883220451612903
-0.915296,-0.902041748479057,-0.752442214323595,-0.903570650446724,-0.8501995
-0.915184,-0.90152399954943,-0.753537646188998,-0.904596203768182,-0.787077580645161
-0.91651,-0.904237879203791,-0.761152548167562,-0.892090792385502,-0.65942614516129
-0.027672,-0.00819164921354557,-0.883608176672174,-0.563615492715822,-0.862755532258064
-0.727546,-0.682869267119946,-0.540700095134108,-0.732227177526623,-0.678019822580645
-0.885088,-0.86783005085936,-0.720100815864975,-0.854459005162025,-0.751532580645161
-0.903795,-0.881557693937262,-0.701021461790818,-0.884327396847505,-0.830397096774194
-0.924422,-0.900899828006704,-0.69525965697215,-0.882762315330473,-0.871843
-0.924273,-0.890352766043557,-0.616560420988333,-0.822165193599845,-0.897639435483871
-0.922393,-0.88653714515966,-0.670162594317032,-0.854300253996875,-0.918129258064516
-0.92323,-0.907269676209448,-0.803759114048674,-0.801423047528543,-0.922216790322581
-0.922984,-0.900007194149024,-0.735131670945909,-0.875625247193275,-0.923533032258064
-0.924404,-0.909861587062731,-0.751691775841455,-0.893676638399803,-0.923858048387097
-0.924545,-0.911317930736654,-0.75274651188605,-0.902288303309541,-0.924079661290323
-0.92511,-0.912197430856336,-0.750103235013394,-0.902379470650035,-0.896508161290323
-0.923227,-0.907268952287341,-0.729100315011664,-0.896192395220226,-0.836777580645161
-0.924775,-0.908696178064088,-0.734747947176612,-0.901430652711457,-0.714683967741935
-0.927017,-0.917830260375068,-0.776374543362307,-0.881025745526697,-0.473955209677419
-0.915914,-0.87347313714149,-0.697906078899596,-0.857219459988073,-0.000430080645161271
0.774963,0.861477835466671,0.625471732888368,-0.162127408392806,0.0763313548387097
1.11099,1.09977589720953,0.980748883273783,-0.0859370709256552,0.491090467741935
1.16983,1.13666723203774,0.940007547194568,-0.00732158720694026,0.721217387096774
0.942227,0.921823119366443,0.686366988551688,-0.0436582143216979,0.856324483870968
0.820378,0.860234410322266,0.750517409070768,-0.00217939654570519,0.880709677419355
0.729824,0.801056157594268,0.810574082936857,0.0113250722278227,0.905200629032258
0.860102,0.850698997600037,0.715681983058921,-0.0639871586943475,0.873719016129032
0.904243,0.920965484112017,0.782196350667897,-0.0705247256770024,0.888661096774194
0.932377,0.982801136649483,0.991162926961511,0.0445717580459222,0.904171516129032
1.05203,1.07320408495862,0.835550911703647,0.00931992353044474,0.859611774193548
0.953168,0.946571030438938,0.551172617202495,-0.00325314319682579,0.831215737704918
0.669453,0.718806828723606,0.611522955498332,0.0862900405372728,0.836167050847458
0.675118,0.715887488724329,0.826346555556067,-0.022019971971723,0.768138127272727
0.721779,0.728032274132912,0.769779134383392,0.0371003920791389,0.718669553191489
0.673178,0.693708220206723,0.694176143036317,-0.087740371934394,0.728567290322581
