1000
-1.23193,-0.792500157165927,0.0799692359091144,-1.08712856766065,-0.735850078417765
-1.44942,-1.01067290328037,-0.11441237867138,-0.938340707262054,-0.52755780106486
0.307425,0.385218426844905,0.0594583029468378,-0.671400978972129,-0.941631524784924
-0.909183,-0.559869930063586,-0.0961757337604273,-0.816621588399383,-0.474455779444861
-0.138942,-0.0200211901666053,0.117023237064393,-0.521434983261968,-0.632370855051767
-0.573253,-0.285513106458653,-0.0910590515484515,-0.706377653902426,-0.494133699167245
-0.771902,-0.472693631034841,0.116725868533545,-0.58397116807089,-0.39810289555864
-0.952222,-0.636967125409997,-0.0317091194874842,-0.283571235604185,-0.21000109888966
-0.398598,-0.204121928986615,0.096832856866208,-0.300349631252966,-0.038414242886884
1.11014,0.337473909773182,-0.0887196366710891,-0.200803109663156,-0.148878668632894
0.114989,0.0310884793977746,-0.0863460047338577,-0.0806749738851379,0.264103818181818
0.281835,0.0369793681958089,-0.068768234311768,0.632059602995386,0.295438519430951
-0.121152,-0.0670174783985641,-0.141013554171376,0.284965011751686,0.589185131158917
2.60814,1.44341366292877,-0.120313598393662,-0.138688360370994,-0.091725193962526
-0.776986,-0.472334850754132,-0.0777889498946494,-0.0209610987902713,0.646403548230396
-0.382458,-0.298361859472685,-0.0122868927427947,0.105563014762837,0.343013897987509
-0.39305,-0.224809594793359,-0.0485033471129073,0.113928547751063,0.406134314712006
1.97926,1.12775090671139,0.11461089832891,-0.135838105453826,-0.139797069049271
0.154309,0.103258169973329,-0.240247429045473,-0.0299849889584387,0.251964554129077
0.366501,0.13865169271398,-0.00976648866222894,-0.192045779660864,-0.155024533657182
-1.29304,-0.654416599952535,-0.0419851385024411,-0.358625780689979,0.0530428362248439
-1.17562,-0.716195383956999,-0.138895615702412,-0.475286138498169,-0.0105979288688411
0.425689,0.343997975140025,-0.264625657205013,-0.291930306364053,-0.227336224843859
0.976275,0.468252362164958,0.00193677356299864,-0.648620826005013,-0.313689514226232
-0.753235,-0.462396899258604,-0.00987152965150769,-0.333075172327298,0.115685797709924
-0.471583,-0.38318255093682,-0.059797465096526,0.104213376418118,0.0242168459403193
-0.357171,-0.216586190642354,0.0503080280118344,-0.00215406078307781,0.155929514226232
1.57371,0.927416763356547,0.097846082875176,-0.157530631227116,-0.207483402845246
0.188076,0.129999784446245,-0.104004135534208,-0.0990688933922446,0.097597432685635
0.273988,0.0695211963947714,0.00173644845088616,-0.229294770833361,-0.18097824573213
-1.28504,-0.696256552269291,-0.0167606488132027,-0.384172320103049,0.114887581540597
-1.20466,-0.765722510772764,-0.137202978914747,-0.465079304147653,0.131293854614851
0.454054,0.35998104312436,-0.0835930933169092,-0.147575078560724,-0.0584211346287301
0.997031,0.49788963413603,-0.136062064392652,0.313691162187438,-0.0288054191533658
-0.0752182,-0.0413540330470156,-0.0498364155278323,0.201767870323456,0.329867972935462
2.3473,1.3245040491562,0.159394068406499,0.0947992201485126,-0.46720863462873
-1.29229,-0.726550479912086,0.00832262153299429,-0.522450241973773,0.207865057251908
-1.19378,-0.810170355487512,-0.068203462319704,-0.658914505605575,-0.078507128036086
-0.733859,-0.459861186284632,0.0386595996569308,-0.591342687575334,-0.206329990978487
-0.43434,-0.372065131829322,0.0107202199714254,-0.732901889831761,-0.116455227689105
-0.36682,-0.209281018364389,0.019318386579387,-0.264297286499709,0.203737723802915
1.73724,1.0079405686633,0.0944129564951917,-0.131237874186111,-0.113800117314365
0.200978,0.144401816508825,-0.0951664039220389,0.243011973476473,0.509947979354615
0.349872,0.164200158233955,0.07584043434491,0.695248656248815,0.549960954718945
0.444723,0.307097423398892,-0.307533738946834,0.416536548172537,0.640824577897294
1.07234,0.719169604423423,0.0235423228800966,0.692388634419607,0.525226341950034
-0.0804901,-0.0228562047692499,-0.263815836713562,0.539130657014194,0.865919819569743
2.45796,1.61045156794449,0.0270550257318583,0.487855981802746,0.119280469986121
0.181858,0.100164336516894,-0.268225635382802,0.222580994913788,0.503007213566967
0.358301,0.115935406925156,-0.121427078833735,-0.146257137996064,0.0607712778278973
-1.31116,-0.670630703692999,-0.0730800706289544,-0.351356366927091,0.271540828764747
-1.18525,-0.759129464225873,-0.16647081552428,-0.471085789347103,0.21684875499653
0.436619,0.340714274814181,-0.20689075369256,-0.111247986622873,0.0551590399028453
1.1044,0.563733651209337,-0.120576457976821,0.162950999746265,0.0800135582928522
-0.0780388,-0.0263575638760467,-0.259870826456584,0.222166880263924,0.599114278625954
2.47538,1.5340827418158,0.0410297724449861,0.220589039047866,-0.102476551700208
-0.73836,-0.457213137937,-0.116886530890683,0.07679204952316,0.570796919847328
-0.383902,-0.342558979792133,-0.113109235820148,0.19036798302199,0.300660589174185
-0.338823,-0.227943043934799,-0.0467050476755868,-0.236247506564,0.350607172796669
1.84225,1.07365948140092,-0.37751939455284,-0.510131927289936,-0.211438072102706
-0.737902,-0.432413939803319,-0.0901429150931293,-0.201739282663569,0.398320653365718
-0.396687,-0.306597036227179,-0.127146875959734,0.0733940456664231,0.185028240804997
-0.329491,-0.242786378348506,-0.220688188563962,0.123134212397086,0.305774010409438
1.85722,1.1039452170293,-0.16643264787755,-0.0956504424370777,-0.145132242192922
0.222174,0.122049597396715,-0.385659721849215,-0.0267094161797273,0.229793010062457
0.404738,0.138789768784865,-0.191739408067356,-0.139190565803301,-0.117525745454546
-1.28011,-0.680575304664155,-0.107457513136926,-0.33436095851771,0.199865154059681
-1.16191,-0.762675236056255,-0.149060798840203,-0.427067382929057,0.229109124878557
0.437461,0.325684576596319,-0.327189672840775,-0.0920590983204824,0.187610796842471
1.16249,0.599971488603242,0.0388148702057482,0.184275828048474,0.280805409958362
-0.0758894,-0.0573695556529453,-0.214134419371531,0.141733843586878,0.872823789555864
2.584,1.67993136708886,-0.269832525167325,1.57828298126479,0.306232860340042
-0.0808931,-0.0347331728335639,-0.21165483341845,0.21157849964771,1.0916510704372
2.5538,1.574519021632,-0.201544300193996,1.34497557756749,0.232775015787647
-0.755035,-0.435419929651367,-0.0270144001259171,0.097722636374786,0.815051913081194
-0.382784,-0.350359489009479,0.0247256332839857,0.164719240356722,0.451555808848022
-0.362714,-0.238685179538068,0.0731841868503924,0.057138276091902,0.469747908223456
1.91605,1.05004613738832,0.131939701960099,-0.104032928769051,-0.111892803990285
0.191422,0.0978297047457284,0.00439904253311563,-0.0371322491375255,0.269503747397641
0.446635,0.123966762498985,0.0260166331264506,-0.158992629260126,-0.101715758501041
-1.28487,-0.666618819485581,0.0378641510186851,-0.267095714192473,0.199844172796669
-1.14996,-0.77422532381185,-0.0369880724700994,-0.382197482101064,0.2147499555517
0.45248,0.307987061103049,-0.0386798472077603,0.312123146528265,0.158813548403886
1.1942,0.591305765895089,0.227467997015356,0.883673383035271,0.202932248265094
0.424639,0.282983086785216,-0.194438315799706,0.396082943172574,0.542471695870923
1.19636,0.71504225301735,0.170579182433463,1.15438807408591,0.343092280881332
-0.0687561,-0.0759395224297313,0.0288096100969201,0.617219280612988,0.662502684594032
2.60745,1.39042826803358,0.260224225149923,0.160661499314367,-0.26698371703678
-1.28382,-0.694609674883786,0.030927577688817,-0.452413247271253,0.372318876648161
-1.13497,-0.808400400384167,-0.0537911785870367,-0.614401718588255,-0.0125029012838307
-0.736569,-0.477806950553763,0.0596334972978123,-0.557446074529917,-0.126741010582929
-0.341773,-0.342807969400857,0.0655913707044062,-0.690291054642534,-0.112590204406662
-0.353735,-0.249367289969089,0.0810156895607092,-0.251093422804591,0.142061767869535
1.9276,1.09840625612627,0.231767921539479,-0.0806040612112165,-0.306018620055517
0.197667,0.0798817062931731,0.00613760591903775,-0.0211355050234718,0.178378778625954
0.457846,0.152094294810386,0.135926953643123,-0.138911657863701,-0.105732419500347
-1.28571,-0.700402151812614,0.0186565005618706,-0.245406587017103,0.229717256072172
-1.13081,-0.785489714323339,-0.0274220525600914,-0.376578413626026,0.23085786814712
0.456197,0.292746367088402,-0.0835189050448896,-0.0646011811625461,0.102855866065232
1.22333,0.623897457890827,0.163569042344394,0.389886628733901,0.119837961138099
-0.072744,-0.0728457264830045,0.0174247558880241,0.259788087951687,0.67261156870229
2.63886,1.54970121250699,0.313904215917782,0.320796990989339,-0.0524296946564885
-0.772719,-0.506674220193173,0.0302688457093927,0.105851717670852,0.703138764746704
-0.336254,-0.338586273380885,-0.0285653358983529,0.170997316934082,0.432767893476752
-0.359053,-0.266764746974885,0.0583278831275284,0.114843381714152,0.505125166551006
1.95482,1.12104762093445,0.266779878939723,-0.0824126214218391,-0.0411809312977099
0.193855,0.0821992795110743,-0.0662835075063035,0.0168984052567138,0.406355910825815
0.469085,0.198829276037758,0.0838458894792915,0.0530016320410582,0.09585370055517
-0.749548,-0.486716421084733,0.0546387799314875,0.0782647145779198,0.312832455586398
-0.322555,-0.320040633125582,0.0732427778045102,0.104223601152863,0.17469040666204
-0.364755,-0.258579554812495,0.0927074759193233,0.00330368012812424,0.333352468771686
1.97464,1.14539479922778,0.329432918668211,-0.0721288281791889,-0.185762667938931
0.194124,0.0743778838776615,-0.0246075620266147,-0.0120106231934724,0.242516918806384
0.487196,0.180459398688131,0.0843030957283031,-0.113435907379628,-0.0952361645385149
-1.28869,-0.733467765463124,0.0126249639397489,-0.25143616654463,0.250957516655101
-1.10183,-0.8049944289334,-0.065265592650575,-0.39747963903688,0.222650562109646
0.467381,0.284993704764727,0.0454417299647811,-0.0502905157142112,0.0726343945176961
1.24582,0.657541009565065,0.279183403380616,0.406314211523187,0.0624200987855656
-0.0578872,-0.0818772299449397,0.0352622330605357,0.268361774590361,0.603241554649549
2.69039,1.51552437715044,0.452402393287166,0.199599790136576,-0.217465555690493
-1.55273,-0.927751745594746,-0.061621072009179,0.157335786182984,0.799605582061069
-0.829455,-0.71515226656398,-0.0914858506729773,-0.153916067563083,0.575670504337266
-0.0240553,-0.165466604693256,-0.253190923380119,-0.339485306770153,0.694969143684941
3.18165,2.467466514402,-3.03914774827294,1.1561530847001,0.110309887855656
-0.646629,-0.625681873364981,-0.103967916467387,-0.577246604590598,1.25941922796669
3.57251,3.69520834602457,-3.15419411022249,1.25682811129134,-0.0528486377515614
-1.07726,-0.918743807468324,-0.0782668677421145,-0.480322262573618,0.906230820957668
0.0088861,0.00711588412657254,-0.37714727226275,-0.337759602205769,0.298354233414296
-0.734821,-0.66056030990723,0.0362550697904902,-0.520368803294716,0.453362480048577
1.19525,1.29828121487162,-0.615680790895167,-0.276989237489009,-0.13025303556558
-0.298694,-0.266175036296581,0.0765124028382086,-0.339186237840988,0.251242295801527
0.214604,0.282669110820278,-0.268241095235167,0.0531115787714904,-0.0317514023247745
-0.48581,-0.409130333900789,0.0439703922461009,-0.309086471470811,0.230455717938931
1.39572,1.45668384351054,-0.841769983816145,-0.293539826977643,-0.308294355308813
-0.986352,-0.812892594018634,0.0270980171782536,-0.434574777837336,0.248281796321999
-0.323011,-0.210946230377912,-0.180403556183068,-0.39351231849546,-0.0410857508674533
-0.689845,-0.559567141157178,0.0363836432376763,-0.501430729353938,0.159808443442054
1.66629,1.64824771341866,-0.895008990011178,-0.0626919754122007,-0.383013534351145
-0.396501,-0.390417022452344,0.00315834602426993,-0.505282573342023,0.141390015614157
0.738402,0.725342081692739,-0.588827347480247,-0.0568296341998307,-0.425475417071478
-1.54298,-1.06112524868082,-0.165260164694731,-0.542472046344202,-0.0151505454545454
-1.03809,-0.844618151094838,-0.146102244825026,-0.766093873097148,-0.211506836918806
-0.252841,-0.297241108584844,-0.124673058373213,-0.734298154061697,-0.211969011103401
1.26356,1.3041867891049,-0.895958832287032,-0.721623280152717,-0.540077983344899
-1.04438,-0.860333440004054,-0.0690477482392098,-0.712117941022462,0.0723820617626649
-0.145526,-0.0944646228113542,-0.209717866206487,-0.263580108422745,-0.224486658570437
-0.779479,-0.678629221433946,-0.0728936840432543,-0.526115420213464,0.0546426769604442
1.34367,1.40708392108841,-0.829958579893983,-0.297499139259229,-0.435136256072172
-0.349327,-0.330434151966948,-0.0322139068806686,-0.497365264510707,-0.0520071724496877
0.294435,0.373445214151021,-0.344561535884098,-0.491356602356121,-0.481682250520472
-1.52972,-1.15234333124121,-0.101802185831003,-0.702069843499532,-0.132761586051353
-1.16713,-0.894990085173403,-0.157894436330443,-0.886328403143686,-0.259423334142956
-0.219324,-0.193906157019873,0.0568719517466463,-0.542769258027126,-0.328023650242887
0.689489,0.811241770485928,-0.271409821145277,-0.0485575966591276,-0.458375450381679
-0.544641,-0.451784728237196,0.0715000912498594,-0.578739795376957,-0.0857538025676612
1.34744,1.48370033046365,-0.75876573600654,-0.158459525340151,-0.737225936502429
-1.5123,-1.06416299318211,-0.0817920361251725,-0.848845349045467,-0.184951705412908
-1.18386,-0.924441964459376,-0.0731699368943497,-0.98995832512712,-0.444702929215822
-0.967331,-0.728776989779182,0.0472646326821719,-0.91900704727334,-0.460021003122831
-0.353564,-0.209265632874342,-0.0669944634238153,-0.851058154938757,-0.48841884351145
-0.709994,-0.5646840341939,0.0540630087629424,-0.665908807376102,-0.145197339347675
0.93992,1.06145114072877,-0.30286486932581,-0.339633066826857,-0.423742646426093
-0.302223,-0.237101986844923,0.099368783379385,-0.26916062269961,0.0675791117279667
0.15175,0.200183915253912,-0.214900873821191,0.0907867018445737,-0.00336263046495491
-0.220056,-0.159239381320957,0.0890748152679406,-0.224737110020898,0.17122322796669
0.593848,0.622057738837869,-0.365460095635002,0.177465908585384,-0.0390054750173491
-0.538277,-0.415086345533349,0.095920570919449,-0.162530579214612,0.266331880638446
1.31264,1.36083167897304,-0.65719991741161,0.0714049503034248,-0.301015994795281
-0.3542,-0.266799739586361,0.150824346253164,-0.429426746605051,-0.00646379701596111
0.100407,0.195577213989521,-0.158599149211821,-0.49444767733519,-0.413237655100625
-1.51656,-1.01568282869827,-0.0312676801035678,-0.696190938403783,-0.161048142609299
-1.18486,-0.879432346586163,-0.0872093106371415,-0.876013468139219,-0.280784128036086
-0.189964,-0.139945441657671,0.132106874333531,-0.541761806009105,-0.342781069049271
0.553327,0.68110251056188,-0.288285250713936,-0.120097616465661,-0.399840259195003
-0.528806,-0.406645783433979,0.0918998190216321,-0.499331024315768,0.0155918688410825
1.15822,1.24373022430483,-0.587791916136645,-0.0792770351875278,-0.466097732130465
-0.97632,-0.696303039960262,0.0325998501296329,-0.469462647383833,0.00609140700902147
-0.445301,-0.336546870469934,-0.0696129676232713,-0.461834112746557,-0.235870765787647
-0.703327,-0.538115525006139,0.0777539512633875,-0.741825048126369,-0.122319399722415
0.875474,1.00475788743837,-0.503785112589192,-0.68076687301006,-0.538637443442054
-0.956799,-0.695315917369446,0.000565117619761198,-0.584995205856411,-0.0896639652671756
-0.452625,-0.329771122085252,-0.128290698894952,-0.510345010662512,-0.308746803088133
-0.698543,-0.511935106959545,0.0091040793036619,-0.515966611840324,-0.168304629944483
0.810503,0.931120911590139,-0.490556328892635,-0.40610565426512,-0.508597875954199
-0.298176,-0.213341660710413,0.0950024192427943,-0.541514665096334,-0.259917042158223
-0.0113609,0.132869972322214,-0.312263716835114,-0.512048911786415,-0.55438103018737
-1.49866,-0.941996994075202,-0.0828759685960809,-0.715245800554663,-0.270600857911173
-1.22469,-0.878097673799207,-0.152378319305758,-0.870560703055605,-0.314787256939625
-0.151149,-0.0910776682848873,-0.00729493226059016,-0.551936939299506,-0.341632588306731
0.388418,0.577953817334586,-0.455961621179629,-0.236977318235879,-0.300325493233865
-0.51894,-0.340575307976673,-0.0395074429129103,-0.404358684299638,0.101298229389313
1.14102,1.1355699434293,-1.06834522144273,0.573573333083374,-0.266943168632894
-0.500064,-0.3201521336155,-0.00699592155095198,-0.453480108526602,0.213950731783484
1.02004,1.17885984898946,-1.10730533889183,0.523284502815181,-0.288912910478834
-0.958799,-0.629062598394658,-0.12290726726904,-0.459045208493165,0.0744644366169327
-0.50653,-0.332622290394662,-0.287882104220835,-0.461688998046194,-0.196862985582929
-0.688642,-0.450699813981318,-0.116123243214972,-0.51768594206679,-0.134151891308119
0.731389,0.83992528355379,-0.546049488795237,-0.407346543625094,-0.505128388358779
-0.321189,-0.183800747199592,-0.00731575198124941,-0.558240423195047,-0.274135087352533
0.00112393,0.128028711331299,-0.574354998950217,-0.491285182347456,-0.56434333795975
-1.50454,-0.883187238800598,-0.161336544399125,-0.720394836527378,-0.285298623438584
-1.21889,-0.852476372569289,-0.185298517114321,-0.878145362156294,-0.334420707234559
-0.166755,-0.0794309354952595,-0.0103152704139525,-0.375371353385858,-0.361174062022901
0.396437,0.577558235272623,-0.33257560350369,0.0141954365099473,-0.351303866568355
-0.216721,-0.142533495644086,-0.0029572484015292,-0.30281579483038,-0.107227032154754
0.386966,0.44131289698497,-0.529091473640041,0.28228282584875,-0.283532677654407
-0.524625,-0.30268405761053,-0.0296408744587425,-0.281466563971145,-0.0725085905621096
1.0645,1.20134227277859,-0.94685315582797,-0.347359221931554,-0.665495886190146
-1.50734,-0.884082142604271,-0.108407250175497,-0.847899471520244,-0.242319522900763
-1.21157,-0.854491127393159,-0.24823919115296,-0.988116932840472,-0.514924082581541
-0.925927,-0.619904447217249,-0.0842663820674413,-0.90614791931507,-0.553975373004858
-0.493408,-0.284088885082151,-0.22829751527889,-0.876396155331276,-0.578866006245663
-0.679759,-0.471250838536479,-0.0733108765332333,-0.672928844461254,-0.381480010409438
0.621898,0.746670931048769,-0.617753775186142,-0.442366762343673,-0.643354696391395
-0.30907,-0.160423850322878,-0.0272241333860716,-0.553359225627472,-0.383154282442748
-0.111341,0.0581246253397303,-0.385917468376919,-0.553446414948512,-0.585142613462873
-1.49507,-0.852630384454926,-0.195580142728499,-0.662022682093329,-0.319956751561416
-1.23274,-0.853009884412652,-0.287821726463203,-0.796813545566585,-0.365052534698126
-0.15492,-0.0560057194106106,-0.0596715814504705,-0.565323408914814,-0.447235376821652
0.304283,0.517556435518964,-0.595093924497509,-0.228329324104596,-0.420704004510757
-0.511025,-0.333345042509901,-0.0471826357391166,-0.498435894687965,-0.0804228105482304
1.04028,1.0274268583605,-1.0961938787788,-0.212160047145971,-0.496205988549618
-0.963001,-0.620273504078352,-0.073033598466016,-0.486613801064817,-0.0357939909784872
-0.543414,-0.372199558548077,-0.258439335753965,-0.476963896978578,-0.229093385496183
-0.710966,-0.457186240743119,-0.0384805936221592,-0.526102425542744,-0.146951719292158
0.661211,0.776714378576519,-0.688425221606511,-0.48399073532427,-0.473749520818876
-0.321529,-0.199830545512426,-0.0753414822862238,-0.513427048698302,-0.220632743927828
-0.105142,0.0385375196194637,-0.0659613346622287,-0.467852487102886,-0.418712740111034
-0.976392,-0.637716138856947,0.0554873668574508,-0.49709698138851,-0.257355340041638
-0.613468,-0.413947200933502,0.00187142351616845,-0.469741735731577,-0.386015529493407
-0.699894,-0.470780987173583,0.130690602868168,-0.566692278276186,-0.29145219777932
0.615792,0.71564312307439,-0.295836815976357,-0.48615190014857,-0.594291572172103
-0.342686,-0.235089907199939,0.177898304019169,-0.596029302805825,-0.376370856002776
-0.130856,0.0182874985434072,-0.0907416695288494,-0.563163684939684,-0.610179392088827
-1.49226,-0.898863345246357,-0.07741156246748,-0.754188805914521,-0.350677455586398
-1.26371,-0.899536921399478,-0.124598720534971,-0.882770988970862,-0.398013264746704
-0.194182,-0.132181191047917,0.227772358610916,-0.579827017181795,-0.50769996981263
0.286185,0.440069835496354,-0.068707453428362,-0.279031986041103,-0.488204794240111
-0.546771,-0.370317557753911,0.152555573320037,-0.51238111978684,-0.153746298056905
0.954601,1.04256055201227,-0.308400449576827,-0.358580612271493,-0.581570020471895
-1.31457,-0.742590590176075,0.0524263319199554,-0.782194166981087,0.0241212074947953
-1.22338,-0.755422295527359,0.0117636141885586,-0.759834823239725,0.0713360298403885
0.174339,0.0606609916712654,0.105511755672335,-0.213382145574634,-0.00821140284524632
1.17664,0.511335640062103,0.225747159742083,0.254678748362523,-0.017006982997918
-0.298844,-0.302232373516327,0.161529328357084,-0.0773071018260399,0.606934863289382
2.67839,1.49122717221382,0.496917969963704,0.19818640706812,-0.196192022900763
-0.92847,-0.633434924449239,0.0660632266749624,-0.110568134822818,0.616500800485774
-0.381098,-0.374192192197606,0.0779800956806425,-0.0723396391812182,0.328757754337266
-0.558984,-0.455389627829668,0.121844144832043,-0.125840934716413,0.54455256592644
1.96551,1.13449433517849,0.375820117766776,-0.187836361013487,0.00453521339347676
-0.047465,-0.166004992471865,0.162034522285165,-0.116095984945828,0.580467224496877
0.464387,0.192114996113966,0.172304706140814,0.597059195205964,0.34956989000694
-0.272401,-0.312201904844467,0.135794944174958,0.135398173328783,0.68513642852186
2.71363,1.62453984073247,0.566967633180577,-0.158711758024497,-0.117078475954198
-0.896946,-0.657931606915531,0.0718241700819937,-0.132960177391781,0.662433770124913
-0.362319,-0.350239077086662,0.131295675649755,-0.0179063004315108,0.284229204545455
-0.545052,-0.463951328364128,0.110998528834086,-0.10530995387517,0.392680417938931
1.99571,1.27421196549144,0.46066248915918,-0.155854351136657,-0.204161606002776
-0.0126477,-0.116406618565435,0.145241374248089,-0.167207401609054,0.262250647120056
0.512305,0.244035173638498,0.23456034029288,-0.19183402392519,-0.214213116065233
-1.35158,-0.907163819052505,0.0364859141818648,-0.389358296525939,0.0653957971894518
-1.13926,-0.860389413466156,0.221057577508576,-0.531710928074622,-0.025677104961832
0.239095,0.0747598692604444,0.224523292717832,-0.313962141517034,-0.1500549148161
1.31352,0.762298491811836,0.228075867073872,-0.637550771752422,-0.357284703667592
-0.898862,-0.669065118774206,0.0756231012047966,-0.387106808741657,0.219632913445524
-0.307416,-0.296232759102266,0.0702079657856995,0.0617176673061637,0.0460816305517001
-0.519302,-0.437076285174292,0.134342900285903,-0.122879713422336,0.291498441620403
2.05686,1.27021074864351,0.238053584059106,-0.135173804004429,-0.235196791377516
0.00369133,-0.11944496641946,0.184117469572597,-0.159196633987605,0.250737066273421
0.533987,0.246768972882963,0.174893417663201,-0.186848283878092,-0.176031480135323
-1.33543,-0.884964372554807,0.0375814435820108,-0.3670802989807,0.197532051613463
-1.14838,-0.857041852147657,-0.0554065613242796,-0.498685480535479,0.161705158657183
0.253216,0.0846413015160406,0.144508628656668,-0.169694937140306,0.0526146910305343
1.32334,0.81965473176787,0.307707901340793,0.387440479522259,-0.0501074966238722
-0.248625,-0.280524533631386,0.138524358281028,0.0443310275801511,0.470035884108258
2.77739,1.79068492598535,0.591051934763952,0.158106137970528,-0.493417266828591
-1.35222,-0.929617009374293,0.023044375894278,-0.584127760729908,0.299311226578765
-1.15195,-0.890406097956353,-0.024390333099595,-0.729218038556171,-0.0548185887057599
-0.868033,-0.640519103694163,0.105602286157448,-0.679293046632073,-0.142127682425399
-0.301204,-0.318403669351998,0.126259585587077,-0.733126081449394,-0.13656386684594
-0.537953,-0.437396136620375,0.153369064933791,-0.40545564518512,0.284855765527412
2.06098,1.25350603694776,0.555142688279135,-0.1200723747348,-0.170912465388619
0.00848835,-0.111898717096546,0.197036750628589,0.12649873305498,0.598098088133241
0.543442,0.284030784924206,0.155167782372113,0.685336747181161,0.52296013554823
0.227702,-0.0117729178939855,0.0252629365204328,0.279546393345384,0.734445082494795
1.3232,0.867083459605909,0.0705039380101251,0.80356542618649,0.499584877949341
-0.271704,-0.257231613660165,-0.126331665877148,0.393578151367073,0.979156209142956
2.83361,1.85851745260556,0.161091901637439,0.548942721447219,0.075852339295628
0.0134979,-0.109769180163806,-0.0244199984637089,0.0622117385689304,0.606145385843164
0.526439,0.275667790248015,0.0113562204049166,-0.146705107623468,0.0509761146773074
-1.35511,-0.838268971842362,-0.15969906119643,-0.380607781048078,0.318621465128383
-1.1407,-0.825239956153308,-0.15401140951801,-0.53840661527771,0.216410531748785
0.246663,0.0991043678775874,-0.0176048420020895,-0.174470574428066,0.127102121616933
1.33105,0.86679188720005,-0.0472055318698929,0.339995255933054,0.0441391033657182
-0.253752,-0.258112508672257,-0.0706555513274968,0.0137528238603486,0.700621531575295
2.85591,1.85905969712328,0.0280316654658449,0.288168274946195,-0.147791341776544
-0.890171,-0.618811263088565,-0.0978771837786328,-0.0340357613771644,0.660613582581541
-0.265892,-0.26927243506771,-0.166178102376404,0.0423121656579487,0.294037277238029
-0.526459,-0.422815717793058,-0.0696490718398281,-0.356964462431236,0.435429651283831
2.11741,1.28229691007919,0.0729866744231693,-0.543988971832949,-0.255116944136017
-0.858702,-0.5882463602848,-0.0162439903268302,-0.294443323772073,0.462749371963914
-0.286115,-0.261146030001801,-0.0831717916643695,-0.0395631916215898,0.16610122796669
-0.529995,-0.398322019207886,-0.0501349210747202,-0.058271668913581,0.379090884108258
2.1398,1.34826008020824,0.0612202922026681,-0.100801194627629,-0.2008041592644
0.038909,-0.0916582035595168,-0.0950849925670246,-0.134965265305127,0.306834914989591
0.582925,0.318934293142798,-0.0515519472206466,-0.144192714061893,-0.151786089521166
-1.36804,-0.847494546833511,-0.108399942646285,-0.321082184045929,0.240774318181818
-1.09718,-0.828038542694674,-0.242575955189231,-0.499581159938142,0.215979522553782
0.281932,0.106245928857212,-0.0374534414850222,-0.155114402071448,0.250451535392089
1.38214,0.905440293160492,-0.185084781469259,0.389184506985647,0.247764870575989
-0.250833,-0.241611697160396,-0.0407606734720775,-0.0303505326184021,0.96483129111728
2.85378,2.13348366842875,0.00242818940894818,2.13417375766572,0.281059028105482
-0.236416,-0.246593312377258,-0.0659229201258588,-0.0133612558352159,1.19326389139486
2.85012,1.90284352170082,0.156597456918714,2.02446728613609,0.204838952637058
-0.860662,-0.604955382314031,-0.0576082766320838,0.00409110309113506,0.884217905794587
-0.304054,-0.278665949882861,-0.122295603727279,0.0472748227846185,0.442139638965996
-0.522996,-0.403874641662797,-0.0646696881858907,-0.0454585360643582,0.520746241325469
2.09513,1.32808803028472,0.257120455569781,-0.120782468979284,-0.164463948820264
0.0211845,-0.0894284255013963,0.0224294189587379,-0.166628509811132,0.314340810201249
0.584552,0.301975200989162,0.0509825405014341,-0.187178147690366,-0.152580202463567
-1.36872,-0.866696245340589,-0.148245108784562,-0.353641063961835,0.210183224670368
-1.12459,-0.848535187929166,-0.15086087476059,-0.507162334883886,0.181053378730049
0.274993,0.13102215149648,0.0373616779532264,0.145396786065738,0.191840137925052
1.36016,0.856503662357948,0.206602908763041,0.841149848424159,0.152535603573907
0.264951,0.0615907777719929,-0.0907431848295784,0.230914483398172,0.597546829285219
1.41024,0.914777032160479,0.179548394002427,1.2322728304265,0.301209460097155
-0.236229,-0.259210110926156,0.0393576593302704,0.471688641795555,0.733523146426093
2.84028,1.85658945628717,0.256405575460271,0.172927733804846,-0.30692276648161
-1.33248,-0.86822396245427,-0.0680703728688103,-0.52714780337114,0.402102786259542
-1.1435,-0.866923978315738,-0.175668394840953,-0.669472876487936,-0.0226328684941014
-0.864661,-0.592368179312036,-0.0913041434904171,-0.644459798008966,-0.106005034698126
-0.250487,-0.240509627389986,0.019814552683305,-0.706351667475355,-0.152594408049965
-0.509646,-0.39539150049959,-0.0625590227383639,-0.370450639391166,0.182746356696738
2.13732,1.35308059326431,-0.184738335761852,-0.113836514325136,-0.36321349722415
0.052507,-0.0977638067150546,0.0570269001060585,-0.164300620075691,0.222834878556558
0.582045,0.315061076005457,0.150923801794141,-0.199270144360394,-0.139976026717557
-1.33831,-0.853343231453155,-0.0544202556914412,-0.313420162441915,0.244157096807772
-1.12613,-0.844905128159147,-0.0844322215394821,-0.440586100995728,0.216119123178348
0.303651,0.118266071869814,0.074138942519612,-0.138028667577295,0.14048837092297
1.40357,0.913803907911278,0.294451017459461,0.458742752879551,0.073559579111728
-0.225433,-0.255682640950104,0.0634629225738696,0.0612504737998625,0.735042423664122
2.87629,1.8258562813572,0.542624083516091,0.362716704695776,-0.0955036990978488
-0.885631,-0.634119023768366,-0.00158189874645327,-0.000742314717771447,0.752601051006246
-0.257845,-0.270903705492444,0.102065836507645,0.0704341490359037,0.417320417418459
-0.504085,-0.41034002148607,0.0922186222241174,-0.0238893249194323,0.555522710270645
2.15672,1.34750733692365,0.416013637580691,-0.0873523795656211,-0.0888397133934767
0.0481182,-0.0894362634447593,0.0947115492298922,-0.104384242326506,0.456728081193616
0.601232,0.329899397451098,0.135721297758717,0.0701395170284695,0.057538556592644
-0.881938,-0.618648974386174,0.0333611698327833,-0.00552178909245893,0.348398296495489
-0.226539,-0.244612081204666,0.0926613772828945,0.0502612113847685,0.145392313497571
-0.513336,-0.414185073579963,0.112266040641497,-0.113538680123754,0.379987343684941
2.18761,1.40816223160204,0.423451433048682,-0.0794712729996734,-0.239063202394171
0.0405331,-0.0817259998364972,0.109630951318645,-0.126017239925828,0.293030738029146
0.621582,0.355538679951866,0.114787843958099,-0.131668852219815,-0.133730994274809
-1.34488,-0.869061014351772,-0.0128251318593798,-0.288053179737993,0.262460292678695
-1.10844,-0.863446342576261,-0.102718641277102,-0.443161590606786,0.21256408795975
0.296174,0.129411299073742,0.101871951827004,-0.13263566310492,0.111709624739764
1.43641,0.966614287893635,0.313696548448296,0.444123787433206,0.0263357033657182
-0.22122,-0.270070589661078,0.0604092049698857,0.073632144117969,0.639860299097849
2.92027,1.97322550602526,0.486907361995202,0.212154886550985,-0.286629452116586
-1.37068,-0.912227176776738,-0.0432921551183977,-0.335845668449168,0.678572378556558
-1.11469,-0.885408304595882,-0.0640630169830086,-0.494896376860518,0.484157463566967
0.295116,0.11096466065876,0.14015173108002,0.0503782479271438,0.295779080152672
1.42798,0.91861465274498,0.293449586003383,0.0765404695852923,0.174920072519084
-0.234771,-0.260304008375276,0.0313015984770634,0.0258992647903311,0.811949607911173
2.91918,1.77724536059307,-0.13772867550405,0.22687317130961,-0.0985585885843165
-0.894089,-0.642152779043343,-0.00518805526321004,-0.0470899389482863,0.761067141741846
-0.259081,-0.271698234726416,0.0755915971799865,0.00660968242469503,0.437332408570437
-0.519116,-0.419185057962656,0.0903664747137338,-0.0817962705676631,0.678170523074254
2.16491,1.33612842635633,0.299570786689266,-0.0868753630548163,0.0956716979528105
0.0345667,-0.106391240969699,0.0391805328917389,-0.0603887185211857,0.705633051353227
0.628688,0.356673464688982,0.188593267774752,0.742663951288109,0.442605015440666
-0.239472,-0.266600133262303,0.0818074740029602,0.223914017502243,0.811975588653713
2.91051,1.7925274714697,0.436238140685165,-0.0648467890991568,-0.0416383970853575
-0.900913,-0.610033502370976,-0.0275577737121387,-0.0638033693785182,0.786960407009021
-0.229551,-0.265168555161449,0.0801966270612921,0.0828190372786004,0.365943497640527
-0.515259,-0.420692037208895,0.0442866992285965,-0.0597459029873321,0.506694549097849
2.19957,1.31838423088923,0.381855995186031,-0.0690834466258024,-0.135428396426093
0.0501451,-0.10588015947509,0.0873758974242381,-0.12634941033566,0.365864882026371
0.64559,0.336859449973526,0.181556413143642,-0.0935974961818964,-0.1470735740805
-1.34262,-0.832190504769873,-0.0154292946551708,-0.322637151966453,0.153614652845246
-1.10363,-0.830988367648752,-0.0574814960053685,-0.480708145963072,0.046572668112422
0.304201,0.110335151144554,0.171850914214455,-0.252483510354789,-0.0781265862248439
1.45275,0.869715824398018,0.438375893977175,-0.593128519324327,-0.305828148577377
-0.88539,-0.620949979627209,0.0767898792478476,-0.353458719391697,0.303305323907009
-0.221952,-0.2486603753442,0.194272552797958,0.16293030510052,0.10637904666898
-0.505624,-0.417862814338745,0.203119665059075,-0.0891819007551392,0.37691261537127
2.22406,1.3432412798272,0.677073571265214,-0.069699438022242,-0.186903013358779
0.0411117,-0.0980719506993083,0.179589018218999,-0.115559984076776,0.331186696738376
0.638579,0.331203718802579,0.244064977955247,-0.103556713169168,-0.125938330499653
-1.34564,-0.827386434884072,0.0586552700302207,-0.28518142320433,0.273551774982651
-1.09891,-0.852263902581861,-0.0153916700857549,-0.449380082895047,0.220451699687717
0.308687,0.125165827780017,0.296058377911924,-0.124675500337722,0.118269050832755
1.44359,0.910755952252767,0.537266974871603,0.472089359706222,-0.000109195454545463
-0.227766,-0.265871500364024,0.21376651892457,0.0874813575471339,0.549022795628036
2.92189,1.8356456877927,0.736295038398984,0.232024487427856,-0.452155971547536
-1.34724,-0.873600936738653,0.0272948829609349,-0.538860911708384,0.37327707147814
-1.10461,-0.889340266005206,-0.00258306104414256,-0.69473429556139,0.00260763431644678
-0.852169,-0.618819394233813,0.159560720361152,-0.635975698044904,-0.0704407347328245
-0.196452,-0.245829974839477,0.220227458419157,-0.679589975890615,-0.0797870303608605
-0.4901,-0.401831619465859,0.187330055565122,-0.353207609909737,0.369801008848022
2.19576,1.33369103539735,0.64880385477628,-0.0500696218222788,-0.103733205586398
0.0655621,-0.0721288923034666,0.230923900389115,0.223184181603235,0.692517996183206
0.650019,0.370983176568439,0.32644100005158,0.847537657091015,0.605614072900763
0.301352,0.0458841522946919,0.195211519414173,0.295957497262266,0.829941000520472
1.45656,0.900054425092242,0.402642145510106,0.842971815006841,0.575773338827203
-0.224241,-0.253541601992411,0.203043584292814,0.437679899279746,1.07338408344899
2.95395,1.85672753279828,0.741795949281187,0.630913921594828,0.142567809888966
0.0485016,-0.118473615166489,0.194745318049307,0.105937949510286,0.691066059680777
0.637362,0.306467344307097,0.31737575030697,-0.0923391262573428,0.106254314712005
-1.34249,-0.825039699482302,0.0343141291090731,-0.275427175760373,0.39342363462873
-1.10374,-0.845340042722739,-0.0371540742650693,-0.451689591528736,0.281069351145038
0.317218,0.114160718915531,0.25893023782071,-0.125020116962738,0.189349638445524
1.46992,0.91494233768146,0.488100960615952,0.473385377895159,0.0860739408743929
-0.237842,-0.273178486403027,0.210287104968905,0.074622974400766,0.767248116585704
2.92861,1.80274501304625,0.736529637308356,0.391827273346044,-0.111502042678695
-0.898449,-0.638742457726978,0.0985776474286814,-0.00814327033928711,0.710311320610687
-0.214853,-0.272427603603532,0.16184429276368,0.0452951851226648,0.320368081887578
-0.526262,-0.452779271292762,0.194449668598651,-0.386372249964696,0.47341169500347
2.19047,1.35287826766797,0.544126837572629,-0.527822087064028,-0.243885483067314
-0.898137,-0.613695841553119,0.0435270384003368,-0.299314019316358,0.502431520124913
-0.224724,-0.244697743857343,0.093010036979477,-0.0492837125008752,0.177818836224844
-0.544576,-0.432125229916545,0.14633712177873,-0.118151674107966,0.414373173837613
2.24099,1.33892703596829,0.668862739718409,-0.0911194345341193,-0.200406141221374
-0.0214492,-0.124090928803102,0.089087969892949,-0.131706575011429,0.347916292505205
0.642823,0.31571065361252,0.277599876938835,-0.143328587218817,-0.146684390700902
-1.35055,-0.815406526634053,-0.0297746084189739,-0.32089167143,0.258597576682859
-1.08415,-0.811187547135635,-0.074489531265857,-0.488259678706431,0.227779388619015
0.230083,0.0670429508064923,0.132828878278852,-0.139216586079467,0.283530386190146
1.45975,0.864226732904358,0.371232933800218,0.405632026192663,0.250256780638445
-0.275042,-0.264576596729735,0.0262153633741583,-0.10024601569825,1.0038670832755
2.95129,2.04391064008559,0.356926853095686,2.28785967641603,0.289083405968078
-0.269746,-0.285618356441794,0.112335444712398,-0.084913276915856,1.23956405968078
2.97651,1.95038389947816,0.569347559863715,2.17441380408625,0.20361218091603
-0.903013,-0.661496445665787,-0.000658473630131677,-0.0313336481416789,0.919995226925746
-0.277779,-0.317782891890986,0.108377598944766,-0.0113106804479077,0.448259163081194
-0.559289,-0.438926340525328,0.131648869893245,-0.0906211824500349,0.539809149895906
2.16833,1.29733128766543,0.408211757484463,-0.126652260311331,-0.18186705759889
-0.0430246,-0.136712801334004,0.0749993421401571,-0.163000425007472,0.3294051648161
0.597435,0.28596623779689,0.256982739392634,-0.190441226135799,-0.164862276544067
-1.35703,-0.856360200212933,-0.00639885622403874,-0.378278839381197,0.195913414642609
-1.16886,-0.836095841019814,-0.0404271934604714,-0.493422593560717,0.175286309160305
0.231611,0.0809781888502914,0.113849126893462,0.153083028267346,0.188869878209577
1.41232,0.805672531753189,0.229350190851512,0.915712751025558,0.126000493546148
0.232202,0.0703285488568814,0.114259261114156,0.208768221340825,0.593955140527412
1.38338,0.863774170583311,0.313156943236027,1.27424529040301,0.293780125954198
-0.269623,-0.269419613896531,0.0706647592084611,0.459354296716238,0.731609947952811
2.89951,1.72002678858917,0.454607645561429,0.152581579051933,-0.32902243684941
-1.35556,-0.861943133346376,-0.0376202370032309,-0.569228469069068,0.400228740458015
-1.14652,-0.854239931277731,-0.0560088909752188,-0.708693676200138,-0.0390152958986815
-0.882587,-0.629735484450771,0.0533912452654447,-0.700455057579994,-0.12584644666898
-0.29991,-0.32049833565243,0.0940297543061065,-0.749974141994256,-0.169965540770298
-0.542284,-0.400580938209345,0.116680075668083,-0.410199779822177,0.15936227185982
2.14323,1.26591309915532,0.411442238621823,-0.139846940468882,-0.400529613983345
-0.00829438,-0.105668239246337,0.124743155424133,-0.153269214732635,0.199375537820958
0.541597,0.198075329523951,0.147183095244289,-0.205456822869281,-0.170100628556558
-1.34451,-0.803532560299015,0.00457056156184265,-0.3685301636497,0.20697340648855
-1.1476,-0.807213010976106,-0.096896482606737,-0.494301922736469,0.181537212179042
0.2439,0.0798038184628932,0.131763653271478,-0.152784231276504,0.111024575884802
1.34459,0.664870472954339,0.232334941379666,0.362119520284895,0.0440127405343511
-0.253017,-0.235272531820455,0.112480804377113,0.0321951188151273,0.704004310201249
2.88637,1.67728707150436,0.402271807291285,0.288979713739292,-0.132618646738376
-0.895365,-0.59801041986162,0.00294681965922298,-0.0604421199771706,0.715617621269951
-0.333006,-0.3315331467396,0.0884711426732832,-0.0182176686191379,0.390854755898681
-0.531012,-0.402477568446748,0.0690252312432472,-0.0845068703472233,0.510179067140874
2.11546,1.21611355543908,0.330689829954793,-0.145360586563096,-0.133187382546842
-0.0119479,-0.10176205301636,0.0808969922039789,-0.121307380528801,0.412079358084663
0.539496,0.206711921904407,0.171662652049513,-0.0246521982997073,0.0113078503816794
-0.891946,-0.590616456141751,0.0438141167832069,-0.0580651327975721,0.284874865718251
-0.353296,-0.308802825906674,0.124452043275425,-0.0308056724404658,0.114435136363636
-0.509327,-0.375219999318343,0.11853334856562,-0.144707236593903,0.316799190145732
2.12506,1.16193586186058,0.421082075822626,-0.141423269371242,-0.281601262456627
0.0170983,-0.0894956131096395,0.0865812439603716,-0.14551813982828,0.237551108952117
0.522806,0.144231268185301,0.0793428885866517,-0.17778335855558,-0.168061517869535
-1.33239,-0.735287263826972,-0.00193826859623795,-0.378034519744869,0.197713357564192
-1.17474,-0.760999837125899,-0.0506911460806741,-0.489582487451944,0.165460522380291
0.243249,0.0749440069433093,0.0739380571383534,-0.147641932321051,0.0539321757460098
1.33374,0.577312729825694,0.223385475495467,0.315017934330472,-0.0140942372310895
-0.233466,-0.202282588114964,0.0468597253021132,0.0760117053040414,0.568204392435809
2.84324,1.3654874415425,0.230267561734019,0.133022123957378,-0.336023805412908
-1.47428,-0.78380353770644,0.0571145915870687,-0.304956295759535,0.595894454545455
-1.10515,-0.833223336221051,-0.0314767216337373,-0.564122676907877,0.358756066273421
0.448281,0.143346033785537,0.186579117364874,0.0635097217671545,0.0682646759195004
0.970023,0.500029830756512,0.0623590113827596,-0.0185471857341821,0.022225781054823
-0.0843762,-0.193280457990499,0.195108543965761,-0.0486206974154789,0.338883698473282
1.30698,0.996863078236778,-0.628319867963217,0.18545636440266,-0.177322387751561
-0.734261,-0.558136423949246,0.123751882501389,-0.166321995910679,0.221785652498265
-0.561729,-0.471213216454738,-0.0226331067750977,-0.192572337132159,0.0661513818528799
-0.385723,-0.371595370753905,0.158771543820399,-0.257363573162751,0.0831640209923664
0.699064,0.489391671912608,-0.372095957337433,-0.305118792134269,-0.137766768112422
0.0945385,-0.0435387283869315,0.169620358898609,-0.199728947946352,0.0382662557251909
-0.118722,-0.0923677718074984,-0.213918888082661,0.179919161508284,0.0292451882373351
-0.187051,-0.217603768654334,0.205804500839727,-0.0460739308002977,0.0917645744274809
1.04263,0.786516035031005,-0.478888780548124,-0.288974019470083,-0.262000328799445
-0.777186,-0.604825826158291,0.0572868820224226,-0.292762019612034,0.107655526370576
-0.588431,-0.470420609498303,-0.0364070077457556,-0.211826690940644,-0.0609234642609299
-0.427519,-0.40320395620435,0.149323230806603,-0.293408789956879,-0.0571298679736294
0.90631,0.674172854785162,-0.540441988813462,-0.26998480327185,-0.338553988376128
0.0269659,-0.0893918053035612,0.161599813508515,-0.388963459829535,-0.162345929562804
0.081704,0.00105493598290833,-0.190249011760284,-0.359679493596832,-0.429014684767523
-1.48314,-1.02150722583156,-0.000165425390965409,-0.651991831484577,-0.207482280534351
-1.233,-0.898686156241008,-0.0293146202908458,-0.795930790989963,-0.285224533136711
0.173829,0.0473465361365116,0.143553258121549,-0.574717601834923,-0.479593196911867
0.468266,0.329450011279647,-0.233241068864465,-0.703747073195873,-0.491377614920194
-0.833928,-0.670054755469708,0.107216784512606,-0.551598404180373,-0.169808793025677
-0.555844,-0.448174487302696,-0.019431138580856,-0.229320412586097,-0.264040719118668
-0.506838,-0.446633899277855,0.116346631827659,-0.368987735491525,-0.168995266308119
0.77438,0.601812757836441,-0.329459835240261,-0.361942568901107,-0.413713229528106
-0.0343511,-0.141875766073008,0.150979265903304,-0.464922171144764,-0.268304089868147
-0.102982,-0.108325224632811,-0.113834452266935,-0.474740634304147,-0.469054093164469
-1.47987,-0.984246822202499,0.00964865004806863,-0.730572941350213,-0.231436822172103
-1.28426,-0.901518300912155,-0.0706908183446239,-0.843094972338955,-0.268527737855656
0.119321,0.0156151140216496,0.197088784889197,-0.482368936886168,-0.461039472068008
0.305002,0.228475832326126,-0.229459878531416,-0.182457522763014,-0.399764938619014
-0.316266,-0.329285435669611,0.177779996407045,-0.397363523981256,-0.222833987508674
1.00547,0.831549698142515,-0.420043353115171,-0.291607761507922,-0.719532436155447
-1.47714,-1.03730498031594,-0.00188278052259231,-0.82099137590486,-0.274085664122137
-1.29459,-0.968002793863156,-0.0111251902899244,-0.93049977047264,-0.47024038962526
-0.835849,-0.692245521568383,0.12076610943374,-0.841844715271367,-0.558597186155448
-0.62797,-0.507755746837585,-0.0697525656584403,-0.866522687541642,-0.460862414850798
-0.524431,-0.477440412910492,0.147680706610829,-0.597502734977454,-0.246111164469119
0.669271,0.540438108361124,-0.296465232478172,-0.388577635107623,-0.379001744968772
-0.0396569,-0.100783992551824,0.235833865773946,-0.0908061299431748,-0.0320901778278973
-0.137781,-0.0964197377445148,-0.0728201006168336,0.106490771315319,0.0572787959750173
0.0768269,-0.0182736600780089,0.223778919173695,-0.0470862395505753,0.0645238801179736
0.285085,0.205463589890824,-0.165006012508047,0.101477992053218,0.0169334417071478
-0.319259,-0.279799517062376,0.185802474332977,0.0198030868018154,0.164887145038168
1.00169,0.757959371961661,-0.565328820813805,0.0126322112117845,-0.249102838723109
-0.110561,-0.17489253657673,0.208154392523658,-0.291865631596202,-0.114412311068702
-0.13445,-0.113800066093226,-0.189367321565099,-0.472827514836118,-0.384463805725191
-1.47613,-1.0153016431134,-0.0209064136858951,-0.743668220884242,-0.214813424011103
-1.29268,-0.926931597904769,-0.085394119940623,-0.850637242253404,-0.269444141915336
0.0666992,-0.000427381205959979,0.248384031583475,-0.507874095009175,-0.438856944136017
0.246947,0.22781608907135,-0.147619794765145,-0.219532802612382,-0.348444475017349
-0.351147,-0.337165659925703,0.197631457522164,-0.377189911983261,-0.0846148931297709
0.935577,0.754827536412158,-0.304573120540817,-0.189709415187171,-0.457867276544067
-0.859468,-0.648339466941092,0.116113251848182,-0.405986245310533,-0.0928944587092297
-0.696423,-0.513751240835715,-0.0262053293409156,-0.374357688732243,-0.234513592574601
-0.566551,-0.487260494303574,0.118926513024497,-0.661150738774955,-0.237198708535739
0.599398,0.563251968705992,-0.134221953258309,-0.719412692717129,-0.528672041498959
-0.848881,-0.621899606499764,0.0587162444244511,-0.529171122094486,-0.179740561415684
-0.656572,-0.485104071064837,-0.0440053644781576,-0.399007471589047,-0.290594596807772
-0.497764,-0.404845556340921,0.12190472999642,-0.382862949504988,-0.247557549618321
0.610975,0.507159934392956,-0.611131696423775,-0.40430933709128,-0.457694168979875
-0.0812236,-0.121328940031893,0.0500428830119529,-0.503747827821786,-0.320949403539209
-0.157074,-0.0987885773129916,-0.217290163951721,-0.497605572659543,-0.508408552047189
-1.47089,-0.938854316622111,-0.0902337748306488,-0.688154573254465,-0.275396038861901
-1.28681,-0.927154026477445,-0.13242343134958,-0.804934867914762,-0.269383356349757
0.105551,0.0189148839887555,0.0907780149016396,-0.502863421832123,-0.378620248438584
0.230126,0.223916565801602,-0.479744272027606,-0.214723125050282,-0.225291148716169
-0.335146,-0.281239624545833,0.0550886348142042,-0.241840694886605,0.065929238723109
0.938158,0.76228600327504,-0.603423873402494,0.602396026075105,-0.196780504163775
-0.315449,-0.295986740509003,0.0989789034454312,-0.288451306705133,0.175935404580153
0.92377,0.790350529742445,-0.611917565985608,0.524762598274108,-0.246410834906315
-0.864769,-0.630321028854725,0.0137664258453043,-0.347595301801266,0.0513313907009022
-0.638725,-0.482825015326321,-0.124399329073494,-0.355808637980327,-0.154620054129077
-0.534533,-0.417630000077468,0.0205731054381467,-0.398273260094677,-0.172383879944483
0.585036,0.508406323399773,-0.576184305492453,-0.42351504126735,-0.449680688098543
-0.0953812,-0.131513304390429,0.0513064297972207,-0.521884861710855,-0.328701090041638
-0.181611,-0.0932030120682613,-0.259381707743684,-0.537888694268245,-0.509997870610687
-1.47412,-0.917419120778985,-0.0797906098269107,-0.680811792847019,-0.292050150763359
-1.29115,-0.863051674345222,-0.199673089200454,-0.764033330440468,-0.28673828573907
0.0832139,0.0207416141285802,0.00748212677336466,-0.223843002431377,-0.391479421235253
0.230792,0.218608984123301,-0.267025273610914,0.0204173623757592,-0.26378583612075
0.0318664,-0.0312846747420905,0.0450489669542727,-0.0993923649637032,-0.140895979701596
0.239324,0.173254260820296,-0.441235783075769,0.236876767778537,-0.21365108240805
-0.360579,-0.326361982785391,0.113476922319268,-0.187940855767542,-0.104242964781402
0.944524,0.852773880898565,-0.286770920899674,-0.331819609404638,-0.631237568736988
-1.48372,-0.959859033767118,-0.0676102344558811,-0.817807355116069,-0.262687346634282
-1.28226,-0.960179897856068,-0.112475797928624,-0.93681673276643,-0.499676069118668
-0.853242,-0.637979537727463,0.102482038568944,-0.847485240746423,-0.579283467383761
-0.626801,-0.485943303154229,-0.0434349005923647,-0.877450448172746,-0.535136365024289
-0.542079,-0.446204138854552,0.118906829238714,-0.605690583997785,-0.39924424739764
0.574936,0.539163904715075,-0.314990103124731,-0.422235757261201,-0.588177798716169
-0.0990066,-0.128955688143204,0.216325989537957,-0.536476453046335,-0.396685733344899
-0.196011,-0.125695011001929,-0.194153716376196,-0.524986038080009,-0.524504422102706
-1.48975,-0.879768137390935,-0.0607726856241596,-0.689907772011447,-0.29224907130465
-1.27889,-0.883257455034799,-0.110491676840801,-0.812022312170733,-0.303949720506593
0.0890661,-0.00231718971015891,0.124942596935817,-0.532249262420483,-0.457424127689105
0.218108,0.247446903118974,-0.414726923380264,-0.229464568247843,-0.340273025711312
-0.35126,-0.275368516111614,0.0158901907462653,-0.341204426127723,-0.0800317919847328
0.940935,0.772148759367,-0.797350283133674,-0.194558459886283,-0.425530556384455
-0.842793,-0.598663322192623,-0.0996832253773262,-0.379481848459822,-0.0276719339000694
-0.641526,-0.451908328042292,-0.183660660289744,-0.345946565348634,-0.152696673455933
-0.545103,-0.396559995436065,0.126513412880543,-0.389046404479208,-0.135598378903539
0.620614,0.546641208303922,-0.451689600735123,-0.42194708257146,-0.389656514573213
-0.113196,-0.149449084098264,0.156928657586798,-0.467839582349959,-0.20245022519084
-0.155677,-0.101650170934767,-0.104566299482572,-0.366457442211906,-0.32513216204025
-0.856267,-0.582582168612337,0.0367020319278662,-0.337690591256392,-0.213045088133241
-0.624226,-0.423449810047631,-0.155116724287102,-0.331080783776702,-0.29913990388619
-0.55083,-0.37681226142441,0.0253590541027493,-0.393129904613196,-0.246926386537127
0.594866,0.558287704547658,-0.234475264182795,-0.406576626056501,-0.490737297744622
-0.106318,-0.158809490304371,0.0515698533406611,-0.513875167292583,-0.344441644170715
-0.137338,-0.0925563102140964,-0.237751015172339,-0.487777246062678,-0.51540875832755
-1.47012,-0.901446340289078,-0.00804170881637277,-0.696313447701611,-0.271020435287994
-1.27057,-0.890060535621594,-0.112725395960062,-0.809441284896826,-0.299083982477446
0.0882519,0.00912517961768167,0.249295104142574,-0.492124351860835,-0.477915138445524
0.269647,0.270224672533843,-0.1521905624934,-0.196523087401722,-0.385734766030534
-0.314067,-0.302781656717212,0.233942313786039,-0.394374152691222,-0.173775647293546
0.968449,0.839540614321283,-0.409769141856779,-0.311369122408977,-0.605861682685635
-1.47842,-0.911415540870071,-0.023289382882248,-0.692944276046701,-0.0791664113462872
-1.28332,-0.929370197227795,-0.0818667116936645,-0.805429663065449,-0.160376539243581
0.0810408,0.00322427637612973,0.243071100254557,-0.429066881810632,-0.376331481609993
0.246382,0.248348883295371,-0.171379948979156,-0.22020339478756,-0.288504083622484
-0.326017,-0.305485209681766,0.189286648722736,-0.367978748288622,-0.042560494795281
0.925056,0.772823741985329,-0.311225421299055,-0.174772673776923,-0.41020928962526
-0.84962,-0.60765414288038,0.107116251870575,-0.356218481294286,-0.0114725258501042
-0.624932,-0.473080193255359,-0.0392546428945644,-0.326808701115799,-0.118375152914643
-0.507852,-0.411394379841092,0.154663661523158,-0.398180629218697,-0.0417854790076336
0.647755,0.574892119340376,-0.133584084724266,-0.380904209447256,-0.246523382199861
-0.0482467,-0.0917037429263571,0.227535918130632,-0.298856325384715,-0.0254899257460097
-0.118513,-0.0679542789580301,-0.0634807694958861,0.0880083306102885,-0.0521932270992367
-0.273563,-0.254008323559381,0.214782357918256,-0.144106450325192,0.0394912933726579
1.00647,0.83915810485311,-0.269346542793818,-0.338696943324868,-0.323952912074948
-0.811843,-0.610516614394279,0.114353512140965,-0.34847921780583,0.0438902369882026
-0.588712,-0.437127423484707,-0.035968628065597,-0.290956675841577,-0.144833233934768
-0.494218,-0.397335908717544,0.11425149678672,-0.367807105536923,-0.146475822519084
0.666527,0.596194628870074,-0.236501228942162,-0.364635640080337,-0.404037867279667
-0.0528601,-0.108271618930651,0.244506312915387,-0.487381095682646,-0.274852466689799
-0.108779,-0.0566257056882716,-0.0798722757621448,-0.459935915536797,-0.496085246183206
-1.48713,-0.933664571405827,-0.0130931709098873,-0.631069068262395,-0.30111580204719
-1.2494,-0.911688067312632,-0.0735742975506154,-0.76803915514923,-0.357198395038168
0.139122,0.0415167605850198,0.271760618015259,-0.647328485432185,-0.544477634108258
0.310576,0.331164781564181,-0.151581752339997,-0.716832983154132,-0.514900384524636
-0.807929,-0.619666587833069,0.114296616843087,-0.534262138939746,-0.228855686502429
-0.588577,-0.425893814662999,-0.0551851868578546,-0.230655041088739,-0.292834116065233
-0.486774,-0.376589188005749,0.158490349430176,-0.375993884439742,-0.210692863462873
0.6666,0.597692763792884,-0.252831461459907,-0.360315638964881,-0.420360558466343
-0.0443571,-0.109833143455572,0.198061303748863,-0.483000686245502,-0.29211822519084
-0.108026,-0.0638582173407665,-0.105759788296363,-0.452677584888404,-0.477513701769605
-1.46681,-0.933498778788828,-0.0124991855869295,-0.651565815351454,-0.237014535912561
-1.25319,-0.918494514805238,-0.0781322990987954,-0.778937624782521,-0.274297549097849
0.117336,0.0522656331902238,0.236423410089748,-0.472222883872161,-0.459249772206801
0.297179,0.295607940452072,-0.193921380916271,-0.169998587747712,-0.396509059715475
-0.294312,-0.279970972101874,0.195842202915043,-0.377468821404291,-0.230255973976405
0.945532,0.861538235696812,-0.463454506173709,-0.278579208345702,-0.705567894517696
-1.48204,-0.998559905568675,0.00218205357263532,-0.772546626234,-0.269676001040944
-1.25926,-0.967992804044154,-0.0886229938160267,-0.908091142331558,-0.466997453782096
-0.803575,-0.624066814259788,0.0960567586403105,-0.799161420116789,-0.548419108952117
-0.592281,-0.448863601389221,-0.0144682374915708,-0.837121659119114,-0.453274986363636
-0.494967,-0.401394871166442,0.180986052210752,-0.564897045676191,-0.247560242366412
0.610715,0.567964774395393,-0.0605927040287971,-0.367445284230046,-0.365665282269257
-0.0534388,-0.0665014092418884,0.230253854183973,-0.10926421508754,-0.0350837437543373
-0.113998,-0.0682746174581622,-0.132697382493516,0.0876890436749642,0.044576767314365
0.0681423,0.00248488036544218,0.251680325238468,-0.0579187562770787,0.0575803870575989
0.242734,0.226841659109925,-0.163495728406836,0.105501664655228,0.0168936894517696
-0.290006,-0.232249341365974,0.204417891231783,0.0254390882156084,0.147301367800139
0.947918,0.738321185153833,-0.359445319263205,0.00926352151113957,-0.239034525607217
-0.0872261,-0.126713884150068,0.246350106311554,-0.284462312080848,-0.117138448126301
-0.12152,-0.0692109441665154,-0.101088911768256,-0.448654985905855,-0.3758837537127
-1.47737,-0.924754943319141,0.0570256112893354,-0.645400944039443,-0.194800127515614
-1.26291,-0.905203847478433,-0.106816353389501,-0.772703849579938,-0.247604764226232
0.107465,0.0356261431499202,0.262075912143821,-0.477319842573319,-0.410230682338654
0.293095,0.316704091074873,-0.210358953873262,-0.165231072094119,-0.313236640215128
-0.297372,-0.284231373611627,0.184709719337702,-0.343360755856745,-0.0496644052741151
0.946566,0.797528655060088,-0.398136666327037,-0.133373914639826,-0.410467522900763
-0.833052,-0.583946044048854,0.0798723518709384,-0.340242983003162,-0.0430317539902844
-0.602486,-0.451411746540654,0.014596367081857,-0.315999733282403,-0.196486073907009
-0.503408,-0.413849853839123,0.151917537744399,-0.633640433683756,-0.192323153365718
0.631314,0.623990201228402,-0.368219690915766,-0.662186277657417,-0.482352780048577
-0.819891,-0.56769696254844,0.0950580030468453,-0.476391801993405,-0.13918085444136
-0.59622,-0.431158773134663,-0.140677097450259,-0.351313528688981,-0.264569626821652
-0.48258,-0.352538367614454,0.105489859067651,-0.340693742011625,-0.218726493233865
0.620812,0.58183335109835,-0.295370285484352,-0.3882330734942,-0.437400920714781
-0.0624171,-0.0985710080593022,0.266963252009263,-0.497313452070552,-0.310280965301874
-0.16314,-0.0763545538164834,-0.0934966606429593,-0.496377837170368,-0.495968857911173
-1.47957,-0.905125774873965,-0.0276237641540224,-0.619130003920876,-0.264394979354615
-1.28037,-0.856288620498386,-0.129990726701478,-0.714619681809812,-0.260254236814712
0.130507,0.0576282932004875,0.0793217881557972,-0.518482052317602,-0.371646211832061
0.243144,0.321328167703066,-0.099282411461284,-0.169321912624413,-0.213147948681471
-0.308805,-0.264520504818604,0.218508378374714,-0.252959021773794,0.0729688910478835
0.931042,0.774966151073095,-0.323546413903291,0.711589479802413,-0.182528743233865
-0.293533,-0.273069544845748,0.238712816306089,-0.274388504763027,0.180535811589174
0.898914,0.807965693120798,-0.291879121329233,0.696065185012523,-0.229397556280361
-0.829428,-0.580991744456989,0.0907256380160205,-0.339521733252103,0.0545914698126301
-0.638006,-0.467429274421348,-0.0463181975625499,-0.321209443384928,-0.140553011797363
-0.515743,-0.396195393576924,0.177227790535178,-0.439476165738376,-0.162089284524636
0.592344,0.555819853753803,-0.482067903398281,-0.398545147810852,-0.434032612074948
-0.0864232,-0.109137582234394,0.0747987423693209,-0.507976257356836,-0.310751060027758
-0.140211,-0.0752574461410951,-0.0482953412966512,-0.526913210707946,-0.497506981748786
-1.47929,-0.873958071213881,-0.0452625906629337,-0.60042361676408,-0.266562056904927
-1.25864,-0.892745722758263,-0.0788982398062808,-0.727050497212334,-0.26832446426093
0.112395,0.0494551056913569,0.25172086290264,-0.165315552339728,-0.371294099930604
0.255586,0.282451723960794,-0.169692181178152,0.0560494234520023,-0.243629297085357
0.0516086,-0.012589194574056,0.236809916541778,-0.0600435023538123,-0.122131969465649
0.245222,0.206158618486851,-0.132980344640463,0.245719985934765,-0.193476554129077
-0.317658,-0.276408672532367,0.226571902400724,-0.138231879695187,-0.095896076682859
0.927942,0.835352678178479,-0.582136212985319,-0.354033410238453,-0.610813589174185
-1.47704,-0.949366956104455,-0.0476183328947491,-0.807940608834239,-0.249908780707842
-1.27342,-0.935911920512317,-0.0704804713167834,-0.929987939249581,-0.484091186328938
-0.820319,-0.630461242152538,0.131157736299137,-0.825907785309314,-0.566826976752256
-0.599148,-0.458728209086728,-0.033725634567311,-0.858516163595996,-0.520672056904927
-0.529229,-0.408602521047349,0.161339777967663,-0.58528972396698,-0.383800136363636
0.565897,0.539113569661067,-0.140797274881967,-0.40036659791294,-0.567305159611381
-0.0707526,-0.105788534908945,0.2069586535202,-0.520218755141291,-0.383522359472588
-0.178158,-0.102131180640564,-0.0947594201693646,-0.502309025698933,-0.505768716169327
-1.46945,-0.879023381526879,-0.0234593704078072,-0.684819311485099,-0.273673252255378
-1.25877,-0.900319882431906,-0.120107802428149,-0.807986384762688,-0.28495873629424
0.101095,0.0304514664415756,0.206291767314953,-0.500230983592338,-0.434563960097155
0.24852,0.281013247952677,-0.129412720181367,-0.18830345858069,-0.319890469673837
-0.309391,-0.272356795320729,0.201999702205943,-0.359606277149126,-0.0638825072866065
0.94415,0.782284998439864,-0.453727165612947,-0.159821641359741,-0.402191414538515
-0.837919,-0.57375110273159,0.105853306496596,-0.357142555592833,-0.00653996061762663
-0.610579,-0.430781611361217,-0.0192982311415455,-0.323355624137152,-0.137461290249827
-0.523313,-0.383001367261457,0.203766516857286,-0.398260977551941,-0.118729303435115
0.627632,0.576434133698577,-0.169176232641503,-0.396171445490022,-0.370947834663428
-0.0869957,-0.10795420334247,0.242703285291917,-0.451192469078252,-0.190703800832755
-0.149917,-0.0929376844072048,-0.121750010769044,-0.335558560144818,-0.309582178868841
-0.828701,-0.568356726535765,0.10464029128847,-0.365699501583407,-0.206584691360166
-0.63189,-0.434001666597512,-0.0784689819986051,-0.330395510948008,-0.287915904059681
-0.549971,-0.394089005051187,0.138992458628131,-0.436033463919931,-0.24066570870923
0.608266,0.560426526336523,-0.290405930946079,-0.405922304381388,-0.489852837751562
-0.106618,-0.147356818431122,0.185592408225415,-0.535234390025206,-0.343121623004858
-0.141539,-0.0750126922027579,-0.167864856215931,-0.500708345952372,-0.51593778573907
-1.47723,-0.880507157829662,-0.0528670726241572,-0.661048302360028,-0.272870248612075
-1.26147,-0.898365337074865,-0.098309613218993,-0.782084854333762,-0.305814751387925
0.0625493,0.0129914815018556,0.276833790119539,-0.497624018393411,-0.474275606870229
0.261719,0.2840038770956,-0.0683261368051797,-0.190460709622185,-0.374990700034698
-0.31245,-0.28601919095319,0.208862530060304,-0.418500072521356,-0.146524745489244
0.973551,0.888830623507863,-0.278932548634639,-0.301663595444131,-0.551289420714782
-1.44392,-0.8485151198709,0.0357032710023117,-0.590038422044276,0.0088587250173491
-1.21034,-0.89407909361265,-0.0674057901601215,-0.71090781778192,-0.0291523524288689
0.392998,0.141979942106219,0.192472180441395,-0.250817457277563,-0.258490214087439
0.465175,0.352400133136318,-0.202898874637187,0.0108308161500803,-0.122076158917418
-0.132033,-0.195227450905218,0.220314928210604,-0.117959637779525,0.130019205065927
1.12749,0.84730912155288,-0.456223474325265,0.0402550289907163,-0.251346209229702
-0.732273,-0.579863539898283,0.127267524450914,-0.207004110308235,0.151617220774115
-0.508076,-0.445596700676486,-0.0382928943787532,-0.191096103472167,0.0288429079753643
-0.391915,-0.361862627617055,0.172474259916056,-0.250490087051307,0.0993030440579459
0.767303,0.615489044162332,-0.254193883707218,-0.256614872899376,-0.108324511233518
0.10399,-0.00811920380740518,0.192690639922953,-0.174592743972141,0.107690794023248
-0.000689009,-0.0379902418094043,-0.159767616715088,0.213202419807851,0.0932048566967384
-0.160906,-0.204663845625216,0.171122963695491,-0.00518619902450493,0.201270463697085
1.33479,1.05107676703006,-0.538076814957287,-0.222505565170788,-0.214724351483345
-0.76789,-0.622321816619195,0.118603354094223,-0.240863591633911,0.220592398534004
-0.447856,-0.400223157807036,-0.0618074748988108,-0.210883443341408,-0.00593864511276893
-0.42932,-0.404483164555943,0.170729639850385,-0.25947817598088,0.0150597867005552
0.930323,0.740440487893581,-0.340700142688245,-0.232518135860019,-0.2903208351839
0.0695204,-0.0720225696357153,0.149240531187543,-0.361380061565104,-0.124377581193616
0.0988296,0.0392057610678041,-0.193146806517312,-0.340756089323651,-0.392644825468425
-1.47391,-0.965507201551118,-0.00134262333552346,-0.556884302206567,-0.163581956280361
-1.21061,-0.907056156420992,-0.100274175718129,-0.701578515981012,-0.235067108605135
0.243569,0.06412029713739,0.201202396820984,-0.520545250510895,-0.420726020818876
0.590801,0.476026062785137,-0.203788053872925,-0.621972929919111,-0.432160202532963
-0.790812,-0.638747537233561,0.0956597426985813,-0.474768827560744,-0.0789471658570437
-0.435157,-0.378205707836564,-0.0802808366734094,-0.161034408716491,-0.187783338306732
-0.455477,-0.405809042483463,0.140006070259985,-0.313346289149014,-0.0669092938931297
0.944946,0.768867310997601,-0.281825762574176,-0.268723537040354,-0.340647500693963
0.0157409,-0.0997161518730858,0.216693148419741,-0.391110077297956,-0.163890865197779
0.0405469,0.0147587096068787,-0.145489920103561,-0.377696738167939,-0.398558816967384
-1.47118,-0.957257216100466,-0.00142267512139849,-0.577275768781693,-0.127931515267176
-1.22303,-0.892354849963038,-0.0995031365518294,-0.718454979233378,-0.178643116585704
0.193059,0.0523504826946041,0.20105997095902,-0.392448485983682,-0.360081380985427
0.495848,0.411357416487833,-0.310020930220362,-0.047612179713815,-0.320735835392089
-0.244556,-0.286244604561663,0.202769246966201,-0.344413851924587,-0.106616407043719
1.20527,1.03061634717568,-0.441368403225339,-0.168590762250705,-0.647327439278279
-1.47005,-1.01406492780909,-0.0524807088557713,-0.739626126903399,-0.160580326509368
-1.23929,-0.958162869482743,-0.077130825776636,-0.862808747580425,-0.376687400277585
-0.780037,-0.650059617356162,0.107063837833997,-0.776199849060417,-0.453898104129077
-0.456094,-0.385481972621993,-0.0262170031085499,-0.776570398679156,-0.377933988029146
-0.46001,-0.420087918650857,0.137131610358517,-0.522729492366081,-0.122643368667592
0.850019,0.719039562043572,-0.178890515190031,-0.266939666864521,-0.285336257633588
0.0117014,-0.0711964152682143,0.217498777833153,-0.00921002918219742,0.10488805777238
0.0504299,0.0183331982400623,-0.152730942940461,0.21793518575964,0.160279750034698
0.126151,0.00399266459180286,0.214734681670074,0.0236892479482797,0.210432489035392
0.490834,0.354448234122385,-0.248598094109515,0.243982058997354,0.119347589868147
-0.281262,-0.255273458298625,0.152192729664977,0.119054281218129,0.314616262317835
1.2413,0.963595822045785,-0.34378615967051,0.145753704050158,-0.156568263566967
-0.0380864,-0.152618688970977,0.200251025580698,-0.231485109250654,0.0192377704371964
0.0358219,0.0211230674171876,-0.119817750874567,-0.369333076432286,-0.29488596426093
-1.48007,-1.0079735728719,-0.0150044856270231,-0.599037119417318,-0.0859324630464955
-1.22114,-0.901027138864562,-0.0655520852545616,-0.745314716363175,-0.160725597675226
0.155517,0.0186975542856178,0.201135276433869,-0.419369073293541,-0.310947369708536
0.493215,0.432726906509002,-0.260263292956763,-0.0728267137138135,-0.247888924323386
-0.28822,-0.292601140235097,0.198765868230683,-0.294904207040016,0.0787607862248439
1.18502,0.978437705394069,-0.444794645125531,-0.0241256228657058,-0.343587592297016
-0.803783,-0.625332977945807,0.0911552665177415,-0.298528661977499,0.077009779666898
-0.489763,-0.39780230905842,-0.0374344470919849,-0.280176210711754,-0.1076876648161
-0.490093,-0.446124899808342,0.147410752047809,-0.589441030492378,-0.0717411877168633
0.854507,0.768073263447045,-0.28713361214056,-0.598056088557103,-0.417418239146426
-0.794461,-0.611992101993425,0.104481163466128,-0.426595848883102,-0.0203314788688411
-0.478935,-0.392338416152726,-0.0547103121243246,-0.331827292227214,-0.178656294760583
-0.462067,-0.392414577488239,0.149263438852343,-0.329961268797751,-0.101349401630812
0.828242,0.698134101543965,-0.269529422896383,-0.289125142691499,-0.366814788167939
-0.00641562,-0.103286836848543,0.215032817119388,-0.424400735777899,-0.198658711311589
0.0119086,0.00868795212056736,-0.143541442733161,-0.391926922170214,-0.432183817661346
-1.47231,-0.975079864336167,0.0103635405890121,-0.614255168827965,-0.166939384975711
-1.23982,-0.905507680546269,-0.0958285492000955,-0.748206441756015,-0.181552721894518
0.154501,0.0348712193154774,0.198091053755666,-0.428778945316528,-0.275905855898681
0.390892,0.37132360573003,-0.293925782546148,-0.124034750702107,-0.138603331790423
-0.266284,-0.273522486287784,0.187692310918626,-0.188384032271037,0.19416360777238
1.15567,0.942273624809417,-0.599930483521263,0.743780733014506,-0.100870292158224
-0.243183,-0.266595150907153,0.157534031900462,-0.231218799391987,0.317649511450382
1.1271,0.995353103354128,-0.404967331299079,0.661300456412346,-0.144229653296322
-0.806108,-0.633620589232564,0.0992272501208016,-0.274933454927857,0.186332326092991
-0.515829,-0.422573832661626,-0.0700393314629216,-0.267534908790763,-0.0472248528799445
-0.477247,-0.405339666289678,0.130241733728165,-0.34386940001894,-0.0473377064538514
0.777637,0.673320745704593,-0.243200540118308,-0.312847607295497,-0.363935478487162
-0.0342578,-0.110284613051866,0.200818795545261,-0.448106271916137,-0.209035863983345
-0.0118092,-0.00427559903541247,-0.168466334428562,-0.409426464423866,-0.432095690458015
-1.46555,-0.960023146687983,-0.020261060313852,-0.602655741482731,-0.178447094205413
-1.21964,-0.905794174863641,-0.0916687960359445,-0.735479466797943,-0.191525923490632
0.148229,0.0441107128648587,0.24380186228145,-0.142610015593233,-0.278149229181124
0.43783,0.388883441905515,-0.179271086374547,0.0483248183697923,-0.179095068112422
0.0948751,-0.00142240720374477,0.24236942918591,-0.0334303783045377,-0.0132793425399028
0.401905,0.311066968954579,-0.178998545370393,0.390841264495498,-0.115838029319917
-0.279382,-0.277527680007817,0.192145990089108,-0.083968772871243,0.0166852760235948
1.14308,1.01233375561183,-0.454840271264401,-0.248426511351602,-0.552368778105482
-1.4664,-1.01497317283236,-0.00707801231073444,-0.754584338184058,-0.149539837439278
-1.23367,-0.959472806195298,-0.0848002376567055,-0.876842086247009,-0.40657447092297
-0.800923,-0.635365401714916,0.0971071887855764,-0.796622291590869,-0.477796330464955
-0.459732,-0.36644794180493,-0.0253461042467795,-0.797690130281113,-0.456367583622485
-0.482595,-0.410357194730507,0.0852281947210869,-0.548684562598988,-0.286398214781402
0.748745,0.66825465835304,-0.331881315587183,-0.31247982401044,-0.507869406315059
-0.0309143,-0.0921932805067255,0.123590233458298,-0.447484056644508,-0.28971788462873
-0.0504269,-0.0161566053045002,-0.22878576567697,-0.423896270787762,-0.448776183032616
-1.47146,-0.919648744176817,-0.0258016412923153,-0.625669243415794,-0.192126981956974
-1.24877,-0.881646075011756,-0.140866505682127,-0.751266250635762,-0.21141957702984
0.169966,0.0498542114702299,0.107634317673967,-0.445303196231295,-0.363502630117974
0.381164,0.378253515080924,-0.31118400725959,-0.0781566650743802,-0.256576857321305
-0.259959,-0.275625706636252,0.172778265372002,-0.326326486849499,0.0317222533310202
1.10367,0.921527950485796,-0.33263774280319,-0.0556871337164578,-0.335145063046495
-0.807941,-0.602446144006362,0.0755777283796037,-0.298295466866235,0.0973374621096461
-0.499522,-0.407904565902385,-0.117972577969803,-0.277606415989494,-0.0560157404580152
-0.483753,-0.398510023729122,0.129533357391071,-0.343096077095385,-0.0130421863289382
0.790703,0.688812113348495,-0.276012225132139,-0.305231387042904,-0.295125179736294
-0.0300857,-0.107936842852103,0.173472001227352,-0.386357475681723,-0.0820511982997918
0.0052163,-0.0056572102837372,-0.1899802662052,-0.246876014107507,-0.231918463532269
-0.804778,-0.573397139786042,0.0661391821258154,-0.282044758367263,-0.0939853488410826
-0.5179,-0.381026303015032,-0.0766280592756576,-0.256888304166032,-0.200249112977099
-0.483919,-0.384716023856028,0.11792404806634,-0.376453696778677,-0.13441720333102
0.780269,0.676664313775661,-0.359431711940272,-0.308044607975125,-0.410772317904233
-0.0448364,-0.114785885797205,0.166564274505013,-0.452934470882634,-0.235069488792505
0.00821544,0.0227389043527923,-0.0990845771038717,-0.401202395725407,-0.441414953157529
-1.45743,-0.932868544105471,-0.0279002317257901,-0.601893841930149,-0.168488780360861
-1.22247,-0.89555886237561,-0.107001110417518,-0.73402434948155,-0.204721304302568
0.166926,0.0411696129576532,0.226217200681002,-0.413145267259429,-0.378941570437196
0.432143,0.4117510250083,-0.281489238299826,-0.0780845211254823,-0.256644113115892
-0.238622,-0.25948822534927,0.148992691794574,-0.324936523279283,0.014859827425399
1.16347,0.986745637683205,-0.418930611322535,-0.204529909573597,-0.374869575294934
-1.3334,-0.621309091098985,0.269337027996634,-0.182871326218274,0.247025313671062
-1.27043,-0.856782137941835,-0.080309164361524,-0.252747480365287,0.350100783136711
1.59573,1.10256448110452,0.525762217273541,0.233333142958765,-0.149410783830673
0.303237,0.282797024747115,-0.019468127741233,0.204020324019954,0.368964980916031
0.766024,0.54659987866867,0.441940555718523,0.445805618295213,0.291342845246357
0.956454,0.710099058390368,-0.270818218821007,0.315587524764937,0.166922557251908
-0.304049,-0.0596780337289129,0.376029412710132,0.248767273372783,0.364334023594726
-0.642792,-0.454604007274036,0.0148969673603225,0.33540594817451,0.42300663462873
0.277342,0.25983008901644,0.459412825347578,0.285439053150008,0.278990314712005
0.57734,0.477553556690046,-0.0211155720609652,0.00411992779049428,0.366803654059681
1.23211,0.766008206541911,0.39974975987514,0.414831684933501,0.240371447258848
-0.176219,-0.119115602044541,-0.0183326544495057,0.729583788473992,0.591800754337266
0.798056,0.523086650756757,0.402804476764479,0.660184594037936,0.337283655447606
1.05764,0.796834516846249,-0.306073576652581,0.168936829435949,0.225807889312977
-0.299413,-0.0278649784528625,0.392236172858058,0.170725578044994,0.408823748403886
-0.624328,-0.465593078141281,-0.0344950635486482,0.376124758588532,0.374145141047883
0.299428,0.284484190445485,0.431990236435019,0.323898987296595,0.151445788861901
0.693537,0.541957591740527,-0.154518467550671,0.0715585624500975,0.179240034177654
1.24324,0.806516321926213,0.429597965227781,-0.0580635695204701,-0.0339641132893824
-0.0182691,-0.0227369641341133,-0.00930179251452226,-0.179689119467221,0.0262569680777238
-1.37347,-0.562818781922679,0.255159066615938,-0.0776315135351728,0.158331558813324
-1.26701,-0.863207546423458,-0.0809486884192,-0.177248457043457,0.220286444309507
1.64688,1.13136094396588,0.292217086476997,-0.392682576222485,-0.312187267696044
0.503863,0.402638624418902,-0.124520047119594,-0.42683973162216,0.0799558610340042
-0.312165,-0.0576219885411804,0.364739156330585,0.0134070509427401,0.2051250555517
-0.509987,-0.403390865599311,0.0289959546696042,0.388205677348282,0.249821756419153
0.288417,0.280979648861825,0.352034686029084,0.277783004402159,0.158059979181124
0.805725,0.628402433861201,-0.20049418409767,0.0908705958183619,0.178210693962526
1.23133,0.799079856499479,0.325820935703856,-0.0385473204931017,-0.0364061842470506
-0.0775388,-0.0420797226304042,-0.0724560273976766,-0.196585974471612,0.0647314701596114
-1.37159,-0.546880751907085,0.23742812232983,-0.0611643947963571,0.234646696044414
-1.28955,-0.862122442036415,-0.0806554595275412,-0.184804546180594,0.310765120402498
1.67406,1.16801664758293,0.279070316454375,0.0230673096114492,-0.231574764052741
0.325654,0.292735183383889,-0.152239099924419,0.213607973939022,0.248084148507981
0.793407,0.596995280300577,0.451012188447792,0.387091492253278,0.0321944681471201
1.01066,0.82672175264539,-0.242697071164562,0.167695942973772,-0.258142343858432
-1.36545,-0.568303046383592,0.300158678802532,-0.213011928074761,0.0615539812630118
-1.29944,-0.856609255838117,-0.0996240953189266,-0.484773883736796,-0.0826004337265788
-0.254521,-0.0254934046229738,0.440377539147326,-0.395359859401807,-0.316906763358779
-0.614965,-0.397646690571571,-0.0270600017003543,-0.662287094102807,0.0375224677307426
0.34003,0.338556504515616,0.385069341427203,0.0492556698400833,0.0786661283830673
0.659879,0.565119584202356,-0.163608424942936,0.0598355491161321,0.296096227619709
1.26386,0.9398833116419,0.418126162091316,0.86470968402314,0.364945154406662
-0.151481,-0.116020134715943,-0.092960129757163,0.596441820368696,0.897638020124913
1.69302,1.21140834116473,0.307430491680194,0.86654825181374,0.476922446564885
0.253262,0.224479283098746,-0.231618920581138,0.601465065194974,0.849050128383067
0.821093,0.660865605788208,0.361215648351946,1.03128946477147,0.612882723455933
1.00963,0.833777778237047,-0.379650728974637,0.633368327407738,0.507596125954198
1.26665,0.865259140605536,0.266961369613227,0.429428025785883,0.197786004857738
-0.169249,-0.0808062577655969,-0.0650198287005532,-0.148210669724622,0.244051971200555
-1.34946,-0.586442712544746,0.288890799864608,-0.0168582224229285,0.292476149201943
-1.26649,-0.873928830367345,-0.104056096511549,-0.162879086282003,0.373319452116586
1.70741,1.21294980879803,0.376155767675472,0.0469860188734877,-0.146114143997224
0.297617,0.288727491164735,-0.163588724622848,0.225351395860158,0.413978058292852
0.876791,0.649201356459756,0.343269052525269,0.509573605519164,0.298715674184594
1.0015,0.820973311712312,-0.253704504751145,0.377459945494621,0.195532912560722
-0.200437,0.0662104738377223,0.392280541259547,0.331606858226003,0.338449273768217
-0.633083,-0.400860482582152,-0.0188543365107168,0.443077100669141,0.356527723108952
0.392264,0.31161440536615,0.422385502137648,0.00216437641811301,0.0732875867453158
0.668767,0.537840742911261,-0.128950316527362,-0.240628317017373,0.0362948719639139
-0.195351,0.0650535190831195,0.413612156117883,0.0931334182155694,0.194914474323386
-0.613878,-0.346858496314773,-0.0632227706719244,0.335389441687598,0.273226550312283
0.399283,0.394186893488076,0.383225253236251,0.349217093789351,0.10279705482304
0.663468,0.561580822210086,-0.2555364336395,0.0989116888434366,0.191141739764053
1.34087,0.903419941943206,0.198650442964933,-0.0353605698028851,-0.0576496866759195
-0.139615,-0.0529346331287731,-0.123535022883392,-0.190210854752716,0.0909587640527411
-1.34583,-0.507680412509941,0.316236010460915,-0.0360761058006309,0.238859363636364
-1.27593,-0.849859343451368,-0.102505391631883,-0.16044135567226,0.392287566620403
1.76289,1.26021650532297,0.300950367886445,0.0479848833038179,-0.066412209576683
0.257031,0.268766432973287,-0.161039107446248,0.20266436982114,0.568121461138099
0.894139,0.706080397320496,0.342461079100992,0.869143849322192,0.48684265648855
0.953064,0.802787023277261,-0.312767747949523,0.902496798060101,0.548401411519778
0.894179,0.612992873389641,0.350038597312896,0.812450660125212,0.551815179736294
0.941944,0.769515965575946,-0.366068359047094,0.812987402838546,0.416848704024983
-0.216614,0.0677360654770038,0.415691358830333,0.420173160158986,0.464280291464261
-0.644989,-0.379068404821292,-0.0420548964771719,0.427519762095047,0.444180070784178
0.414848,0.404299049891765,0.407091067193422,0.360479266041787,0.170202405968078
0.599083,0.512818570505634,-0.277969589318378,0.0784112970692685,0.219024257113116
1.35136,0.907865925117037,0.34992840340533,-0.0503569886237882,-0.0633184583622484
-0.143471,-0.0521533536543527,-0.104414142202924,-0.192345532710224,0.113863340041638
-1.341,-0.475758924835416,0.291421462788254,-0.00850360133952985,0.262637976752255
-1.26974,-0.847749645404012,-0.104482287709948,-0.131223819484263,0.436835099930604
1.79392,1.33207285367818,0.203736068271982,1.1554647314771,0.000517455586398402
0.267234,0.286122766839507,-0.224455543104182,0.200027225573952,0.65210414295628
1.78698,1.28499176604635,0.167435173048381,1.26636394145769,0.280005039555864
0.256488,0.268083333969143,-0.240355546444363,0.497091848661103,0.625815953504511
0.91656,0.672423195279372,0.366159612045743,0.625073472641882,0.277322619014573
0.996189,0.829923274058397,-0.373677095495926,0.204004792490582,-0.0467552696044413
-1.33095,-0.471342781599414,0.313721503942705,-0.134481282778098,0.142207931991672
-1.27035,-0.818261176273211,-0.095824932677263,-0.417195285536513,-0.0337655863983345
-0.154687,0.0398093596481586,0.389066152860811,-0.33726610554809,-0.283845973282443
-0.585642,-0.355291401492759,-0.0302711645427403,-0.614746090703309,0.00555914642609302
0.430308,0.427503878086086,0.38403444779655,0.113250470677471,-0.0792208938237336
0.599646,0.563335872368365,-0.193689775200402,0.119038410458568,0.0782434923664123
1.40601,0.944148237271453,0.292771215657111,-0.038232643990568,-0.120150357737682
-0.169058,-0.0460451402072374,-0.0880201906287725,-0.198292012418811,0.109986521512838
-1.32741,-0.489879137575248,0.304996961491157,-0.0356116420893875,0.245526393823733
-1.28715,-0.862545068670326,-0.179509443150717,-0.145627710965473,0.381953834489937
1.81917,1.32141216148618,0.272167957281008,0.0584802880760656,-0.153789143650243
0.254244,0.312663436465879,-0.181617184999116,0.237021442041675,0.457064613809854
0.948222,0.722831939066261,0.359185328809013,0.518302875450086,0.304271803955586
0.956849,0.832638259803994,-0.292664445325004,0.393237897473091,0.276520464954893
-0.162812,0.0840654018345909,0.367611512974924,0.352434014099031,0.444454991325468
-0.606353,-0.360689280059084,-0.0244588988745078,0.46934734287938,0.515257306731437
0.464157,0.438516368974618,0.394117970292115,0.411583809200236,0.270702748438584
0.680432,0.615462672830583,-0.206048936801679,0.148575419967294,0.342771780707842
1.40457,0.944056274817964,0.288479069163101,0.143930550099616,0.127729590909091
-0.11149,-0.0159209379579452,-0.046636268942533,0.0967104717934495,0.38936546426093
-0.164842,0.0980142591397064,0.382307049730094,0.272819246550558,0.261620696773074
-0.596903,-0.368781407353632,-0.0418159339178224,0.215692992902572,0.358055081714088
0.46208,0.442798265465651,0.382906610004179,0.249635023302078,0.14551571981263
0.655697,0.601283263011207,-0.196893525249576,0.137092751036738,0.225064129944483
1.4089,0.975386441700918,0.341825333205441,-0.00190442397187586,-0.0531261701943095
-0.0942519,0.0111637368624082,-0.0722702898430105,-0.127777411788997,0.125733200902151
-1.32961,-0.5005020372041,0.308226259641814,-0.0180658328626404,0.281003931124219
-1.26956,-0.856696292300139,-0.10133873007148,-0.13336214818337,0.378078326682859
1.81949,1.35181878432268,0.327912805953874,0.0928970065516987,-0.189987725711312
0.332325,0.381002503486478,-0.139210678564441,0.298200940958607,0.393978765961138
0.971882,0.719854672240977,0.36926602940667,0.438786420133113,0.191469687751561
1.03764,0.919869998949658,-0.408882240924338,0.25343806987598,0.0293267179042332
-1.3276,-0.495106992824276,0.284225456327134,0.0644882384960872,0.485707815752949
-1.28363,-0.851018927125158,-0.110390672985279,-0.0281381488754048,0.546930752602359
1.82191,1.3275804868949,0.245584578245471,0.304402989718101,-0.0616248167938932
0.330499,0.367683332799608,-0.136032338472567,0.302841667858016,0.517022646773074
0.972091,0.741595319734813,0.337325128933151,0.545868178428581,0.371176304649549
1.0212,0.896754804061257,-0.284560108627531,0.442102743044067,0.295395275850104
-0.163456,0.095852643202694,0.386875054941451,0.384187974605473,0.473768847328244
-0.591047,-0.347384976514832,-0.0160439664359972,0.483898525599731,0.565794257460097
0.477716,0.446306922652345,0.338922838843262,0.414189565024574,0.384727268910479
0.68501,0.618944734012881,-0.21166271313315,0.153859019468683,0.50326690943789
1.41446,1.0088150901255,0.299093300692498,0.57328548250485,0.348499977099237
-0.105517,-0.00421807865614568,-0.093654649710982,0.858359997272336,0.723436959403192
0.980945,0.729179144614226,0.342265124254753,0.792886799741141,0.422997742886884
1.04286,0.885973746025187,-0.344231279442308,0.313454919586469,0.355669427827897
-0.151923,0.100730269884435,0.434149278953476,0.291079613164945,0.483995227619708
-0.575346,-0.339798971272843,-0.0177097675534629,0.491186281414076,0.472968023941707
0.460068,0.444141920512575,0.437687632065265,0.42561323319966,0.209293540249827
0.696152,0.629364630410203,-0.241697406446192,0.155892269185343,0.27208460444136
1.4235,0.982289423354097,0.335198982307256,0.00532883581620586,-0.0125161995142263
-0.113644,0.00338238738808497,-0.0797148083030017,-0.139418058344582,0.106494541984733
-1.32853,-0.480493301483532,0.29822944289493,-0.0120685874031591,0.188252191186676
-1.26869,-0.845046519906777,-0.0856512846321059,-0.131431353142885,0.272056510409438
1.84471,1.35945006588492,0.257594863948676,-0.403792114067177,-0.321218181124219
0.338818,0.403122628917863,-0.166072854692982,-0.398403850937805,0.165927564191534
-0.149077,0.0882937994904023,0.371203696842346,0.074590412124935,0.199848083622484
-0.584274,-0.367208079648711,-0.0395239851360303,0.435550267119895,0.317303154059681
0.4679,0.452803081853805,0.399732219462375,0.336729034037321,0.157316561415684
0.676865,0.640862846022036,-0.166489628375265,0.152517506371729,0.265632295281055
1.42713,0.992181851217459,0.327359379300282,0.000130518485890824,-0.035740992019431
-0.108664,0.00995292216253113,-0.0642055947263077,-0.143281438318284,0.13469762352533
-1.33689,-0.475434294261821,0.303613773692566,0.0243056599245899,0.28464017314365
-1.25098,-0.840630991396241,-0.118473070244575,-0.107149119819078,0.37430842297016
1.84041,1.36603296683492,0.285625415233848,0.0781903229489161,-0.199119585357391
0.307383,0.367160889174373,-0.118549754803131,0.270893785288047,0.333900721027065
0.952808,0.725818787422802,0.348392436294641,0.428444695889023,0.0609345090215129
0.973553,0.896298764449816,-0.340671892028285,0.230651524182445,-0.199783273830775
-1.31673,-0.451655099512651,0.318867995482404,-0.116827078139561,0.0780846942985746
-1.28906,-0.80120821360497,-0.140107208705447,-0.297271912628605,-0.136540878738222
-0.114377,0.0440653976219284,0.42916550769322,-0.780070072382261,-0.61713805517909
-0.557036,-0.325662837860214,0.00917684290278524,-0.990087470079363,-0.445898870229008
