1000
-0.162992,-0.0987593554553557,-0.184623790268281,0.0752741076243835,-0.0595680580645161
0.167976,-0.4531689727188,-0.549555611589579,-0.00813321702094607,-0.248411884106383
-0.253411,-0.526310019776196,-0.607712849151327,-0.0456510623728507,-0.161133692836364
-0.468028,-0.563090223638514,-0.626342282696826,-0.0544422895315566,-0.151943584949152
-0.312183,-0.582981879067942,-0.64872502765071,-0.0709931972687049,-0.165976721704918
-0.0104598,-0.505782370487996,-0.583254970285474,-0.0125456816458727,-0.178295345935484
0.000965047,-0.476369900638371,-0.559028213629315,0.0472085963900954,-0.128590906451613
-0.220212,-0.572782037012543,-0.620446914946611,-0.0516093546543946,-0.0292223459354839
-0.0867653,-0.574523560648792,-0.618709439346541,-0.0594124008324236,-0.0127581423225807
0.259251,-0.518710042650073,-0.571169451445003,0.0350698380992109,-0.0657775453548387
0.100339,-0.501828322031831,-0.557338373671532,0.0556097805404731,-0.0226704726774194
-0.117025,-0.536689550126116,-0.589722741211628,0.00346372629261919,-0.0216034008548387
-0.158418,-0.561713210302596,-0.61247912965991,-0.0311240190596574,-0.0642543387096774
-0.306892,-0.572032758507202,-0.622654324598304,-0.02237778980057,0.00891125645161289
-0.0207926,-0.48953598178282,-0.552300639033462,0.0507303275616875,0.00982720322580645
0.438812,-0.413385140880266,-0.485293591041127,0.0401419746790698,-0.0782848774193548
-0.0369523,-0.208075080601498,-0.28597215784338,0.0180290974277723,0.0548018741935484
-0.162073,-0.578343048460726,-0.624118774576003,-0.0484175487175186,0.0748936580645161
0.484434,-0.416524782270142,-0.469591300804003,0.035267327095553,-0.175191025806452
-0.250876,-0.470919925203968,-0.512280582202947,0.0243073389101069,-0.05610985
-0.846625,-0.674077228949386,-0.687579408680132,-0.0250108830539985,0.0833056064516129
-0.381056,-0.498643520526314,-0.526589421180756,-0.0197550495907395,0.147263453225806
0.984196,-0.0547091202188777,-0.145954384060474,0.0151865976149909,0.0287306903225807
0.96302,-0.213911456859962,-0.280640131329257,0.0101899303995409,0.133134264516129
0.0894311,-0.599680401290042,-0.626573849242662,-0.0850813343360251,0.244992848387097
-0.220738,-0.640366639392244,-0.662356798955415,-0.0603760812902576,0.155224464516129
-0.26084,-0.601004375596212,-0.627949029787063,-0.0456908595317026,0.119512696774194
0.128771,-0.495065167915947,-0.544545314948619,0.0414933963224599,0.040971035483871
0.0802788,-0.527070509583333,-0.572502166542742,0.0192479590948037,0.1324176
0.318905,-0.49178674241123,-0.534836239552756,0.0134582145788407,0.113171417741935
0.345159,-0.482171037996894,-0.530329899534045,0.0244137602264606,0.1145617
0.118226,-0.525856121109471,-0.541260378889432,-0.0198714236342006,0.1231706
-0.241201,-0.568414663086462,-0.597535391018169,-0.0361013935119797,0.197385687096774
0.123091,-0.548670639154508,-0.577911409447359,0.023542182001991,0.118939648387097
0.347674,-0.517018761914534,-0.549860715096831,0.027915597423975,0.110057322580645
0.435729,-0.54125104772136,-0.570320140228789,0.00039065193545366,0.0466682467741935
-0.14269,-0.592313385717872,-0.602484551965503,-0.0294685352360105,0.128202593548387
-0.188308,-0.569308201697213,-0.581540911604656,0.0338555144068587,0.0782933951612903
0.0877014,-0.553012655497346,-0.565308194001176,0.0415878432078697,0.00134356290322581
0.0492642,-0.575601514882623,-0.578015595459238,0.0351683041743307,0.0483370290322581
0.0692823,-0.587475092984634,-0.586567498978699,0.00884274163342135,0.0625744290322581
0.0430122,-0.597551695255731,-0.592015047434797,-0.00438660037487739,0.0907203064516129
0.0952319,-0.589270483204148,-0.579309915135861,0.017256190662462,0.112592553225806
-0.0286043,-0.592433554603486,-0.572605543562762,0.00679645818753867,0.234827916129032
0.675432,-0.634747565661462,-0.585387187881874,-0.0220312383559379,0.0607263
0.306162,-0.517334277907224,-0.517116066361593,-0.00525646968486479,0.112570920967742
-0.318399,-0.660240687422414,-0.623988228625053,-0.0325890900013079,0.186562583870968
0.0204959,-0.659189157996062,-0.624595161360876,-0.0494309273872492,0.0280429074193549
0.20456,-0.611431686094116,-0.579619942466017,-0.0232973397678258,-0.04413979
0.258463,-0.601837449430261,-0.568587792281236,-0.0174901499773311,-0.176347317096774
-0.539664,-0.578605884672012,-0.569708493421765,-0.0173803260750681,-0.0998635825806452
-0.773165,-0.580994544549197,-0.577075656738319,-0.00169186674214377,-0.0788385264516129
0.00831896,-0.607400474116598,-0.59096875231096,-0.0245028057248245,-0.214773075806452
0.193609,-0.582757026464889,-0.568155559746101,0.00745926593235527,-0.160724382903226
0.0148293,-0.565302638170843,-0.554406593451912,0.0242311960325189,-0.0993534293548387
-0.214784,-0.685323532815643,-0.80645291792872,0.0146289630277066,-0.0676334590322581
-0.173626,-0.487197630189329,-0.450681661481996,0.0329631965279582,-0.0904894158064516
-0.101437,-0.54239744481114,-0.519234877786488,0.0283593697672595,-0.0855100812903226
-0.0971439,-0.586733533910292,-0.574753172718676,0.0139668139354302,-0.0463703870967742
0.0149045,-0.59304084673857,-0.571643926068559,0.00882242399937812,-0.039563835483871
0.0215815,-0.596784119601142,-0.569500762561412,0.0107435178262293,-0.00129426774193549
-0.0129809,-0.617426688740271,-0.576978565687206,0.01125966745016,0.0367719580645161
0.114511,-0.60714901605838,-0.544982855927999,0.0295342190807335,0.0225729806451613
0.184682,-0.599820663369868,-0.542023183659279,0.0259349421289353,-0.0141521483870968
-0.0467815,-0.602584573668905,-0.574267898608848,0.00874454025197186,0.00255200483870971
0.07266,-0.583469771935156,-0.512521218888347,0.024235840281906,-0.13809665483871
-0.687429,-0.37898716666266,-0.240587500330743,0.0321691615675185,0.0686539158064516
0.174232,-0.461134189476946,-0.338844109252104,0.011230707250078,-0.171600611935484
-0.0562771,-0.592047638004805,-0.574302036965242,0.00548898984162935,-0.0250549738709677
0.0335786,-0.5779116901599,-0.500165982166193,0.0202245555387279,-0.0256798977419355
0.0183509,-0.626776837409259,-0.585556201990906,0.006293820594526,0.000437555967741941
0.00495428,-0.589473568696856,-0.502929976068846,0.0350205558796459,0.0139878529032258
0.0300897,-0.610161941042264,-0.537033774927628,0.0222030983942226,0.0206762425806452
0.0124913,-0.611357795778778,-0.549212394639747,0.00975862514486372,0.0320209670967742
0.0870114,-0.574812754492052,-0.446310690716391,0.0161628653959223,0.000757834838709679
0.00138359,-0.614026607376879,-0.548461711750362,0.0115602443475903,0.0179990783870968
-0.0631013,-0.596016986300639,-0.537670529192592,0.0171115235171835,0.0230137858064516
0.0845754,-0.550398912002901,-0.414264107228322,0.0185787052202761,-0.0361282190322581
0.0599501,-0.634322308486104,-0.572833754973743,0.00751421835574711,-0.0659626296774193
-0.459219,0.261414905991028,0.124567492704292,0.0925043526672427,0.0988582770967742
0.486867,0.563259978138448,0.45913862565991,0.0619951473116498,-0.191541364677419
-0.376138,0.657821260070325,0.6576335325737,-0.0477888823753279,0.100200756451613
-0.125157,0.412700981742386,0.412680363358009,-0.0816740518577779,0.0502915903225807
0.0773065,0.298792942280854,0.251789805003989,-0.0133119153687817,0.122500840322581
0.221282,0.192345936106703,0.0255101930673265,0.0380968258688236,0.249228983870968
1.04653,0.373744427308574,0.332456666841376,-0.0553335303017263,0.036383714516129
0.156349,0.496110834326298,0.547331669082532,-0.125162158905938,0.169698219354839
-0.632227,0.410468639984637,0.411693158622995,-0.0735819006387849,0.265299777419355
0.243994,0.370236039992361,0.375086343770017,-0.0876583996869592,-0.0333374048387096
0.252234,0.289499588170157,0.117400895654557,0.0681477557835446,-0.0352920758064516
-0.0613487,0.46535675714028,0.292030956050454,0.0793187460440125,-0.0320797903225807
-0.398779,0.640956037453773,0.680705522287026,-0.0759355940311776,0.00908025483870967
-0.218645,0.476573681078223,0.455834015572093,-0.0353710316099054,0.0157733451612903
0.579382,0.262663646956997,0.115008739148425,0.0662830724702653,-0.183138093548387
-0.0863075,0.444968088706835,0.396638152901925,0.0206997025507255,-0.0377209741935484
-0.822252,0.619187959971609,0.568983744034751,-0.0385078634718837,0.188362262903226
0.51181,0.526803883924553,0.367619938472478,0.110047458267935,-0.118062919354839
0.67024,0.514291158976758,0.426470765556559,0.100581984008866,-0.150501161290323
-0.597861,0.536176904970102,0.529768953839883,-0.0309846641220151,0.112070016129032
-0.817759,0.370427747294376,0.233399246297165,0.0559562932486727,0.200310669354839
0.633893,0.415427471817238,0.253737260114176,0.0956689215556172,-0.0335041774193548
1.10743,0.540168615589711,0.466477475888086,0.0231585020998648,-0.118003080645161
-0.179489,0.58558317771159,0.592724135777073,-0.0360748423163868,0.0505503709677419
-1.04548,0.462847936143779,0.371354064381753,0.0438316389361947,0.130908198387097
0.113877,0.294646204928544,0.102592167683249,0.112483207773293,-0.235667909677419
0.578643,0.429514075560415,0.351947908971938,0.10457125541249,-0.416127964516129
-0.754383,0.625259109025486,0.625840087622304,-0.00216398414195941,-0.181638461290323
-0.848525,0.494254406715928,0.395316549113368,0.0401558596330413,-0.287565987096774
0.0899053,0.340941998748094,0.224542726739597,0.0571002602916399,-0.613733138709677
-1.3365,1.1330432876415,1.15904721197736,0.0114168080412071,-0.0634941838709678
-0.217216,0.927753955292569,0.816161970749236,0.0403681950743459,-0.178398629032258
0.640169,1.12265554273532,1.07285548254896,0.0162918115071258,-0.15611115483871
0.268875,0.752609685052412,0.530171819201326,0.0483533319937811,0.0923997419354839
0.0864654,0.421518621036124,0.041258691220355,0.0183495878303147,0.162622020967742
0.265118,1.08371961207132,0.982470706595845,0.00983321513175022,0.0656059483870968
0.658464,1.05733069228857,0.846844626665539,0.0231814298731116,-0.230841451612903
-0.790747,1.11326207790867,0.896787002127572,0.11866829438767,-0.0550083677419355
-1.31823,1.34427883644495,1.36038422926418,-0.00437316260395684,0.0319896612903226
0.40102,0.869532089816552,0.643875839436093,0.0728573189501234,-0.334818519354839
0.0048104,1.14509511995059,1.05173124310977,0.0138842185415434,-0.000450838709677416
0.199688,1.39682211739919,1.31725201899786,-0.0233073505956175,0.0273412
-0.125765,1.0608439999241,0.770059372823219,0.0894266940624428,0.21630645483871
0.863296,0.97280788428257,0.719271701508891,0.064679588926748,-0.0603210709677418
0.510348,1.01309849830531,0.789693726565639,0.0849162453239455,-0.121033616129032
-0.980258,1.33227267453926,1.12872243913266,0.0663262557830501,0.0701850387096774
-0.369026,1.52251136850982,1.35055884327094,0.0413571324970764,-0.2878815
-1.2358,1.70802017029032,1.52851408706893,0.0385561856802159,0.1361835
0.795978,1.18024400523555,0.999776879019736,0.02254749492062,-0.20498335483871
0.467487,0.952914453527299,0.746612922218065,0.0700210990298213,0.139913
1.05034,1.4360869861513,1.3071360783701,-0.00684346970304677,-0.160275870967742
-0.214303,1.6492781088965,1.56879916723907,0.00118493504187207,-0.098455564516129
-1.70066,1.0456006890465,0.723945458320751,0.0805520650346336,0.138064790322581
0.4291,1.12347766185523,0.846925143814717,0.0295450262065793,-0.542791258064516
-0.394946,0.204416541267502,-0.177590362441959,0.0695654968222712,-0.21711235483871
-1.01559,0.151488405970586,-0.25040524387013,0.0868916186986526,0.114683016129032
0.395857,0.477205696410828,0.280243304285421,0.096039888562395,-0.00916817741935482
0.924655,0.587868702308721,0.446162824341745,0.0978359720904322,0.150679129032258
0.350732,0.644134642108591,0.469494663185855,0.138905541252298,0.469693225806452
0.250259,0.337695928272259,0.0665835674029773,0.101124543484015,0.600633032258065
0.543191,0.509981964033416,0.311649895104499,0.108531227511971,0.698154
1.05205,0.665460063226355,0.485961501872045,0.0925033443434501,0.753117629032258
1.66471,0.406205538278199,0.154752609105924,0.080495221044855,0.574204758064516
-0.304496,-0.100787019393213,-0.667352822235389,0.0262729427082563,1.17582080645161
1.91569,0.0662004569162429,-0.442559721580699,-0.0108770339810998,0.384445274193548
0.236928,0.65019738453399,0.500094634935758,0.127965583057648,0.790852967741935
0.016062,0.721882112375016,0.626803483959078,0.105327501767899,0.653884709677419
0.361792,0.637320899235457,0.392937537776417,0.0911067735553641,0.581449161290323
1.49082,0.765572935083867,0.531372476155903,0.0996758476789111,0.215905096774194
1.49687,0.824946700565135,0.657013403628666,0.0976975829225278,-0.197657193548387
-0.596667,0.555309935914484,0.275849427022062,0.0936370367895772,-0.415809274193548
-4.24838,0.087654390815249,-0.39946475524436,0.098929494925635,0.28617635483871
0.234302,0.632550669494248,0.462718807763076,0.127098740539025,-0.868359467741936
0.342684,0.709156717515778,0.570164766858389,0.136680574326397,-0.345060806451613
0.45514,0.636438234644635,0.444938786229453,0.14315160002749,-0.187229548387097
0.445773,0.620641570518642,0.490091135487091,0.13037311884288,-0.279947467741936
-0.59069,0.623309115955889,0.453378229830413,0.144284124961238,-0.186689709677419
-0.147559,1.02364174905798,0.915480576492346,0.0843964480367791,-0.623021435483871
-1.444,0.971425905453192,0.883239879323138,0.158328260561181,-0.464696634354839
-1.20422,-0.408448353370246,-0.31642973498846,0.221967739767039,-0.580919800967742
-0.408284,-0.76625868555728,-0.697261010059413,0.0469786452639009,-0.647637247096774
-0.392818,-0.794300176128345,-0.714440992575338,0.0444078018137784,-0.420573413548387
-0.326171,-0.719988871019765,-0.627777570647446,0.0765944180118643,-0.21533208516129
-0.00337733,-0.670797017392306,-0.556267282927644,0.0974676040994673,-0.0922379241935483
0.270045,-0.615354007039131,-0.49152093912775,0.131071564120397,0.0177702277419355
0.359729,-0.6033297149805,-0.476462136784975,0.131659112893728,0.10027932516129
0.198677,-0.658761808288687,-0.544774563405591,0.0969072256635107,0.148261956129032
0.110617,-0.677610783519409,-0.563830000358481,0.0787571596428342,0.128471147419355
-0.0863893,-0.685579890831936,-0.58019527485507,0.0689517184339114,0.169260257580645
-0.25755,-0.70458296754112,-0.60986157681948,0.0525186982199074,0.32068454516129
1.21911,-0.21441643286262,-0.0286195362985202,0.112804605306229,-0.0869098612903226
-0.151891,-0.752717640275863,-0.677453345053591,0.0567681781870057,0.304491922580645
0.0312636,-0.691489512033401,-0.590302673208559,0.0609387111544169,0.125968612903226
0.0721761,-0.657404811506578,-0.545219448517331,0.098080600198863,0.0676188112903226
0.035485,-0.68897786291628,-0.588174546816679,0.0507143245160888,0.0522344258064516
0.0444248,-0.710766359213299,-0.611375677058592,0.053895308591871,0.0247618322580645
0.0503694,-0.688910779482076,-0.580318635513695,0.0684605907206892,-0.0258701225806452
-0.137344,-0.701197505104871,-0.59538888185595,0.0612096128583063,0.057615364516129
-0.217622,-0.715965474594878,-0.614394225477331,0.0496029879917586,0.181227362903226
0.13137,-0.676233253060193,-0.566888440706344,0.0649517594104897,0.280928680645161
0.250272,-0.657624263073605,-0.538162135222246,0.0672440824659031,0.570473208064516
0.114491,-0.666805985688179,-0.550308456815384,0.0902557808696498,1.15024556451613
3.29421,-0.415437418178003,-0.331427472344492,0.0770512498897999,0.536876874193548
1.55932,-0.605189212564516,-0.51128391533736,0.114365623781953,1.02995740483871
0.45671,-0.63149569136434,-0.517632917444578,0.102488835617732,0.906389901612903
0.0763713,-0.682437061298491,-0.569534076358558,0.0862188598115256,0.623493670967742
0.193217,-0.66522395097883,-0.554937615559856,0.0971966314153085,0.35673315
0.204723,-0.660873075616525,-0.549864780804929,0.0768311596659056,0.227372393548387
0.0872207,-0.67891583615705,-0.563710528498768,0.0674700112677203,0.0731851419354839
0.0424857,-0.697992613363835,-0.587596535860313,0.0615787218609866,-0.0501528274193549
0.0554834,-0.68864553578701,-0.577177853233172,0.0621410069434822,-0.227063991935484
0.0474003,-0.668230289693735,-0.559657132247253,0.107531418171513,-0.526968403225807
0.102805,-0.652481052486674,-0.550258879305275,0.107411477618106,-1.1463142483871
-4.5809,-0.376648556392461,-0.313590872992179,0.0827128794092001,0.0566947080645161
-0.0414679,-0.662399538354278,-0.640066561488532,0.0715072781789872,-1.09953762741935
0.0884894,-0.529419642449482,-0.470361619498178,0.106482323277458,-0.504958506451613
0.140006,-0.544909238679172,-0.509030410862784,0.109292713262256,-0.168272766129032
0.169311,-0.578665307348997,-0.537511162395929,0.106661489973738,0.0252442354838709
0.153789,-0.623878640032097,-0.574520001272909,0.0575012447994688,0.165242891935484
0.436873,-0.572760190205515,-0.537850246375426,0.0880015235996982,0.201252982258064
0.358269,-0.590921108827806,-0.545633084809497,0.0679762089260093,0.218731570967742
0.150273,-0.652187477742741,-0.58320628177465,0.0554313649854853,0.228765409677419
0.152768,-0.591892694074859,-0.545467157425774,0.107063244597762,0.168347722580645
-0.0368345,-0.611231180877261,-0.559382288052285,0.0795317027727689,0.213507498387097
0.495147,-0.549896102414868,-0.478722399449007,0.0392875907672145,0.0126488677419355
-0.174136,-0.488550968311158,-0.425567770403343,0.0896785952592392,0.181742619354839
0.0804554,-0.677104944203336,-0.6861348771762,0.0809112141990469,0.0591925951612903
0.106467,-0.645966314526725,-0.584241810028346,0.0572604144942271,0.0472439075806452
0.0663623,-0.622256933284136,-0.548706442989122,0.0721510229100283,0.040506434516129
-0.019125,-0.610801839322563,-0.58376573847503,0.0723415658500728,0.0463437722580645
0.0042578,-0.637110559234095,-0.626990167806371,0.0781233014050132,0.0161967348387097
0.0200839,-0.619899805296318,-0.592269989833673,0.0660526286951029,0.00953055677419355
0.00924107,-0.600089829636397,-0.55511312108275,0.0747482567827534,0.00796186612903226
0.0804881,-0.593330988568553,-0.532550888597819,0.0853780547792331,-0.0359773674193548
0.064348,-0.618544789260115,-0.556610373179646,0.0788616697705292,-0.0930190619354839
-0.479263,-0.442422776711367,-0.447572820537094,0.131833689357369,0.043370390483871
0.0263032,-0.521999684218811,-0.453629064717461,0.0823546956577365,-0.09181255
0.0373913,-0.571084790285301,-0.491912492076772,0.0756966965727305,-0.0319183641935484
0.040272,-0.589216146957728,-0.534269749933447,0.0864970455161098,-0.00186248064516129
0.029027,-0.600701209140068,-0.548881463927231,0.0819657696854556,0.0151604451612903
-0.00502207,-0.608253123289826,-0.562161804554702,0.0721378963124925,0.0360025380645161
0.0740268,-0.618209982022909,-0.578185988608461,0.0640395241629689,0.0244019096774194
0.00217163,-0.641364264521084,-0.609673057681367,0.0586616208093291,0.0578997083870968
0.0590018,-0.649925674420023,-0.611339839235219,0.0413911765114558,0.0164692477419355
0.146879,-0.6303931946459,-0.596058890770414,0.0532719477212338,-0.0386794964516129
-0.00892628,-0.605161032485039,-0.571355065386311,0.0762523666783654,-0.0643908733870968
0.0224578,-0.613273750316708,-0.575507413445498,0.0730910053941135,-0.218700726129032
0.0832151,-0.626096625534912,-0.588931690977811,0.0759104422399437,-0.490285725967742
-2.21902,0.42827640105677,0.349527850067705,0.0954106802668518,0.164293710967742
0.393717,0.536494723819221,0.410354060813834,-0.00954846217988354,-0.504607189677419
0.0975698,0.560821981622694,0.507097273763037,-0.00537648864123706,-0.122758072258064
-0.255323,0.440154245693737,0.441538273456149,-0.0638129857279358,0.186153216129032
1.08163,0.2720277188811,0.194387179703669,-0.0299505060604659,-0.159286408064516
0.136053,0.469595007270799,0.473298223038702,-0.170376368133793,0.0353434822580646
-0.783063,0.483584910469395,0.495124685087503,-0.0915584929741679,0.197103741935484
-0.0731202,0.339503353129282,0.213978808294793,-0.0496876394436745,-0.0211088064516129
0.401827,0.550495955914667,0.487313464844917,-0.136755859787915,-0.0879954596774193
-0.214708,0.610513460090177,0.660512355439054,-0.126792762920611,0.163470593548387
-0.0948157,0.203193144196547,0.130628902145614,-0.156418391676951,0.20931484516129
0.82675,0.212407863451226,0.117829834949224,-0.070488720498688,0.0171123677419355
0.232589,0.503278442374065,0.5267231300945,-0.153979686040501,0.196661058064516
-0.0517647,0.535141046916767,0.595284452273299,-0.138708164165356,0.17430584516129
0.145647,0.184654455785277,0.148352526906888,-0.0955781955188854,0.031356964516129
-0.252161,0.705514490698249,0.73137271326652,-0.146341203272446,0.14310125
0.232105,0.615402713031186,0.561905191378861,-0.141842672405479,-0.0123882774193549
0.0593026,0.726298950577806,0.663860425290144,-0.129675280461456,0.0418423064516129
-0.481699,0.374735917730335,0.307298629827552,-0.0916116166963272,0.278972140322581
0.912918,0.261463229574847,0.168394724490746,-0.0287677641022709,-0.0853885435483871
0.379862,0.731932318431701,0.784308651141577,-0.151589969351438,0.0444834096774194
-0.490188,0.511734692806437,0.471627822666978,-0.099820020409588,0.165261777419355
0.0509514,0.589946185475922,0.525322175996536,-0.104550781106322,-0.117083277419355
-0.527029,0.739320078409537,0.724777175502659,-0.141334215116264,0.105954577419355
0.0628929,0.293049191608195,0.145959603265312,-0.0850314808815151,0.0575659870967742
0.973343,0.328029556499221,0.239199229948764,-0.0500770299405008,-0.182185629032258
-0.356068,0.530865471028861,0.540036557541673,-0.124999961741191,0.158315080645161
-0.454543,0.413172783636537,0.377418100864642,-0.0887957463994816,0.133741456451613
0.352208,0.30761492770736,0.25093085358242,-0.0922627285076805,-0.0600667838709678
0.270866,1.04567206309304,0.97356396956763,-0.156983852497476,0.00878408225806453
-0.305987,0.877557502734152,0.658225107862625,-0.151455950876343,0.164478925806452
0.218839,0.984251425598901,0.920834246266417,-0.126976698540176,-0.0286731806451613
-0.0621367,1.01578091941062,0.898100424933248,-0.198492375935993,0.067600435483871
0.26792,1.11321847700561,1.01093259211029,-0.173646493103884,-0.0714430032258065
0.818109,0.955289615279503,0.92688949639975,-0.155386972901845,-0.4965928
-1.10909,1.05721529398846,0.920617804629819,-0.164100262479957,-0.325376819354839
-1.39598,1.05169283767249,0.871470012249564,-0.15598980720635,-0.581026759677419
-1.79891,1.30945885196973,1.18930489547908,-0.122936190518186,-0.372703614516129
0.108733,1.50287694922217,1.40121211554693,-0.175889481562871,-0.605711012903226
0.778826,1.24165198566052,1.06419277091803,-0.2543302070191,-0.574039122580645
-0.555235,1.26803037769265,1.10239992918694,-0.18654476673934,-0.187609616129032
-0.0814747,1.12924532593383,0.984764299730704,-0.192862153337808,-0.52249155483871
-1.23181,1.38149516243384,1.2741457389778,-0.0945393502952419,-0.260504177419355
-0.301278,1.30865008522536,1.11823151993622,-0.147864695230779,-0.561837003225806
-0.889529,1.01870362870926,0.857037348119114,-0.163124078100129,-0.235505467741936
0.276059,1.60309910899031,1.65811295070322,-0.128913816944695,-0.460788496774194
-0.0572744,1.05047636425304,0.939341873074352,-0.142633373845701,-0.285563269354839
-0.992651,0.70578321622583,0.425577685294761,-0.146590634586088,-0.00904168387096771
0.31981,1.18782695307956,1.0466937201892,-0.15942391719266,-0.358722567741936
0.103367,1.66856464867199,1.72184743990636,-0.134830161865204,-0.242482687096774
1.09085,1.34150010714967,1.23563808591075,-0.228408977320075,-0.929289496774194
-0.52666,1.22063993166402,1.1253652599126,-0.114123547351751,-1.33069250645161
-5.71416,0.520207615878856,0.349775836850705,-0.0262567750765969,-0.273972419354839
-1.7698,1.05244262379494,1.04993965039915,-0.0843918997380484,-1.12002870967742
1.51275,0.870231886853793,0.803410450653824,-0.104190090131343,-1.27180970967742
0.174333,0.73550630761684,0.616161406081661,-0.0779984476907645,-0.487173290322581
-0.834841,0.515339210514472,0.38123498762184,-0.0737144902512741,-0.215839806451613
-0.159817,0.735260876347884,0.663654148353694,-0.0804455382387882,-0.464757661290323
-0.63155,0.654472733356559,0.551175893030479,-0.0569277328736572,-0.241947935483871
0.791219,0.416430568955561,0.246468947115441,-0.098636062394553,-0.876288032258065
-1.85148,0.0411886200154153,-0.209421866082531,-0.101668294509996,-0.279244193548387
-1.09166,0.778306318687732,0.653576146266472,-0.0641873679557013,-0.597079983870968
-0.285135,1.0157371467055,0.983708216948159,-0.0766239182898345,-0.658146177419355
-0.628758,0.863228727266643,0.791274700989157,-0.0394253397557427,-0.338538564516129
-0.713558,0.940389294250926,0.848725650775739,-0.039345859826929,0.00364496774193546
0.904161,0.68897898295395,0.568628046839283,-0.132687700644539,-0.174240459677419
0.593778,0.53919136262487,0.383279996825185,-0.222395309619814,0.129998241935484
0.69577,0.647462974940934,0.507341481207686,-0.121570536361556,-0.0324253387096774
-0.821931,0.513087098915346,0.43061766166232,-0.0934637473814612,0.24406830483871
-0.510441,0.988724658313427,0.968275648384406,-0.135423144008361,0.12379884516129
0.0614215,0.872869125580208,0.789603506147655,-0.0755356131536462,0.218422448387097
0.84079,0.883365861257488,0.789659005244821,-0.101954089124008,0.21576044516129
0.959934,0.734681597488327,0.653900151091127,-0.0945584340096443,0.245127970967742
0.0815769,0.714288043811854,0.629016884317723,-0.0279902565766245,0.445606332258065
0.0784346,0.651505894635027,0.536571419587567,-0.0549900071010079,0.394839264516129
1.79461,0.905674522146177,0.968571316066288,-0.025632316118283,-0.403000929032258
-2.13418,-0.49685251741656,-0.458394565619017,0.104375400491786,0.581286622580645
-0.599009,-0.607584288107438,-0.567736483906757,0.0537386054031452,0.141862380645161
1.26236,-0.444042959141769,-0.388840461158019,0.165001223106551,-0.0855970048387098
0.750766,-0.43395559956023,-0.381156578316856,0.213620745642823,0.228677190322581
-0.0883839,-0.597713758396732,-0.535764591694472,0.0767869179912832,0.438515003225806
0.270536,-0.487504739010526,-0.431815514561863,0.178665202553767,0.279345951612903
0.757217,-0.520425619884881,-0.458542060250077,0.146094800786547,0.100754530645161
0.0319208,-0.633940776962758,-0.558387575484609,0.00656700230716382,0.178528843064516
-0.201492,-0.666283422629607,-0.589032259592887,0.0135807653656752,0.0554309080645161
-0.164431,-0.668583507638393,-0.589637086595881,0.0225742579879661,-0.0633541112903226
-0.225787,-0.663352853128565,-0.581423092787265,0.0331307340057589,-0.0148567032258064
-0.0929977,-0.66101282310329,-0.578276698085093,0.0265225226455123,0.00468018387096773
0.00713527,-0.664205707802701,-0.583393124209852,0.023137385360218,0.0868482670967742
0.00701756,-0.667377137655599,-0.588793642852541,0.0397742896453818,0.270071253548387
-0.127008,-0.623078069626852,-0.54618844054964,0.106145478391242,0.655091166451613
3.06589,-0.181382293224239,-0.118407683761731,0.0234750048972873,-0.283989342096774
-0.590932,-0.738806296594048,-0.677519833653391,0.0686655003514259,0.591682279677419
-0.470274,-0.660839425706031,-0.571561970530598,0.0325565385697449,0.107016046935484
-0.382979,-0.63985796935886,-0.550887406671896,0.0888649045629056,-0.0690567967741935
-0.245445,-0.591719551632658,-0.498797152771156,0.16357715204276,-0.101839869677419
-0.00820037,-0.586296265082181,-0.492127207573081,0.143123029880207,-0.107369887096774
0.283179,-0.617589077279173,-0.53260973045291,0.116488984328217,-0.213117385806452
-0.392684,-0.65331108378078,-0.57646898291611,0.0595755080014666,0.0177544361290323
-0.400868,-0.638616067222495,-0.555956523718615,0.05250732928199,0.0876571051612903
0.172986,-0.613468575419478,-0.521515315023818,0.109163581054334,0.107020907419355
0.199197,-0.616572986526485,-0.527537802892791,0.112948000968126,0.370861348870968
0.344434,-0.711162406284262,-0.699501509094323,0.0863245953991871,0.652802177419355
2.39787,-0.553168192697809,-0.595796213139268,0.12365657368229,0.0981536290322581
-0.175905,-0.6584755957761,-0.556815804453137,0.0475818395855823,0.753755967741936
0.137492,-0.677783190525617,-0.586286850215251,0.0240027347425985,0.385707564516129
0.179882,-0.693963501191266,-0.606780320623745,0.0495822183328717,0.272219677419355
0.139944,-0.664674290278462,-0.568823740835716,0.0549273037432315,0.246253370967742
0.198609,-0.685258748699363,-0.595334702640954,0.0550119285434258,0.220836635483871
0.273664,-0.718844224633595,-0.639955627480611,0.0614291411371925,0.180303769354839
0.256845,-0.727237627807809,-0.645709004041899,0.0673154297178105,0.201047248387097
0.169121,-0.683030414619855,-0.58610475133734,0.0603737396926346,0.219807529032258
0.120429,-0.668384637169774,-0.563744884382214,0.079969235892734,0.240539574193548
0.0669574,-0.680091967931731,-0.577299731110883,0.061242129189088,0.327252377419355
-0.0151881,-0.639065654645266,-0.523951711021546,0.0590807037446381,0.562589974193548
1.53358,-0.577558351976123,-0.508584765315682,0.0640070427212541,0.245529687096774
0.606098,-0.677139961314408,-0.586413054693664,0.0349355986570047,0.541656432258064
0.22461,-0.600914139849366,-0.51087901048777,0.10817209273068,0.513703990322581
0.337256,-0.562349356152241,-0.475965529894789,0.140426638794887,0.377433212903226
0.422974,-0.607543711010675,-0.517918497679154,0.112675381820214,0.284712191935484
0.163968,-0.639959848595172,-0.545286111736347,0.0709475549369073,0.295067258064516
0.177475,-0.682187939515767,-0.595321680030861,0.0336091307863925,0.205676129032258
-0.100862,-0.685422328180117,-0.596572435874859,0.0444815774606503,0.313929387096774
0.19991,-0.571648283132755,-0.477444443488635,0.190305433569807,0.324025677419355
0.943156,-0.5593869976134,-0.468337865135984,0.138743792035777,0.173035741935484
0.465666,-0.588887281547715,-0.533805086984107,0.0794851136483472,0.253936574193548
-0.349146,-0.628030196436644,-0.568337584959873,0.0549382486669286,0.40100490483871
0.81308,-0.731624830256901,-0.93840846864101,0.188308309735049,-0.0901865870967741
-0.600892,-0.369157295819022,-0.286500135748605,0.142694723897126,0.28698674516129
0.167718,-0.705187054670771,-0.680885877781432,0.114304688740862,-0.0112904564516129
0.0886496,-0.638858742462164,-0.571531795552574,0.0533721027217184,0.0323899370967742
0.0406939,-0.638893624158348,-0.571562717480095,0.0507432910923789,0.0421052790322581
0.0343994,-0.642348013791897,-0.574888731047373,0.04724041012015,0.039981064516129
0.003921,-0.639905828090478,-0.571766368157589,0.0502245862568374,0.0410996903225806
0.0423353,-0.637190472975016,-0.56837716361075,0.0508984081480223,0.0447233387096774
0.0854779,-0.639840000305452,-0.572099408301066,0.0563981867366508,0.0350131580645161
0.0548883,-0.643910299946322,-0.576298789277988,0.0514951433597544,0.0396888741935484
-0.0167478,-0.647079996489409,-0.577347172374575,0.0645306212095513,0.0595297193548387
0.0358512,-0.639416828762937,-0.569907990654119,0.059189198591055,0.0546657806451613
0.115659,-0.629104404877854,-0.550782060779371,0.0685960459130584,0.0583911983870968
0.0354948,-0.654144544271365,-0.58588023196847,0.0645622012138113,0.112597946774194
0.0767343,-0.648019894391699,-0.573151570684461,0.064690744975171,0.139394224193548
0.122885,-0.609240206924939,-0.527304357820177,0.0788403481004198,0.195103603225806
0.100424,-0.377781066925532,-0.29957371883482,0.175945034090506,0.320985641129032
0.873594,-0.462760731217606,-0.320360019196108,0.159867696414618,0.145124743548387
0.355743,-0.69749722026343,-0.654631060184117,0.134527326114125,0.257271229032258
0.0090416,-0.643128012806477,-0.561494706445694,0.0799593234643795,0.228262346774194
0.0305344,-0.651431200777232,-0.562544404543193,0.0911333550057154,0.119506011290323
-0.00875625,-0.648592881398604,-0.572055653684227,0.0907358200535424,0.0850608629032258
0.0454384,-0.645152295782766,-0.568994770850987,0.0880021793693462,0.0511841580645161
0.0446242,-0.652492338384614,-0.56076782796653,0.0961955421585955,0.0437469322580645
0.0579228,-0.645361962157485,-0.555600979311478,0.0840655447498447,0.0385745032258065
0.0829045,-0.639154869249813,-0.553744121976733,0.0855393911266556,0.0562717532258065
-0.0392019,-0.656106129805703,-0.582044912895892,0.0795103384841836,0.122878050806452
0.0174124,-0.648751257233915,-0.567824039096401,0.0792473150638247,0.17675629516129
0.0913636,-0.639927672533633,-0.558809970083963,0.0825929531578507,0.292610341935484
0.0138058,-0.623391193356763,-0.51663155132085,0.121854364032532,0.596235158064516
2.10518,0.356987603367658,0.362573312774054,0.150322087410791,0.0777236209677419
0.292877,0.314762338476614,0.249171646830132,0.123521781422803,0.520031320967742
-0.0222313,0.328086907488942,0.315563654187117,0.198862244930676,0.289024480645161
-0.504608,0.192758392654783,0.160634218576514,0.130437098714554,0.301628409677419
0.370784,0.301757332118807,0.231819815009578,0.0855447166427643,0.029546264516129
0.561595,0.552020670319742,0.60208773423844,0.22136384155987,-0.0676603112903226
-0.126223,0.361013178697135,0.288588176363119,0.10830820562351,-0.0355522387096775
-0.749795,0.365428165229315,0.261700305088759,0.0992810597083236,0.0334042741935484
-0.246871,0.197597849072657,0.102997962601066,0.0948739747301648,-0.0865642483870968
0.204959,0.251635133218804,0.178104329094962,0.108114531488453,-0.0714533032258064
-0.0971341,0.427926487930598,0.435845306206227,0.232683024080561,0.189612687096774
0.960107,0.375568627644111,0.299542766080628,0.133828088879324,-0.1329797
-0.0752293,0.439288639757998,0.406477466438206,0.175276639737607,0.0911403741935484
-1.03606,0.25805077872957,0.171968735895211,0.101936448275309,0.378656577419355
0.775436,0.25150357651945,0.159356521052729,0.030614938198451,-0.0634898322580646
0.975132,0.501754274550082,0.549747186197253,0.16572385952556,-0.128543440322581
-1.27683,0.243586783904812,0.147750999191364,0.101650567464117,0.531834038709677
0.516369,0.379782928587548,0.287504343169457,0.088709515799569,0.0255545919354839
1.09156,0.367821253007287,0.298481085552267,0.0841365991776027,-0.10117485483871
-0.244762,0.386578033244467,0.340496555001044,0.119286565895463,0.139347322580645
-1.18874,0.331533988948552,0.26348843968318,0.0961104206490371,0.356241709677419
0.864846,0.425863455696331,0.338622754023425,0.0668335155149877,-0.16334514516129
0.776618,0.523189210151998,0.4962955456807,0.122594551570858,-0.0906701129032258
-0.321953,0.510459609358595,0.431043956152075,0.0976613384935205,0.036338
-0.936252,0.429588946088869,0.319637350492039,0.0491758512559007,0.0978355016129032
-0.106414,0.341510022323003,0.248064063167439,0.0746676778851116,-0.0198172870967742
0.835961,0.483999371655284,0.469277811246233,0.0789569623956844,-0.135594864516129
-0.274606,0.260212815301615,0.150081488368919,-0.00826725693056165,0.2913364
0.097936,0.356454092124849,0.286304015670888,0.0128777066085064,0.230872912903226
0.0844511,0.433790283385775,0.380742696042629,0.0598659797387403,0.479703064516129
0.940386,0.440889056780831,0.356283568318261,0.0332528383070767,0.471330316129032
1.04712,0.814333051986243,0.853875077490197,0.0222996532698688,0.596313625806452
1.05272,0.506559618258724,0.407769804568822,0.0223788031108568,0.542253909677419
-0.527984,0.725780013493055,0.76674953159813,-0.00368066817978886,1.03492777741935
1.59865,0.707379566960831,0.536005174015061,0.0783397049623738,0.385205388709677
0.359646,0.786025965367923,0.788589821347041,0.0440304026868324,0.843006209677419
0.837627,0.404572306382665,0.317425457585909,0.0721435962843011,0.653895387096774
1.62837,0.600632173489204,0.612740556468688,0.0496168298915682,0.209335403225806
-0.146156,0.569578507892331,0.612109136318554,0.0876995685498614,0.360766532258064
-0.921505,0.638262282036204,0.747953060677396,0.00176710432815658,0.27178013516129
-0.335007,0.523082859363253,0.491471352109804,-0.0015481940066507,0.0683534316129032
0.428716,0.474221442021533,0.277346675761682,0.0553912293384574,0.0275009761290323
0.501375,0.483768038828863,0.376710987640677,0.0177899280126092,0.136491113548387
0.211211,0.34175824274274,0.226304237064354,-0.00834836402443369,0.233677856129032
-0.00408362,0.662493324048045,0.62452319087605,0.0564403992110905,0.313698338709677
-0.104272,1.01824198935643,1.26947459631775,0.00709596936493135,0.516292598064516
1.44066,1.05850586235019,1.1047176629515,0.0581284671070433,0.163642740967742
0.822072,0.769178800526089,0.649543904658068,0.0752436068695284,0.249984311612903
-0.141777,0.417092008547405,0.238320197451938,-0.00455212508426341,0.235128521935484
-0.926086,0.410899156056205,0.327300389632548,0.0482013729955762,0.279203057741935
0.65001,0.55268725544187,0.518421518084592,0.000655566869957009,-0.236812090322581
-0.0440511,0.659055678761409,0.597725040112221,4.7823998006305e-05,-0.0465335645161291
-0.459637,0.857168683627518,0.907153645153803,-0.0038464319720944,-0.0189268322580646
0.826355,0.667505940685885,0.682656714731881,-0.0416004558460374,-0.616434158064516
-2.40948,0.429009716901144,0.481529586771764,0.0236141237534575,0.399734203225806
1.09936,0.425682378690658,0.312121032980993,0.0128465422560335,-0.609828938709677
-0.211697,0.379916250676267,0.163280238301093,0.0431586986252376,-0.038298614516129
-0.422786,0.903755973388233,0.906704788909692,0.0839910912258781,0.0595642096774193
0.330752,0.400017879322348,0.387499981046239,-0.0238468023884871,-0.0822595741935484
0.174663,0.32845316388184,0.367076342788502,-0.0351705089113977,0.030152464516129
0.505192,0.543550495450664,0.464296419524048,0.0241573123387829,-0.211283296774194
-0.621005,0.255686801642218,0.0591773695009558,0.000805483220261374,-0.0921754161290323
-0.737994,0.650343820222077,0.681964437737591,0.0292657497556725,-0.207601074193548
0.0770874,0.807935894108008,0.882613491894484,0.0194514582522132,-0.518296258064516
0.700026,0.274137504017584,0.170858360059,0.00259101971913555,-1.03967661451613
-3.39338,0.445640909980782,0.235713721390664,0.095208647438702,0.00103413225806454
-0.28313,0.553829224967736,0.461865506054346,0.0324932847165834,-0.931273893548387
-0.607919,0.920038348689395,1.00783262313238,0.0419856272402168,-0.413421761290322
0.235712,0.902216320609093,0.985032547725346,-0.000609727458042553,-0.394961993548387
0.0289485,0.480300110798311,0.384562955616967,-0.0302264967145528,-0.221366516129032
0.328482,0.603084568577592,0.461330618503305,-0.0308839768905182,-0.421592
-0.188216,0.692044774293618,0.613094442121121,-0.045833666619416,-0.539199758064516
-1.11179,0.57902388298195,0.489441754677695,-0.00361983041007276,-0.672415919354839
-0.514107,0.736174268416812,0.607486979232094,0.0156985952818624,-1.3530569016129
-3.68812,0.817970238290144,0.810521944085966,0.0475950526108835,-0.509603011290323
-0.757816,1.00270910087342,1.05592926246336,0.0715486477973968,-1.16765082903226
-0.191957,0.668614403378896,0.579413149897857,0.0673693215180598,-0.7937389
-0.139636,0.703261605146774,0.652771481886163,-0.0535592997240555,-0.308699767741935
-0.0831489,0.847519181221629,0.766729015103819,0.0162878628318079,0.0229146548387097
-0.0228494,0.813744582491651,0.679533227393964,0.0538155425211327,0.381759203225806
-0.209771,0.562275745851445,0.491282339423742,-0.0395953215892847,1.10683199032258
0.296735,0.407227255747362,0.318556006459565,-0.0227747964499922,2.08544127741935
8.64573,1.79804905087379,1.8561316381695,0.130653102926924,-0.114009361290323
-0.32249,-0.0300579493871563,-0.10873200398146,0.220286967998104,2.10055305322581
-0.867363,-0.769751726843213,-0.66129072554267,-0.0605152004235082,1.18216597741935
0.465725,-0.624289490543455,-0.541981794131726,0.0262971785799578,0.333661216129032
0.426557,-0.589772545848372,-0.526080363563173,-0.0664540697693097,0.120985288709677
-0.358111,-0.637583375850213,-0.548735251984435,-0.0425448299689281,0.133916690322581
-0.341337,-0.650140313076529,-0.542655835470774,0.0346568882149992,-0.0770591032258065
-0.205196,-0.737008356086711,-0.621840576555314,-0.0121289634500578,-0.072448714516129
-0.0061796,-0.710825962373678,-0.603979142761793,-0.0457737360314098,-0.0318222483870968
-0.0162279,-0.55986235248387,-0.471043043882367,0.0927969931718595,0.0841298451612903
0.380959,-0.50158849899634,-0.418257649200376,0.102141617489774,0.0321312225806452
0.369538,-0.60509601843459,-0.515882930641587,0.02418507497733,0.135133441935484
0.0299295,-0.624141895290579,-0.526886471281308,0.029128585410591,0.206461116129032
-0.171579,-0.686626766712916,-0.575639262159919,-0.0295265748555097,0.294789832258064
-0.216703,-0.700777393910972,-0.586203133093555,-0.0166193998854763,0.537637437096774
-0.869534,-0.589089578314612,-0.503903169421658,0.00518938698225834,1.49577153225806
6.68884,0.479778180027873,0.576738934092071,0.0141346818210268,-0.591016032258065
-1.29788,-0.657712475305539,-0.603952940514842,0.0218977314986245,1.57997339516129
-0.379487,-0.705051357835057,-0.611637450720496,-0.0106687508433682,0.630418870967742
-0.032175,-0.590167469843325,-0.496178931924313,0.0212346200879601,0.508044822580645
1.28186,-0.499740261013052,-0.432890079185,0.110875163373777,0.148665709677419
0.627049,-0.499808056869898,-0.434295076894474,0.161109147181202,0.204008903225806
-0.979123,-0.627536512828456,-0.522812503158619,0.0383567633459597,0.467400629032258
0.134421,-0.649099598318689,-0.550990025044575,-0.0238379423010766,0.269076177419355
1.27552,-0.767602811111508,-0.675232481929315,-0.0260198744535997,0.040976370967742
0.16282,-0.590800529774793,-0.515113125136874,0.0101174533764168,0.347653822580645
-1.01606,-0.552641340849948,-0.446107351189883,0.101605451792841,0.766605570967742
-0.097327,-0.634938283070292,-0.551705086601094,0.0439698394016859,1.02699753709677
5.19671,-0.323605272702949,-0.778236435429542,0.0327137138796383,-0.387192909677419
-1.29771,-0.599927830633742,-0.512868038470187,0.0177596563592794,1.39211824516129
0.295539,-0.653309112215287,-0.543218470668855,0.0152738563259801,0.355353248387097
0.0970924,-0.66387175684048,-0.563787558823067,0.039757485104624,0.285560246774194
0.0944275,-0.683793418634967,-0.587507626994677,0.0431502124027978,0.219106525806452
0.164834,-0.674106821405842,-0.588541337730223,0.0313567021672727,0.163758590322581
0.192926,-0.586437986432774,-0.519281508307369,0.0784228838181747,0.0825564629032258
0.126103,-0.522643288512018,-0.45033084972448,0.106944745252968,0.0867134725806452
-0.0717567,-0.587032166415716,-0.478857381162981,0.0302761886252846,0.114857012903226
0.0199106,-0.748571892134397,-0.633007820990273,0.00347610745965667,0.167574159677419
0.233573,-0.729277444028175,-0.641374826557161,0.034395009424763,0.177751825806452
0.0536163,-0.686186405276186,-0.58474121786143,0.0494484100363978,0.346933303225807
0.0506113,-0.672222408930003,-0.56411674269272,0.0450880470890313,0.572425690322581
0.111954,-0.690542448875451,-0.587467008905789,0.044668882767227,1.03876278548387
4.74063,0.593168805393689,0.539586090157961,0.191652695813457,-0.379075625806452
-0.970828,-0.834068774210254,-0.690641157510814,-0.0195037051659748,0.896260358064516
-1.27097,-0.680437309150748,-0.578653833936567,0.0280827514347284,0.350139608064516
-0.589336,-0.62986244404536,-0.525343055588869,0.0269421852744344,0.164139433870968
0.441321,-0.603655048444173,-0.507847013746734,0.0340689487152958,0.150993906451613
0.775345,-0.645657898347229,-0.548157914709592,0.0170978995606191,0.322208780645161
0.0134134,-0.612302859923558,-0.512884346914394,0.0607394548100871,0.792563774193548
1.48481,-0.439172080026312,-0.379637581400361,0.103001978107695,0.627424877419355
2.75458,-0.587734098447241,-0.526112858602462,0.0278140317941223,0.0788419870967742
-0.712371,-0.318521503936823,-0.278603359027229,0.0936794452793933,0.584253912903226
-1.77127,-0.232130293663175,-0.143601876367544,0.143823184004868,0.493564279032258
-0.328598,-0.562229566757585,-0.460564858779277,0.0353544145170361,0.273537635483871
2.53529,-0.707451822770473,-1.69107887898449,0.194253410489907,-0.360612691935484
-0.558842,-0.460119408741308,-0.204432694427196,0.0640028141011608,0.579268717467742
0.171946,-0.723188751794971,-0.626390105813565,0.0626871096242259,0.125834941387097
0.0875935,-0.681341978431543,-0.596867045557472,0.0765047286300431,0.118216832774194
0.040393,-0.606474416736802,-0.494861703792135,0.00787654742826971,0.108643741354839
0.0599991,-0.607503243893457,-0.477323763562156,0.021288788462991,0.0721855004516129
0.000592283,-0.660477731834415,-0.515213610911732,0.0521806649677625,0.0562394096774194
0.0644004,-0.702978214322885,-0.569670556050591,0.0509341209113187,0.0533435181935484
0.0788989,-0.713472542031846,-0.60497874526911,0.0618399150518183,0.0500142316774193
0.0721107,-0.723139684849028,-0.629878801728639,0.0755578712788214,0.0516275182580645
0.0385783,-0.732392453225457,-0.63244537715773,0.0783229575786826,0.0553318123548387
0.0410928,-0.668295401417968,-0.550874335185249,0.0591506684262811,0.0480430208870968
0.233357,-0.399702190773507,-0.733894503679804,0.181155276240883,-0.0525058447741936
-0.436121,-0.54354028034585,-0.308044144146672,0.0651132301365731,0.144877373354839
0.253379,-0.731307044540623,-0.617993223518,0.0800592317083203,-0.0608144968387097
0.0402099,-0.7152046154741,-0.585103727502895,0.0704891690278737,0.0397584176129032
0.000860412,-0.721851113793192,-0.573900189626165,0.0650005201872893,0.0503772919354839
0.056229,-0.709009576412212,-0.5684547555464,0.0567029568900765,0.0370917901935484
0.0508664,-0.708885560705201,-0.572103880757857,0.0686962461916205,0.0442245838064516
0.0500522,-0.733732379368546,-0.604091677545896,0.0778248820258792,0.0534818233548387
0.0785654,-0.727055365555482,-0.591260630398732,0.0645008994185391,0.0517727536129032
0.0257441,-0.724842972131159,-0.584105483743232,0.0693524750093288,0.0626937743870968
0.0095844,-0.719813358391907,-0.590727780732346,0.0819918766725457,0.0808686967741935
0.0523967,-0.709795534002269,-0.574077590011734,0.0728164099847845,0.1131379
0.108808,0.263454634011295,0.207098785958532,0.116308575637938,0.162311032258065
0.819514,0.484103204706983,0.425709453489627,0.06160789352427,-0.109138319354839
-0.734018,0.299667027646157,0.166297037307606,0.135161884880297,0.328211733870968
0.0964286,0.41496076417456,0.366098252130133,0.0709257342816339,0.0800063741935484
0.636189,0.42269481103407,0.333020590994092,0.0618897837156598,-0.0443067725806452
-0.0600702,0.516048855102604,0.467663680049299,0.107070779161697,0.124074229032258
-0.546825,0.429824140044848,0.313359608757324,0.0775917580576811,0.279133177419355
0.813501,0.296095365201308,0.14260177261879,0.0357262896383089,-0.105247432258065
0.460797,0.461894832191031,0.488557537866405,0.0494870215247112,-0.0537830645161291
-0.805677,0.511284332937337,0.439019023216478,0.0953365109984883,0.210259983870968
-0.0602566,0.508225381720517,0.378286288700918,0.0129109564019832,-0.0765638741935484
0.081505,0.382723578466716,0.275127560536929,0.0402829421655448,-0.0231996548387097
-0.148494,0.404384828762423,0.352951838511839,0.0469817611220108,0.167383712903226
0.239361,0.444333995339976,0.394249873256457,0.0406066036547373,0.180752316129032
1.25393,0.0782172265869444,-0.0270438883519629,-0.0148524201697722,-0.152359413548387
-1.22422,0.417173005159534,0.368533674511452,0.0607821707102428,0.608168945483871
0.941514,0.36746044027545,0.271868052646586,-0.0166199645615368,-0.109090009032258
0.196012,0.561969764174847,0.490346161217989,0.00313126884436513,0.139699530322581
-0.105109,0.578440136176165,0.465417012431785,-0.00211377886375816,0.133449270322581
-0.00635944,0.601080860239629,0.564421686573693,-0.0554598627023967,0.0341755532258065
0.0207641,0.692981318729471,0.651351122306231,-0.0426953022813483,-0.0148307329032258
-0.260872,0.475090777449046,0.259510302918879,-0.045953085969889,0.104937875483871
0.216266,0.461629055166237,0.331434871898766,-0.049928431023659,-0.00483055419354839
0.301804,0.408911777173412,0.361081747987357,-0.0614001150493146,-0.00375905290322579
-0.0529353,0.616634783377472,0.572421157652524,-0.00875910406077656,0.0694832541935484
-0.0772598,0.619538062798089,0.417801080141141,-0.0474236629795597,0.0501042403225807
-0.196731,0.481202086377935,0.382700004269157,-0.0480395194243668,0.122384419354839
0.0451082,0.46145766237178,0.445232815119477,-0.0457703799696801,0.173725829032258
0.590181,0.473391610817329,0.422916582159992,-0.076276884982746,0.154744861290323
0.206499,0.924852836088322,0.978371004072322,0.00217626013448832,0.364976979032258
1.18802,1.08328539099606,1.14304383706014,-0.0254914138578236,-0.053165935483871
-0.776618,1.04928394791035,1.09762706559856,-0.0103940401757181,0.436428151612903
-0.365089,0.774685054850621,0.631021240824739,-0.0856800845401934,0.324533777419355
1.58791,0.619995678705126,0.482273728601234,-0.14171095056905,-0.223269467741935
-0.69165,0.567481778213554,0.434694542153284,-0.113462977154031,0.455058290322581
-0.653171,0.790715600059848,0.672550092289822,-0.0400014377327022,0.530878677419355
1.35511,1.05338989586671,1.11224135774732,-0.0158333190384512,0.183185951612903
1.02046,0.936055084115509,0.85776296042572,-0.07778697746407,0.45222935483871
1.28681,0.715577336919194,0.712435834790243,-0.0667503159153921,0.123507193548387
-0.793905,0.771150776879144,0.675411206864482,-0.0551292594348239,0.391055225806452
-0.3017,1.34824229790301,1.46145732757635,-0.0178572620862419,-0.0250771774193548
-0.346199,1.08974376698716,1.12083957716792,-0.0521754487439082,-0.0511748387096774
-0.800825,0.521776712162274,0.263050632294734,-0.0290224052214873,0.264362629032258
0.999806,0.582677251015784,0.341364529817405,-0.0944120236500497,-0.0092925322580645
0.870816,0.965641070195788,0.986244676091006,0.0133892549434149,0.201803967741935
0.919254,0.869791454665759,0.760151960015285,-0.125828358547432,0.00326198387096779
-1.04469,1.22748720429795,1.29201913507754,-0.0108920478109468,0.301669209677419
-0.626253,0.855116693402233,0.791530156793785,-0.0265171733200105,0.0942783225806453
0.658633,0.673072540997676,0.440157083564511,-0.0620311135053009,-0.184163596774194
0.540853,1.07675499572355,1.10231946799529,-0.0203095124997359,-0.194533741935484
0.476963,0.739978935926227,0.604180199615987,-0.137666027849996,-0.619632451612903
-3.38883,0.566147061723107,0.422365314534124,-0.167639252848518,0.365323548387097
0.529069,0.906071929954986,0.879742585232328,0.0533337513499488,-0.701263322580645
0.568801,0.96654425854799,0.967588054436968,0.0140816283927137,-0.400606774193548
0.105594,0.682347308919446,0.595369704618913,-0.143262540268298,-0.407244209677419
-1.16245,0.656776856760675,0.55102537912432,-0.0749349230253479,-0.218433790322581
-0.758496,0.595819581832016,0.526978394508719,-0.151070264281432,-0.394686596774194
0.294049,0.413654943447852,0.237143159324981,-0.14751039015705,-0.684146306451613
0.215707,0.354731624599042,0.162928987175796,-0.128768032659583,-0.943536564516129
-3.46241,0.669919660222818,0.554173116657981,-0.156659845336419,0.0678812419354839
0.24715,1.02639019882097,1.06776633945863,-0.0444166734490733,-0.889411741935484
0.264267,0.902404592432046,0.975150831822231,-0.0625050494481335,-0.4919505
-0.339748,0.662337457705948,0.572719366188721,-0.192775830326625,-0.273252435483871
-0.222484,0.733477240157048,0.606412186242899,-0.105481618101998,-0.352405387096774
-0.606353,0.693156880274915,0.645989608586115,-0.1237491989562,-0.222624177419355
0.624976,0.401406424543576,0.204535165511746,-0.139278981194217,-0.691597677419355
0.942819,0.400948144237677,0.190427620021122,-0.109247233009731,-1.39050253225806
-5.99792,0.501515315158072,0.470288113356267,-0.0575666410395097,0.447090241935484
0.119615,0.586429751384361,0.432122188841904,-0.159992246834338,-1.1376995483871
0.596353,0.638824710014471,0.473417660683054,-0.139274454844889,-0.439415467741935
0.412862,0.890324691538471,0.845572600555294,-0.0729070035661848,0.0898623225806451
1.74388,0.900326412053879,0.889235996242204,-0.0221790807643628,-0.354835548387097
-0.979061,0.727746462879041,0.68640126789326,-0.0434544380481565,0.2190983
-1.03986,0.500963353883935,0.381051806544217,-0.148227774694626,0.0965731258064517
-0.149982,0.394469199594758,0.156457409883116,-0.108873335615424,-0.030881941935484
0.943774,-0.280058600090277,-0.212659962475238,0.0618292517499973,-0.204870440322581
-0.105623,-0.639955852695941,-0.537351725136049,0.0629222920481428,0.144863125806452
0.0261626,-0.620534841974965,-0.531352076474828,0.0715228234181318,0.00648992580645159
-0.0426124,-0.567261996567167,-0.478464062839713,0.0826944585235567,-0.00138302903225807
-0.116855,-0.681495930656308,-0.569173564077142,0.0324365445323471,0.00648604564516128
-0.0829265,-0.734568932826882,-0.624327744193561,0.00354707567750888,0.0077753606451613
0.0102384,-0.684613035379113,-0.579703341643851,0.0504455192839282,0.0131940906451613
0.128728,-0.656031531186773,-0.552823080806351,0.0542883612267103,0.0245715490322581
0.140045,-0.648137576470409,-0.554398751117312,0.0518634200085251,0.0371367335483871
0.00947323,-0.662959440926401,-0.564337110610517,0.0561814094541079,0.071083235483871
0.0827083,-0.320143390303489,-0.202278987169765,0.0584314761612354,0.0312026996774194
-0.0798725,-0.68546579736892,-0.598635021756326,0.0438626047604902,0.0844701990322581
0.0619218,-0.607917947016949,-0.509322908900323,0.0360825093070902,0.0645424567741935
0.151359,-0.63574742494663,-0.539181404049964,0.0274313026256399,0.0576989429032258
0.143613,-0.682450542317188,-0.584511048341306,0.0340740293681897,0.0479668746774194
0.100097,-0.682857387029208,-0.587578848778105,0.0409762561195439,0.0321529435483871
0.0338925,-0.664809589420475,-0.564117446241665,0.0407665009235634,-0.00251374032258066
0.132394,-0.654015800184825,-0.552827358775252,0.0286450821385292,-0.141316116129032
-0.763201,-0.715432951495046,-0.599601334383915,-0.0519333844089024,0.087558935483871
-0.674438,-0.640665947042876,-0.540460496986868,-0.0426365499964471,0.247664709677419
1.1144,-0.442424190261193,-0.39556711453917,0.00882594444568411,0.00260911612903231
0.900541,-0.430242174106387,-0.380387596121694,0.0234536015184706,0.219713133870968
0.304291,-0.430344980394744,-0.453044371979592,-0.0182797304543389,0.280506580645161
-0.134701,-0.704251642856701,-0.588681390599887,-0.0273150039339796,0.242291582258065
0.045409,-0.727163621279634,-0.61545916604813,-0.0412933824276989,0.0838312951612903
-0.0340748,-0.674822939092754,-0.580710973637989,0.0210563915576847,0.0716323467741936
0.0369074,-0.65785201146896,-0.572038080586189,0.0358347307290571,0.0168281516129032
0.0137404,-0.655745079489402,-0.571335795374707,0.0378104472015902,0.0114624290322581
-0.0254849,-0.670254647536599,-0.576101513750771,0.0333709935825043,0.0196516193548387
0.0078481,-0.698950573058645,-0.603116662430946,0.0187369185129982,0.0213266016129032
0.0454253,-0.674293185505506,-0.588290816773107,0.0351398511559192,0.0301658290322581
0.116741,-0.6587537168877,-0.571313319865945,0.0322373937349808,0.0140107419354839
0.106016,-0.660174229962032,-0.569869264292162,0.0302637129600801,-0.0140565241935484
-0.284491,-0.397978591423668,-0.414972975942793,0.0255964457605155,0.0872142209677419
-0.0206193,-0.665267065747027,-0.526569885452491,-0.00924430588422906,0.0440486762903226
0.317108,-0.653698573860462,-0.574379139905803,0.0219327206394451,0.00729172516129031
0.144561,-0.639424835564156,-0.561483908139027,0.0310007831778163,0.0692579277419355
0.0623305,-0.653124501918626,-0.565919403005776,0.0245648884732508,0.0393059458064516
-0.304675,-0.723467106515605,-0.623508601376803,-0.0144476599474804,0.146988005967742
-0.00110477,-0.674370389148269,-0.590907962132446,-0.000573918204285809,0.144659369032258
0.764242,-0.6145245261276,-0.55689226698554,-0.00628807107480228,-0.0263626283870968
0.110456,-0.499449839449949,-0.442402382074048,0.027188816561785,0.125697299354839
-0.26167,-0.543588158567064,-0.464520382959625,0.0354644095618154,0.137623142903226
0.00203429,-0.664182450769567,-0.571191047746792,0.00491613720855279,0.0194441783870968
0.0842876,-0.56899713426275,-0.498013132870262,0.0315891561213432,0.0155370140322581
0.114393,-0.618836029371158,-0.539423027350764,0.0318916677662359,-0.00491004967741937
0.128186,-0.687052404287882,-0.597954856504138,0.0165883247550039,-0.0931723716129032
-0.217952,-0.7392207158196,-2.03458552265602,-0.082343594481466,-0.0959447099999999
-0.582058,-0.341931158877014,-0.057701705239134,-0.0109471617112705,-0.0192914573709677
0.235051,-0.516668088135028,-0.474839764105557,0.00087671191640926,-0.265685509096774
-0.057003,-0.699706904882785,-0.740605118458939,-0.0770248858074793,-0.194968742387097
-0.559031,-0.784890039980738,-0.868986082708433,-0.0665108277799141,-0.0847397363870968
-0.215647,-0.709171046064192,-0.699668539296595,-0.0468759744406237,-0.162872790516129
0.000118153,-0.633059364373631,-0.502002274609452,0.033461998501819,-0.13926551483871
0.00487253,-0.651626308903063,-0.556238352495648,0.0251956039464439,-0.12610844116129
-0.0319167,-0.643164755929282,-0.544331936982473,0.0299937567576379,-0.156600733806452
-0.0925236,-0.662951767542686,-0.543717730866439,0.0385838790618255,-0.231067363677419
0.0161143,-0.667767467610389,-0.537083980671055,0.0290348521507673,-0.454514809903226
0.143345,-0.651964910408437,-0.51017089452962,0.018618629507904,-0.92806473333871
-3.08065,-0.739646757167524,-0.96445278550423,-0.0510619604478909,-0.208591832741936
-0.811115,-0.701567143708339,-0.712183507212797,-0.0409949759216005,-0.833331987419355
-0.324396,-0.642032293629878,-0.542985979757531,0.0269671819563974,-0.547410097419355
-0.00335444,-0.633991374361106,-0.513711485056075,0.0310217275442951,-0.285982608064516
0.143763,-0.630518788380078,-0.505397984577962,0.0168986943048006,-0.075761855483871
0.372827,-0.518242630132689,-0.33456168418869,-0.00873584190134505,-0.0204893229032258
0.526029,-0.517958463612527,-0.387433523342091,-0.010299756263597,-0.100388089677419
-0.46927,-0.622035032939616,-0.563414242199512,-0.0053677447874992,0.0161347019354839
-0.48027,-0.604217111355925,-0.507786655239455,0.022720818871634,-0.127552139354839
-0.121825,-0.710012898429182,-0.695710172662514,-0.086631250597872,-0.269858909677419
-0.0408205,-0.674791246306158,-0.603216069644195,-0.0126741122880394,-0.339057722580645
0.0533482,-0.635498923553486,-0.499212748029633,0.0213891188843109,-0.578482758064516
-1.92717,0.522466574122661,0.374964726403522,-0.0743127869068423,-0.0572674935483871
-0.466913,0.910796446838201,0.847337629234197,0.0249480683842873,-0.323133209677419
0.582543,0.776500442853558,0.734959987019415,-0.152099698921574,-0.310885812903226
0.488331,0.862079897882298,0.776653213036195,-0.0695698641058953,-0.180022782258065
-0.641422,0.597781945684719,0.43092745743876,-0.140298268819472,0.138969925806452
-0.0206978,0.746871016229987,0.661922710261758,-0.108560338180885,-0.0300210967741936
0.640625,0.788784523226305,0.647202215768194,-0.0200829016505898,-0.206644996774194
-0.277258,0.4472179555385,0.349111058901948,-0.029455416566545,-0.0314297483870967
-0.683642,0.448933350428337,0.47345897277782,-0.0772789198433674,-0.0272297774193548
-0.50638,0.464947173239051,0.431546628384526,-0.109224838623323,0.0235656516129033
0.741012,0.414355559799877,0.231719319390582,-0.0662122331853523,-0.198406383870968
0.447814,0.489818028625176,0.482015854639137,-0.19808664899558,-0.0989412096774194
0.103057,0.44880064238146,0.359787380306846,-0.0931288133361278,-0.2565515
-1.3232,0.348812687005367,0.113065058187897,-0.16724238769831,-0.0439902258064516
-0.466808,0.630667594404656,0.531247687672191,-0.0602200098454723,-0.348021741935484
-0.644564,0.570007846361949,0.520098607564752,-0.183443716835343,-0.040263693548387
0.802,0.501527758444041,0.344981127876808,-0.0870787235811149,-0.262834161290323
0.550669,0.583382836560995,0.485524832895212,-0.137477873061403,-0.16015085483871
-0.910362,0.721646951966548,0.649040390298002,-0.0597006291366156,0.189336193548387
-0.482432,0.720634231270852,0.628597566676268,-0.11469643402617,0.151042351612903
0.878271,0.846340999659639,0.728449277786107,-0.0758983785077805,-0.0459915225806452
1.03602,0.953108160895812,0.83933443886466,-0.0652176294882784,-0.109363214516129
-0.354142,0.831703523746155,0.726376460941906,-0.000211414794661351,0.0161013774193549
-1.39584,0.592428880483379,0.572281579132203,-0.123904910060766,0.156317287096774
-0.0592462,0.488182033531407,0.290386079703291,-0.144045940606621,-0.112285306451613
0.94689,0.709147694699817,0.61228499112224,-0.108363577200953,-0.237752212903226
-0.0590925,1.24201928845206,1.37418116420349,-0.128809794485412,0.0526900870967742
-0.266385,1.06980753446353,1.10066127523068,-0.1723599850106,-0.0253183677419355
-0.426115,1.24537253888603,1.35998444287399,-0.134156285182416,0.0291643806451613
0.026967,0.718641867592328,0.761299533932785,-0.267494570963785,-0.00641958387096775
0.567365,0.472165386767447,0.255687975742142,-0.131526319508633,-0.122248822580645
0.274621,1.03943365876573,0.974740374438497,-0.0209732587166798,-0.185518217741935
-1.03317,1.01211545368781,1.0819990265512,-0.20919538251276,0.0849537580645161
0.267328,0.277199091640005,0.109542442147197,-0.166400818310733,-0.454692274193548
-0.724042,0.260374438931614,0.179816652813536,-0.21675494186161,-0.172297564516129
-0.114948,0.214970451103496,0.187735249721644,-0.286389481523759,-0.413403564516129
-0.981223,-0.218971168508386,-0.444644676472209,-0.277822796230509,-0.0448165
1.28235,0.282967444817622,0.19510852240862,-0.194691693791345,-0.807091709677419
-1.89,-0.031082132315838,-0.249828032830565,-0.178879496185819,0.206158774193548
-0.614966,0.70897060856776,0.810645582862294,-0.0635488672762361,-0.0182688870967742
1.0618,0.598009591929981,0.665988824163067,-0.125084594291612,-0.124645032258065
0.513952,0.332747832926097,0.276470024757939,-0.11634167162221,0.269054370967742
-0.141228,0.121875815838094,-0.0593527517433106,-0.23096646645322,0.595494580645161
1.32628,0.944801599088388,0.819503824106,-0.0481089722337198,0.202823677419355
0.539295,0.825925625495669,0.720270036991274,-0.175639589345703,0.380286806451613
0.70234,1.59291123774624,1.47066932308748,-0.0242158235250645,-0.063255
-1.32363,1.49845107678854,1.41094363130292,-0.0791615207804967,0.230768483870968
-0.536394,1.25457940647099,1.16250867953746,-0.205479476089455,-0.096765806451613
1.7157,0.895679875871616,0.697633417673561,-0.153947785361897,-0.942877
-2.01154,0.186774956819582,0.0282478032005022,-0.235785796448904,-0.0761914790322579
-2.05605,0.323930007686865,0.252341208554608,-0.0821339335928229,-0.119174764516129
0.234194,0.353808780881833,0.112970007330375,-0.109197395486846,-0.368445561290323
1.2883,0.525044994405262,0.376936713537635,-0.0968466008760684,-0.227082638709677
0.618404,0.536094317459941,0.600668869544739,-0.123013647099399,-0.00702477741935475
0.0998653,0.385754475565199,0.32155228099829,-0.114967050228498,-0.237105903225806
-1.56615,0.557311732373945,0.422549124721586,-0.223326049993776,0.00248423870967746
-1.14808,0.586964280995411,0.55189091414992,-0.104613008515058,-0.0621934129032257
1.6407,1.04209854785455,1.04221135602509,-0.0776267143207594,-0.800725529032258
-0.148033,1.52379640021893,1.59086163456805,-0.218681747620372,-0.398128441935484
-1.73826,1.23068099824131,1.0275480856511,-0.202407382951474,-0.240440946774193
-0.64426,1.22220755082082,0.834806976436137,-0.215529339462007,-0.693366225806451
-1.7063,1.42077734521026,0.963527306354775,-0.255754549364422,-0.0330487741935483
0.593176,1.48312637576833,1.39221335711554,-0.158559266033925,-0.253085387096774
2.30103,1.30106760486095,1.29901690678948,-0.111173729073559,-0.617990919354839
-1.05586,1.12552635540058,0.884095650720178,-0.129315999209606,0.157499419354839
-1.22978,0.201373679761139,-0.0750620346475251,-0.29612691278277,-0.0991447419354839
-0.592028,-0.0620595421814564,-0.352507582703355,-0.318020500403268,-0.197057596774194
0.105568,0.515385744419327,0.427621768220184,-0.118975141549116,-0.11741699
0.934716,0.701350076917553,0.674819918631559,-0.202650843100401,-0.286513238064516
0.176056,0.525615016744816,0.383176176157953,-0.137038113527776,-0.290519734193548
-1.44037,0.528154809256186,0.398568498180462,-0.0804816961204383,-0.0360393716129032
0.231317,0.374247180074086,0.231162574868464,-0.136246311603179,-0.754024473225806
-0.00601938,0.269699574198574,0.159675459932883,-0.136144830253254,-0.999354535806452
-2.19404,0.251696926328592,0.743154861302435,-0.221107499544872,-0.740799153548387
-2.32115,-0.17581849862191,0.164860268186021,-0.144742580611106,-0.78596130516129
-0.771958,-0.680077460964528,-0.599981703804956,-0.0429858102671211,-0.881114317419355
0.00712874,-0.626223543413048,-0.444072149548952,-0.0570487456328249,-0.605132476774194
-0.0699027,-0.627132390873165,-0.411300306937675,-0.0651506568047941,-0.219085870483871
0.216233,-0.711461905551103,-0.573026474391504,0.00104202823582644,-0.0937806958064516
0.344053,-0.697174713781569,-0.546125991564524,-0.033366947645954,-0.035180215483871
-0.0444304,-0.690376045173795,-0.524405307158962,-0.0355060756709193,0.0913614522580645
0.0604242,-0.687889903091908,-0.525026514882165,-0.0381690238541378,-0.00200370548387098
0.00170077,-0.677480602942615,-0.504555389202912,-0.0425887041059142,-0.0648144467741935
-0.223321,-0.712901290480451,-0.560147088138245,1.55246193159837e-05,-0.0708168464516128
-0.577797,-0.0774647878049276,0.345898774196431,-0.261160036502916,0.0735330090322581
0.535494,-0.573961420654162,-0.467723831525664,-0.0246092362270905,-0.201722130967742
0.101533,-0.655406343891495,-0.542568711246135,0.00604237617317326,-0.0523154366129032
-0.518145,-0.706130870229068,-0.54729026964393,0.00365644506667751,0.111617604032258
-0.0369098,-0.727013472407965,-0.588894641182371,0.016052457821637,0.0330711396774194
0.387919,-0.665845964542887,-0.537029022242067,0.00652076639167398,0.0227121858064516
0.33376,-0.663030208393445,-0.551955562899566,0.00743118493618806,0.0707299360967742
0.00677559,-0.689023999270713,-0.548638225326494,0.021082640045768,0.106270722516129
-0.0934457,-0.70198970666913,-0.525818553583459,-0.00991249421783968,0.0990604230967742
0.0484107,-0.723891759725978,-0.579264911693044,0.0224254612993318,0.0602315178064516
0.127146,-0.7714754965042,-0.667680342150063,-0.0218771295128927,-0.00281613341935482
-0.000928202,-0.724611682798665,-0.583394772714869,0.0240268070286641,-0.038720839032258
-0.171213,-0.0347675583388248,0.257254410373952,-0.212609875800826,-0.0934810361612902
0.957945,-0.706302081516912,-0.70889665996306,-0.0704660285489983,-0.843935321225806
-0.156636,-0.674435979035182,-0.500785529750603,-0.00237532270538391,-1.33748732432258
-3.4181,-0.0846936767665567,0.242935963365893,-0.207415997787773,-1.30552415167742
-2.25725,0.221509466153894,0.384979908320174,-0.165277700342217,-2.4469284226129
-2.6988,0.226227519677311,0.251847209699704,-0.219950538670741,-2.81203453225806
-5.81154,-0.453597617025148,-0.0667633372152334,-0.207623121860228,-1.81158317580645
-2.01474,-0.574018150256269,-0.399718889330725,-0.272891245530157,-2.29620559354839
-0.558279,-0.688718225319737,-0.628640392873583,0.00202937711847867,-1.66699855806452
-0.406662,-0.602553835668296,-0.491056535742875,-0.0358016898788119,-0.882232109677419
0.145526,-0.60843413751874,-0.471942695147148,0.0286936677926907,-0.576559961290323
-0.0139619,-0.680230815201548,-0.545746823520682,0.0192761729690667,-0.27566434516129
-0.136291,-0.701289826058657,-0.639703774007133,0.0160228040742688,-0.119731680645161
-0.227137,-0.601012106354228,-0.451511601942963,0.0179542680467148,-0.0494823032258064
0.0357204,-0.628648368455675,-0.484199188267425,0.0309052622258893,-0.0964720161290322
-0.242228,-0.68412857062,-0.536576419663246,0.0293513749877493,0.0683806903225806
0.247153,-0.717756262919551,-0.576349367119077,0.0160993377173513,-0.00663592419354839
0.216799,-0.700209368865554,-0.564283071202957,0.0241866896746912,0.0592986193548387
-0.041965,-0.68478462072546,-0.533674793473145,0.0135807945512457,0.159651658064516
0.0298706,-0.693507685832193,-0.53843821592358,-0.000746979506537769,0.187566906451613
0.332013,-0.535521333318311,-0.323669022257233,-0.0130510325103013,0.168269729032258
0.456977,-0.43690412770592,-0.21818023720546,-0.0395921481869982,0.154279516129032
0.298043,-0.58565579122664,-0.487340846756291,0.0109425634250198,0.126137980645161
0.0189754,-0.68127510280811,-0.577408062595306,0.00417241546039447,0.0700141596774193
-0.171827,-0.681867122745103,-0.490990158460284,0.00231077510198022,-0.00428189677419354
-0.256984,-0.505436549154925,-0.350393949624481,-0.0578477856015674,-0.0438223064516129
-0.217949,-0.656395850092885,-0.507621525772332,0.0336397080508713,-0.0370462709677419
0.135311,-0.660050921324467,-0.518114406272422,0.00829310658257127,-0.0954730483870968
-0.0231763,-0.637550397613997,-0.511940249043711,0.0159702753813445,8.4877419354824e-05
-0.114788,-0.576887203177662,-0.454207601847473,-0.00140609573850358,0.0756282548387097
0.169284,-0.660916970161018,-0.55290816052509,0.054078685577204,0.0598668193548387
0.201545,-0.794354739040974,-0.714867196956808,0.0441022875208855,0.112365051612903
0.18394,-0.716567299965577,-0.621059765482448,0.0471380966263779,0.143318648387097
0.244769,-0.606570849288017,-0.470509241914254,0.0274805151548807,0.106311406451613
-0.0113264,-0.626842043099119,-0.496466968131378,0.00503206229988094,0.153485367741935
0.232736,-0.672955884513989,-0.541359379511075,0.0251636619536844,0.0323211967741936
-0.104933,-0.393827584592739,-0.249289538353842,-0.0247367454128053,0.129586822580645
0.130187,-0.620276937023699,-0.481336543210565,0.0241915448533511,0.0493386741935484
0.0902159,-0.673647778560683,-0.541281548927096,0.0262757390881405,0.0615769870967742
-0.487183,-0.62717189037488,-0.494985859513943,-0.0180418066311227,0.3419035
0.169785,-0.643036965664274,-0.557306704584745,0.0413356634242523,0.410483
1.65716,-0.765094101610304,-0.683365707156275,-0.0148481213038938,0.163923341935484
0.708415,-0.569831079975694,-0.464606998622549,0.0346633523516679,0.408808403225806
-0.187637,-0.581611980142132,-0.432459642030038,-0.0422896616521147,0.467544198387097
0.246427,-0.610463670767862,-0.467807369233057,0.0394095000865005,0.163030625806452
0.0553428,-0.606195262793866,-0.469666823477639,0.0121399858459022,0.129049806451613
-0.102091,-0.679431189070664,-0.543944123647418,0.0244559545892429,0.137278851612903
0.124981,-0.679144435668028,-0.542943149829238,0.0590809360883656,0.0495982967741935
0.373658,-0.631356877084366,-0.485897660411506,0.0332696812305215,-0.0720929483870968
-0.354253,-0.493058938243892,-0.352143117269488,-0.082552864316556,0.0845119129032258
-0.910931,-0.525457031907137,-0.392335542462848,-0.031831871473653,0.380954222580645
1.58086,0.665679613133102,0.468893011544699,0.0976767701009367,-0.2227115
0.284459,0.856756785472154,0.801513586890403,0.0689745274526674,0.201605048387097
-0.116181,0.659847014550619,0.404285362884243,0.148748750565462,0.112441819354839
-0.664844,0.897209024450928,0.683578846092046,0.145287699013312,0.212063122580645
0.171841,0.985109467468784,0.924279673185086,0.0888629742209543,0.052448729032258
0.652102,0.807320996193698,0.73777147136416,0.0721193593148836,0.0272407161290323
0.223996,0.593523093167661,0.425114509081923,0.190672992663343,0.122111174193548
-0.0418832,0.720179465740923,0.626452941047867,0.120465811150231,0.0933993870967742
-0.194677,0.859167521555865,0.726044692545395,0.136405674650894,0.081456079032258
-0.238565,1.00125036141401,0.931993771755601,0.116246535638245,0.151264041935484
0.580134,0.695129196660526,0.539290588491495,0.162754596292856,-0.0441825064516129
0.391351,0.599148060019163,0.446946986902867,0.1938240117852,-0.0417436225806451
-0.331371,0.725979715928113,0.709120916799921,0.0598250966670323,0.0206051193548387
-0.0854999,0.833116960071793,0.824349333965387,0.0505765289210819,-0.226007338709677
-0.460229,0.839636796735096,0.751490618391657,0.0999119028394978,-0.222492910483871
-0.645611,0.815107167099307,0.733210020164466,0.0978424765651714,-0.184396972580645
-0.205177,0.613347189920342,0.52091342830912,0.0837892365720143,-0.230709029032258
-0.197045,0.700118685041113,0.629984033895428,0.0688256095504966,-0.0569564548387097
0.253294,0.842394627668266,0.769709428878553,0.0561339315258898,-0.0268319306451613
-0.00991705,0.798107202348733,0.632962891342256,0.0944398904331692,0.223614967741936
0.443549,0.836611116992321,0.796382760387018,0.0311037882010857,0.229671019354839
0.599977,0.690771649625931,0.529741176047153,0.12367803451609,0.275512074193548
0.312189,0.82987573209024,0.736207101856329,0.0515565819971649,0.357422674193548
0.304953,0.66427529335742,0.549690612196886,0.0933892570526931,0.300970562903226
0.204681,0.808395790256736,0.71817678739514,0.0572271906799214,0.294006692741936
0.489751,1.04257536761359,1.11132352273704,0.0400749213093066,0.147303048387097
0.417518,1.16622421336027,1.29743572715563,0.0360953966575455,-0.00914599999999999
-0.568429,1.020434492246,1.04662278272022,0.070334435475087,0.0992752903225807
-0.868439,0.916993509143039,0.659683174908655,0.0861050623603875,0.16998585483871
0.409,1.41413734346208,1.45488961850649,0.0376448478497269,-0.0356446612903225
1.04891,1.23295941294872,1.3055984231974,0.0149525852804344,-0.130894817741936
-0.176127,0.905164189067417,0.651164945344905,0.0596010794974517,0.146095848387097
0.595591,1.38426985401028,1.38309069836419,0.0335343791927644,-0.447577479032258
-1.80143,1.35198516413689,1.50286716246794,0.0633465716426333,0.0650164935483871
-0.774816,1.15654753451517,1.15062570737124,0.0744148400855719,-0.224390880645161
0.0456183,0.882038355535737,0.599913422001873,0.0748256693385462,-0.0688922709677419
1.08649,1.36564697540939,1.35779741870452,-0.0118386146383251,-0.122196098387097
0.0122101,1.28618696482823,1.21875615361814,0.0409026261323134,0.293657974193548
-0.572889,1.33887611206164,1.56328368546705,0.0218924549233992,0.610109093548387
0.0187302,1.13407069078618,1.14807070766333,0.0313154381650307,0.939776540322581
4.23073,0.505942416786817,0.306023797981975,0.0476199908549061,-0.18457780483871
-0.0654883,0.316675223597052,0.125846196612795,0.172286506984821,0.821854093548387
-1.21102,0.625534741260159,0.518026721193087,0.128930082901832,0.62447590483871
0.646541,0.838970473204794,0.761360932427824,0.0335154559050102,-0.102508951612903
0.0555325,0.828351378048941,0.783327066019411,0.0509361414709883,0.0128728548387098
-1.38909,0.414924973110304,0.266629878283869,0.186850285255309,0.526934232258065
1.05412,0.25015071832443,0.109491975289291,0.085442301617023,-0.00585810161290323
-0.36267,0.601930019189395,0.592720227110265,0.0726789770463779,0.967795822580645
3.89024,0.166648941312807,-0.248911033609146,0.0757814753831008,-0.319626709677419
-0.613936,0.484756084650383,0.318834887964389,0.115212618916777,0.738431653225806
-0.944247,0.688537075066825,0.665625344230792,0.055800822377109,0.348157774193548
0.34438,0.407612562135068,0.226241168269882,0.1515148199301,-0.206824806451613
-0.298175,0.489956954223622,0.368713890633146,0.0626764254819631,-0.0780580241935483
-1.05256,0.770841170579473,0.831976123351282,0.059216780709136,0.245835338709677
0.597182,0.874355624353058,1.03031974332983,-0.00125722652628326,-0.0542505967741936
0.909564,0.412624254233522,0.273711751175443,0.0840763719219881,0.0603554838709677
0.289986,0.493640799905342,0.364995235300106,0.0268687048508741,0.231687774193548
0.0875085,0.782164891310446,0.77475904971078,0.0350734531568922,0.133555403225806
0.205786,0.522384159722531,0.38779517875415,0.143223195552579,-0.128721129032258
-0.646785,0.55846947763126,0.447535477040979,0.107285407405814,-0.0474185322580645
-0.813623,0.677653813709451,0.639372258536257,0.118091224060408,-0.0369319677419355
0.664334,0.622830649123104,0.595562912004454,-0.0403828488039713,-0.468711251612903
0.186242,0.644472655838638,0.635014419971386,0.0413485988805984,-0.446778237096774
-1.65307,1.4060633629738,1.63361932488143,0.0603921613251701,-0.0486372806451613
-0.244379,1.2410608762775,1.33590728182115,0.0924656908836467,-0.499162980645161
-0.445322,0.960442748299855,0.695779897239404,0.0861980645960283,-0.217378477419355
-0.0431486,1.39093333662968,1.49372707562143,0.0286204923398797,-0.135860708064516
0.539186,1.37612616849155,1.38369156781918,0.0692406931356416,-0.210603440322581
-0.400917,1.20474115379225,0.792070018868965,0.108493348672395,0.119512464516129
-0.256795,1.53591611658098,1.51977053492201,0.0855667740284116,0.17463050483871
0.891293,-0.242426611706369,-0.0729747316799654,0.0857574290229492,-0.0857136096774193
0.0572361,-0.526948720779884,-0.450375718796213,0.0264101723853995,0.175037306451613
0.0823421,-0.620414664759531,-0.536345259448005,0.0171195091150284,0.0431507516129032
-0.364151,-0.715739943478417,-0.593047652237006,0.0215608381921951,0.127124780645161
-0.0837505,-0.696500257449598,-0.571897952047569,0.00848929163827611,0.0941098096774194
0.426278,-0.645505736121651,-0.498342202228618,0.0352505287909477,0.0269132193548387
0.29261,-0.679381504628569,-0.530775459547999,0.0330940958596347,0.0766585016129032
0.125141,-0.728451905790117,-0.579694592248336,0.00480986732106517,0.035028285483871
-0.035229,-0.725087280937977,-0.585167712621939,0.0022161737919959,-0.0571262225806452
-0.343682,-0.742078270610782,-0.607180194544031,0.0227193107776396,-0.0779020258064516
-0.267906,-0.726324882290577,-0.58560804634806,0.0181808767844851,-0.165719164516129
0.0271828,-0.733051573082179,-0.591383529058228,-0.00517230542360813,-0.312093758064516
-0.60889,-0.743914377027272,-0.693815519454511,0.0692042817112783,-0.144104925806452
-0.307213,-0.718204091599461,-0.570484323259138,0.026709310262459,-0.218375322580645
-0.0876155,-0.696695109515314,-0.592693818140028,0.00660119642672829,-0.19569885483871
-0.165628,-0.712484386911355,-0.609572107594595,0.0054337991246932,-0.0702538287096774
0.165825,-0.692067618852906,-0.585723114585898,-0.00941188554224275,-0.109580920322581
0.0410568,-0.683331145267078,-0.581986428474453,0.0243733000690443,-0.0561811180645161
-0.238817,-0.696705101873136,-0.592177547776245,0.0336243437597208,0.0827280993548387
0.0608166,-0.688643468516048,-0.575867070798641,0.0269075476050761,0.0318427164516129
0.00489542,-0.679594536736568,-0.582404584091957,0.0322846047490868,0.162267441935484
-0.0230259,-0.663443019739237,-0.564293946183002,0.0177608215929589,0.354656363225806
0.123382,-0.370965625585373,-0.294355412921369,0.0322701176854045,0.641612441290323
3.1237,-0.208797759355295,-0.474849976569472,0.0840442387348288,-0.283643266451613
-1.41261,-0.554348390926345,-0.441304439330795,-0.00560579681011433,0.928781367580645
0.379581,-0.670702624090324,-0.57359500017795,0.0156358950114349,0.0645152696774194
0.0587304,-0.678681439132233,-0.587109582975382,0.032236072135149,0.128663558064516
-0.0115716,-0.69469216517317,-0.598224953863612,0.0244986605878232,0.097633714516129
0.0751484,-0.674968965830037,-0.59897656622059,0.00828901588677177,0.0390569919354839
-0.00746465,-0.665352108898341,-0.590104484964164,0.0125198348213242,0.0257829822580645
0.0269572,-0.663590785917402,-0.593010048677218,0.0191149645172887,0.120368019354839
0.0460891,-0.663176929020741,-0.588475695491012,0.0148937038886018,0.1958208
0.0139497,-0.656230136112192,-0.582264168019768,0.0223895313452768,0.374764258064516
0.0115529,-0.661679774659166,-0.590902003423741,0.022778925566385,0.727156169354839
0.0283371,-0.668247136021596,-0.598151910964953,0.01686451426631,1.42599814758065
5.5784,-0.615208587181924,-0.847755138663248,-0.0090273000025325,-0.0329058629032258
-0.152656,-0.457567314732599,-0.404377182429378,-0.00873401371580496,1.43600916612903
-0.246397,-0.551863068327314,-0.47204405867764,0.0214950812389154,0.793345898387097
0.346551,-0.670015213043107,-0.622593123062978,0.0110236133047114,0.321740833870968
0.143969,-0.678040961110925,-0.610130941000993,0.00278166571708858,0.24289374516129
-0.0213845,-0.66083434466161,-0.586572826182618,0.0182137518085191,0.192590091935484
0.0681084,-0.669202505408141,-0.598042905311897,0.00855088016350593,0.0731041843548387
0.105091,-0.680008351093255,-0.605476326167818,-0.00673340709357695,0.0753499719354839
0.114661,-0.67116644897707,-0.60400663067803,0.0094960867271689,0.076717095483871
0.0588579,-0.650082722107491,-0.584583245147223,0.0247808947759793,0.0835263603225806
0.0703515,-0.650053459707992,-0.58287573135836,0.0241545663734806,0.0719301738709677
0.00722683,-0.641410888011714,-0.571991485230399,0.0184652037272227,0.101066541935484
0.12916,0.268474284504755,0.950486206007107,-0.0157536824345005,0.0810538496774194
0.18942,-0.542174644466214,-0.46261067253549,-0.00715000316735089,0.0673287829032258
0.0507781,-0.679550585207194,-0.650961361380841,0.00907619713327078,0.0927894019354839
0.0573146,-0.649580748190108,-0.56896011854876,0.00364506397607724,0.0652081896774194
0.0330424,-0.652187882596876,-0.586975887684613,0.0175930929385954,0.0576704359677419
0.0447648,-0.655552334574484,-0.59194510535157,0.0171985628009013,0.0448432080645161
0.0435615,-0.645013809917675,-0.584474896043089,0.0269731406153147,0.0369544064516129
0.0129197,-0.670913515656451,-0.602253034399186,0.0123466812753442,0.0413604806451613
0.0267708,-0.683560428260353,-0.619864574375553,0.0078427604203313,0.0404842225806452
0.0591326,-0.666739003977924,-0.59983732598994,0.0144274236250977,0.0363791758064516
0.0562813,-0.660512070051049,-0.598353677761423,0.0149166478303236,-0.143073322580645
0.020388,-0.649624358070375,-0.588032299997947,0.0223037394495566,-0.34304825
0.0443757,-0.661766838319616,-0.585284533274838,0.00748542834497,-0.741603251612903
0.0856806,-0.66707098350289,-0.604025434421215,0.0204154762471008,-1.53851569677419
0.0145317,-0.654147110064494,-0.607242190641852,0.0397437462658858,-3.08814966451613
-11.2674,-1.6835348260406,-1.77540733045938,0.109983014151179,-0.391053130645161
-1.73782,-0.398846125628229,-0.259676209723251,0.00496513829700231,-2.82666175806452
-0.0007549,-0.640262319155054,-0.638157505227976,0.0250122426171431,-1.77067545645161
0.228233,-0.647402524913309,-0.59487056841954,0.0150256204799094,-0.816997861290323
0.283092,-0.625270143909539,-0.5555441841712,0.0140013412526612,-0.299545475806452
0.894237,-0.566000779982358,-0.504710419221274,0.00288854894752155,-0.363712243548387
-0.277372,-0.607956529686353,-0.548530883638747,-0.000959989330365431,-0.0595845703225806
-1.05009,-0.695023540485831,-0.62770458019709,0.0232934747233903,-0.0130354680645162
-0.258073,-0.639029743994021,-0.572191613336383,0.0366087607756687,-0.266621476451613
-0.11827,-0.649028832925089,-0.57595862918891,0.0347500765663687,-0.189836936774194
-0.0519315,-0.654750559818335,-0.582769616791421,0.0279312194811437,-0.109797712258065
0.00259344,-0.654858470222075,-0.585504896333072,0.0239958212760044,-0.0620579741935484
0.165645,-0.635294744587304,-0.574209605815126,0.0315680071677109,-0.0652328348387097
0.0846277,-0.636754922697169,-0.580160929331444,0.0329642504392661,-0.0591375722580645
-0.223759,-0.666643551521211,-0.603038807436297,0.0437091253383897,-0.0233607587096774
-0.247335,-0.630611497109595,-0.573922999855454,0.00984951422923763,-0.026530274516129
-0.598322,0.612004121652575,0.423013060233503,0.115419576315589,0.234537132903226
0.99085,0.99293417723048,0.988439833002884,-0.0190273848946006,-0.0910185096774193
0.335154,0.905602070257259,0.953377442522041,-0.00704646125952901,0.207046575806452
0.194417,0.477475284544122,0.324583502602736,0.0457931441342087,0.170080790322581
0.559312,0.504710273600587,0.449824152448632,0.0141762826560041,-0.150077677419355
-0.814784,0.736077716221336,0.758868638550929,0.0786031642609911,0.0668945887096774
-1.05666,0.733505129987594,0.641487670164775,0.103890567940473,0.157991903225806
0.909382,0.647854537665663,0.508043611108116,-0.124896351924831,-0.267601935483871
0.344618,0.956141021564805,1.01010166571342,-0.0389800074271552,0.00153561290322574
-0.453081,0.825525186015056,0.958926040179266,0.0260230178222347,0.229396032258064
0.0783365,0.380518021899657,0.378431997142578,-0.0260476610132054,0.117562557377049
0.267315,0.338300764210648,0.354776852136366,-0.0294686506533035,0.22243593220339
1.13506,0.51752062328065,0.645389006387981,-0.222283942813481,-0.0895105090909091
-0.772305,0.608977171146057,0.745141734930855,0.0871948821325782,0.543379446808511
0.342972,0.8698417216214,0.545127693584884,-0.0663324255904328,-0.0807596129032259
