1000
-0.818895,-0.729522113933606,-0.244832344674692,-0.86190349063228,-0.831676560080969
-0.818895,-0.864187956903805,-0.492278076790096,-0.894698269606618,-0.864972324400309
-0.90433,-0.900853377101815,-0.602158243280351,-0.883663196703619,-0.861460680772982
-0.903101,-0.910677267887832,-0.653354499927726,-0.889801000415593,-0.897343770779174
-0.903101,-0.916539056187062,-0.634089017579627,-0.89215877934734,-0.901613222685135
-0.901675,-0.902860545073353,-0.557029711273353,-0.904127320392765,-0.90275165390153
-0.901675,-0.91554927146483,-0.560713006462505,-0.904869896551324,-0.905040117654247
-0.908118,-0.924179035212111,-0.625113081832729,-0.905214409996895,-0.905266560298798
-0.908118,-0.924418637366726,-0.611618612444109,-0.906141167774916,-0.909996053370772
-0.912843,-0.928422372274036,-0.554196110768268,-0.909236759271483,-0.910383141734982
-0.912843,-0.926980990047104,-0.562620542737053,-0.910809754644969,-0.912299214415501
-0.913255,-0.926165961049815,-0.595339284484798,-0.909169967918652,-0.910386732365145
-0.908162,-0.926442543094018,-0.619962861951457,-0.911772292204985,-0.910259359423231
-0.908162,-0.930465231974951,-0.656211150432357,-0.907881815073354,-0.905800556197236
-0.91188,-0.905974398643491,-0.572004723587402,-0.887449350201302,-0.879420244053533
-0.868858,-0.886542203568649,-0.476971085071704,-0.879298585102883,-0.829120220198596
-0.71959,-0.687575569459814,-0.236380641163321,-0.898963690865122,-0.88845552207777
-0.902942,-0.839227270325956,-0.554270620608478,-0.854751688308752,-0.818697498900229
-0.902478,-0.906852556256937,-0.452225590659088,-0.856001127625524,-0.863980764316947
-0.851169,-0.828863550063055,-0.575997369589635,-0.828116457948302,-0.867911425720297
-0.851169,-0.827871683129542,-0.69456399536635,-0.834361010566526,-0.807116824331504
-0.762687,-0.765024272359095,-0.498120018993234,-0.830325055890805,-0.784876158869095
-0.713579,-0.679061675902131,-0.162399956387513,-0.785093696822541,-0.757996003769505
-0.713579,-0.692231819072812,-0.194746012465152,-0.797626108608524,-0.805938445101769
-0.887781,-0.903932236704893,-0.566614391112555,-0.846507061242073,-0.805203935812157
-0.895187,-0.91008180321454,-0.625774153217982,-0.880077108634121,-0.879354105400035
-0.895187,-0.899196935184825,-0.6041984559031,-0.889023169301411,-0.898212871850112
-0.906329,-0.913134027255929,-0.53546518428864,-0.900576788241737,-0.900072409842685
-0.907073,-0.917290318585927,-0.556800879829851,-0.901231271547442,-0.901235110295876
-0.898556,-0.911198411626755,-0.491435354329135,-0.898965472696455,-0.900484601635843
-0.898556,-0.9098359040233,-0.493131839303833,-0.899855632117644,-0.884852206382391
-0.863918,-0.83914091194433,-0.43597207466235,-0.903081211394868,-0.901361533025008
-0.903267,-0.902046961872944,-0.589666123974503,-0.89659284074886,-0.888592170047444
-0.908291,-0.929084985521299,-0.566270586696759,-0.900409532608343,-0.902400321683022
-0.906588,-0.917156368936606,-0.521401415307741,-0.904049097806266,-0.906896964677161
-0.906588,-0.917324128735219,-0.513904931361666,-0.907258887109041,-0.908056995234326
-0.909448,-0.924686499283258,-0.600234562322269,-0.908844068967545,-0.908187325997099
-0.909448,-0.920432281218315,-0.60475330336263,-0.910272540586235,-0.910346521440222
-0.911462,-0.926542700703505,-0.575061466748437,-0.910342660256971,-0.911115502595353
-0.913541,-0.928729545422601,-0.573325682608597,-0.909112682163756,-0.90999578276866
-0.909384,-0.929119240837839,-0.575807592091584,-0.908293276327291,-0.909469255521435
-0.907275,-0.92250422622667,-0.57953115074818,-0.906982472542299,-0.903549779737649
-0.899997,-0.910661873104204,-0.569361345672801,-0.906623870466822,-0.894330450276537
-0.899997,-0.908050430196697,-0.565611632351335,-0.901193335635871,-0.837191082530642
-0.752209,-0.72992933138668,-0.261685906624808,-0.900893601189666,-0.896297955406145
-0.890359,-0.838384716788517,-0.477748953169472,-0.88739287531674,-0.839272073642155
-0.906636,-0.918625602519163,-0.626712051238932,-0.880610579200472,-0.881518239141754
-0.892755,-0.920666386391517,-0.596347253854164,-0.876796478532761,-0.888235485256693
-0.874188,-0.889332739194551,-0.530245902230301,-0.883405036226749,-0.886467880239187
-0.874188,-0.885648951152698,-0.517865217976375,-0.883138530964208,-0.891248299443208
-0.904862,-0.894768254313412,-0.641712033314792,-0.896826262239714,-0.891294855967187
-0.907924,-0.90651202924169,-0.681532871245001,-0.898665119922012,-0.904195491783595
-0.907924,-0.909358082548964,-0.582098190826759,-0.899115763764698,-0.907804146840682
-0.910116,-0.906400286354168,-0.545387821574757,-0.905273040645868,-0.904624831636746
-0.90611,-0.902071770601442,-0.565016116918808,-0.901934349824563,-0.892555116195855
-0.874971,-0.800398574124023,-0.886558616571663,-0.896478446684976,-0.89207283134188
-0.876802,-0.874085868753989,-0.51211637642083,-0.894656122218776,-0.880546651736522
-0.87729,-0.891503215575545,-0.569489645395896,-0.898513706440735,-0.890869556938386
-0.904483,-0.90220306603039,-0.615531321115346,-0.89471489373765,-0.890938619136547
-0.904483,-0.908563948434811,-0.590369816087241,-0.900758251050872,-0.902819803308345
-0.905654,-0.91095637177451,-0.583536510030649,-0.900584503305666,-0.903368178319635
-0.905189,-0.911072059855191,-0.58413460388611,-0.901148635291665,-0.897511460780147
-0.889689,-0.898825225395972,-0.527220911447335,-0.896179189902733,-0.897248437894815
-0.889689,-0.893354094071511,-0.519180043974526,-0.891377101868484,-0.889469666107926
-0.891327,-0.897244925661129,-0.603125899226219,-0.886667133279124,-0.875982844924318
-0.880112,-0.863856600225368,-0.506808128546971,-0.875187085816416,-0.825008826926857
-0.753917,-0.647598549046204,-0.342945706940931,-0.851643225979939,-0.834423330478533
-0.775728,-0.750729574679951,-0.342686134695439,-0.848612551019412,-0.812275472481816
-0.850906,-0.847582555784794,-0.618793004854372,-0.859461393950324,-0.814982207043847
-0.850906,-0.853212730971708,-0.515791139450808,-0.856754070801115,-0.857681938365007
-0.878192,-0.867365592421375,-0.610557635883571,-0.850520451782804,-0.855708529127993
-0.862683,-0.854472811792328,-0.523560012033475,-0.853064882370938,-0.866702248526998
-0.862683,-0.856140504315424,-0.552981495866127,-0.853705381765076,-0.853114594035734
-0.841775,-0.859439210278013,-0.575991772486948,-0.851823519749215,-0.852660248872336
-0.841775,-0.854374924215403,-0.450538651676355,-0.856161355187706,-0.845082225306953
-0.84297,-0.850854235855214,-0.57508408418588,-0.848773065111674,-0.849798279110726
-0.863803,-0.855753889300316,-0.581900987161681,-0.844330783549643,-0.831572628633362
-0.85118,-0.847383234706175,-0.415792586491783,-0.814132044506436,-0.752727794289691
-0.85118,-0.839685903184343,-0.57915511895598,-0.791564217360851,-0.16368987006232
0.532247,0.361230405490339,0.0266345618843969,-0.0983308505557048,-0.183041042195079
0.532247,0.555435422364048,0.373399885247286,0.0662458000736067,0.272013594285441
0.230495,0.490424580829732,0.639418935831154,0.240829613675835,0.328341692781358
0.130185,0.346879295457128,0.595520061819406,0.348978476769522,0.284982043865987
0.299189,0.3131041453023,0.382282291814643,0.281986802798563,0.223912037259126
0.299189,0.329543574230172,0.0857744475497364,0.250988542355957,0.278923296337816
0.28199,0.482101454519747,0.496692859605035,0.258722224469792,0.284789504874589
0.277997,0.456735562008572,0.688469272272927,0.2073443315482,0.266832034988126
0.277997,0.341590092343279,0.479853824755176,0.208851063586119,0.183894268399913
0.0611179,0.359403666180917,0.517840828070994,0.27101470489816,0.262209444751117
0.238707,0.405160151634332,0.152251756662719,0.266425188442143,0.19141369659071
0.238707,0.501384456855235,0.257157568842556,0.31727218714243,0.396050672958915
0.58274,0.532015440500127,0.695866898098621,0.309908668493025,0.383759054879636
0.58274,0.475913503115351,0.463101848924387,0.318326085971373,0.387778999641379
0.242072,0.387620142673588,0.182546143090789,0.366244247560809,0.417915733236196
0.254343,0.467577175820562,0.46853919869607,0.48416385312432,0.294997040691528
0.28944,0.567508605447966,0.581046611192688,0.393310989316094,0.303231620621503
0.34836,0.616095674265932,0.431544758417653,0.283225441146494,0.310426333201396
0.34836,0.561095314254603,0.433136049654004,0.308170231927042,0.301849657113181
0.247241,0.489987731932606,0.503182105090181,0.344288004141573,0.355839297567753
0.336405,0.381280668781176,0.243637327448198,0.389285155163793,0.393793451514443
0.526723,0.494326602174239,0.387306877337648,0.40091033302097,0.421472145405667
0.526723,0.582139502503865,0.604458762111508,0.428456262901888,0.481359145026325
0.472343,0.552524776350948,0.634108983218654,0.430748735029202,0.476724956354498
0.472343,0.470732494835216,0.332426117604342,0.375227573169773,0.338994264454179
0.218112,0.426834872776466,0.160455059467548,0.309796083807823,0.279586330429123
0.0672968,0.478711579283926,0.454559501896081,0.294740656672596,0.223505440755814
0.18944,0.521165312778762,0.574949777979538,0.213442936236477,0.146684369578846
0.18944,0.483611162243953,0.387161435400857,0.332994292225885,0.210319141947498
0.00288986,0.370175891268992,0.396112315762896,0.523174054136876,0.903412117970365
1.62285,1.04895508935743,0.860890886372915,0.708761159066326,0.815540368912077
1.62285,0.940968467356052,0.761257599996718,0.890182752501376,1.42916539406017
1.47483,1.13962057455667,1.01099791434946,1.18278448956977,1.52904576249728
1.47483,1.02447983330179,0.3312743718654,1.5041321261371,1.47036808205354
1.44197,0.876900483260423,-0.137662494599923,1.52050431181935,1.48315420351252
1.46601,1.31124539306705,0.908813651801531,1.55032928566754,1.53285134044554
1.62139,1.42847944363032,0.885805954181002,1.50171891054906,1.53204509969663
1.62139,1.4142934708486,0.781299399866998,1.57892344454461,1.54120978472115
1.43138,1.34577855883956,1.1909307146033,1.58108614965791,1.70262008208436
1.8404,1.14220205782751,0.828718584582137,1.55610534251332,1.47320375324751
1.46645,1.26704378557346,1.20928989477064,1.64081001581921,1.69373786487693
1.56977,1.55466562001134,1.55637049561587,1.61870591311908,1.65681750843423
1.79255,1.43973508537099,0.847073870157685,1.75680889407405,1.70077828969669
1.83011,1.28133208706108,0.822643634001111,1.81016899170558,1.82753161012852
1.83011,1.29409685158499,0.875878384151932,1.91156035814121,2.04817904992004
2.27892,1.53568895692743,1.00484379495821,2.01112914086707,2.04744332670106
2.27892,1.64952397248855,1.12194907690596,2.06980139843551,2.20338980281159
2.24314,1.87974342113896,1.39832677383039,2.05497445523471,2.09673472495099
1.989,1.3923058370086,1.28476725497968,1.92319515338402,1.90337772296928
1.46971,1.2205283982273,1.023227673475,2.09600789526999,2.04862949856552
2.06394,1.5723995707722,1.37704340223959,1.93407690094183,1.82706547454588
2.11378,1.74274992848488,1.72521729427021,1.8594461459008,2.00677758529335
2.11378,1.35891611676232,0.732412696493088,1.63233122577751,1.81206766546772
1.66688,1.4662136244316,1.07665833275573,1.76562075462961,1.43025679516632
0.753269,0.778020760897198,0.559004201928237,1.19940055993686,1.23114446017182
0.753269,0.686806414865762,0.146006115555188,1.02089376992789,0.745350135850941
0.582543,0.680222751366416,0.424427268502643,0.899553921391187,0.705350466844826
0.576644,0.701721837732066,0.605989499166161,0.781835341072286,0.790108797453525
0.965846,0.88161655892574,0.764828102013127,0.765761829333295,0.783925659437576
0.965846,0.645732394863024,0.269551975176958,0.833805953052352,1.00456972574527
1.10826,0.697651022552252,0.303747124293992,0.81387260555436,1.00838507461707
1.10826,1.02672271472499,0.946456711735256,0.917810474990795,0.934520348462711
0.714071,0.955065006896611,0.807854348521155,1.0906378022358,1.14063175915812
1.18501,0.863754640419681,0.0642276601516811,1.04184929735245,0.949966051521881
1.13685,1.01664092160258,0.769169130015957,0.989637702243887,1.09793444938663
1.13685,0.848057550094621,0.828589739201136,0.797586228987262,0.92195905767688
0.704033,0.84987584269436,0.80303233687711,0.945851003861049,0.937169225083811
0.712497,0.888088584581165,0.714536426456721,0.950809083033536,0.825013448207161
0.843541,1.08700623229336,1.07577634476461,0.98604577494539,0.90756443948603
1.10633,0.951063113722403,1.10635687460293,0.806028390425324,0.925098495980788
1.10633,0.773852814129124,0.481215550845234,0.787185820844251,0.81424703657934
0.535109,0.608418018634486,-0.218796055362028,0.910661454459699,0.914995830345711
0.733339,0.832255337160075,1.03907875527728,0.808064324874469,0.665507562139719
0.733339,0.745318200962197,0.940532859908619,0.65772973343467,0.65105664344308
0.586394,0.62133478792646,0.871706749889689,0.643805284315855,0.656292837156853
0.586394,0.643006848491103,1.02095284050529,0.696350375848225,0.581607728056381
0.463834,0.644680008218269,0.800235135802163,0.808938298885506,0.830973090571721
1.11655,0.922522285096455,1.06660184464739,0.53669640979896,0.651826772118945
1.11655,0.901199912368911,1.08535102843423,0.416937310361022,0.083282924880858
-0.854125,-0.595257253258213,-0.439151901442698,0.0136090085832928,0.121403011752142
-0.854125,-0.830037952287908,-0.609547985086373,-0.803399998657904,-0.725398079040065
-0.886588,-0.895321033213756,-0.630394050209678,-0.82951992750426,-0.859925165531476
-0.910329,-0.905949600359372,-0.590065485595566,-0.885250538820516,-0.890468373103958
-0.908671,-0.906719336082463,-0.562072307784641,-0.890125819721867,-0.897085800064818
-0.888664,-0.8920439466029,-0.488396279141073,-0.898400058796196,-0.899523821693647
-0.888664,-0.898992729308124,-0.489857469327813,-0.897084911273639,-0.897124920125809
-0.903997,-0.920190358769253,-0.541987178401441,-0.896307160177222,-0.892032641551686
-0.895038,-0.923788055207476,-0.556809883425447,-0.898477177566793,-0.898133648657695
-0.895038,-0.915692297873807,-0.585442194662195,-0.896983791472337,-0.89375820532778
-0.907861,-0.912728662759761,-0.632659883927771,-0.893325997572443,-0.846889985323104
-0.780437,-0.694203378954674,0.117064508789573,-0.899698788900028,-0.903741656932542
-0.901743,-0.912793348881259,-0.605862710664019,-0.894215564231021,-0.849763793524633
-0.900039,-0.914967640839645,-0.557058287330656,-0.904538859668769,-0.893971085274757
-0.900039,-0.912605366439769,-0.558208966133933,-0.900958593230483,-0.904124682801069
-0.911171,-0.914894954674135,-0.570104220813803,-0.901574841388056,-0.902413366670032
-0.905915,-0.923653725897728,-0.586285241306631,-0.902977804674145,-0.904950080681752
-0.900385,-0.920229112846815,-0.582610729092373,-0.905181663630802,-0.903621000406437
-0.900385,-0.921028336558776,-0.617935321413709,-0.904272511325359,-0.902166517306783
-0.903725,-0.926863215287316,-0.640277305804071,-0.901043175885362,-0.899833434385642
-0.899155,-0.913241508061322,-0.548961430932266,-0.902036140695198,-0.901168495505284
-0.899155,-0.914306862249457,-0.5203363906081,-0.901275678812251,-0.89925319090059
-0.909732,-0.910133984074815,-0.568532165960519,-0.898586016502863,-0.867840870428911
-0.823889,-0.744558797352982,-0.0277990929426586,-0.904632785527022,-0.907859747653025
-0.908308,-0.84311820290529,-0.417182183336695,-0.888894659379253,-0.869918888769053
-0.903594,-0.893529943339124,-0.496046784394332,-0.898089922624587,-0.899632801937616
-0.903594,-0.917319317040309,-0.584224603796236,-0.892195269460422,-0.896912063337778
-0.891021,-0.905505643547693,-0.564878482013561,-0.897796740821612,-0.897634229081771
-0.891021,-0.896171495109349,-0.54131549739239,-0.899414598535918,-0.894585421491226
-0.893481,-0.92030384662844,-0.564855972342892,-0.906811267113247,-0.90158559644248
-0.911672,-0.931388181960428,-0.595440254995661,-0.904408130098255,-0.90305678788233
-0.915472,-0.929780389579002,-0.588247228449254,-0.902528855517193,-0.90380450127244
-0.915472,-0.905293187691609,-0.596851246998835,-0.896257239482154,-0.859114542519166
-0.896388,-0.891350803539032,-0.56643465211667,-0.906627698020312,-0.597041669051275
-0.170028,-0.125411559682836,-0.182538973744108,-0.902800872612915,-0.897218707851409
-0.89595,-0.851809064156806,-0.628489417259002,-0.885797284207848,-0.585187540675589
-0.890694,-0.880834946657124,-0.509088670448761,-0.889258067258438,-0.848145855454492
-0.890694,-0.887923883315652,-0.561627856153735,-0.890899774762903,-0.891275527244569
-0.90478,-0.907582229921464,-0.554859282838949,-0.898060395816869,-0.897298633369815
-0.90478,-0.921652580417986,-0.55456709354604,-0.902547685781374,-0.907202559748912
-0.913475,-0.909463520572224,-0.504666593410446,-0.901917474922452,-0.904116594317318
-0.904947,-0.902955046075913,-0.498058027787557,-0.904683497703519,-0.904571163525855
-0.897495,-0.92271517689256,-0.550811390937874,-0.904742258547828,-0.900168239056747
-0.897495,-0.922690500611711,-0.561219998617771,-0.895825430779565,-0.88752468904373
-0.904309,-0.891830694029189,-0.572929615385544,-0.861983333745768,-0.807548178664974
-0.705988,-0.594011489039982,-0.334368422503826,-0.873325638230347,-0.842766370776906
-0.761766,-0.833490751014298,-0.527621260093159,-0.883693498095431,-0.816866128659926
-0.898153,-0.893845164062679,-0.705174422378739,-0.85173185142826,-0.828005256302432
-0.898153,-0.908191009090433,-0.572277267115104,-0.869872832651078,-0.887725407215454
-0.898533,-0.911629030405097,-0.545792293298472,-0.876782118384001,-0.8961414114339
-0.900033,-0.910474815686818,-0.607111195395119,-0.88653315907563,-0.889862754320719
-0.881538,-0.914205497860276,-0.648334887090701,-0.892142712404683,-0.891205471158904
-0.881538,-0.905884999486937,-0.609028700970617,-0.894349341574465,-0.886676414148793
-0.889428,-0.91482123106129,-0.574587309335999,-0.890747161018035,-0.884510806591719
-0.892014,-0.907194281212871,-0.539797140573679,-0.877543598077344,-0.873689615183747
-0.892014,-0.910130998559852,-0.56111214836152,-0.876022571178325,-0.781931848409582
-0.638908,-0.774016736430802,-0.601096368865388,-0.880266087639322,-0.877137049354217
-0.862002,-0.867593252123963,-0.469871087139657,-0.864599798864376,-0.770572919581237
-0.862002,-0.896618558074508,-0.497517481132459,-0.862712412809066,-0.855784960734987
-0.876766,-0.892287540191787,-0.540483071129758,-0.870426550744923,-0.869228576869744
-0.876766,-0.903553507122264,-0.560055142043951,-0.888104389020825,-0.888209155604316
-0.902395,-0.918753902936575,-0.58223097618933,-0.886952829002189,-0.88969553308345
-0.902395,-0.922382971977413,-0.587293542355386,-0.894806000368815,-0.90264039540487
-0.906781,-0.924884189534806,-0.61739070846513,-0.900798937773507,-0.904276205378252
-0.9067,-0.921418793491296,-0.601547340429684,-0.905699839713378,-0.906241869225538
-0.9067,-0.919567382233002,-0.584244897327118,-0.905691470809695,-0.905428618143034
-0.909877,-0.921412285409399,-0.593833984034289,-0.898828181650587,-0.889167285425112
-0.904905,-0.896461982261141,-0.585029222456616,-0.889248883303119,-0.79600621784498
-0.866963,-0.889696660906762,-0.592895076134834,-0.887101118049223,-0.271525634153469
0.282691,0.472262650812302,0.0131265728669326,0.0399001305895997,-0.0289081434351108
0.824335,0.676248026838502,0.310470445363741,0.356106699280238,0.435449014961136
0.824335,0.669475401223998,0.426891823910424,0.423281006860191,0.561040479292959
0.426817,0.475867782514227,0.417361870340988,0.488970799742948,0.544409772910568
0.280189,0.346134046987296,0.336654582965337,0.570378323699838,0.383012984831661
0.280189,0.452795172301315,0.550726776065223,0.441862273431289,0.301245681483469
0.28511,0.438670482755234,0.410952047921373,0.349152239096518,0.306759687423295
0.327603,0.416499992127237,0.127511166180178,0.301917471391383,0.310081442819877
0.330319,0.535536212915467,0.458424233677196,0.341629754209868,0.341738934719612
0.330319,0.524914479167961,0.63879876058318,0.373874427183837,0.436134866921066
0.548658,0.409888171285535,0.167574509097411,0.397399843569265,0.421666023929317
0.548658,0.39140378373719,0.179540582183332,0.358207031906437,0.414185997006179
0.363823,0.415576539734899,0.534086174514733,0.208674663166218,0.282730561993614
0.00923712,0.404083099559384,0.619889887054785,0.471833274269569,0.241635513322105
-0.0277363,0.227923908948347,0.20050786354903,0.501300074847965,0.420056184410879
0.774961,0.591734415294309,0.628815067481304,0.337218704827897,0.376270883286137
0.776815,0.699810029900966,0.533189064878304,0.459506776750006,0.681221719675275
0.776815,0.712592556410846,0.568531604652111,0.497255858557045,0.530894322673347
0.305147,0.470653870622951,0.32783617576682,0.649328225916734,0.532458778225384
0.250193,0.425912568771565,0.346688793083482,0.599642672426502,0.44814045945378
0.521088,0.590849202003626,0.824747913863515,0.486197530437353,0.393896349299494
0.521088,0.517580902599936,0.357393917568587,0.420436691074847,0.494467282601304
0.511028,0.594164218185582,0.443593274603267,0.423772347527906,0.495345959475829
0.511028,0.660733142096371,0.692879740921582,0.432133905737197,0.392201217409322
0.286378,0.476686442616384,0.245475882657742,0.408547207101543,0.353653328727932
0.158502,0.481939507991928,0.421187020260352,0.420257318410307,0.365252860435339
0.406242,0.497177266208292,0.549798416719416,0.381130219065709,0.308705656536731
0.406242,0.441705285827653,0.325923971248983,0.501848255542632,0.484641091318185
0.349517,0.396374919373182,0.232991281371038,0.639541888550654,1.19922783041743
1.99884,1.28922392388021,1.03003993983094,1.1148664978734,1.17271646431057
1.99884,1.22584965101004,0.286872303905701,1.3279310526831,1.84019446475685
1.92831,1.22955025353849,0.716374315071526,1.77970623206773,1.94304861211555
1.92831,1.40151573437231,0.66311578568012,1.9235908567168,1.91670023882032
1.91095,1.50220300026085,0.832026535025411,1.910576822449,1.8833035271755
1.83056,1.26474513506565,0.803105642563819,1.91277814585107,1.89511003697781
1.87696,1.58359721729227,0.59096401884428,1.88911829826884,1.8582882524798
1.87696,1.6612194781014,0.603487697765535,1.85587163936861,1.86306181355959
1.86652,1.61331583507803,0.65479595681828,1.86848681218711,1.83053198691963
1.7331,1.83740079390669,1.08673405741009,1.96774502582156,1.973140077409
2.0789,1.82777324615306,1.03198419336826,1.94872729628289,1.91408143060551
2.0789,1.80291510080546,0.871414689568753,1.98119767361816,2.04092655389144
2.05591,1.67046950662163,0.821498186599669,1.99792024967224,2.04994451944788
2.05591,1.92740632906543,0.917350853508239,1.98012944917283,1.96503597619288
1.89067,1.91446155325849,0.655949425841125,1.95612563461767,1.9105581148756
1.74314,1.53088014124977,0.567836131504798,1.98461430185996,1.90168391592862
1.87484,1.59527418792414,1.38116878555512,1.92866527242959,1.86529336452893
1.96423,1.48127717742792,0.859130175957761,1.84384998318599,1.90287021517259
1.96423,1.40605551114436,0.18796076752618,1.84113263702769,1.8979915166347
1.84418,1.55162787144787,0.696252649895792,1.94488268914056,1.91413395736926
1.84418,1.87712335519768,1.52561238517654,1.97049297899831,1.92699488726019
2.01483,1.80416092670411,1.07845599563718,1.84775787402907,1.85506026434351
2.01483,1.7021550169038,0.713098881945801,1.68086206985659,1.49679131670217
0.956195,0.965441951999633,-0.324670939143719,1.67003418005051,1.64271332126065
1.28121,1.14391430302534,0.717189459931769,1.53685746455441,1.17485506515745
1.28121,0.947282934599943,0.857382281661149,1.17573037109006,1.1157168069955
1.03719,0.889281487917198,0.690123123634283,0.847593531913154,0.950997511542283
0.623252,0.701687835447095,0.382259982633024,0.867300274817108,0.852785230394058
0.623212,0.824431135377634,0.747880872812377,0.845722183817257,0.687739196914797
0.649938,0.853408736546704,0.578584727107727,0.774805515342117,0.757997015611967
0.822639,0.766600241147917,0.335635992732962,0.831365941294015,0.935276813851802
1.20795,0.835913680218383,0.0902196468665826,0.943287722132483,1.05281721561356
1.31617,1.04156107028456,0.426460404355273,0.929161897934939,1.20830292717603
1.31617,1.09094651567444,0.833794929554453,1.09617258241849,1.1508160309211
0.968461,1.02672107701757,0.681818641795143,1.28245393627507,1.2819871086595
1.25281,1.0443962292125,0.622987030689454,1.16839449757258,1.13232919248915
1.25281,0.96642626726627,0.697628169128163,1.18823060487302,1.20791556667428
1.19682,0.956251293560496,0.491632043109637,1.19781472661614,1.22584837090442
1.19682,0.965515149130916,0.432870658468263,1.23483453578467,1.22497874248888
1.24872,1.0673962863373,0.783779908328169,1.19922061761105,1.21268800413078
1.24872,1.12350610691151,0.860512928155429,1.21194191968413,1.17391170889539
1.0632,1.026372641093,0.615367285499839,1.29382799559286,1.30002425640603
1.35767,1.13500725073028,0.761218290161673,1.21175493747619,1.20647330330835
1.35767,0.987307228000755,0.772200072578416,1.22209239694397,1.21865754778691
1.16031,0.890437366568473,0.525345969793475,1.15338344814303,1.12004829221235
1.16031,0.893450859573983,0.344960376330628,1.00630392044222,0.267915978697914
-0.64228,0.0348129637825257,0.699573467579114,0.534695218074516,0.224789589363036
-0.711096,-0.643377096702248,-0.457299014073948,-0.12310509602167,-0.554374753324549
-0.711096,-0.684654098588351,-0.387221812710771,-0.520026401983136,-0.773378311086436
-0.888623,-0.806797747416941,-0.269123585134814,-0.834193724280966,-0.788999256942637
-0.874487,-0.757513598189981,-0.305041323436693,-0.857262717945713,-0.867437976899496
-0.873341,-0.799293343334288,-0.479970177008682,-0.851929504087582,-0.874749261373598
-0.873341,-0.84782697042957,-0.427185591711144,-0.886904062425087,-0.885171945473672
-0.896952,-0.859328084282269,-0.377325189427409,-0.881347580662893,-0.885638584849724
-0.896952,-0.898074159858734,-0.523002009393558,-0.893986294624659,-0.898480397296263
-0.90353,-0.914529963165839,-0.586685511805972,-0.902035740202849,-0.900004703574521
-0.90353,-0.915285697410911,-0.58413876521719,-0.902938158018011,-0.903185863235239
-0.904122,-0.895201338971423,-0.56856785582716,-0.901942521372522,-0.902995617720658
-0.904122,-0.893822904164663,-0.542814900524586,-0.89946658870145,-0.899056875327408
-0.894316,-0.894821185037218,-0.532651523144129,-0.900508335097638,-0.898500020938152
-0.894316,-0.886765863173401,-0.53563190328838,-0.897921836416482,-0.890312342671647
-0.903167,-0.872067271565287,-0.564229455585363,-0.89341991087961,-0.837762966741224
-0.759045,-0.657549092159577,0.371056910810821,-0.899742386373717,-0.903640119548297
-0.90597,-0.891312013340894,-0.623216274677071,-0.894033173331515,-0.841338638682719
-0.90217,-0.901035736891576,-0.607521207480298,-0.899338780183056,-0.894812286012188
-0.90217,-0.891231104172095,-0.588962376717653,-0.899017270495694,-0.902076910841511
-0.905036,-0.907467669130465,-0.587186434891589,-0.900548979131349,-0.900768526399817
-0.901001,-0.893436285804851,-0.542078753823902,-0.899262415831211,-0.898452803098485
-0.893081,-0.887697467037901,-0.515062936160723,-0.897817923913341,-0.894834365201014
-0.888195,-0.881033287502707,-0.599158897875238,-0.89150960386237,-0.89103933113202
-0.888195,-0.890938610549252,-0.595757381942735,-0.889493970748935,-0.887102420638505
-0.889648,-0.891980064131501,-0.532977801913041,-0.882838546270301,-0.873790290477683
-0.882219,-0.852492723720498,-0.528490763742917,-0.885807911361365,-0.809269945096456
-0.701675,-0.655515823295987,-0.201403776983307,-0.88578810549698,-0.883916105304403
-0.88422,-0.61815131574545,-0.341463536670338,-0.860176242323152,-0.807600190433055
-0.88422,-0.87494641956079,-0.565917793145126,-0.886255950897952,-0.879487324363381
-0.896712,-0.871462707996698,-0.533129755972508,-0.897403556347632,-0.893186050788701
-0.906091,-0.876403480472908,-0.53914239567794,-0.898458417655962,-0.898722049813783
-0.903152,-0.899006488243305,-0.536705223973744,-0.900033151794577,-0.903664746420431
-0.903152,-0.906436513637429,-0.550548140560802,-0.902269596063422,-0.90275248907667
-0.902123,-0.91348253710327,-0.555257695944907,-0.903464267128322,-0.90277644088598
-0.902123,-0.903016138215918,-0.539583585043802,-0.902792871837669,-0.903022038887797
-0.903857,-0.895035737943868,-0.539261614171274,-0.90458690841479,-0.902680387443484
-0.903857,-0.910050214858457,-0.565231712591013,-0.893704427712815,-0.901571047098889
-0.908453,-0.903124253019585,-0.548924440856802,-0.88824531270798,-0.876417977250147
-0.84604,-0.883144562769153,-0.515548371770986,-0.902472930571092,-0.886831397708013
-0.862271,-0.783035667252659,-0.240664156815568,-0.88034547058159,-0.870902344204419
-0.893499,-0.888758411157854,-0.479908362776436,-0.862721999296772,-0.854068155330702
-0.84606,-0.846233298408204,-0.496235086968872,-0.865545101376999,-0.870217680211029
-0.84606,-0.841752959847223,-0.482283644750408,-0.875161593800206,-0.868324131069328
-0.881593,-0.887789097486061,-0.495910590872549,-0.869817883512184,-0.873003290692856
-0.898174,-0.905276210837156,-0.537105891617349,-0.87175148797295,-0.890021094867204
-0.904812,-0.906395664383136,-0.534059934558518,-0.887772933262321,-0.89593171985857
-0.898297,-0.913069583021229,-0.574337087974856,-0.896398321486515,-0.896267323380494
-0.889075,-0.878139904408111,-0.508167656405102,-0.898427355954945,-0.894445417801414
-0.889075,-0.872729003117783,-0.413467349807803,-0.8970977610461,-0.892363948124811
-0.901643,-0.877266915474362,-0.481407461091212,-0.880731327186949,-0.87050287311724
-0.892808,-0.862752208155185,-0.595754318178303,-0.799087477896106,-0.759290214906944
-0.612328,-0.405363381707057,-0.882327585070337,-0.846693425417356,-0.774687628654613
-0.612328,-0.696451915919105,-0.418066166652112,-0.879805284226568,-0.777467996052513
-0.902287,-0.881062322826157,-0.677999643363717,-0.836183188655454,-0.754161790807083
-0.889568,-0.894840520304725,-0.560310309314192,-0.878178647518744,-0.875032799376796
-0.889568,-0.903205627053676,-0.57950748570902,-0.890076411893139,-0.889854024805946
-0.895509,-0.904338916792429,-0.578830012205542,-0.88834067775161,-0.88922271384702
-0.890535,-0.900065045068719,-0.578721828252244,-0.889392952174452,-0.889248832728548
-0.88366,-0.903405628705634,-0.573911796318842,-0.89199767942552,-0.888416250229783
-0.88366,-0.903350003754026,-0.57378978033974,-0.892368819466201,-0.890955775739689
-0.897198,-0.903927570952964,-0.575888661476883,-0.888904548428062,-0.890282033160487
-0.897198,-0.906383246834269,-0.58217008348322,-0.890590677895262,-0.894632866853327
-0.894062,-0.905596450144165,-0.577325768147491,-0.89384101275158,-0.895445725221947
-0.894062,-0.901415567314118,-0.537874469183188,-0.896111182963487,-0.893978662792675
-0.896683,-0.904936675580373,-0.590568768536318,-0.888468386590453,-0.884692323149383
-0.895719,-0.895698227747366,-0.570818432618705,-0.87734265403068,-0.82780529953884
-0.791475,-0.851322641245122,-0.504767540378629,-0.868595215806963,-0.736445267852684
-0.569939,-0.377897473888997,-0.0741029187352483,-0.773811170401374,-0.712414779394966
-0.569939,-0.566894515846713,0.00944174497218386,-0.76602609353351,-0.747027122175528
-0.888591,-0.835416288707698,-0.565853265718864,-0.81098210888286,-0.731814915995027
-0.888591,-0.892953873126501,-0.573718225026183,-0.873160997307818,-0.864378928063287
-0.887223,-0.907208987449755,-0.554939187530765,-0.879922316444811,-0.884197076133906
-0.887223,-0.889238246054444,-0.575353733696165,-0.886325345586448,-0.885570827349233
-0.884944,-0.885453118405838,-0.56191971219029,-0.884994007295919,-0.885435186852158
-0.884944,-0.897729786754164,-0.550185024423761,-0.883490417220599,-0.881150481192322
-0.876619,-0.903737052529584,-0.562450581338727,-0.883439643585883,-0.882103223149914
-0.876619,-0.901473120129808,-0.553807790590621,-0.884695700605433,-0.885637078854113
-0.89421,-0.906254396141717,-0.591256735512771,-0.885557447970209,-0.882553687840358
-0.89421,-0.895888050949541,-0.566462906658164,-0.880392835709851,-0.872945305576955
-0.88783,-0.888865897193958,-0.555466534944263,-0.872999872325638,-0.778766109100472
-0.830398,-0.857040416269895,-0.517938604982361,-0.829051166404433,-0.303652924570053
0.280365,0.277007913989481,0.566844465480657,-0.227868007820435,-0.275809028033535
0.280365,0.293311617721124,0.157901439689741,0.105919814283053,0.220317879737118
0.323442,0.333128944180398,0.247102202796365,0.279415865526021,0.304942044902003
0.323442,0.289049374206939,0.114883897939916,0.391372527703862,0.422285789967644
0.536448,0.338809048195489,0.178735717786123,0.331788647816549,0.411904704939938
0.536448,0.474708167416728,0.523930547191976,0.358422775295087,0.404865039870684
0.312654,0.34831434709333,0.170751890776973,0.384558997385157,0.397828366537209
0.266757,0.318988690638126,0.12090376241795,0.341172700318385,0.29694882710484
0.266757,0.230363084380479,0.147569474252671,0.244549517037037,0.2114335003294
0.144495,0.175664710275334,0.218087759094278,0.246901173160648,0.205880138074391
0.126654,0.253478433444617,0.343479489481117,0.22722557988661,0.200154545244686
0.237671,0.344946082429642,0.325563790041936,0.197790070169551,0.183424075103203
0.237671,0.384990020019147,0.364991971677119,0.183623131207061,0.220035457900553
0.218349,0.250113837214593,0.104269725296529,0.202885384641453,0.226450417028387
0.218349,0.24545389685924,0.238988783714342,0.227559295201239,0.217132880526084
0.211973,0.348164485850634,0.569904171353149,0.224687069515419,0.220091111539095
0.222826,0.328949443008161,0.130490269561977,0.211501020370728,0.213365636637251
0.222826,0.314291052751838,0.314404190347732,0.188844617179419,0.191859333963798
0.15683,0.314325840582359,0.385578547649991,0.233562058731219,0.208255933115858
0.147076,0.319441090285487,0.241504395501035,0.311104252482137,0.313022054834477
0.458176,0.224991324966472,0.0587137589785277,0.272454410944546,0.307948300428751
0.458176,0.344359234271378,0.36464918021728,0.324695789439852,0.460703403985209
0.514945,0.420614932986045,0.538815219492022,0.380797595521097,0.464739311304265
0.514945,0.424497067128479,0.296305084693591,0.341215786792764,0.387746402925285
0.289417,0.35453937123654,0.168396869898733,0.383256291498139,0.336988184626051
0.148117,0.302946725415617,0.272297401980544,0.417464512746105,0.276653771268881
0.190117,0.367624640483361,0.554864543190569,0.371234852597937,0.316291221027409
0.46554,0.233951866611733,0.103721104721053,0.249638370142623,0.302508880504832
0.46554,0.310957693420694,0.242695719326575,0.211893101694254,0.284009552108957
0.111121,0.383000886428089,0.338827964687416,0.442133243727781,0.395681940662838
0.157288,0.469306395675787,0.431270946339944,0.607025550432645,0.743305792145935
1.32415,1.00727355718452,0.609946455794205,0.68752751301356,0.738144971469708
1.32415,0.820409479630056,0.245136737436239,0.923878497347152,1.21643818508296
1.19069,0.87469078868232,0.517228410853932,1.30275178217707,1.55379692845379
1.83335,1.1684209454239,0.110979686680174,1.24308685254974,1.44079488436731
1.83335,1.21400701181895,0.380945251779252,1.14154786298049,1.25761340851446
0.770633,0.62887936840818,0.206365184412818,1.27966665339769,1.31217856761467
0.782389,0.853148836145225,0.560981997950721,1.24138362799414,0.930584164227159
0.909921,0.722902878617254,0.377827952170722,1.13839053931608,0.934922196540237
1.0578,0.554171205926793,0.483062836171341,0.971184537932509,1.00220584167016
1.0578,0.536419085427575,0.27662278631844,1.09971132588827,1.22080226188895
1.4112,0.529705192083767,-0.00341193399046077,1.18284032162702,1.22345471433315
1.4112,0.591760535831957,0.319012630590723,1.25561118970837,1.32337170424395
1.26502,0.623526072855187,0.164951216635599,1.33455209464016,1.41426336458472
1.4155,0.855733379625334,0.305491505161915,1.45104914092838,1.38329208401294
1.4155,1.139571837495,1.09693337205595,1.5609065290029,1.62346100363403
1.86744,1.22986701760014,0.745040503429628,1.46532811398001,1.58462433556829
1.86744,1.14253729029762,0.271833877134955,1.37869584463322,1.46392946419369
1.12509,0.794639365697423,-0.0755206958915561,1.46804965724414,1.50298970407128
1.12509,0.746425635429801,-0.0232003071690279,1.38649374130382,1.25881598023069
1.27833,0.964561220300066,0.441797063605641,1.36293928659018,1.2245535849613
1.27833,0.877253613044072,0.398848531322797,1.27568583806278,1.36544558563869
1.48236,1.06748749237997,0.490482147072802,1.26279065791418,1.34776872402389
1.48236,1.17544182360775,0.608216078194749,1.26883784199102,1.2599193824467
1.07093,0.678590569355877,0.418541504694798,1.29141242965402,1.26648809197698
1.07093,0.55949164789767,0.289604897731843,1.16176157938071,1.04920781363397
0.965589,0.507607914288527,-0.0260096523282695,1.08863568276609,1.0256748479633
0.965589,0.7615480804811,0.666111771267843,1.03788862224417,0.993121897309546
0.984257,0.599800863208196,0.519646514346415,1.07630297791793,1.04032616410231
1.12465,0.531014066433835,0.431576999729467,0.940874962499858,1.0127357562068
1.12465,0.618107748408163,0.400848992703001,0.877578690756304,0.843987767119503
0.530827,0.487495934986733,-0.0239437949776752,1.01619061107368,1.00600185388187
0.891767,0.643933703807602,0.495927645639697,0.912172428135003,0.751619593985262
0.891767,0.747959247722729,0.764625966359045,0.896336267172383,0.844935247878823
0.791188,0.524868342273634,0.224730672254049,0.908704662724793,0.997691651882627
1.10692,0.759188098539825,-0.338840913692833,0.975511962667474,0.965522891754905
1.13151,0.751557953138231,0.292794783915611,0.92611402196362,1.07722004861041
1.13151,0.840276471706745,0.77949751349959,0.93496248479117,0.997074340703216
0.866165,0.825580247925518,0.901293613624401,1.05438092207346,1.02110180602324
0.912628,0.703349814774507,0.382797114202255,0.972359553505312,0.907974694927771
0.912628,0.851268232916019,0.473505594571413,0.92389384390598,0.90415347054792
0.893892,0.878712026590723,0.571234362173116,0.904188112877679,0.912551047005913
0.904696,0.837801207143507,0.322037915283987,0.939050760647769,0.927255145626683
0.904696,0.926165362477399,0.38505646341293,0.986290088401285,1.08135424109159
1.26644,1.12939114505813,0.273937580243682,0.969918137212244,1.06137213066289
1.26644,0.959143517483795,0.654159939178413,1.03146648688143,1.07855668389287
0.876567,0.776795115022349,0.436477040933646,1.18627259235982,1.29539002534786
1.34194,0.908524926667867,0.551824932368399,1.12341189458427,1.10595749227238
1.34194,0.958400852877679,0.543325632542225,1.04559754149711,1.09803307189155
0.896183,0.946976996140058,0.578534325885513,1.11627377232828,1.17788905949124
1.05183,0.868155170956634,0.521304850369777,1.17422653800575,0.910192128051599
1.05183,0.852066052535462,0.38855776076346,0.905095163329849,0.400990743713507
-0.13331,0.132315789343567,2.04764961015295,0.266370337720878,0.114763621907226
-0.819567,-0.570400894599785,-0.151741658086292,0.0552145500702516,-0.390152437265236
-0.819567,-0.780842696970445,-0.489314418140462,-0.533389181794788,-0.770878484318966
-0.846412,-0.762221783485721,-0.271195337402078,-0.843009028857237,-0.840621806565155
-0.880942,-0.806157372181921,-0.413358134199839,-0.861576305153425,-0.860390549139044
-0.880942,-0.861338390554541,-0.535493256110095,-0.872650933039427,-0.878656886051503
-0.883949,-0.8765371231689,-0.571219519560973,-0.875407191899664,-0.876999127483118
-0.873997,-0.89324840575116,-0.590138532142327,-0.877742074144855,-0.87842138955802
-0.873997,-0.881299150025428,-0.551962326372629,-0.87680040894932,-0.872949719159924
-0.870829,-0.840186493300314,-0.49950340405418,-0.870969181654171,-0.87140297227727
-0.870829,-0.822893604473227,-0.438110264070519,-0.864630842548163,-0.863605268538048
-0.855101,-0.834707223662484,-0.450973655487182,-0.870055159050382,-0.86553025149691
-0.855101,-0.862711123238009,-0.516224505424209,-0.875219950127871,-0.87313971591374
-0.892948,-0.855378955280125,-0.518520148296946,-0.872866169413726,-0.86040920775312
-0.892948,-0.834543004344254,-0.536816449386808,-0.871293574251764,-0.798188355109154
-0.719257,-0.769687480515816,-0.582290602024086,-0.872727641604466,-0.771700882563582
-0.611505,-0.416613141544431,1.24711827228539,-0.856768202889285,-0.811034361030385
-0.872821,-0.822692408734829,-0.676725960694607,-0.82056393841071,-0.765760066026108
-0.900788,-0.835791012955401,-0.556476501520344,-0.823597798152743,-0.866017759471579
-0.895645,-0.886181473893863,-0.50898440967515,-0.880942813786092,-0.892608614158356
-0.895645,-0.851787743122732,-0.322453024214568,-0.887956867397383,-0.890002710741628
-0.884594,-0.848335573932005,-0.393368163905887,-0.897003711133242,-0.891541374865185
-0.884594,-0.899473211340599,-0.664880504001944,-0.896863346726109,-0.895209017917767
-0.904103,-0.883151070019429,-0.49667546054627,-0.898122741321706,-0.894665017803539
-0.904103,-0.885110265263036,-0.385276531465982,-0.898094027009345,-0.903929612341343
-0.9059,-0.843027967741171,-0.415376892993653,-0.90624424778669,-0.907263084509699
-0.910832,-0.859864932413116,-0.664849567715128,-0.907346926237635,-0.908278348138624
-0.916862,-0.821948047785255,-0.547078527789685,-0.900826219137543,-0.893879891290026
-0.877504,-0.596369634888387,-0.148839921141537,-0.899058341209418,-0.897383978347262
-0.877504,-0.845274239983289,-0.652453310693152,-0.904951037512124,-0.885122822376356
-0.883174,-0.888952484160208,-0.504707442017012,-0.908507697652266,-0.893483275373099
-0.908616,-0.907652802503007,-0.563519057531926,-0.902429597434684,-0.895465977335154
-0.910623,-0.918717432121787,-0.579370267067705,-0.900348532292283,-0.900510798627677
-0.899674,-0.882653317468602,-0.550906497035469,-0.89202857635595,-0.893558675607398
-0.888558,-0.835133894205767,-0.516329830960276,-0.868857388685221,-0.857628000183295
-0.812408,-0.846494129963526,-0.529021941852848,-0.880839419807357,-0.856994290421898
-0.812408,-0.825086697447669,-0.475646810116059,-0.881882910182758,-0.855371578460958
-0.884155,-0.890642475801805,-0.550749325891628,-0.869159086960605,-0.857382819446289
-0.901359,-0.901540512305972,-0.568775518472231,-0.872036359647957,-0.884993828526041
-0.896721,-0.914545574524258,-0.575569417378287,-0.891953263336622,-0.89566563561186
-0.896721,-0.901328018254984,-0.562042757722517,-0.897455239780204,-0.888107328382593
-0.902643,-0.90288604055206,-0.559460458779256,-0.895713943832194,-0.822283691245929
-0.729275,-0.584873358631496,1.25814806262077,-0.884222133302255,-0.877406561858135
-0.850664,-0.856483121112279,-0.513401862459035,-0.872468826047891,-0.810865421762184
-0.865683,-0.883434556390565,-0.702149261447698,-0.872936689909676,-0.854031084416723
-0.865683,-0.88003178387514,-0.620913323733934,-0.877316703447604,-0.883629875571801
-0.906772,-0.867284329333558,-0.479888850438938,-0.890517542946182,-0.883213642643488
-0.903744,-0.890783658034223,-0.451889879352222,-0.884566569749201,-0.894289938245467
-0.89952,-0.872663947093637,-0.521920558815612,-0.881869174459643,-0.863183721481662
-0.826219,-0.770195002308209,-0.276077471490956,-0.862129653575109,-0.852728411290451
-0.826219,-0.734931582675483,-0.147956058078637,-0.824692194416175,-0.76224647553408
-0.687141,-0.570012990390457,-0.359619671277365,-0.767772917245451,-0.757733947816662
-0.686318,-0.407912942194148,-0.397097467542141,-0.727091039788347,-0.701558494963368
-0.686318,-0.556592362113203,-0.368511021651751,-0.723153128157289,-0.716519954194803
-0.74054,-0.197980865154836,-1.61176594558064,-0.735323335270331,-0.723375774265358
-0.74054,-0.771003993388751,-0.317994002732032,-0.779189827114691,-0.801260045999118
-0.870332,-0.889843405875369,-0.615191972256793,-0.826935522805655,-0.803885355377455
-0.878657,-0.864488639306176,-0.605695129812636,-0.834776369911523,-0.830644183064058
-0.808677,-0.786391100639804,-0.455505829141469,-0.837200353780483,-0.847991472633234
-0.808677,-0.803696697184541,-0.431106808282297,-0.851045517264401,-0.856407106754825
-0.893417,-0.900984646409821,-0.524486042587896,-0.867369583034198,-0.85459251631327
-0.898588,-0.918974636252519,-0.566725066444815,-0.874868458678403,-0.891185191989735
-0.901523,-0.920024129359779,-0.611423116966758,-0.894811757686878,-0.898402596596554
-0.901523,-0.906588772652753,-0.636085799860333,-0.897065009537137,-0.89890082194601
-0.905041,-0.89240615659925,-0.626997495466748,-0.894267426512492,-0.876798006311729
-0.863986,-0.857127579422075,-0.566771855900211,-0.890863564177416,-0.844938685247661
-0.783051,-0.396281981136674,-0.88288490971678,-0.871954605971133,-0.834330999710447
-0.783051,-0.783310888704761,-0.364502142544427,-0.880443526487395,-0.841430557947838
-0.885018,-0.873274259145591,-0.569731375308406,-0.876553385725274,-0.840839701058862
-0.896555,-0.896298855690549,-0.587309538945293,-0.892652560812381,-0.883699882614055
-0.896555,-0.922346655390371,-0.57307875750957,-0.893663144045068,-0.897333109047343
-0.902045,-0.918407973320982,-0.573681559619999,-0.900365284207684,-0.899163541839115
-0.902252,-0.918099062862164,-0.579351771238408,-0.900503238078952,-0.902080319308154
-0.903723,-0.921411149881847,-0.604560110853646,-0.899639974279741,-0.900305018356081
-0.89883,-0.918388231844709,-0.589408021561675,-0.90252336898952,-0.899851063104011
-0.89883,-0.918650006949291,-0.590415565116452,-0.90270902847322,-0.890258343922835
-0.909066,-0.894463856721839,-0.605606558684666,-0.892453270669481,-0.810181676454806
-0.90347,-0.853627504897979,-0.581547348553011,-0.883826669322657,-0.298445178431206
0.313998,0.290431768683614,0.218390290274674,-0.191857916370145,-0.306183954367472
0.313998,0.370209503621076,0.343178582052763,-0.0149841626709797,0.148402045273907
0.163472,0.163460250730498,-0.0284053813947551,0.154125607873144,0.231668872886129
0.155237,0.326002538690845,0.303493282947273,0.288129542489667,0.240097028429346
0.297553,0.307818395841426,0.30905729797274,0.241599901596245,0.230540593961354
0.297553,0.352879514663871,0.326625830178643,0.244957022119624,0.301249114312431
0.322177,0.234121867899896,0.124174026582691,0.299000403247093,0.319694754859978
0.322177,0.279343489925717,0.175284084534681,0.35640333564606,0.395935822084146
0.477582,0.387920219672504,0.43668522125861,0.343547580666106,0.387129387663969
0.477582,0.363014871174133,0.10984351997698,0.313533464554436,0.382922891194394
0.338292,0.368647616516841,0.202380958651271,0.321310227823239,0.317404336686661
0.147631,0.315043632084348,0.231981847334516,0.372909364588067,0.296862265143103
0.201985,0.379016294840023,0.283481940401447,0.337268012234926,0.300953428010158
0.420714,0.362462983877218,0.290341905242043,0.258651816977082,0.316060399827862
0.420714,0.209021370263804,0.262772008598204,0.364970975062708,0.446905732883153
0.505738,0.329981628749122,0.154250869916248,0.390096083126812,0.463055873967304
0.505738,0.485405095499275,0.317391265602638,0.475334133615539,0.514563937127101
0.53241,0.585128343069876,0.365038564629486,0.561671229809111,0.532972683911466
0.53241,0.473055431916313,0.238471223535415,0.619905149044494,0.629586622496958
0.733396,0.526455563381458,0.387521689341003,0.596004724781823,0.624686394020858
0.733396,0.640201062490235,0.430999961828332,0.57445172688006,0.665567541778016
0.653849,0.444185672508316,0.0337656379594419,0.57985960857973,0.60502261773394
0.481312,0.431594967435922,0.242762748954142,0.618290039647398,0.572734165478347
0.481312,0.499970004393543,0.327889598076816,0.561631024198894,0.491909020037615
0.475984,0.542475532925816,0.38112375795439,0.492486406356434,0.477481754442916
0.475984,0.455306498340654,0.151050857044673,0.468509783281076,0.455388281557318
0.418967,0.412592503108813,0.255826517548842,0.482859615431992,0.495884334742138
0.489851,0.469103331143402,0.357376832001098,0.629166953849815,0.544711318189787
0.489851,0.417439057487536,0.305082991150442,0.810763312671752,1.05885321800437
1.64015,1.38955199885898,0.746585360300757,1.06091289309643,1.05444242173828
1.64015,1.504975608648,0.878374282811372,1.20499598464305,1.48816335261209
1.50909,1.31167731617697,0.679664884202482,1.42299252597148,1.56102569151954
1.50909,1.19607341723672,0.238793293124172,1.53746305369305,1.51253618308
1.48966,1.04592379985764,0.46412128974576,1.62125308654153,1.53554907181186
1.48966,1.105140785084,0.187161268010121,1.72028904710362,1.72432027284416
1.9599,1.4469123029464,0.249520519790008,1.58805056359828,1.71073278287226
1.9599,1.73423421441774,0.846703386504095,1.72086385114317,1.8293144133492
1.77756,1.54522592364853,0.546059982210945,1.71557720833398,1.83548281387305
1.77756,1.2632522296386,0.600577396428495,1.78005516939864,1.60392976214131
1.3686,1.10639269774195,0.251893679600956,1.73281996465204,1.69476637673267
1.6055,1.49308499691502,0.959749239105564,1.63408564614593,1.52661576452681
1.6055,1.28845097571666,0.740223544978921,1.62227022529622,1.64972808461861
1.71633,1.02337084014141,-0.189230503628675,1.57441458243258,1.67188533184395
1.77766,1.2673126923335,0.18425882721047,1.60372074035433,1.62023460801398
1.54113,1.24662099353537,0.79284697759106,1.61500674759768,1.65426596221994
1.54113,1.26219611495778,0.579137036407059,1.62046706642723,1.56308701130586
1.55273,1.17259512312912,0.783209388835247,1.56738082762302,1.54464336112867
1.55273,1.03063894507884,0.359382999634919,1.52356071357648,1.51996440122516
1.48775,1.05835568765921,0.126044690726329,1.54622199414707,1.52147620437411
1.48775,1.26291551417673,0.901322229779316,1.49217281381876,1.50123997199303
1.59941,1.3025399267139,0.584786089850548,1.29023079767485,1.22953319010631
1.01105,0.87858314789514,0.0711844772781799,1.23545676222592,1.1597049559029
0.711716,0.938427868234095,0.881763490450792,1.02637186649153,0.987046589408196
0.876667,0.993465761243442,0.965275573588624,0.850048575089552,0.825130231424761
0.876667,0.886383334731881,0.606929139012709,0.907570326231441,0.882604251252517
0.86684,0.842231605130218,0.289627148508181,0.963728799300781,0.996648036536837
1.12648,0.837394841484232,0.360761903510656,0.889865003082468,0.972537306198564
1.12648,0.858567857482531,0.276562880708012,0.796076716962799,0.942735624361787
0.711588,0.849931897187681,0.298113655186809,1.11021940044072,1.20348088382008
1.33248,1.07604408704067,0.0605438743749611,1.01724926978771,0.898580324825604
1.01456,1.10293561627196,1.01258206743565,1.06409458649813,1.16372705115529
1.08093,0.997295451689497,0.919277933354688,1.01817989178031,1.05843477258117
1.08093,0.959500582026032,0.434224680285659,0.980983331495764,1.03278272408233
1.01366,0.901578105411171,0.466226618740851,0.969171446447423,0.965790503323221
0.848131,0.874806065380379,0.549579892752736,1.03011365887585,0.946652865325867
0.848131,0.864485687801219,0.260689296694433,0.994909742042836,0.932982535713337
1.00024,0.79562385520313,0.238697643421737,0.874836532865363,0.897060715934991
0.962699,0.879022046124899,-0.202455097440017,0.86964207083226,0.901509349721869
0.821844,0.901114380718322,0.358222364896225,0.880691010903393,0.90401458288395
0.846969,0.905098380249166,0.428620491347471,0.858728286954151,0.832083423850155
0.846969,0.939114770021045,0.779062605458282,0.786257600185573,0.759377558038157
0.644998,0.933890712764683,1.02674721768205,0.859061070908288,0.836743248949373
0.796938,0.821744453486383,0.500190259411921,0.899205677932281,0.834606191833005
1.03029,0.822669871746601,0.192706005820788,0.744826480458534,0.782955609488314
1.03029,0.849746936485874,0.167847751198582,0.540865587853599,0.200840411821741
-0.541068,-0.588232092900513,-0.138662275728377,-0.280857919462943,0.0756791454380754
-0.869339,-0.854955174565142,-0.507722157569588,-0.691637998581499,-0.600976198378502
-0.901813,-0.865123013328863,-0.536543369655091,-0.789436168006547,-0.822857589849167
-0.862297,-0.851092053474292,-0.54063117435775,-0.845073091784342,-0.868143595393182
-0.850902,-0.861216787133198,-0.530022778662119,-0.874000847630027,-0.861617436409859
-0.850902,-0.883946800324651,-0.577683449068038,-0.876667475487393,-0.87406983563205
-0.894508,-0.903760160713391,-0.57558306987919,-0.873257524558105,-0.874162768190053
-0.898616,-0.912364286265371,-0.5598450553288,-0.884794768158005,-0.888107179432688
-0.889027,-0.89673975906347,-0.557490914563754,-0.891314958108693,-0.890240976012241
-0.889027,-0.895937414152448,-0.569384395886994,-0.888296304432846,-0.871058439331956
-0.848357,-0.801588368283634,-0.177319039841558,-0.89075795759937,-0.880566888229794
-0.865804,-0.893041155490466,-0.562874387477385,-0.89291208698171,-0.880552905302809
-0.906087,-0.911943440639503,-0.564273353220215,-0.894460832183506,-0.88687325682044
-0.909775,-0.91403528872797,-0.558401550461566,-0.898756469557942,-0.90429487179964
-0.909017,-0.918287613154678,-0.564778699324996,-0.903974222147597,-0.907878357967496
-0.909017,-0.922901043154488,-0.576860898545214,-0.906344790062008,-0.903807886202921
-0.90461,-0.930698447677394,-0.579124062732362,-0.901529347760426,-0.887110903791288
-0.894028,-0.871318553113753,-0.527737175165601,-0.88282325247609,-0.803609965009218
-0.699803,-0.726128339771316,-0.519215272593631,-0.794045435137064,-0.804946765387497
-0.699803,-0.708255624685846,-0.465302321329652,-0.785608538835572,-0.762454380013388
-0.793921,-0.783264441423555,-0.353540151460817,-0.80915814552214,-0.755119528458567
-0.793921,-0.733816612544497,-0.278655856962271,-0.805718771592302,-0.827621643047269
-0.874281,-0.668878176461228,-0.405893340420957,-0.809392851952875,-0.834788274623979
-0.874281,-0.867325597029394,-0.526060536948748,-0.882286240208022,-0.879449171064865
-0.896504,-0.892193690638436,-0.539476550749429,-0.880351739570404,-0.88604928103931
-0.897595,-0.898553532415091,-0.559840540793842,-0.901075905345933,-0.902137192106619
-0.910562,-0.926419377379426,-0.581233239006288,-0.912801041174639,-0.90641494071331
-0.916068,-0.929706620226134,-0.585800786454521,-0.909837128200115,-0.911835044495566
-0.916391,-0.922953872405542,-0.572792258227272,-0.908240474324048,-0.911519058380839
-0.90813,-0.918547663534846,-0.572485765888683,-0.911961721436516,-0.912044109525505
-0.90813,-0.912243262891158,-0.568845435649179,-0.909240825436094,-0.908005258074285
-0.908691,-0.906930052262935,-0.56113200042814,-0.904179805888575,-0.901773463404721
-0.899059,-0.909081343180021,-0.558227827615008,-0.906174990189906,-0.891099159384447
-0.873074,-0.686276692721604,-0.465943810646847,-0.897759645878413,-0.888423036164934
-0.873074,-0.852622027023719,-0.46192613830219,-0.899000047535625,-0.886060527058617
-0.893525,-0.875892878430365,-0.505982049301768,-0.895951703786165,-0.888303692542277
-0.904449,-0.892551776499325,-0.526189408062838,-0.890653785502311,-0.892387768976363
-0.894329,-0.889728015660616,-0.518866464419965,-0.895335178767929,-0.897988516366399
-0.894329,-0.877515681868409,-0.572346043636624,-0.892046223194244,-0.892528248264009
-0.896377,-0.851870004596903,-0.526552988509088,-0.887079963622114,-0.872594567070093
-0.851538,-0.827029580793618,-0.432065456651888,-0.871811546067793,-0.870962016018404
-0.851538,-0.793720705494519,-0.437185186411789,-0.845019723135825,-0.835847009945755
-0.811699,-0.810989870925008,-0.476242492856918,-0.861932213748578,-0.837978273295753
-0.811699,-0.838967080397845,-0.50813543256619,-0.862604265925499,-0.85376993639392
-0.889423,-0.874763742658649,-0.515303559812897,-0.864213330524351,-0.851956645655904
-0.899309,-0.85573594936299,-0.521311266726803,-0.863314458594376,-0.861893595140819
-0.899309,-0.883733614428009,-0.556634753129564,-0.842655202808808,-0.719617192855739
-0.540227,-0.0752940037981559,-2.20404387458201,-0.779967847963563,-0.729283186607764
-0.540227,-0.610481398209195,-0.0859501513552248,-0.805297778954479,-0.6322077391816
-0.645407,-0.642414410605333,-0.430828925913526,-0.810712044009798,-0.680241721755277
-0.806744,-0.75548252040253,-0.710476353148647,-0.774043758761193,-0.737000500334713
-0.842715,-0.834829698451246,-0.932978071106357,-0.778092050285836,-0.813090619893636
-0.846234,-0.826266490101987,-0.756100272636414,-0.793866922120503,-0.838463145111332
-0.846234,-0.873617044523807,-0.535219176376963,-0.828458397138653,-0.836403458527476
-0.827098,-0.856144217231064,-0.573657463080657,-0.842678288257963,-0.841142876421866
-0.827098,-0.856320661178777,-0.567239712680579,-0.85100564552739,-0.859262532437932
-0.889205,-0.900466437397233,-0.577591110997291,-0.854520943361572,-0.856292814210423
-0.889205,-0.902968723292501,-0.551057386914677,-0.862236160792738,-0.870757307845564
-0.875228,-0.889770552928773,-0.509663174079195,-0.873330360941316,-0.835955712168143
-0.770319,-0.703517194467646,-1.30990451935176,-0.874266687980297,-0.869590429112586
-0.862252,-0.807560106188156,-0.814572385210946,-0.859886647209485,-0.823605875476169
-0.862252,-0.870392807276507,-0.619934388378915,-0.85976159436898,-0.851970443959494
-0.858606,-0.844668919731299,-0.54098438615513,-0.827341226380489,-0.841117291293214
-0.858606,-0.83598646774431,-0.51665248724592,-0.790387830209267,-0.735686580487831
-0.607378,-0.746720715801251,-0.321553106303444,-0.774108337113944,-0.75006712424756
-0.607378,-0.703422343505661,-0.352027701678778,-0.769712263708002,-0.739964089429447
-0.84464,-0.793396242373979,-0.664124970927532,-0.754885110147201,-0.695914844948226
-0.777924,-0.7694182845277,-0.58740178259274,-0.780513707975154,-0.796524916776024
-0.777924,-0.800480562005534,-0.704862608165232,-0.805758727673184,-0.797397340097545
-0.848147,-0.824606225975739,-0.635714588114284,-0.775372329063455,-0.692820657939337
-0.851801,-0.853389915730942,-0.531635422331785,-0.674830242709048,-0.0284443498732873
0.76253,0.808178079878391,0.472496384481062,0.165754236178634,0.0174213200493037
0.887405,0.897252869526608,0.885995332319927,0.536089627536725,0.694489482430228
0.887405,0.850281207549964,1.05062393871798,0.681621156594604,0.795788104156816
0.773962,0.932188681006847,0.989596834035884,0.766142294214961,0.776826786971167
0.700743,0.693801698769989,0.65162812825927,0.699019067144603,0.657324473031702
0.538782,0.836097559581547,0.995907857900465,0.702288743235508,0.579792128370373
0.448749,0.841031997425788,0.913029381537401,0.597818400927757,0.495616912605395
0.448749,0.425669690835629,0.503980586249961,0.445603051333848,0.382091333791128
0.293888,0.34711244888558,0.652952991061846,0.411778047306824,0.386481815907895
0.323198,0.436959184403099,0.728878366354119,0.338736429370991,0.315138064012517
0.323198,0.47946343597019,0.575303469298658,0.313420122980635,0.288133704400678
0.24119,0.564220702450673,0.929317106894919,0.345617867134033,0.324705479303585
0.24119,0.553972208659866,0.686229286056967,0.388319953128038,0.531264011029588
0.870442,0.540210320249618,0.349317810050092,0.35537666466166,0.352099264423205
0.46155,0.70468179114763,0.733464476416939,0.407046213436361,0.617755285722634
0.46155,0.709054970930048,0.755804911811897,0.454914702324005,0.477206799791203
0.442631,0.672242210832709,0.71219493088548,0.51185489748812,0.465703153577443
0.442631,0.647785889567868,0.819327521887768,0.491129734923285,0.511728990691793
0.57351,0.714161463008669,0.752018101999369,0.532477767653537,0.519678654655963
0.57351,0.744619057291812,0.848247562094724,0.571624246749765,0.639063071907492
0.727569,0.896723367148107,1.00717267156732,0.5925106610623,0.637667964257442
0.727569,0.971904566136454,1.03401743435859,0.629445187147659,0.639929410828229
0.604864,0.802084368451986,0.761774771584392,0.569551069638322,0.567855361492607
0.423634,0.571281424522305,0.68787785664619,0.517236687101321,0.483548856450662
0.325605,0.523629366675707,0.615089472134351,0.603750909240556,0.452325592468428
0.254331,0.749989860047425,0.923054149182996,0.800005258371985,0.955838015920115
1.56228,1.2698475091859,0.836109497024898,1.2293535349591,0.930505609148288
1.56228,1.28025860542989,0.685741039451035,1.27509019794116,1.56812709796994
1.78051,1.40748077387653,0.789090741627204,1.3888098621556,1.61523783080262
1.78051,1.31562580153404,0.758618190940397,1.55696733825687,1.48433976566111
1.15304,1.0214484847588,0.163409305006762,1.67479626338876,1.70449565263972
1.65127,1.24706202397174,0.535684104287474,1.40393340495944,1.39069789021655
1.65127,1.06212419639022,0.774285960976447,1.41053345819592,1.23300334688212
0.830729,0.394068531443049,0.16844523508536,1.30319170955928,1.38537139257044
1.15486,0.259101515582823,0.109350935782715,0.877590805189366,0.96580020338857
1.15486,0.337142408544009,0.407026829043077,0.769383770406738,0.554011149603392
-0.0416431,0.0464511080873096,-0.278746851617033,0.584402654955893,0.638494531866795
0.147421,0.500033608332109,0.59059016455098,0.567837655365305,0.073213359986399
-0.028088,0.171638624660475,-0.207856246523427,0.248233481025998,0.184178104751861
0.191254,0.534793233767984,0.69214784753576,0.244939152006957,0.199418402197417
0.382059,0.485468125780932,0.700282856518621,0.284167850735502,0.335262135484351
0.466435,0.390824953289489,0.318250817162481,0.581301536877405,0.547698417309705
0.53943,0.357930288842812,0.0594114919272918,0.973827037058654,1.18423442055084
1.92006,1.3037150969478,0.49655576697191,1.11001231968689,1.22145702995946
1.92006,1.23308515335791,0.468952868550375,1.22549732873959,1.80524366929301
1.89482,1.59315701938489,0.983889662931066,1.72813171476837,1.90692933169253
1.93056,1.60187501822075,0.96404847169384,1.90937599907977,1.89355820535966
1.93056,1.68504260427298,1.01566235975548,1.71944574883768,1.80267285647457
1.85524,1.51922599969364,0.672006301217138,1.50639619133363,1.30866976013835
0.693362,0.485509206453937,0.0331935233958624,1.1719428266069,1.2603569748009
0.693362,0.444526661996094,0.0715329030200282,0.95312108154004,0.651065562684291
0.432467,0.574930884973652,0.269711118467275,0.76120432230597,0.577486292169843
0.432467,0.714278779602225,0.673729435000455,0.575934200994074,0.463745111650666
0.401126,0.464726120562233,0.535504364110777,0.603678128871826,0.590014884364656
0.741968,0.416129402602896,0.345863867210016,0.477820727422311,0.572036670541544
0.741968,0.459771095371257,0.386072446097391,0.668806141978044,0.701861593849783
0.496957,0.539063969260893,0.403311781582568,0.971844664399972,1.3330096992817
1.93318,1.26997768328689,0.601356683019562,1.1430418104536,1.2275778993497
1.93318,1.63259917814835,1.13686836596647,1.39735633199489,1.79282914902163
1.80973,1.56531410241254,0.612298942823687,1.72657785337613,2.03161236954962
2.16741,1.79485207478342,0.691990775957981,1.94645201731858,1.97531074813119
2.16741,1.82323951951652,0.949433778955126,1.95740673472377,2.00654934073084
1.89392,1.66165594314791,1.10422530197497,2.01593650607034,2.03740051416686
1.92779,1.58959929220906,0.879022791354213,1.84635572453885,1.88788887833451
2.05849,1.54300158929059,0.372805486705522,1.3285996708609,1.27162743655596
0.71106,0.252368778382969,0.0293778878636646,0.92232324648116,1.05342500069599
-0.0245456,0.16344691489512,-0.190692187993713,0.995438783520137,0.750739558965259
0.585558,0.53867565788067,0.433893560878553,0.789475582275164,0.369656870923011
0.585558,0.708964547453468,0.758022627848467,0.640507039075205,0.677497147719967
0.853262,0.544927577988489,0.354097061535451,0.444113655842343,0.669623974543223
0.853262,0.559390895241901,0.190120827268547,0.50176639302627,0.535654487498738
0.284486,0.533698884092907,0.354042099871869,0.577227193084159,0.483476868729844
0.226124,0.365786913110445,0.253803481509008,0.469964313260758,-0.0566260043193905
-0.442228,-0.236922504565005,0.107236960875914,-0.158659382251722,-0.230476178742011
-0.682185,-0.584443354980867,-0.128319600039502,-0.401472511540834,-0.598162979215922
-0.853713,-0.818113171573013,-0.599376755260074,-0.663468898584786,-0.754855688647919
-0.875648,-0.828991682076695,-0.452927675735368,-0.866260920412448,-0.85895457254504
-0.897436,-0.88841783054322,-0.467582148646575,-0.873147535524497,-0.882727578856769
-0.897436,-0.900189854250793,-0.526355622298996,-0.893187432532478,-0.897176837812996
-0.903364,-0.89728928589636,-0.493152389442241,-0.887815913459354,-0.893315862106247
-0.893408,-0.897998599302289,-0.546648544878871,-0.878292048099506,-0.885954336359917
-0.869284,-0.887197209461418,-0.539543416055789,-0.889145325079282,-0.882790392915775
-0.869284,-0.887502239005014,-0.54466474097719,-0.885141829043595,-0.876321982398351
-0.904892,-0.904860161397836,-0.593909862284226,-0.86838201516351,-0.802863986850564
-0.723838,-0.606540505114677,0.113113153558471,-0.861423469500006,-0.851862734418583
-0.792695,-0.763488478026119,-0.324740068951922,-0.868416706845534,-0.809416989185585
-0.868302,-0.828701858115505,-0.4842441359324,-0.865403277693119,-0.828403694218499
-0.868302,-0.893586932257852,-0.631182547780795,-0.842147350748306,-0.869466421794061
-0.903222,-0.901339855654281,-0.586020761196845,-0.815641898898859,-0.817196852681157
-0.768706,-0.799337825229122,-0.470156526279951,-0.808944786101411,-0.830670658595481
-0.760395,-0.769063431502237,-0.466695045461565,-0.810475992327961,-0.785056241500683
-0.760395,-0.847683217975668,-0.545298036331491,-0.87269135768243,-0.834666666118552
-0.905049,-0.894905615711798,-0.563449296558002,-0.824188754460377,-0.832166447859165
-0.903585,-0.890859262907542,-0.559038296177577,-0.855182658504809,-0.892640270030974
-0.903585,-0.893934116089846,-0.600391053137763,-0.862039092632687,-0.896228278701633
-0.909348,-0.90672749309067,-0.558943725579627,-0.901785613788933,-0.848013589865105
-0.775265,-0.681647657154235,0.395456305453082,-0.902199349623651,-0.900567755978345
-0.893483,-0.788720707246382,-0.337039520901806,-0.887924019438488,-0.841744800782059
-0.899969,-0.824877899773358,-0.544458684223396,-0.882842389901007,-0.85028946185601
-0.843545,-0.448369657739105,-0.290295650711372,-0.761722504452809,-0.797787533997269
-0.697721,-0.0483109772351513,0.410078543724564,-0.812293863299321,-0.778207992006737
-0.697721,0.303656847641603,0.284538226945307,-0.809516750410865,-0.733148668158707
-0.722327,-0.191971798334494,-1.61174212073876,-0.795299639516685,-0.789058720166719
-0.887535,-0.299232658098673,-0.884918164371741,-0.734151594604243,-0.768030652400635
-0.822228,-0.74595711944729,-0.608057809291898,-0.768586489727252,-0.824560513943715
-0.796799,-0.776016024254127,-0.459415684821026,-0.77013805871246,-0.779348871565872
-0.727074,-0.716765313241922,-0.463505973194914,-0.789690614757977,-0.775622777771874
-0.727074,-0.789320036658226,-0.601606747771129,-0.806275562743894,-0.80819982351863
-0.881742,-0.65027765791972,-0.63453381108767,-0.782301177129464,-0.793300081770897
-0.859825,-0.799133275170562,-0.493394177598226,-0.810281535291702,-0.852727613682852
-0.845349,-0.803829135203075,-0.484076970641263,-0.85065994615889,-0.856892409457499
-0.845349,-0.857702124113459,-0.573146004884098,-0.874113809252268,-0.87560765707599
-0.904678,-0.910163546051664,-0.533855669517014,-0.883691699578687,-0.871926797820116
-0.905247,-0.892951460300367,-0.525490147774326,-0.879727072341592,-0.876952047925045
-0.861282,-0.866401978663115,-0.542147836680743,-0.863043252889917,-0.871836306788297
-0.861282,-0.883567298149148,-0.540291078632594,-0.864842254511653,-0.79298906315714
-0.715531,-0.752134101050191,-0.343165317902344,-0.817063384850365,-0.798165826855133
-0.715531,-0.650469917605789,-0.180851445101672,-0.798066193103913,-0.788419245663343
-0.834043,-0.726070211597626,-0.324169094645374,-0.824013364290639,-0.793987384765781
-0.869895,-0.839202925083846,-0.493432017088441,-0.798690015904277,-0.84085364357059
-0.883164,-0.899130159433072,-0.564911958450556,-0.809617177365871,-0.811820182564645
-0.751124,-0.78660871472601,-0.336960239986548,-0.849219032375847,-0.850867051535163
-0.818578,-0.851836220140549,-0.558267523996635,-0.844660628520299,-0.805101121835502
-0.842569,-0.863265064681647,-0.524738682016694,-0.824670122068949,-0.817568296831916
-0.829031,-0.854817093480457,-0.511779506903978,-0.809792914802453,-0.815929347798598
-0.793603,-0.815787836150049,-0.460603403293015,-0.823673759167416,-0.813214032900154
-0.793603,-0.76290153492606,-0.52629226654833,-0.841614652265951,-0.80460169716716
-0.800455,-0.796122133881535,-0.675128115209504,-0.830833529461871,-0.829565330919504
-0.867273,-0.810202521941923,-0.587882566844875,-0.808706329433474,-0.824818480060673
-0.849749,-0.831446188446522,-0.447014656173129,-0.850741062641193,-0.854564386484505
-0.849749,-0.876890099640496,-0.500449394763518,-0.850913703266604,-0.857853730032781
-0.879181,-0.879070315751399,-0.526273703971236,-0.836803332586399,-0.816786439350551
-0.777364,-0.788527532550221,-0.185274915592495,-0.852267882712079,-0.847069964759511
-0.808722,-0.848243925151141,-0.49369864046444,-0.866812297021362,-0.835759253197039
-0.879686,-0.881373702448722,-0.555309248172493,-0.851976910257115,-0.842454697796739
-0.878898,-0.889383829674742,-0.533221148356162,-0.841960496331576,-0.873114067500438
-0.878419,-0.750842278518034,-0.51946706605713,-0.852205436252399,-0.87501843367637
-0.878419,-0.743703455854771,-0.546951263526157,-0.862568011323762,-0.859183246149473
-0.841039,-0.716572151242787,-0.400343610815499,-0.849459352498132,-0.856617909970194
-0.841039,-0.835170003986912,-0.446791019540102,-0.822284781346165,-0.823150838647122
-0.797809,-0.805180668405818,-0.455714905751445,-0.834305488656076,-0.825978395683797
-0.797809,-0.807824000136216,-0.463022301746901,-0.847428331936569,-0.841990471809734
-0.881683,-0.890709450768024,-0.553186005513472,-0.824091026948071,-0.832875628380999
-0.881683,-0.865863246704227,-0.547871638599695,-0.808258845469468,-0.826001312013537
-0.803216,-0.837960747877256,-0.479947068264296,-0.828142370399993,-0.772911746826868
-0.69519,-0.709497499573838,-0.391334594552195,-0.752061579448043,-0.657284280842733
-0.69519,-0.718510078710578,-0.492463390216925,-0.602710126509041,-0.0527661884752498
0.5567,0.903502617866559,0.942217082566785,0.390567445829922,0.0990277846281765
0.872762,0.86846005466927,0.986983771263114,0.592862822556246,0.697853018156848
1.03494,0.792067836135436,0.649526496527937,0.720481761934427,0.889899143103055
1.03494,0.978056357716215,0.81478138971345,0.803790598554002,0.842479377795252
0.691667,1.04047793373558,1.08867701992995,0.814587957675158,0.840341535790374
0.648344,0.888463092506284,0.984173185312726,0.792646974292727,0.704133403188273
0.648344,0.799449780251284,0.689265565660318,0.801401250765471,0.713623006141716
0.756644,0.853329370070768,0.927650621795062,0.718660098830507,0.730659366159993
0.813886,0.902722188714934,1.01689933855612,0.708453586300996,0.767232203632963
0.813886,0.923524903934974,1.02898067087028,0.737226843310254,0.741311806349982
0.666103,0.796817520558607,0.849713082140641,0.773916626713999,0.784580563685774
0.756656,0.680339077997819,0.749541118552588,0.732766210355437,0.723158209320427
0.756656,0.689860298636785,0.879615010922347,0.756323552027945,0.756981328443691
0.77744,0.744874969896528,1.01474078806746,0.720619101206683,0.733471998087355
0.734699,0.746361405672979,0.928448132632563,0.671319174384736,0.678208989499046
0.583791,0.656439401685567,0.792580153053466,0.721675361938933,0.657398562227382
0.525949,0.552019233540167,0.689559357862476,0.782402828613451,0.727523852043608
0.845938,0.654136803308949,0.710738146853074,0.670079746751037,0.698053136236127
0.845938,0.873828529607879,0.995924350773366,0.791897874533679,0.862926538016481
0.927199,0.827402750729544,0.731697446291815,0.79455812514996,0.879366737425686
0.927199,0.878778695030061,0.998939209823433,0.870042122948691,0.895786467028121
0.880675,0.819000492857717,0.785266035575248,0.843984593346156,0.892914036050706
0.880675,0.884158074103877,0.995512256644032,0.852595783723977,0.817282361500577
0.703304,0.803877167281716,0.878706451318174,0.962474273364975,0.939015265135134
0.883371,0.941252267293653,0.856640983498163,1.07244605341202,1.18355866335053
1.57415,1.14624374397319,1.20952555632749,1.22072254110218,1.42709036502038
2.01817,1.59928921678451,1.41390651981947,1.41276972212895,1.66141609008825
1.84063,1.66027877099733,1.07457930421707,1.72951096151448,1.93839690078418
1.9154,1.66592318921367,0.428176072263463,1.91748075695163,1.97121655942748
2.09217,1.95149597140163,1.34462637549145,1.96496834031017,1.98370174303346
2.09217,1.8413445884147,1.47803870530966,1.95982558708001,1.97433396053044
1.86561,1.66290408581573,0.721286721932362,2.00031762902266,2.03910254828101
1.98309,2.06130690411314,1.51046758217298,2.04925401528722,1.96466726002943
2.0315,2.00638493869652,1.37496936611194,1.99946571215784,1.997256520978
2.0315,1.85510945582435,1.10250449384435,1.97756344546537,2.00201524484516
1.97122,1.8835947973103,0.856276551826203,2.04149446591823,2.03527280032515
2.01791,2.12750025088444,1.51450213431308,2.07489291373123,2.07366955292183
2.17667,1.76589858090632,0.934930083799236,2.02019931343834,2.06289025790693
2.17667,1.83709609693549,1.54334596457514,1.87067317783299,1.95363711778176
1.93303,1.72553297596749,1.17653876675616,1.67034743040212,1.46024736897052
0.79773,0.862739195025874,1.08304230734232,1.42466229988265,1.21604902882781
0.404551,0.662830743894529,0.370668751357848,1.18020999923192,0.884044585731667
0.770477,0.778005467249033,0.525059271135694,0.98394244887185,0.710972588839715
0.905052,0.925127173721502,0.893674506438989,0.876983007942173,0.907006330558227
1.10129,0.819928947896534,0.731235323969295,0.75134326749221,0.937948673960398
1.10129,0.644886513389999,0.355202695322455,0.730075891718089,0.73832793594498
0.373072,0.577012912309656,0.608662193075231,0.862573382621252,0.853985629985496
0.620498,0.636350756911412,0.618845852301632,0.845866701040043,0.521625064830704
0.521858,0.762509351733782,0.578694061738303,0.703043514746484,0.693632471403297
0.790733,0.701143951649445,0.320224386373312,0.625647198579896,0.651758561154175
0.790733,0.765881967329257,0.774607563054212,0.632659776494686,0.702377049991765
0.663932,0.618325326044861,0.502407104560956,0.695484032086133,0.686727523283799
0.534418,0.615611554276299,0.425031153852218,0.780229416774408,0.788666357452144
0.897828,0.821977325403926,0.939253317351769,0.760712690671149,0.718494476259291
0.897828,0.912348532603574,1.28173955159211,0.732350129257249,0.814234576064839
0.811523,0.712533703988083,0.571186305412465,0.672787440183013,0.751806241553812
0.605908,0.703508241104266,0.497473079611718,0.763912803527029,0.739822734017458
0.650634,0.797529721018127,0.938179210310107,0.77701593803878,0.663598180822012
0.650634,0.632332435515596,0.607980405753148,0.78326487998902,0.776851443430861
0.90473,0.625588889722782,0.446995117162527,0.71831978067525,0.77828969033211
0.90473,0.861077451388766,0.804259320518527,0.790032432152798,0.890915519530233
0.889067,0.92932115026726,0.952963120626027,0.949598236365717,0.981587810148708
0.889067,0.82183781376448,0.717815260730691,1.18703360628101,1.4737002762816
2.0517,1.71444785582241,1.31146675748845,1.40305768849084,1.4875620622141
2.08752,1.82578347495609,1.41303683015722,1.69850648103899,1.97679496674122
2.08752,1.56048739570958,0.658321161993152,1.71847350334776,2.03332111449041
2.02472,1.87041599985092,1.49004543459607,2.03736698184942,2.00600332751925
1.93169,1.96115813308161,1.73771585667978,2.05878413316067,1.97348220293432
1.95607,1.89796629394627,0.783844374499247,1.78908420649781,1.80887944978244
2.09534,2.10855340669311,1.31736219041842,1.35357636146014,0.609009919692808
-0.736409,-0.569533714396584,-0.0898246808992966,0.148443509809692,0.66795323543866
-0.736409,-0.67003576169087,-0.410936407217876,-0.601022154072631,-0.53216997487528
-0.73733,-0.726093188349425,-0.471811755232941,-0.732372441858907,-0.745442226157018
-0.806865,-0.852530047375474,-0.594505858340804,-0.807996878051262,-0.802887639793116
-0.874551,-0.869214459547162,-0.559926953916371,-0.812612241207618,-0.845933636698349
-0.896525,-0.877518681384413,-0.483130487751686,-0.868267429763421,-0.880152098586236
-0.898142,-0.896247736836807,-0.502840677176033,-0.884241096299923,-0.892547599300822
-0.893389,-0.922930683042466,-0.556328403184165,-0.89268569159918,-0.895980985171686
-0.893389,-0.912039249248867,-0.579937422086564,-0.892315469399715,-0.898408113098432
-0.908406,-0.916209443413259,-0.633967462161746,-0.881288683020996,-0.882425779187763
-0.874107,-0.905339159126889,-0.619158125516927,-0.89081849905072,-0.881015958256518
-0.874107,-0.905916802679359,-0.585951283983445,-0.887091219845254,-0.815694550063489
-0.72781,-0.7246138757232,-0.631564827396728,-0.88696131647212,-0.883571860366272
-0.894626,-0.902404396318191,-0.607914099932432,-0.869113269406356,-0.814544843104648
-0.881158,-0.902925110034993,-0.603619316417192,-0.870265808599032,-0.87063879339978
-0.867393,-0.89579771897978,-0.610817866355517,-0.879223184745817,-0.876913106746856
-0.867393,-0.900442084259014,-0.554859955172407,-0.893556279779926,-0.890045957087679
-0.911791,-0.914324314311793,-0.582706301171051,-0.88788783479061,-0.886461357332604
-0.905419,-0.922249267512343,-0.623209586000621,-0.892786525007523,-0.904724528562169
-0.905419,-0.919842189840788,-0.567743233249342,-0.891106262547007,-0.90154184308074
-0.905983,-0.923866638440471,-0.587307262601485,-0.893175267959859,-0.878086070148921
-0.866411,-0.863679951659055,-0.567050114777349,-0.900149853083551,-0.83398477123169
-0.743927,-0.677442084222314,-0.357512022875396,-0.886351715809204,-0.86864086574293
-0.863975,-0.442842795080893,-0.135245013065294,-0.85635862152664,-0.816827543350636
-0.863975,-0.84520952319913,-0.604903585526454,-0.861882495407151,-0.878099627514996
-0.906386,-0.880352198010261,-0.533537313966665,-0.887215244567257,-0.887247553049341
-0.912919,-0.894985985981017,-0.590131791302284,-0.908698747386691,-0.905874971004829
-0.912311,-0.926654443367484,-0.597349406968362,-0.909366405781866,-0.910807889743971
-0.910935,-0.927322762293831,-0.581823383814646,-0.910413888953785,-0.91067171957433
-0.909162,-0.924083544130263,-0.588069219862532,-0.911655917390019,-0.910357455172377
-0.909162,-0.925302604924091,-0.594666643112956,-0.911467213297896,-0.910728870378438
-0.912164,-0.928035342766467,-0.586033466874825,-0.910007821628486,-0.91012628511962
-0.912164,-0.925795881428132,-0.586056650601749,-0.909577415117254,-0.908203688523066
-0.908425,-0.915142619837822,-0.593005519913281,-0.909860749193039,-0.897802954229337
-0.908425,-0.916703667303848,-0.595116788923963,-0.908695072725901,-0.82564625731454
-0.721837,-0.538310821361973,-0.0569523753581853,-0.888987948205215,-0.883479054024259
-0.857144,-0.798717725718196,-0.471430119178642,-0.886351383555313,-0.80785153802445
-0.857144,-0.870163199922146,-0.536563194402436,-0.891807879660971,-0.878216021506633
-0.915841,-0.913393274500732,-0.585547235802639,-0.8923130748873,-0.883775801448829
-0.913134,-0.922320085321944,-0.585241631873102,-0.90471734872274,-0.908876871451645
-0.911173,-0.927147869910385,-0.591602009218248,-0.90600790375538,-0.911356639681545
-0.911173,-0.926115438520488,-0.587673178541059,-0.909421722002283,-0.909168301993401
-0.907044,-0.9264014749875,-0.581994786143032,-0.909477468039529,-0.908789449697802
-0.907044,-0.925705566580813,-0.581434992907614,-0.907896046113639,-0.905056966926113
-0.905238,-0.923522564703478,-0.580147354822946,-0.905980224449649,-0.896867526867353
-0.905238,-0.890751605970961,-0.577623860133597,-0.903951465849714,-0.843241337905972
-0.902995,-0.867283204905567,-0.568440120866728,-0.873518926705574,-0.49735335029832
-0.00240394,-0.297262741987569,0.990087168216982,-0.823815064086349,-0.74313866186026
-0.529535,-0.734777104353776,-0.491211700141252,-0.881767989249411,-0.511606830980603
-0.885511,-0.839564844141913,-0.641889209120893,-0.80352314908331,-0.678835406304291
-0.885511,-0.869525122100091,-0.55462800208465,-0.827795798995347,-0.859258334093964
-0.89438,-0.886777197252994,-0.586461304848725,-0.883919937080921,-0.888106525370708
-0.899904,-0.915234300765991,-0.58764007142718,-0.896345519067535,-0.896219678293442
-0.899904,-0.916620043940662,-0.590095532458795,-0.897828911098997,-0.902268554024259
-0.906742,-0.919637458180312,-0.592950305867995,-0.898975189747867,-0.900149608571838
-0.900481,-0.920236732384207,-0.60907911441413,-0.902718350526777,-0.903312280877266
-0.900481,-0.91987947518712,-0.595743195098334,-0.902578608375679,-0.90237122006843
-0.904217,-0.9162887106485,-0.595649315948071,-0.900893068602085,-0.899888570520824
-0.899239,-0.913435497563511,-0.594255265060483,-0.901588800045859,-0.901198079608545
-0.899239,-0.917049835340943,-0.572874413644396,-0.90211879709597,-0.897846249555044
-0.900027,-0.864081843463902,-0.586367683916683,-0.902675071890078,-0.885552439297422
-0.912105,-0.871085749815837,-0.614561505779072,-0.891417933874513,-0.771551314643424
-0.63738,-0.081909682828352,-1.73090410292877,-0.844731315301383,-0.793216679071411
-0.63738,-0.598342250648051,-0.436626530765991,-0.890630631865093,-0.787146687736756
-0.895793,-0.829998605752806,-0.635218302420522,-0.883682972083034,-0.77032622295865
-0.895793,-0.833202828514554,-0.546234516354489,-0.886419799430043,-0.881401709822496
-0.904746,-0.911337486544742,-0.515186128487617,-0.887651284726368,-0.897792429609342
-0.904746,-0.90388872302674,-0.408751760818647,-0.902201109316538,-0.906058234174189
-0.909486,-0.878663623509602,-0.551738769196887,-0.90349662349688,-0.907224301145993
-0.911124,-0.91372911241416,-0.718518543935028,-0.905464324766038,-0.906236028511696
-0.903642,-0.910245744448522,-0.594844158335049,-0.906754029428099,-0.907486910796351
-0.903642,-0.922927444221964,-0.589413514160184,-0.907037493077705,-0.906056422083614
-0.907409,-0.927725388769654,-0.586814629698335,-0.905601220412753,-0.905571089780099
-0.907352,-0.92656442829686,-0.573947866686952,-0.906261639353322,-0.90659882400476
-0.907352,-0.92033940733118,-0.552990838546037,-0.907050251401309,-0.903433612599019
-0.907441,-0.919064316864466,-0.572804891352576,-0.904316166722904,-0.880740416191605
-0.908956,-0.926455437574859,-0.622411411202087,-0.863382822360969,-0.725093784235022
-0.864433,-0.854237997618601,-0.574030893110832,-0.789540155077564,0.186065846401305
1.28024,1.02250756896911,0.167417823706265,0.299392392268834,0.206590206161905
1.29373,1.06829452806838,0.902571844977196,0.809240544983055,1.09400477622316
1.29373,1.0590686923784,0.842572781226524,0.987256579041275,1.05718064023143
0.844377,0.889859077394386,0.359067773000884,1.16267187617405,1.15377975304297
1.02678,0.796229944709641,0.541368868574057,1.01643993646556,0.950329572887722
1.02678,0.772933069023415,0.619979371728871,0.970671085102872,0.895184205933451
0.745383,0.787202498188231,0.427072001280561,0.976172692725428,1.00306408712896
0.975031,0.858897021167279,0.502168525632951,1.00460251582189,0.904085184235553
0.975031,0.997989611114459,0.959489730209294,1.0963003724786,1.11407842730354
1.29341,0.938116987114298,0.764416966700436,0.946000810249596,1.0917015338857
1.29341,0.734082165730468,0.270076807183835,0.883258124767361,0.999772654074147
0.794397,0.628447783133667,0.395809879916458,1.00532423867589,0.907212935847119
0.523714,0.760981865169708,0.827574255703359,0.96199469026484,0.708934708818148
0.523714,0.713151204784043,0.675701093714158,0.84478084010101,0.630309208551466
0.694959,0.652071066488342,0.360066752349502,0.634038205425607,0.531430673569899
