1000
0.532185,0.197754695880503,0.163589966523572,0.162192847455413,0.514086690151471
0.822043,0.205979312816652,0.00123906266819962,0.265864387462099,-0.421085528690113
-1.52938,-0.527580674750353,0.199135997648524,-0.453761382639096,0.619243978504705
0.696702,0.198569054317053,-0.0203135484416232,0.207533765109152,-1.04203165102269
-1.13775,-0.402298489340605,0.0675867452634211,-0.397742224255914,0.446113539989531
0.572947,0.199230850861481,-0.0171348535610921,0.134793599908082,-0.484410260558067
-0.172386,-0.0881984860725934,0.0578479094947219,-0.0442486106330257,0.451438676813427
0.746323,0.208467667196336,0.0102477498030771,0.28665244087036,-0.323180999875147
-0.674419,-0.301357580127126,0.0126372419826625,-0.344202892535431,0.379706307894709
0.357664,0.109429235394537,-0.0294245410274305,0.0378808950787404,-0.790367750869988
-1.35407,-0.543545497979119,0.0013632787262825,-0.663876706084006,0.284819668166676
0.544374,0.173643975078617,-0.015831468440327,0.153951066907923,-0.975564019963235
-0.994015,-0.467103032106003,-0.0424747410033118,-0.544967097714271,0.18145282491061
0.0838345,0.108476898584255,-0.0238017411106411,0.000980960890226311,-0.412913680537772
-0.118093,-0.0969398954983791,-0.0114638830419923,-0.0268847602236587,0.226664994963368
0.695117,0.2144022799083,0.0193595628493475,0.252266665589245,-0.349618654562987
-0.703777,-0.312375024496797,-0.029914605946931,-0.326797367648401,0.310079428119073
0.231832,0.194176444482801,0.00139088093757517,0.0208751455527093,-0.762138548501496
-1.28403,-0.563996825555547,-0.0408221950687596,-0.659068687204289,0.324581494353712
0.52165,0.203019500097724,-0.00828114853015145,0.155977141509942,-0.252102391776157
0.580829,0.172350447537776,0.0945684439212184,0.272912880758524,0.393092551567041
0.806346,0.231290943344659,0.0358219551803839,0.329290287086032,-0.337728505671524
-1.48493,-0.654478580130463,0.0550604399046213,-0.69045303491485,0.552244660712673
0.411283,0.197463262697514,-0.0160185990958827,0.0992867511467042,-0.610727901137493
-0.180072,-0.110767170911288,-0.0044614036615776,-0.0437389794744542,0.352355010245934
0.71588,0.217532624624679,0.0115466064552945,0.258771387433534,-0.334510851599981
-0.659475,-0.298896750402928,-0.0412056294017424,-0.363882472341448,0.355085495733739
0.307196,0.209320254329807,0.000363529809879568,0.0259648777308423,-0.704757492787734
-1.19977,-0.540297395219022,0.0175353566876482,-0.68767242259768,0.370573063422785
0.544297,0.212492697381947,0.0134667789805066,0.139562924980216,-0.202371618900123
0.600193,0.162093290609849,0.090782407373367,0.245449060246949,0.411731717303064
0.808619,0.2009446748639,0.0264077577097695,0.336719113705658,-0.31428005166533
-1.43545,-0.612719122381967,0.0970704838163231,-0.67010136158457,0.500376804458589
0.420058,0.170081702453046,-0.0187876024925365,0.0764572178581501,-0.976765836288193
-1.05565,-0.429890345754737,0.0162313753305494,-0.517974271295356,0.257325989748753
0.270345,0.21784636537524,-0.0112322028465896,0.0114541734742594,-0.123215569936405
0.610446,0.175010685765972,0.0858905679759368,0.246922642700489,0.394254665855563
0.816468,0.213152196916745,0.0112602234105822,0.339160650409219,0.249930983152783
-0.132754,-0.0915021092013694,0.0161029300317066,-0.0615793274146989,0.650316006861615
0.705036,0.224506191699115,0.0193425372816594,0.262378475142859,-0.241723136127212
-0.592031,-0.281954688463755,0.00389813902314264,-0.388944478388774,0.355245617377976
0.304125,0.228692277214582,-0.00337218286809715,0.051944816045025,-0.699965197411554
-1.21581,-0.512423313717398,-0.0166963623389206,-0.67013765965824,0.254572027119716
0.594197,0.225565234365866,-0.0105645991589569,0.152733373988127,-1.14384852607839
-1.54824,-0.710551650248361,-0.106834098699105,-0.647347596144041,0.285710938277344
0.435352,0.215138067123287,0.0056943680516101,0.109290148593093,-1.14187979470144
-1.19977,-0.514224750805797,-0.0687488903821453,-0.552582990976005,0.0874978156289681
0.180485,0.196721684106847,-0.0169476587862936,0.0190018230233921,-1.02710409736427
-1.34592,-0.615460548711526,-0.0563919975028427,-0.65559296432613,0.27809126286918
0.548971,0.185490897625311,-0.00472799717369393,0.121884070192946,-0.288835328284304
0.583074,0.159639100953614,0.0759560939051888,0.252557203897062,0.381494402237264
0.807546,0.199510980533868,0.029891245155127,0.345330100714117,-0.459149680622779
-1.75723,-0.686411649468939,-0.0106763139393954,-0.623704587842215,0.502418813636629
0.43662,0.207539930445593,0.00882366544111105,0.102732442001211,-1.13564177592298
-1.07889,-0.517037090949521,-0.0914938034579951,-0.562466110253411,0.163904290081872
0.210255,0.238295447978192,0.017372676583992,-0.0227589810545187,-0.497509315241126
-0.209263,-0.135507754362083,-0.0355500263123616,-0.0643212362978438,0.273771802976288
0.697938,0.177458415316827,0.0106759942773366,0.13333608029163,-0.387663634798986
-0.756992,-0.333777010646617,-0.0360751149966098,-0.367300592099792,0.415193875481482
0.320956,0.187674867321363,-0.00844567966100934,0.0491403959188665,-0.313397745867889
-0.169562,-0.126691439924194,0.000435113069714213,-0.0912098403716781,0.34704362862008
0.70711,0.208703024647541,0.0306728861482836,0.201523015188669,-0.378276266598839
-0.765301,-0.367976931274212,-0.0270859771817888,-0.308642143824641,0.324643392705915
0.285874,0.194674860106258,-0.00502749708261659,0.0591077519068532,-0.873438477778781
-1.48982,-0.652157662049588,-0.116022768573839,-0.612647265549407,0.354746712755219
0.55581,0.180925755135653,-0.00715682926384056,0.0982660029675017,-0.360194736671254
0.537472,0.144369731165037,0.0867278745149522,0.234911746913335,0.361077918656792
0.775139,0.189716883715999,0.0305682338482265,0.356701289940378,-0.49318815889566
-1.7864,-0.724881431732606,-0.0802464979905883,-0.57588071649326,0.47509688390509
0.421527,0.22067213192644,-0.0137190979405238,0.13920741080235,-1.17781596988912
-1.11932,-0.525013026142448,-0.0868510212665446,-0.547265082001961,0.0882205046567598
0.198885,0.168035947439671,-0.0311354518229545,0.00360883763126798,-0.930769602496533
-1.12619,-0.486731034594838,-0.0776112352814868,-0.558059161270767,0.0990591382417477
0.207417,0.187526011825238,-0.0286238595410082,0.0236116958499668,-0.502756922128774
-0.158737,-0.105020213828176,0.0246491940700767,-0.0853788792769346,0.291425630152852
0.733384,0.206605773608056,0.0101953707768807,0.245850114992388,-0.311726959382853
-0.610755,-0.202378955151051,0.00205744944825376,-0.375576234399274,0.387739285029301
0.358839,0.206793676467747,0.00669775916269137,0.0636182107053464,-0.659809543382513
-1.15292,-0.355642683512606,0.0197932554967432,-0.691447987737481,0.417279470322121
0.597859,0.171923699325777,-0.0119657741528497,0.137231444968868,-0.18722019122999
0.576236,0.199754769194042,0.0891608000650484,0.261995942888639,0.448983261910201
0.83101,0.202135481532472,0.0191993499731001,0.351904337548023,-0.311431709785306
-1.41212,-0.435657432404104,0.0204691400570739,-0.766890949163843,0.503287383477402
0.46837,0.160379108858653,-0.0137353729219829,0.0926155340121896,-1.1400933911147
-1.45949,-0.478070850770766,-0.0167230435778671,-0.739512137194983,0.260341319252368
0.477196,0.154192062750966,-0.0168226261435207,0.071785196635146,-1.00554198474665
-1.00424,-0.271295598766886,0.00368814857896485,-0.574741943157498,0.272233506404705
0.264292,0.113602069841789,-0.00907648189393073,-0.0533911481471554,-0.0935109549465787
0.620482,0.189733243198625,0.0715438634082878,0.184261322651586,0.402720368255933
0.836363,0.209234753645404,0.0219384635590703,0.306512915077012,0.246813447914951
-0.154118,-0.0136901798125745,4.00449761563094e-06,-0.162249138262045,0.669538208350822
0.736488,0.207218603560516,0.0249256822359728,0.182031725585338,-0.270773197501873
-0.652342,-0.151302379121581,0.0241327326946389,-0.426437780708606,0.396192559230904
0.368417,0.134251341930429,0.00149772637091887,-0.0133950939307836,-0.714412359959834
-1.24357,-0.350269281384008,0.0443435387658342,-0.707066337236753,0.419419380828919
0.594992,0.181144449011567,-0.00196620648781668,0.0772577644913568,-0.213639363981702
0.603986,0.20948014308298,0.0887464595570488,0.19201561228776,0.442619011603381
0.83621,0.225366301871753,0.0215641779877245,0.278656429046487,-0.311212564089023
-1.44927,-0.435890918276751,0.0273237255645113,-0.787218356809407,0.542273888896563
0.475875,0.149524465201119,-0.005571934004487,0.00234070705505424,-0.942435140685683
-0.948478,-0.268903552742819,-0.0198965756701144,-0.612627169909864,0.23234282841447
0.266198,0.113876918993834,-0.00129777881095379,-0.11913547290665,-0.383287317977271
-0.0904648,-0.00934111861985751,-0.0183145882941048,-0.173417681310896,0.325374692576811
0.729979,0.202796475300459,0.0285284521553533,0.157648769971158,-0.29830384130623
-0.66312,-0.145055570531103,-0.00570439780414871,-0.411078472313369,0.397424846334894
0.382862,0.131796606115374,0.00345741749603842,-0.0498997254930022,-0.710055890862337
-1.2063,-0.35881484374653,0.00259107531983024,-0.721535170224159,0.385132610216182
0.611773,0.171211135892011,-0.00747321592244333,0.0355325919503629,-0.508885728103665
-0.132159,0.000274711123626259,-0.00845758161533264,-0.176616769494213,0.458825365641985
0.734589,0.211362806228154,0.0200543522081666,0.155223122301085,-0.290711578043895
-0.64025,-0.158335967973702,-0.000900662428706539,-0.422755234996501,0.372936926729749
0.318089,0.128748238493785,0.00632460618666606,-0.071842872853319,-0.694680591087073
-1.20793,-0.367961749491167,0.0311364151094616,-0.728792839590636,0.399232857569028
0.595474,0.167758635714807,0.00279893654248553,0.032443738482448,-0.199852005087105
0.609178,0.216568151677329,0.0744736315925578,0.19117411987525,0.441460938248123
0.84103,0.224204819422818,0.0243899332671261,0.278180232653503,-0.343364190977627
-1.52759,-0.426959785716443,0.0646394258723321,-0.775898118061868,0.535262065401842
0.470936,0.156235235955021,-0.00803691059557834,-0.0681542969598716,-1.02437571073366
-1.07752,-0.266633284263507,-0.0192744530234611,-0.593705390270008,0.261164917341848
0.294847,0.11307564407714,0.00397962600606746,-0.213083666689904,-0.281153876570627
0.54163,0.158574936352059,0.100636382137227,0.0402680572715863,-0.410892052029263
-0.621585,-0.167332177230449,0.00817152520231726,-0.255456559278737,-1.13301330196152
-1.14143,-0.449551780119054,-0.152561303309798,-0.472156329650387,-6.14144046988381
-13.5755,-5.29331708438945,-2.58343397250516,-0.803408476995405,-1.47363637599949
-0.548262,-0.232713569041912,-0.192054235714848,-0.268904162407689,-10.6564159659204
-11.2948,-4.48996063415447,-0.863618738390768,-0.925519912507266,-1.16276571899522
0.139693,0.0171161919600714,-0.0865161516260149,0.0101046409809818,-5.71352963530903
-1.6698,-0.632234011020707,-0.263188961823339,-0.549828330918297,-0.929806017686656
-0.218194,-0.0367020591169303,-0.062549900233124,-0.172490704324135,-1.82213751842249
-2.25189,-0.792925234498884,0.258882325236827,-0.900880258566505,-0.563991160603758
-0.65632,-0.129200948748838,-0.0463807751082833,-0.404180402729516,-1.46166082488936
-1.01039,-0.404597314801429,-0.0508669282989025,-0.623116569944457,-0.713529935235707
-0.39488,-0.0390946160787911,-0.0733807292757197,-0.301519677913999,-1.2856964624298
-1.87713,-0.718248932208543,0.0584769065454359,-0.949783146533084,-0.204293818867183
0.157582,0.0728973550095387,-0.0416590809577823,-0.000683600918764161,-1.03113028530292
-0.353703,-0.168860198386076,-0.100774397983628,-0.313985068633945,-0.369176788102815
-0.179953,-0.0187153712328211,-0.0908613510538056,-0.174810458012455,-1.72310208951711
-3.54133,-1.31337194857804,-0.467094959099306,-0.91173174560926,-0.493101510670967
-0.521808,-0.132547198347869,-0.087138377584417,-0.353818087896331,-2.66094935001939
-2.79865,-1.04652243599702,-0.324003963624623,-0.719102404486367,-0.12452574136786
0.726813,0.171924376340002,0.0673001870918678,0.148345662441472,-1.14849829687708
0.421148,0.0700009125431297,0.0131909234014915,-0.0114319337609944,-0.349763279870471
-0.63572,-0.20591834970292,-0.0935830420145674,-0.427077001885389,-1.13647390822491
-3.12957,-1.41088331385839,-0.390495708589926,-0.912056882303626,-0.263107144444562
0.141666,0.0505616311099137,-0.0624631604825001,-0.00788919972009431,-1.91843984605862
-1.20295,-0.384483953172726,-0.145748357091242,-0.500774247382369,-0.417252073102895
-0.224568,-0.0552953199790514,-0.0883998916701251,-0.207096592510939,-1.71401812177706
-2.67699,-1.09732016671596,-0.0996209726709454,-1.03014440837558,-0.463577645802009
-0.514341,-0.129720606961229,-0.0888755732876453,-0.38973063747716,-1.62812275373099
-1.21276,-0.473126858984359,-0.100332659109197,-0.647240809441961,-0.0502566352160493
0.733004,0.198671804583574,0.0565395472826027,0.136053443937547,-0.36597235956668
0.641134,0.155601134280968,0.0237480375107649,0.101467298980898,-0.201344232051684
-0.755301,-0.151963210917083,-0.0719541676223202,-0.445668356364962,-0.398461293936383
-1.59079,-0.531189541188091,0.0199222038930914,-0.80178919202028,-0.465936604324172
-0.24162,-0.0358218569341669,-0.0637910096944482,-0.280210297829963,-1.30575169403255
-1.51371,-0.635758193630175,0.0412928513569865,-1.02799093958303,0.156331262661977
0.752126,0.216410885251345,0.0642414456760856,0.149391830146149,-0.362466706520527
0.714838,0.175601783073899,0.0362655593275808,0.136636935150719,0.275920849068382
0.187016,0.0988330582411524,-0.0408678297776357,-0.0495786955986239,0.189884830372275
-0.292045,-0.103993161648227,-0.0761554705256239,-0.370905367832417,-0.0207607146731767
-0.129805,-0.010103775267815,-0.0957468168610511,-0.213307075836184,-0.742335555809394
-1.40055,-0.460142982896908,0.0403457010626664,-0.902128900158846,-0.353838460482624
-0.528034,-0.0745284934265656,-0.0789582948330919,-0.392912437453227,-0.996860504067028
-0.816735,-0.289499237275694,-0.0875671145452755,-0.588692285855253,-0.607400240732968
-0.501193,-0.104726162662543,-0.077000871822445,-0.444308852626375,-0.921488634156125
-1.14461,-0.440997255273401,-0.0794341854286274,-0.782138756703493,-0.542327156047944
-0.401307,-0.0251205877216693,-0.0607917875786293,-0.277876331708773,-1.19101519425038
-1.49181,-0.584702585665142,0.059845466834125,-1.0228138216796,-0.447276907037472
-0.378578,-0.0383479793723977,-0.0510190643673908,-0.366800453371974,-0.916744733943078
-0.703234,-0.253270322751259,-0.0677634371850802,-0.552457181520299,0.0959867768075826
0.749648,0.222525262290334,0.0572529604342776,0.149487439390957,-0.0786311167988694
0.731156,0.188078248198307,0.023885252097848,0.138694376264756,-0.0738384847174332
-0.610025,-0.0667691377154965,-0.0437223489104925,-0.400768597903384,-0.199032727370485
-1.23108,-0.430753324625153,-0.0389191074726514,-0.748721566040565,-0.384959859198495
-0.219572,-0.080515349516847,-0.0533978741890282,-0.264410571297013,-1.12146156024036
-1.3668,-0.596008844706459,0.0520478620158373,-0.900529222733495,-0.0850828538499955
0.215363,0.121452507976681,-0.026760337490829,-0.0145690529766653,-0.608641723522508
0.0349772,-0.00691516872283371,-0.0544518103730434,-0.238915732027192,-0.106861083086903
-0.0814744,-0.0135966673330418,-0.0437527676466428,-0.161108643103294,-0.469485818973441
-1.16637,-0.542471177845514,0.0280727302239852,-0.801797648229987,0.0429515010918017
0.183203,0.0927507624688339,-0.0322259303313848,-0.0107197056094763,-0.517814371042551
0.00659454,-0.0269630994589019,-0.0798631079837875,-0.226007994011285,-0.13053113277477
-0.142386,-0.0363718213660388,-0.0624188051312075,-0.14916738206992,-0.482190634965811
-1.04941,-0.510250642164548,0.0620202510688329,-0.777082700612438,-0.32268999582512
-0.564534,-0.185283927421577,-0.0571832767603818,-0.344211805099808,-0.606580157992466
-0.483124,-0.275650932198644,-0.0754303601989655,-0.441561601454093,0.0504129524325129
0.750425,0.271168232309479,0.0818882826359003,0.1797008201347,0.012273380089735
0.737315,0.247227400203173,0.0156984359729072,0.191957889231753,-0.0491066400932946
-0.653482,-0.253167713696141,-0.0463002016733462,-0.362711111575181,0.00482830173041265
-0.733229,-0.376555642054389,0.0137924711687459,-0.586172751414767,-0.48499740331047
-0.395795,-0.136967427005525,-0.0791990095028973,-0.276657287438255,-0.961202788958724
-1.36267,-0.76744420700474,-0.0648080955797228,-0.730393008629094,-0.464982837820966
-0.407024,-0.172444973427478,-0.0632968989776971,-0.283467302900256,-1.09226408008936
-1.14571,-0.560581019407586,0.0311499829782887,-0.728360243810669,-0.218957364220783
0.104957,0.0353663739595216,-0.0290283535448975,-0.0301080081437063,-0.518196950937993
0.0781788,-0.0253441599667499,-0.061201587756815,-0.159780116342221,-0.199246220193283
-0.246352,-0.113205938274722,-0.0664235426159798,-0.163015083575128,-0.37290566087206
-0.849312,-0.386247659165244,0.0379218249385636,-0.636976625241927,-0.367322650147964
-0.58032,-0.224408789230565,-0.0633997770106276,-0.311590956116833,-0.510962465304084
-0.437676,-0.301250960469598,-0.0573655390188949,-0.33585063124881,0.0375398185909117
0.713173,0.233206860931739,0.082381792600473,0.158962744763325,0.0179642964010391
0.71502,0.20035837885868,0.0384422872347246,0.200127723865621,-0.0947486931638872
-0.740083,-0.301147420887251,-0.0863050298085647,-0.300894286444212,0.0199897877176298
-0.655574,-0.320365602584952,0.0393131132101172,-0.477341404809692,-0.566378016897689
-0.585799,-0.242414757103353,-0.036724462112367,-0.308772435901372,-0.681158087399918
-0.768317,-0.391381230502803,-0.0816490505535992,-0.456098733342308,-0.540266674973303
-0.39858,-0.167867308883813,-0.0462540014294112,-0.241552558824231,-0.865605190660713
-1.28846,-0.537114386282809,-0.0253388347547159,-0.604688349392222,0.128969061719999
0.720483,0.197800070195076,0.0684542930967501,0.152277242467138,-0.262628535431753
0.736059,0.181111817647219,0.0340033413063222,0.17692426984174,0.258254253409556
0.0938107,-0.0111286097975113,-0.0272736165019311,-0.0336457450139077,0.34127142061991
0.0380153,-0.0578664162124627,-0.0164093095870043,-0.130366609525702,-0.0454931399046865
-0.201607,-0.137749009680529,-0.0876328292849434,-0.143851835862189,-0.313640510227339
-0.721001,-0.267925489831594,0.054068008005573,-0.488836691095289,-0.328811652076548
-0.570579,-0.258400839999004,-0.0466631921806502,-0.267770101339894,-0.353043670291838
-0.202182,-0.179193690494599,-0.0502802427678176,-0.214582243004786,0.0531411115701755
0.716848,0.199917329974421,0.0960991943893744,0.179077409608031,0.12890426732219
0.727649,0.145461840224456,0.0187444839934894,0.222180150749152,-0.0539437614105228
-0.689974,-0.281308699177531,-0.0800910885611408,-0.244121973063347,0.0458137424596618
-0.630289,-0.300133982682773,-0.030111397057216,-0.340674623991968,-0.496229307380685
-0.445987,-0.199172996813495,-0.0812832515031131,-0.205412495310104,-0.745757755125623
-1.05188,-0.49806258882529,-0.0854961578733698,-0.47822319148555,-0.200193311394584
0.0751861,-0.0247950657813389,-0.0496958193573987,0.0238440319206531,-0.462463505788408
0.104806,-0.0443377887719209,-0.049742105769141,-0.0327045223462611,-0.204593975061231
-0.23175,-0.143797238940204,-0.0476867492256767,-0.0936530865168931,-0.399228727976687
-0.925993,-0.363519344133845,-0.00753106062696185,-0.376209487040098,-0.387100421688334
-0.668976,-0.267232305930049,-0.0596827668907131,-0.23123528891027,-0.474686106845145
-0.193215,-0.074794319688696,-0.0302852093461826,-0.121304704799075,-0.246161283493606
0.195774,0.00621952801431365,-0.0331923819679447,0.100855113244556,-0.0269745487033859
0.283052,0.0400463678235388,-0.0291988966052535,0.0340946134217196,-0.0256690564442863
-0.0869782,-0.0759982877219605,-0.040636062872312,-0.0306522283873099,-0.215500467317674
-0.738299,-0.169401573957447,-0.00553348875847179,-0.235124773789339,-0.227459465593637
-0.483015,-0.168166801957604,-0.0322200169731373,-0.167121421547339,-0.34780066836591
-0.202929,-0.113136781603257,-0.0447073671607338,-0.0855188515705364,0.112858684796064
0.761164,0.185659305368702,0.0621608808034922,0.314115481121857,0.156236756414003
0.755795,0.152514845355831,0.00865138499801622,0.323843364781602,0.0328443816040718
-0.542211,-0.172564095359981,0.0444334730524695,-0.200859452054613,0.089937934412207
-0.591126,-0.172649804241015,-0.0019794489494903,-0.155320517255687,-0.34746580447984
-0.289032,-0.143896237335981,-0.0394526881875131,-0.0961123564750409,-0.605584658807997
-0.901366,-0.235370756334284,0.0579627185261596,-0.237630601558661,0.202527418786958
0.749114,0.18587691520543,0.0631682078707937,0.314061506910587,-0.0836481312313715
0.861465,0.203211638751796,0.00988592903638718,0.295417372599661,-0.0226918748625286
-0.760795,-0.250603198027303,-0.00685726922845686,-0.280648948469402,0.694716575504327
0.736418,0.291892135282435,-0.006533095856061,0.133407547801061,-0.416223430161884
-0.469841,-0.170991658487933,-0.0255296273265938,-0.156146305179498,0.581130868202804
0.661428,0.364629254463241,0.00182071385645348,0.142415627621694,0.017121058630546
0.289334,0.0234905033313302,0.0130623242116103,0.148907110344159,0.609284154730344
0.841482,0.231518237608174,0.00469371425857739,0.247669113456628,0.123520640799911
-0.176745,-0.10212679215127,0.00658884455639262,-0.0652930047370782,0.629371406846207
0.680154,0.372574591701514,-0.000621651142517354,0.23149226876209,-0.295344958761244
-0.758061,-0.283234343656576,-0.028301023984484,-0.287058871490165,0.584700075355566
0.78215,0.279547127510945,0.0046072146583977,0.258168090222077,-0.507065455530998
-0.639581,-0.234020022623777,-0.0318680439994419,-0.195157823315251,0.584258532945314
0.642918,0.438321420303286,0.012477269399011,0.215150102809727,-0.0920949364576747
0.199315,-0.0061293544981989,0.00752197624582366,0.136091369194094,0.582383717858262
0.834119,0.240787780928622,0.00684160128148699,0.306187834532965,0.046244121665489
-0.262405,-0.154070814751117,-0.0183196267354978,-0.0894978016089168,0.621001998610676
0.692257,0.420299426578335,0.00937150759700746,0.284472595866563,-0.361660723540413
-0.856865,-0.306261244227508,0.0134011979118071,-0.311881448209478,0.674029635625143
0.796764,0.291749694326556,0.00430235370151438,0.300984896353808,0.00854485144590669
0.671909,0.144774544178995,0.0798318208871494,0.350772635275886,0.585908185093587
0.847011,0.160362996882214,0.0053322179600759,0.344611479651082,-0.101228548536029
-1.12889,-0.392052480172398,0.0196731356762646,-0.331508000679069,0.739287696922766
0.733756,0.356512787957881,0.00341572601015515,0.267334631971958,-0.298397172653423
0.160913,-0.0351454356842995,0.0151937187285571,0.124554430473827,0.593559772108319
0.841534,0.232219593676991,0.0107655332776512,0.299571250347131,0.0175344025613508
-0.293363,-0.147268700239338,-0.0130185865093308,-0.118739178643904,0.616938494280659
0.687268,0.442240568052858,0.00551578109088106,0.291391359452145,-0.393544998113919
-0.897843,-0.306606172786591,-0.000402240237894536,-0.32347016603253,0.660372137928286
0.772368,0.308562752573177,0.00643057094201055,0.314478086510776,-0.0045123469644726
0.68468,0.128173152414269,0.0796861855693734,0.330110814330652,0.569751318107438
0.849133,0.139108780764921,0.00267238090437843,0.368232706836905,-0.124126082156082
-1.17295,-0.402967374688845,-0.029463094078889,-0.349515641447142,0.689825945189432
0.72969,0.381828381317164,0.00920905864295894,0.300235763484727,-0.644404650275474
-0.604309,-0.26637993004046,-0.0140312229762632,-0.220674092273864,0.574070209532943
0.650957,0.515776377652591,0.00582911414030003,0.297053672157474,0.1314940702844
0.696364,0.122125477164817,0.0727552459265816,0.35579606398544,0.615098556733839
0.839931,0.149175777536367,-0.0203547890659044,0.385716673739631,0.428795355295105
0.106544,-0.0484930859805419,0.0343661996418697,0.10004856954463,0.747188192013644
0.842329,0.245402106018249,0.00929054465163602,0.319113718473459,-0.0122938080474549
-0.365434,-0.196567040253472,-0.0301303381648475,-0.116285918287211,0.618992517484765
0.690001,0.481047439350841,0.0166285367511564,0.35123967068068,-0.421185518300296
-0.840892,-0.381882763442,-0.00509579737455318,-0.345118157535345,0.514924765435313
0.777188,0.316669928458261,-0.00281895623948786,0.318549600167369,-0.94105020079056
-1.55336,-0.592560617211613,-0.114796304509749,-0.375355252824168,0.515510239553504
0.67599,0.368037877425795,0.0206178899199608,0.334245026317862,-0.982890810919079
-0.921384,-0.412697620666044,-0.0934187689953791,-0.356637223318678,0.37173283023414
0.569819,0.485678630019856,0.00264268439004413,0.332961040904995,-0.796873301151306
-1.14727,-0.513746504706247,-0.056380010919073,-0.413538939252704,0.542633832638229
0.729989,0.305785148068852,0.0313449832352753,0.292727578027898,-0.162907727506495
0.61331,0.0975861566793713,0.0828662254711236,0.263506365450915,0.480785178896085
0.774038,0.144070699920999,-0.0107519161110697,0.335441955250179,-0.30050043280771
-1.49142,-0.608963328109611,-0.0748610322400035,-0.362448887878124,0.617301473719723
0.688758,0.382909250842771,0.0174263277786526,0.343284607381925,-0.904624113754576
-0.855878,-0.423388221463039,-0.039260617059113,-0.397954193414114,0.453161886024939
0.568684,0.513088427447401,0.0113533343660066,0.342711672191043,-0.297189571394611
-0.026403,-0.102120604946439,-0.0240800467064331,0.0519421890192165,0.504707331779663
0.800971,0.244700006875782,0.0129358809488671,0.290877759655877,-0.165841044054595
-0.52856,-0.277856580715319,-0.0280655690712524,-0.225261559826722,0.618567668883918
0.63299,0.461505507136743,0.0321801824398221,0.362019433717767,-0.130711334702291
-0.00886253,-0.0939653997694623,0.0122534537996247,0.0315473125490273,0.551684439023807
0.789038,0.248658186658321,0.0308534686306334,0.317882953745095,-0.145655287858422
-0.490978,-0.269828467202738,-0.0387466646815267,-0.227652299486088,0.542763004778957
0.631812,0.472420292248969,0.0264138939777048,0.358721307985104,-0.598314675482544
-1.16318,-0.508431488649933,-0.107328097470592,-0.381870133293352,0.60333106795416
0.739731,0.322257952342367,0.0351383273628097,0.284457494517414,-0.164450179095133
0.603611,0.113436534270767,0.0812017749457412,0.220888809228198,0.490345405799565
0.797654,0.147659578605717,0.0240134840390889,0.326740385607002,-0.336401350109711
-1.56516,-0.623654685760757,-0.0749773848320344,-0.434686409107064,0.619507680588245
0.687539,0.389042549692011,0.0190188027790827,0.323061438543837,-0.979614988963772
-0.946114,-0.419696847110259,-0.0832450486251399,-0.404772241480787,0.403394861354472
0.587892,0.514593151705322,0.0323393696090824,0.314146209225613,-0.689251602881719
-0.83518,-0.418993243164113,-0.0848185522767512,-0.414273602647226,0.445631782680997
0.572804,0.507303967927052,-0.00121616401366228,0.347122938688121,-0.272033215767635
0.0198445,-0.09238304184689,-0.00618794320994384,0.0281700073220617,0.497641309646639
0.786857,0.254984143433948,0.0497730293547644,0.30554050413893,-0.171756772233173
-0.565883,-0.301848517147051,-0.0453576187255413,-0.272323143800982,0.547989051960196
0.641422,0.491233452154157,0.0461631464253036,0.344896535284505,-0.621533914759777
-1.14439,-0.488413995796485,-0.0295235819987203,-0.54308062452803,0.606973092858926
0.746827,0.338376608317681,0.0242184108227157,0.288935301200746,-0.147941042804735
0.624841,0.107726277127957,0.0850606811010084,0.271190663315906,0.491899855172909
0.812826,0.146461411274449,0.0166774709166713,0.344159411311637,-0.387372761142487
-1.69956,-0.586797859701033,0.00737972674602785,-0.494819516470675,0.604076969134688
0.705228,0.431061274938517,0.0204313545007996,0.34489684356295,-1.24107963853661
-1.44534,-0.634085402221296,-0.102794895538071,-0.577890400795967,0.446935714965386
0.697164,0.42548332508156,0.0411930395529926,0.331100650055558,-0.915002351559868
-0.884307,-0.445317450065239,-0.100646269278336,-0.477655072491373,0.509915120860584
0.598173,0.574494268841169,0.0338058407773289,0.336480793451913,-0.0312293761721593
0.6199,0.104524845104609,0.0745314201050429,0.248874549303237,0.535280791851069
0.780406,0.128978173026231,-0.0593029234572201,0.279856992543003,0.300109398871539
-0.0938349,-0.122778429358484,0.00271563006886486,-0.0475839203785512,0.683626258494004
0.795307,0.230596994864901,0.0369956212276753,0.255123702267651,-0.184908097340361
-0.545725,-0.305405090150817,-0.0477596515015635,-0.325275974295438,0.544536322825296
0.618438,0.499054739706198,0.0123031826073494,0.33812843193554,-0.573523894305099
-1.05421,-0.478385742356552,-0.0602282581434452,-0.586985267174421,0.605456798439069
0.764016,0.355953992564664,0.0289806604679876,0.336610063234748,-0.11279938325665
0.613788,0.124397418085123,0.0711186569610609,0.272876119969171,0.523382207086351
0.810584,0.156386640979882,0.0126035852924001,0.342992405915245,-0.259481790368503
-1.40508,-0.588832035412365,-0.00147536156271187,-0.601064543058493,0.63939400048613
0.718638,0.447812857129826,0.0153192823993117,0.350011077404902,-0.909792529951493
-0.968705,-0.407721791548382,-0.0161480508886999,-0.406778134419617,0.496303258491348
0.616093,0.581116103550176,0.0101419470090267,0.345469109326718,-0.313091662997221
0.0398871,-0.100588221517232,0.00604258846501595,0.0313974196882274,0.525371150413609
0.820899,0.267016472302777,0.0249581281058549,0.359301660337767,-0.143431200187014
-0.52421,-0.270081987603358,0.0044939233693982,-0.248817272689178,0.567476423305582
0.660057,0.517528519241544,0.00916532455616118,0.373812665029418,-0.630710442580796
-1.20117,-0.487970626662104,-0.0202816312453134,-0.552162943355489,0.583560722124524
0.7583,0.353197517888605,0.00808322768010671,0.373106566475276,-0.431889548708433
-0.0203568,-0.104551417790421,-0.00278219153367245,0.0458739404806269,0.578586116963569
0.837756,0.265134024528084,0.026332966391479,0.373062064678723,-0.163795788737707
-0.528381,-0.2875358852848,-0.0243290006340576,-0.254696401281922,0.572240694842765
0.641651,0.525466088351859,0.0305512854684373,0.379443052143263,-0.577015605936638
-1.08975,-0.484422423092538,-0.0248991182934926,-0.556534886987916,0.625312239696952
0.781183,0.352457687714585,0.0178486771094864,0.364395372658311,-0.118963679538415
0.631026,0.12784724030988,0.073769160233611,0.332076755270451,0.527949632328486
0.804311,0.143089111467873,0.0168429618673801,0.374617991595043,-0.238255902439154
-1.37542,-0.588350406062068,0.0453659174917031,-0.623748992193504,0.641285755409864
0.712668,0.431488330173559,0.0190119240200197,0.360226631854426,-0.858418012947546
-0.889752,-0.41006095010945,3.78029378217404e-06,-0.425595050794325,0.531828422747727
0.615317,0.571394276250189,0.0103921812778838,0.333275635878309,-0.0360077646118127
0.633715,0.111804242463707,0.0739408673371941,0.323979814707052,0.471557938933488
0.821747,0.138238896311003,0.00746016639479519,0.387124200778644,-0.282733018730375
-1.46328,-0.560651805257254,-0.00244469409001533,-0.597626299921869,0.65069039300875
0.718613,0.43640419284981,0.0124270244632363,0.390759423176417,-0.890757014408594
-0.852432,-0.397093504421413,-0.0419244071001565,-0.438769195285176,0.450203790815052
0.518777,0.349488860098905,-0.0721195611845739,0.195245642583047,-0.271658040109765
0.0220751,-0.0924769904139167,0.0064990786562605,0.0591451521733172,0.492156587325537
0.825703,0.261004353036143,0.0294523322494266,0.380363976005231,-0.164482030442937
-0.542386,-0.269294358353448,-0.0074343437082236,-0.26451885954769,0.563238018685481
0.643885,0.520168218077916,0.0262044746367287,0.385579999816799,-0.621674940388161
-1.14013,-0.49324774305962,-0.0518184747719182,-0.562899693567907,0.514204995818745
0.759619,0.351611557395829,0.0291364595654241,0.395755486520424,-0.819585172785981
-0.970184,-0.398730646055796,-0.0545371917424203,-0.432534598774031,0.524626754570425
0.610657,0.574125882512358,0.0145707179333417,0.375114087516815,-0.311945629621562
0.0323304,-0.0956425132469488,0.00281752669781572,0.0552863789892201,0.525890781748583
0.828409,0.255706843684548,0.0184140616320809,0.387373548041298,-0.153440518624383
-0.541457,-0.270287836284101,-0.00135507895213898,-0.234180274851927,0.575326857608875
0.650741,0.515520272274276,0.0169502518488087,0.418986272469675,-0.576864259630966
-1.07388,-0.475229872994433,-0.0307651514929153,-0.542034330250478,0.623082476070683
0.769338,0.352164625269777,0.016140857200958,0.376745654359846,-0.1127651406121
0.624598,0.121947526979883,0.0685043300122666,0.339221480673424,0.535596299233348
0.833193,0.15969496116265,0.0145551392324207,0.41783681329436,-0.246293855324326
-1.40716,-0.57177846493984,-0.00381376924943711,-0.581266772265551,0.711549198431631
0.710704,0.464669853698447,0.0240550628057178,0.407154223779057,-0.474568573140085
0.0302513,-0.083793407697478,0.00365214008061473,0.0814495081597989,0.559533278324416
0.848025,0.266161273402238,0.0121822275289308,0.372313245785123,-0.102440835443441
-0.430269,-0.263984971090976,-0.00908610945954701,-0.217855816545191,0.596813345713284
0.668195,0.567873042718788,0.0289781927961052,0.40052411155061,-0.491517839268732
-0.99075,-0.453865376039415,-0.027013892395061,-0.474527649726284,0.647631130503504
0.788781,0.366737951732026,0.0165665900483388,0.39068821225506,-0.0649104965989449
0.644946,0.131018098859202,0.0718804392315883,0.331054304688756,0.560574090072309
0.843694,0.149030072181913,0.00215351981075644,0.464367305116249,-0.191194990399583
-1.28849,-0.51024031100696,0.0149011771686969,-0.505553885062271,0.677180369916216
0.726463,0.45769553087668,0.0250763471450686,0.419645946818719,-0.73724199973462
-0.702156,-0.35817719185343,-0.00743714356239816,-0.336995667430163,0.555775345856732
0.63509,0.600835760522042,0.0211435504249774,0.399232153101795,0.0705085296964738
0.653073,0.128983313666106,0.0734728499911047,0.360500316520954,0.604114280574431
0.856037,0.158172671164888,0.00861270449330511,0.490183544919392,0.377387054305843
0.0354539,-0.0816755627772025,0.018571806588424,0.0719664853672008,0.745544587328194
0.844098,0.278457604746935,0.0169488960765397,0.352214203607511,-0.0831089422699911
-0.45761,-0.244772031125778,0.0104526616280649,-0.17820195151455,0.602041612750437
0.679674,0.545364733029601,0.0272251362294703,0.396442102961233,-0.520001442665803
-0.990953,-0.430874234654298,-0.0028954041363712,-0.457754957929539,0.535897473974742
0.7885,0.37338367695633,0.0124469115874168,0.377167380958383,-0.829611137370697
-1.15161,-0.527124458337832,-0.0309236452598864,-0.490462935047221,0.550634752147741
0.736317,0.451739450808668,0.0111478480137247,0.420320935713581,-0.716383070985703
-0.706953,-0.354839382250054,-0.00356430836198492,-0.332567666274914,0.458624563738903
0.636215,0.599097817353855,0.0132363336308246,0.387592691400581,-0.647856703696718
-1.03696,-0.433164385413282,-0.00864374458083814,-0.407040383385019,0.607817716755835
0.77243,0.359011140689095,0.00878547200813908,0.38702887611757,-0.0822114569761079
0.662482,0.142046010001091,0.0729742765126915,0.392359629925525,0.549856154183115
0.852849,0.159583627842569,0.00734113699764128,0.468428961287753,-0.212024549000908
-1.35212,-0.506326478155191,0.0285453884561294,-0.447745248355264,0.684302047096233
0.732951,0.456106940300251,0.00917803966935409,0.430710350476219,-0.766428893008751
-0.695837,-0.339701435982927,0.000949159331385729,-0.314046548281723,0.517575316866875
0.630836,0.585195820558784,0.0213192993060641,0.417530331987073,-0.161539238031357
0.112538,-0.050717354148601,0.00163486330187418,0.15293261538821,0.570642860833807
0.845038,0.275050327306811,0.0245270462465465,0.401712168842701,-0.0348563271154653
-0.380942,-0.205662251497827,-0.0082816599590059,-0.119570096971824,0.671006292060928
0.668442,0.519329324935972,0.0274662586248753,0.427232152068827,-0.00396835907257957
0.121175,-0.0560464502502962,-0.0048341663750832,0.139594974075684,0.606594428246582
0.832229,0.272058498859344,0.0299835950875935,0.405544031667347,-0.010350065316835
-0.324812,-0.192481596385877,0.00492798249017315,-0.0984710916629417,0.607607557854862
0.664025,0.515503246068884,0.0250928566889478,0.436949010285776,-0.363862875640869
-0.792849,-0.364787922328495,-0.032290072932729,-0.32991863373588,0.643854162147157
0.765422,0.349508780927329,0.0202941902100005,0.388731771729738,0.02815030077409
0.659214,0.139165852239744,0.0786768718100916,0.350971744106641,0.577651491664054
0.838456,0.171891180127067,0.013165853897525,0.436139765433926,-0.0749195579398685
-1.02965,-0.414071059425163,0.0270032942195717,-0.328724427715309,0.674379273757976
0.722805,0.406569928292963,0.00608646130434664,0.417916940383582,-0.627301727023021
-0.672331,-0.275813354833612,0.00522266214434151,-0.213478416285651,0.486931600913288
0.620216,0.512779734717696,0.016557373467047,0.402476733552142,-0.430753583436492
-0.531958,-0.249534078354781,0.00831291626539638,-0.209250562765029,0.516694613422519
0.630167,0.513762453271928,0.0225901347901385,0.424725479686911,-0.0423965971836298
0.229585,-0.0076854976572306,0.0259520122020267,0.215113321744117,0.587180318003836
0.836349,0.265948898382998,0.00830446605214076,0.425262217010602,0.0846068175469262
-0.20229,-0.137731293888008,0.0185135665476766,-0.0358312374286321,0.623501636302538
0.67353,0.458663305158498,0.00906484536384333,0.424602079905179,-0.285106680439483
-0.737327,-0.323170922764295,-0.0290495674461662,-0.280307786581901,0.668356798699401
0.788985,0.345006364251094,0.00755711985768692,0.37923395113897,0.0698120521222393
0.698122,0.153035815761069,0.0616733962763207,0.426610174602973,0.58962689775583
0.845157,0.175038973742702,-0.0432581961469897,0.455491110270414,-0.0876154572656611
-1.09576,-0.419205608752161,0.0360097748629084,-0.298053566572988,0.65863411968112
0.721869,0.398883229427687,0.00695110372833263,0.430827639969984,-0.794342782556144
-1.01918,-0.418291410066388,0.00035999329399817,-0.319655484469516,0.533345067078063
0.742096,0.380227839006924,0.00452184617767298,0.430083265007892,-0.584770393927883
-0.557794,-0.263798922369128,-0.00689364059585996,-0.178463419020801,0.58004952365039
0.638211,0.50284630581442,-0.00310125483970515,0.427570156567062,0.153511317945394
0.693816,0.15426484856607,0.0809311860743511,0.37257232169574,0.62385179381153
0.848156,0.17304186196302,-0.0069868318895362,0.449687939441745,0.47674401825248
0.220307,-0.0134425573508945,0.0515589798904981,0.211813935245988,0.757108231881671
0.824885,0.257312308479272,0.00108788895145134,0.422910083817665,0.130725307170826
-0.14825,-0.126848496023088,0.0168143636072591,-0.0130531766205132,0.631368265206858
0.688817,0.451477539996058,0.00901809775496656,0.429925590563148,-0.242443264117713
-0.690041,-0.321511019543651,-0.0122019378274432,-0.234345952904494,0.677158886904224
0.78535,0.327805008278758,0.00464323722182752,0.405524893061315,0.0947123008936303
0.702376,0.16219868778128,0.0855441882028733,0.444232615514995,0.601433820272446
0.84652,0.182370603031952,0.00891095717377,0.490169324778303,-0.0217920075496358
-0.961607,-0.391295362692224,0.00246755172718483,-0.247280838164366,0.704509167465373
0.738828,0.375163951373264,-0.0123275889850948,0.440816301376552,-0.485513795684328
-0.429194,-0.23608157306739,-0.0316127884306556,-0.109502528118772,0.555183456792813
0.626966,0.486264956335198,-0.00158395346074376,0.443725816347779,0.0347866023902753
0.296204,0.00384344696488041,0.0217526245157832,0.259071949281232,0.592077324304939
0.831262,0.2508896256641,0.00119040272755465,0.44017571368395,0.121198694183965
-0.188314,-0.128538955499078,0.00697947076421253,0.0651271221236876,0.635391924222058
0.688652,0.430247300969507,0.00741538279836901,0.44341826148741,-0.257062716176728
-0.676439,-0.31489901506513,-0.0292843352763517,-0.180044880440575,0.648342022144182
0.784356,0.2993993600816,-0.0029771845357649,0.399452370993458,-0.0725401416446624
0.280203,0.00742555207483589,0.0335325218832674,0.274498725984387,0.646999177769749
0.83281,0.258317732881625,-0.0151204623706616,0.451799844669871,0.138956734028084
-0.149809,-0.125156517970826,0.00411552216053281,0.0571626138508125,0.63903148772985
0.692034,0.412422753984041,0.00227463311142089,0.439951318352539,-0.231239657025518
-0.664365,-0.285262705784193,0.020278550923199,-0.152083425788561,0.680316907616578
0.786436,0.312905545245373,0.00942671928235655,0.419360035559804,0.114377271476084
0.720385,0.189210799793202,0.0820233825222828,0.475298102958014,0.609451163661334
0.849092,0.188621852609139,-0.000479527298253034,0.519405948932918,0.0182633608895926
-0.886051,-0.375940697919221,-0.0134202594191783,-0.168520162420428,0.706589470980921
0.735941,0.345091797164446,-0.0135946259745483,0.432201790955792,-0.446351214643956
-0.426434,-0.227061582004641,-0.0104517742770779,-0.0508146663984011,0.595733057764543
0.636081,0.435762418822811,-0.00881471907463708,0.43247067511736,0.256842661443197
0.820209,0.199351764484379,0.0577184936602336,0.503649961342594,0.58031483129672
0.846641,0.15996184450723,0.0172121488082353,0.513224656894357,0.19502172402123
-0.568918,-0.176666786990132,-0.0193605690859235,-0.00190534751479008,0.757104199231223
0.808635,0.362984989381107,0.0361718703929856,0.404475543876002,-0.208253336575887
-0.188126,-0.0901041071819794,-0.0302640159365507,0.0465151260261132,0.656123882861105
0.723571,0.374801825025408,0.0141662251531389,0.380941208058619,0.179116148692229
0.378685,0.0529026007260257,0.0209560857181601,0.31860038034746,0.640255299565405
0.778926,0.198635836655026,0.00142804776562143,0.451096399151998,0.249892442854411
0.0131907,-0.036806297958542,-0.00721460173589624,0.133853261727324,0.615264947256151
0.637273,0.284179733204247,0.0125767204989731,0.404370446921619,-0.0575746624739004
-0.385123,-0.151702206435464,0.0216223233568868,-0.0197288104205708,0.588212813817268
0.731458,0.220295049096455,-0.00147104517243638,0.409921640064926,-0.138592457894178
-0.150969,-0.0668812001337687,-0.0205227891949319,0.0600298053938859,0.60814817780694
0.66354,0.329825166353889,0.0327069402157368,0.415835007891682,0.202976355833568
0.405575,0.0604027744874279,0.0150502865500713,0.330941181223649,0.618403743864925
0.774568,0.205149875226703,0.0017668186565892,0.469579460250057,0.282427739192226
0.0749284,-0.0157767973031073,-0.0079836855373181,0.168778460173563,0.60401560818134
0.60103,0.256863455579137,0.0272449802130402,0.415574443728295,0.000600770092072639
-0.318644,-0.122546563267871,-0.0132945241939988,0.00337733388285624,0.601874348834615
0.645615,0.193661246675727,0.00660586493485661,0.404473972415669,0.298895749642707
0.81014,0.182912455813883,0.0528043362197579,0.560414839780703,0.592007406041302
0.822977,0.176998035577488,0.017216288441905,0.554034254490089,0.264027872998762
-0.380316,-0.126994978520209,0.00662053245210765,-0.00862464642627871,0.689716526907199
0.585104,0.207072890145344,0.0204817571108976,0.400246860965428,0.124297042859192
0.416132,0.0514632022731377,0.00529916842384967,0.348038764170238,0.553753481176383
0.725641,0.174575315872323,0.00954794269690002,0.44569841807871,0.290199585883084
0.106867,-0.024620622661273,-0.0177532926659262,0.180323185950887,0.55960626711419
0.542412,0.253688268043692,0.0437673925602761,0.412848452245258,0.0222473504975534
-0.292768,-0.109738884438658,-0.00881591176112673,0.0143050504967225,0.580215146227042
0.648986,0.192014997142328,0.00636085503378447,0.415438730521587,0.307999703108049
0.811229,0.157938425991435,0.0517999952903242,0.53817121596167,0.602125073153368
0.839608,0.145311186057557,0.0092392238705331,0.559583750926363,0.268306949713369
-0.359128,-0.107469364442539,0.00173379427571011,-0.00299337647051059,0.659811529906334
0.571532,0.20667805961101,0.0238552093531325,0.396907785919701,-0.0743430788859903
-0.0525466,-0.0511051916887051,-0.0274090249074592,0.126569530307971,0.486021703048544
0.460771,0.267336754241798,0.0341042992560009,0.405955154738071,0.417552417551442
0.816917,0.152314457510936,0.0462898202572204,0.555372198917018,0.586318206788828
0.838189,0.146375743696877,0.0121804689268848,0.554203180154058,0.593014316133694
0.398726,0.0509760116009321,0.0155013200157326,0.326442371972587,0.724325971769888
0.710533,0.147114602559189,0.0158205921745097,0.422222827621506,0.294851986984449
0.0785269,-0.0316100499766407,-0.027814940634562,0.184373472934344,0.53751076930045
0.505866,0.232050351718707,0.0314238291627724,0.395294182832632,-0.0108573900133353
-0.307598,-0.104812780860324,0.00116040702658866,0.0231316260180372,0.467754278040176
0.602897,0.15775359923197,-0.00164620783483924,0.406120114882041,-0.20374685301587
-0.330681,-0.110542300249787,-0.00704004304902435,-0.000215942404153178,0.464772572135947
0.529846,0.181418908980162,0.00446212113494291,0.395876432201979,-0.11861690268647
-0.0986764,-0.0568395189275949,-0.0376333237876602,0.119122806426722,0.393968613217972
0.452961,0.245452117866674,0.033459339960774,0.387209932586012,-0.0646531778335042
-0.239089,-0.0879853778321769,-0.0242230595526991,0.051240849549578,0.507667422290818
0.604881,0.16016898072833,0.0036044203693103,0.418784096743282,0.324446534013739
0.81626,0.146249535302541,0.0527707053689706,0.544735849224831,0.582956223840592
0.839991,0.12422879626544,0.00629595203363762,0.547935265669749,0.249107548072744
-0.388692,-0.0831310990407603,-0.00828600126903084,0.0149469759862822,0.617895741338639
0.479345,0.183969491993944,0.025506282977869,0.377892639150278,-0.105985088643669
-0.0809578,-0.0581765931530821,-0.0373601953349484,0.126733493742671,0.398080743724133
0.422397,0.234900488567654,0.0420824181919374,0.371799459654034,0.195607125129502
0.36676,0.0337516219984864,-0.00401116729553306,0.343530534964164,0.484777926453478
0.70448,0.133330197638479,0.00567705629239702,0.414135526376479,0.227792932436604
0.0352658,-0.0286866441919892,-0.0251761937680676,0.205472292104424,0.527979708898051
0.407956,0.205946945839649,0.0460597474072073,0.366457702997068,0.248917559029545
0.332238,0.0252018988680612,0.00212889554351971,0.31775105750401,0.474493858639578
0.681759,0.118667933375626,0.00580133349122422,0.393928646035134,0.180332461858666
-0.0233797,-0.05914849469485,-0.0557199325408454,0.179876520993339,0.459379179788653
0.377522,0.150804519462117,0.0394372105655914,0.353200266820196,-0.0703714449641645
-0.356642,-0.117201845808152,-0.0214865672354781,0.0352597074089473,0.458907445749943
0.553897,0.127315842036791,0.0168151217006377,0.351156987641731,0.256144670074009
0.785627,0.106740627921839,0.0390819006211571,0.500669648856276,0.542588181571132
0.831326,0.112603965173514,0.0123336791489069,0.532423475075365,0.185235811990426
-0.486695,-0.156653412548857,-0.0165570316576643,0.0355411263603288,0.579969115502521
0.423677,0.12597860294999,0.0109315734961384,0.345972071932264,-0.201573810140739
-0.171826,-0.0860467334303712,-0.026087977338524,0.0978903975665484,0.272297014498914
0.287166,0.153339085144561,0.0206284710472355,0.324036806013107,-0.102654142619102
-0.184067,-0.105453333254901,-0.0745613390167373,0.0922899002280731,0.28066715511606
0.328476,0.152463912219413,0.0304402540393721,0.318980376530935,0.114982801092864
0.314745,0.0056918229959959,-0.00602149599647511,0.306888284890048,0.41240028837643
0.655395,0.107303532669149,0.00625845339906783,0.377434075275854,0.175950396586991
0.00533478,-0.0466374341127366,-0.040966340869915,0.165492381936365,0.437404129225751
0.371199,0.142988202914426,0.0198628696622925,0.325975716897586,-0.098876599513338
-0.444824,-0.142891081419222,-0.079760318297162,0.0373707328897664,0.449617944001998
0.5378,0.144167264724341,0.00659201268940073,0.351597631024709,0.209790179090006
0.772818,0.0935287634222236,0.0499187168971561,0.475001654901142,0.508387492721854
0.794588,0.0943105943649129,0.0291043671946909,0.430361259841515,0.137265790980231
-0.573847,-0.139294385130319,-0.023653919902475,0.0372915537372073,0.539164375771035
0.40668,0.119514484952728,-0.0010715618908899,0.332228659372411,-0.353467613069211
-0.450176,-0.136852245769898,-0.043625454144743,0.0385200669529462,0.298933526973611
0.385079,0.100645715178963,-0.0112112961780793,0.329565928536628,-0.235028333552048
-0.211029,-0.0837373733376876,-0.062416440175065,0.0978202650990186,0.300076721957167
0.241445,0.215092465695665,0.045855718063504,0.30630070888297,0.326007290227711
0.795245,0.0987789220045219,0.0608291535936212,0.486324969769467,0.472325522173402
0.823261,0.072324375869938,2.79998831922681e-05,0.485778892214066,0.552569741490057
0.370303,0.0527708652851434,0.0324641095726828,0.278622719265877,0.691779613969748
0.663579,0.109435729533233,0.0144146144664983,0.367374112946748,0.264852060891186
0.0518629,-0.0340207831335129,-0.0439463564463707,0.153492954141822,0.481723273760632
0.427252,0.237802108972077,0.0654852535859652,0.317243893525046,-0.0281555362711918
-0.333258,-0.0836569293993538,-0.0382390809243483,0.02489525362012,0.487015923682798
0.559583,0.123429919910357,-0.00144053974130383,0.358787783512331,0.268533334585408
0.789735,0.114522039321484,0.0501767516931743,0.47393722372209,0.52593855738467
0.804296,0.0900331611300527,0.00995060993168539,0.492831436941028,0.12344481747228
-0.63001,-0.128087503116588,-0.0666793973040599,0.0266887845788624,0.546925025586943
0.376622,0.110618001338599,-0.00861776789173542,0.319231511630557,-0.276999064249526
-0.205185,-0.0957788666590747,-0.0556584382796621,0.109370833296153,0.251758522747727
0.225334,0.136874735991736,0.00484761705913737,0.296760056506054,0.112896142670053
0.329524,-0.00423046928324773,-0.0127459918274047,0.275542259433538,0.357264200073318
0.63183,0.10355940865374,0.00478029929225568,0.373530285811469,0.173954610912172
0.00366338,-0.0400554815403462,-0.0317107491117562,0.173400963470173,0.421843596001509
0.337912,0.176743821242754,0.063597066765412,0.317228113695122,-0.043258676123015
-0.298164,-0.104503533137267,-0.0219591953105602,0.0120595975491844,0.405171992737261
0.534228,0.124900088831583,0.00701131349531875,0.360608740747886,0.0803116054133174
0.335371,0.0169551940947025,-0.00683827035323593,0.310913388461076,0.491155935021066
0.655024,0.103666077119738,0.00531241494555112,0.371197159095525,0.183226142765101
-0.0255641,-0.0605072714216864,-0.0264924879290428,0.149227437731757,0.437085637907035
0.36377,0.206301328750951,0.0550177907824906,0.317583518801029,-0.112405783544344
-0.449327,-0.171135348718996,-0.0791713258138781,0.0363966287988191,0.451722050283975
0.546936,0.0957016730317674,-0.0183220730771473,0.358138675998346,0.229045539920891
0.812501,0.143165520804337,0.0471171060732513,0.577380772761958,0.545628740331844
0.839413,0.110723219634168,0.00836730214860483,0.574011266216085,0.252929308551915
-0.354025,-0.0755376680602766,-0.00295415957203487,-0.0157121992634549,0.593243658244829
0.426345,0.155851867041888,0.0176553227184175,0.33200778879324,-0.0966404977207644
-0.0796841,-0.0626421189368357,-0.0413327595468534,0.084294191756343,0.33954794096036
0.265992,0.181180392747695,0.0295926689249447,0.300528352849069,0.381564801151306
0.799382,0.126633440681535,0.0578706676218922,0.544041945864824,0.448430364018893
0.838367,0.101639490551055,0.00915450411610325,0.531846780073302,0.225728529903677
-0.373496,-0.0942043899647092,-0.000313174920584147,-0.0151439387910504,0.596514160630323
0.447475,0.156114088801316,0.0187594871156059,0.339130432366736,-0.120581190018914
-0.115946,-0.0586220558461218,-0.0338142270106807,0.0700337635599007,0.34891506986468
0.332659,0.191490051917618,0.0373150115204105,0.296409670008668,0.189802090614225
0.392759,0.0428394810066914,0.00176536029144615,0.321532153799248,0.443482876129656
0.704465,0.140249005759069,0.00890134447348032,0.418816922000835,0.228501792770201
0.061379,-0.0149873450157516,-0.0311481036201604,0.157662829158021,0.426413264904022
0.271398,0.177635803520605,0.0241043626710303,0.320678283792087,-0.0347873657296476
-0.340287,-0.0882449867270659,-0.0395081792424397,-0.0286287184549131,0.35769540355752
0.554829,0.152501005870873,0.00217615913655999,0.373381643641647,-0.157384042388734
-0.12751,-0.0573331655848307,-0.0351336409513351,0.0432187596358037,0.366778039392523
0.280472,0.192683223598099,0.0342271427022314,0.301149325816481,0.182311847891574
0.372876,0.0331373418671679,-0.0093450816684794,0.319656083370838,0.419424250580435
0.694267,0.154936766911651,0.0135924685187488,0.441474389610223,0.231923242555294
0.0769081,-0.0148109854163588,-0.032360292544937,0.154291543905895,0.477426478411017
0.397926,0.230401728620316,0.0546166115260436,0.314518206337225,-0.00707201535429099
-0.311975,-0.0773397403151483,-0.0410565471521873,-0.0232678877709578,0.478930983405146
0.560859,0.154788114464514,-0.00493244309254482,0.388152032322441,0.28985122810951
0.813321,0.146075706869457,0.0484189978467952,0.569032412816141,0.55325393853502
0.824737,0.124213868550126,0.00680582792309858,0.552525827369184,0.246768902342194
-0.386634,-0.0675321579024184,-0.0184409090899291,-0.0287738104280673,0.621157178388703
0.431303,0.170524473037236,0.0141547063845129,0.340123639529792,0.099670320944528
0.369216,0.046648598381743,-0.00454541543424452,0.309567569825834,0.47447574738738
0.702569,0.148644990718697,0.00788078305595382,0.406185885911439,0.235719662827208
0.0716874,-0.0093118251300247,-0.0217060503049507,0.135401501002251,0.480502042460724
0.389445,0.239826107410238,0.0519470849206638,0.308581970249244,0.00640944087801044
-0.275228,-0.0749627927932755,-0.0255364614103661,-0.0160419627056457,0.47128123975805
0.552379,0.160111377852155,0.00787249498450944,0.382306969826525,0.303364704684387
0.808233,0.160696071329976,0.0563267442552294,0.542678646263844,0.556074780959617
0.833031,0.136928693203223,0.00377949101848693,0.545789475429663,0.248855727778516
-0.366823,-0.068192906768188,-0.0147985891979266,0.00859044517084769,0.597969541406113
0.441174,0.173892158938642,0.0222925902999964,0.337429221555712,-0.0949849698519294
-0.0746592,-0.039554741384671,-0.0286360852162385,0.0496311368395844,0.380761267228418
0.345617,0.212203968031772,0.037987716288443,0.295680817113188,0.397544991218833
0.811477,0.166464499459462,0.0518005794436599,0.553664317852254,0.535324379864627
0.844121,0.133237140031459,0.00373399172134346,0.566062186107809,0.570279778757418
0.376487,0.0577698078665276,0.0149695603299293,0.278730289643776,0.703800159206465
0.667139,0.159460456725275,0.0170629605406766,0.426596364171804,0.264905183709044
0.0537594,-0.0144757937339397,-0.0362385102232006,0.128374358818231,0.450153494705692
0.349198,0.222270693596404,0.058673327765334,0.307298811819731,-0.030585664559215
-0.308302,-0.0824960213086057,-0.0375499945507848,-0.0252605382637729,0.359563742929854
0.523406,0.145967736714152,-0.00551560482559232,0.386502256834556,-0.252949544431812
-0.398739,-0.107205515013557,-0.0404305052965446,-0.0411140282276308,0.364818988287704
0.399397,0.163968335876764,0.012197463034543,0.349096621224806,-0.213744515672003
-0.211295,-0.0586459895068956,-0.0597884049652186,0.0438644455096368,0.246527224302814
0.255035,0.192253539584453,0.0381222070352054,0.29514750123177,-0.139849804867682
-0.270292,-0.0924876510006468,-0.0380035353067232,-0.0128199917332534,0.381737794135617
0.527014,0.152971802478125,-0.00373127654249101,0.388584685245048,0.296165490715701
0.81324,0.169644009093568,0.0465244909726277,0.534343221901082,0.546844583850899
0.843973,0.158964235001915,0.0117017684425188,0.558846461126204,0.238007701892988
-0.381482,-0.0915199738401109,-0.0147938123947568,-0.0407942762993557,0.569827868000914
0.375434,0.171098231407818,0.0174252657794482,0.334484038502665,-0.13328937660896
-0.134025,-0.0590076657359601,-0.0369599047534858,0.0470689548820305,0.301570179371058
0.300717,0.204360607354061,0.0434510145526169,0.289054286496654,0.159143553694859
0.353251,0.0535129651607125,-0.00709277392442223,0.310050967703752,0.417917143992966
0.686111,0.166507508530835,0.006513900783005,0.446205748385923,0.193833340346986
0.00344497,-0.0221081993796014,-0.0179816413638164,0.136197905594507,0.476157697310608
0.309445,0.168485185673057,0.0431946452419669,0.303511749654625,0.233770280375197
0.336948,0.0608139402743527,0.00422352513972004,0.299381861188812,0.416117844084879
0.655906,0.150602333713187,0.0100543881093309,0.386625899507704,0.153938529680535
-0.0590031,-0.0489092057479589,-0.037738046721203,0.152610592773228,0.403427373780821
0.271631,0.192866087117186,0.0344685889901985,0.31245019313349,-0.0823498707116368
-0.34365,-0.0988807381963746,-0.0116039841678725,-0.00165272163124448,0.407317877906822
0.543886,0.170504559018726,0.000944357715776769,0.385924681452909,0.255916579313679
0.788227,0.15780986352208,0.0465166619398033,0.499177706715856,0.539903440463604
0.825506,0.16671472275242,0.029905956580901,0.456855727860554,0.214244880167197
-0.422773,-0.173811358044247,-0.0527838649326544,0.11466495067246,0.586948666469204
0.44025,0.207950175469976,0.0383605036505777,0.324096602371891,-0.159132655986845
-0.131878,-0.0575409858335172,-0.0457807145193059,0.0481244715470497,0.274374067067437
0.258503,0.193411273638474,0.018093007163265,0.294580081040599,-0.0627082485054803
-0.132409,-0.0589425173512642,-0.0415384294204192,0.0589615134633411,0.266933071806547
0.311892,0.229107814794072,0.0469997956742338,0.289817383693948,0.153550893330181
0.351845,0.0664053793199267,-0.00954259484031263,0.31191800859811,0.423430659440232
0.684989,0.170250512617765,0.00753924469241488,0.408684434305479,0.207261004935687
0.0533411,-0.00591610769965693,-0.021228735675912,0.148696148755609,0.423821268992302
0.298497,0.155099124802849,0.0344173177248262,0.297905824756425,-0.0597812475547362
-0.40134,-0.174115033667997,-0.0141152257843889,0.0756817101648193,0.408641072975385
0.504091,0.158691669420643,-0.00235931977294886,0.382135382474273,0.229882908267409
0.777938,0.163102049925502,0.0483271821607864,0.460231713410044,0.519946830284612
0.829419,0.16082117132001,0.00920386432931251,0.586712983358467,0.197170287133476
-0.432963,-0.093990899394881,0.00382886198685403,-0.023236037087508,0.551854008205779
0.389581,0.172781398907913,0.015587894038484,0.337085548204689,-0.257340311113
-0.372971,-0.117875739835258,-0.0384106446342058,-0.0307524689865485,0.308997430196418
0.389283,0.158928577315667,-0.00557862255489542,0.33472846355891,-0.160387060492719
-0.113,-0.0675383706878638,-0.0424613857492529,0.04228674901268,0.305851528312462
0.2375,0.13804076542011,-0.00270530048094189,0.296866448658479,0.373320637115412
0.804484,0.151852497743707,0.0488462352637379,0.509814353142582,0.4817567789354
0.842407,0.159384911878865,0.000358334886971538,0.487778652977281,0.53435475566754
0.317476,0.0489594540615929,0.00647864224693185,0.274321289225802,0.697958269398739
0.664102,0.163763687409582,0.0174372690401015,0.421380896026632,0.224566328818251
0.01766,-0.027864818369076,-0.0228005619422144,0.137906773123778,0.44798169584159
0.358855,0.237900910571108,0.0506070727828201,0.317744069014326,-0.0545683777394658
-0.358456,-0.099188570094218,-0.0201849971603079,0.00776618073788779,0.450881499683882
0.544286,0.163400298107418,0.000411407874395001,0.362179835604626,0.264378108292911
0.807873,0.178114921827861,0.0544810159763192,0.545096572247441,0.540757578854113
0.833586,0.161302633577098,0.00705399238609317,0.585703184713145,0.204377627392799
-0.459717,-0.0992253523186452,0.0154364254509959,-0.00636058578172597,0.574778096482327
0.398517,0.182686080391232,0.0206399500102942,0.341739266412713,-0.168337268923765
-0.128454,-0.0377808107301768,-0.0377849603430747,0.0795134245238081,0.2832499725987
0.246837,0.220832885554401,0.0229742534447226,0.311772510431772,0.161158096856886
0.351391,0.0512626073478534,-0.0229901885881987,0.316325124855803,0.393651519288496
0.676361,0.170243419677317,0.0124368609877687,0.448764847461847,0.205216724257655
0.0558638,-0.00106433704827751,-0.0340304723809396,0.178534206149573,0.426548493430595
0.296987,0.234323415529105,0.0487301195935081,0.323950787219695,-0.00823216832526657
-0.276436,-0.069747058376362,-0.0524247319121423,0.0288462277264996,0.394949292743636
0.538738,0.155679596575914,-0.00227861136927658,0.378386104698637,0.0973172386742181
0.35029,0.0433501429130663,-0.0026456079226017,0.315959730003107,0.517288181151413
0.691687,0.153766660744576,0.0124267799446695,0.406390183426063,0.240375345686188
0.0962013,0.00317200980328384,-0.0276045803073642,0.167736104487794,0.444393431824823
0.31042,0.200737876504064,0.0286198764283383,0.325834169088946,0.0310793193240924
-0.23801,-0.0613123637375168,-0.0253999269349512,0.0401582350086778,0.433334200150355
0.537516,0.15682910423392,-0.00208354959947945,0.393553900290321,0.317729194919536
0.812653,0.162231313212357,0.0490519049037609,0.569903264187288,0.56133021385499
0.844256,0.130241362257535,0.00563816131554835,0.603247124001868,0.284380168297639
-0.283199,-0.0199514445346392,0.00679821187321711,0.0030464054864263,0.594929546681826
0.415655,0.175808113982013,0.0158181681154942,0.341041335358469,-0.0398498087779791
-0.0202081,-0.00712607742161484,-0.0194181248733558,0.102225409065026,0.346705299682288
0.281869,0.238246264345057,0.0349421217821077,0.311717084053295,0.409442441403988
0.812989,0.160866326609706,0.0665901045014253,0.538506621776094,0.437772084924105
0.822372,0.109657603843758,0.00760286278017658,0.583374941606714,0.13708413636098
-0.621946,-0.114171806976065,-0.0362116748173631,0.086823251703469,0.654758579087881
0.608087,0.201324972514947,0.0451832848544369,0.326803202978248,-0.255875310483421
-0.220106,-0.0384577108721983,-0.021789281729348,0.0579550945700542,0.504143726677682
0.578597,0.237815997245086,0.0564701234325543,0.311382711523513,0.142711041764734
0.365139,0.0722940856810769,0.0240758386292035,0.307244685521178,0.549738863012098
0.720848,0.129257692072415,0.00314554566209815,0.407008668155169,0.233126398074604
0.0217191,0.0120860206780251,-0.0198936686979079,0.143602794854867,0.556291712247836
0.563395,0.245896203134908,0.070278116236555,0.313710738942048,-0.0616516074534723
-0.378265,-0.0477992773186351,0.00075358184304738,0.00434104389819449,0.512934749204393
0.630238,0.144318004126439,0.00534492396658264,0.357113428169007,-0.145680730444265
-0.13233,-0.0156551149115612,-0.0289116257884701,0.0697643282675963,0.476758054130517
0.456335,0.219039287760362,0.0556693405660613,0.301889224930583,0.204215826183316
0.418253,0.0699657136666515,0.004785047341658,0.341527794565742,0.493325235616642
0.688983,0.14302496140648,0.0126154534257818,0.435003569797428,0.268989877261305
0.0808631,0.0118240269009549,-0.0267862947764693,0.191396823155995,0.511984698755718
0.469377,0.217779800816206,0.0640188176565328,0.307402502814934,0.00729504762221007
-0.276287,-0.0484548425365967,-0.0326487908491066,0.0220197343490469,0.49072107332338
0.516951,0.125983077194046,0.00679410488073393,0.362019007283811,0.308147272081755
0.809901,0.149777781083628,0.0405916658423906,0.548959666607557,0.537449290706138
0.827071,0.106689082123012,0.0149556364693894,0.597425844119459,0.23565420110163
-0.396353,-0.0323283808684268,-0.0347066896295057,0.0203343556429463,0.6003916492979
0.378029,0.15185345780485,0.0332832069300569,0.32052219000769,0.105315389337534
0.398544,0.0615681672368214,0.00120337237020308,0.335528066850856,0.432875346499594
0.654035,0.119590004948789,0.0218747964403054,0.396528797880043,0.259917448525935
0.11878,0.0147867923115401,-0.0134999721472616,0.182120021875176,0.429241859053984
0.314048,0.213356083328066,0.0723444610383014,0.295095588767548,0.0239837594556399
-0.26642,-0.0206696848154151,-0.0320774484817509,0.0348624614323035,0.419838136100648
0.501136,0.136804965033833,0.00220149803692794,0.361374156018366,0.301455250905584
0.806237,0.127049188146712,0.045831478473591,0.545186519276614,0.531613359120396
0.828195,0.0897460095570599,0.0126631997608866,0.54906272577553,0.241235784633489
-0.36639,0.00472743395379717,-0.00180627938669325,0.0301389641587642,0.570790271662036
0.380841,0.157664211287587,0.0477512836344476,0.314862108066314,-0.0875877963590672
-0.0475746,0.019077105443547,-0.0412389428831846,0.138962101293222,0.32907357584701
0.284543,0.231469497588648,0.0663906069114933,0.280489735247114,0.404869407528915
0.812759,0.12028665865046,0.0506364021792823,0.555214957836699,0.504615229729945
0.825537,0.097673575402135,0.0128859706422147,0.603235976459166,0.580438924532863
0.415923,0.0629104077625937,0.0110475987604638,0.328575440886467,0.672571848258165
0.602783,0.10730932190701,0.0144733184654615,0.389169007505951,0.310432456605267
0.134832,0.00973440165198105,-0.0401284715370258,0.187676321516496,0.395517811243166
0.273035,0.223274826932591,0.081230813126223,0.285013340886731,0.0185860154865823
-0.257981,-0.0319434262620831,-0.0521986634115812,0.00302449883987817,0.312289438731597
0.466405,0.116163612102774,-0.00486990376278048,0.347708350117946,-0.204250756953262
-0.315708,-0.0258725897668503,-0.0317801493750183,0.00289252782783003,0.317720684952795
0.315817,0.137281994061913,0.015407259230914,0.315332382730072,-0.114558601699598
-0.0377012,0.0119591852748549,-0.0456611000782428,0.142029941120999,0.171514248250727
0.140946,0.209474475229099,0.0664093756658169,0.269721534401645,-0.042679081576976
-0.194392,-0.0197913361636018,-0.0597556291502553,0.0834329517347104,0.315149780948991
0.460102,0.131322930621031,0.00702305758520571,0.345178471472137,0.32252163865217
0.816127,0.116481115824857,0.0462009245149197,0.551451397119453,0.512924888367929
0.821565,0.0971988650395031,0.00983566774397396,0.589617413810311,0.236025372521663
-0.363686,-0.0436498130269059,-0.041425958947035,0.00555813538162278,0.512544909566414
0.249795,0.140704322740124,0.038355714767878,0.30116673967851,-0.0870868953225198
-0.0251545,-0.00855025556788375,-0.0441196791303552,0.125776562248708,0.208025688209605
0.189088,0.204481867970238,0.0632737226505052,0.242061823414681,0.240183629594997
0.45652,0.0535095955429943,-0.00260355192213439,0.359869472089365,0.367860145363695
0.647421,0.11367727023794,0.0113556069042569,0.402881980740466,0.285322392102103
0.145643,0.0213329836953995,-0.0306651902305054,0.204088194605687,0.421405088119817
0.189339,0.170738885305955,0.0524176611572932,0.258172379052824,0.33991335871263
0.450645,0.0626751996690608,-0.00331770423851127,0.355115072523005,0.367174852782102
0.622936,0.123392094795754,0.0113985430165076,0.41492945741659,0.244599585999968
0.0669377,0.0228202769514087,-0.0399248681716405,0.20776622662497,0.363296522425766
0.184339,0.18125978541185,0.0596150520580024,0.257749659209589,0.00129896161161612
-0.259805,-0.0247345936640903,-0.0498374224193399,0.025060631820169,0.348974063218238
0.471863,0.121884006862109,0.00817416014695074,0.339829272413483,0.297319114867895
0.810433,0.135633494679074,0.0476481337223172,0.568629113471571,0.518685692850426
0.825434,0.118583827823656,0.0135876640004987,0.566263411167525,0.251412454173286
-0.334316,0.0113844135753082,-0.022249599244948,0.0371831798112832,0.547856705774064
0.333227,0.150135171960891,0.0299997121732311,0.284101626309681,-0.0840739688902939
-0.0234339,0.00529636258181537,-0.0347541921829403,0.133766674321442,0.176180485968622
0.11452,0.127967913764931,0.0113549023740072,0.236277722736782,-0.00365972075113829
-0.0718358,0.00469162931935708,-0.0466199699305852,0.123788930073673,0.166295458827655
0.193968,0.185262686388334,0.0468528265305012,0.218635929721132,0.202157061595146
0.427908,0.0734890732358926,0.00845264996980757,0.357355585823178,0.367970016841904
0.655376,0.129384436650892,0.0193546027833928,0.379463160891469,0.263341332781943
0.130688,0.0199267782685987,-0.0402529764998407,0.186321895078537,0.401667690743859
0.237838,0.176311296895663,0.0523019509660878,0.216906518377234,0.0547156019445227
-0.198243,-0.0355731238420574,-0.0389277371426566,0.0210881500319308,0.36500892481976
0.445699,0.122734395129927,0.0041075969373943,0.31112628487823,0.327972302160758
0.811081,0.13654373037033,0.0466330512806675,0.539607104216846,0.513136910817603
0.828631,0.111599531472574,0.00695713013422583,0.531252674783574,0.248560476410177
-0.327093,-0.0256716683606991,-0.0246826600656647,0.00903892006220273,0.514367327731762
0.293049,0.151080632938749,0.0325041601573864,0.242546600514576,-0.198483738844231
-0.327638,-0.0387680153916483,-0.0380011753295636,-0.00068737871641516,0.237167625179975
0.291646,0.117900692487919,0.00569779165104585,0.226214214710198,-0.120085034536529
-0.0341312,-0.00952749712388775,-0.0288401562988621,0.0979618276068335,0.217443965341274
0.121096,0.194403448830003,0.0502395707282604,0.165790884674857,0.403950041310481
0.810685,0.130459688955583,0.0430331302954672,0.518137533962397,0.438922902773867
0.829179,0.100613248982879,0.00314840721454486,0.535020903433998,0.584372043292194
0.453028,0.066603659680036,0.0209884048520358,0.285746827107465,0.66879363846489
0.59319,0.128635692947052,0.0295409322070097,0.346381829291783,0.329400710076984
0.146604,-0.00459144470669978,-0.0222165825950448,0.155772637793468,0.381999243888833
0.248197,0.202545504648414,0.0679983230827915,0.175624360693534,0.0149485433240712
-0.304221,-0.0644009240459108,-0.0510638849935809,0.0383377615158486,0.37757412066135
0.465073,0.115205594153241,0.00761076981734215,0.25326747513945,0.279281687390355
0.80347,0.150056382635758,0.0542628353800206,0.448473513819627,0.507081566724754
0.821132,0.135053585116376,0.0103582753783611,0.508480273652421,0.215968364624564
-0.401959,-0.0683531826506796,-0.066400049451883,0.00151958038240202,0.525658658964728
0.289891,0.121641932704661,0.0283026007133883,0.18603592924699,-0.122526150913022
-0.0575314,-0.0181886768539565,-0.0583338191579136,0.0743288092910232,0.187625945622433
0.111787,0.169138955140802,0.0359150848851769,0.125302433347505,0.214282380403887
0.428512,0.0772671474170602,0.00404780032412743,0.308577603183019,0.317083099824143
0.615721,0.144883002605389,0.00803322315074308,0.371322079216921,0.250222987033859
0.127119,0.0304075921516119,-0.0193651587156621,0.173857209646087,0.337911194542586
0.144129,0.161964595636593,0.0571035095478018,0.151366572600714,0.00810267187667688
-0.291286,-0.0504704217311455,-0.0595077091121103,0.00275848683550978,0.305117591342093
0.461512,0.132729541066106,0.000702932452672378,0.242193307392916,0.107995822716381
0.420264,0.0835738536364773,0.00360993435699996,0.316087756632307,0.458011914146137
0.633441,0.159488907928561,0.019573218087784,0.345543460653382,0.268997805959484
0.12293,0.0315546137268408,-0.0163067243106667,0.152526096500228,0.375235599893211
0.191453,0.170392002060857,0.0461364689121589,0.141120390990441,0.0558923734572657
-0.182177,-0.0322215599090802,-0.0531489065077607,-0.00657896478030191,0.336502348879774
0.428984,0.133713895670416,0.01207440382169,0.241713663094965,0.324921322610123
0.797052,0.173835801690396,0.0508037102154923,0.490132088490052,0.50086647625265
0.823926,0.151744742770153,0.00720835894633806,0.540531871830502,0.216917453472248
-0.386705,-0.0279227108426689,-0.0291607580458354,-0.0666968742235398,0.515722216256422
0.272885,0.156480730410125,0.0290255508594393,0.142619998311841,-0.138576956389032
-0.110258,-0.0161436816016036,-0.0416344243564946,0.063035018188531,0.180028034321356
0.0614525,0.154637611107755,0.0449795936942908,0.0457180540321509,0.324243662694386
0.77412,0.322060864596713,0.149832231098795,0.307108538115956,0.201623730067314
0.814299,0.161453523882463,0.00463666776424332,0.523220027842122,-0.773213155787611
-2.6423,-0.742264193524178,-0.0126427608762039,-0.912991278661742,0.513781179050159
0.521352,0.223436808574959,0.0578840386586734,0.164140718788218,-1.75564581143443
-1.70366,-0.425306266242181,0.0306614478725353,-0.702352586143783,0.276462318475356
0.538248,0.246383990544416,0.0671066100433726,0.0804628837654246,-0.810981696250684
-0.308626,-0.010448963667884,0.0363970711394481,-0.0765434447944456,0.3550000753901
0.725759,0.202111692374925,0.00486071343906901,0.277840844773078,-0.613338475754565
-1.21346,-0.271154543004143,0.0407707086904546,-0.476346561383869,0.394341429681066
0.571719,0.275747102163993,0.0605717527165044,0.10516777224173,-1.40723150817656
-2.25794,-0.595997991917173,0.016001362477811,-1.05921668522268,0.335738184001785
0.639681,0.205134715819343,0.0140422168212248,0.224251383507517,-1.656777697988
-1.76521,-0.46851679765567,-0.00509841109099429,-0.862045657407071,0.314393084724871
0.47156,0.231568311328773,0.0632419573422364,0.0638553546574398,-0.850009250322759
-0.359181,-0.0158889180942298,0.0414348936907741,-0.117453332292275,0.312185180466048
0.700034,0.180536120413736,0.0103181228514711,0.330531136239656,-0.64715440661244
-1.2201,-0.28565721680855,0.0565793993586437,-0.553451584206814,0.346770348561
0.495441,0.231856101933028,0.0629570815594678,0.103570420242473,-1.41475714179077
-2.30635,-0.647209703557009,-0.0187042259891867,-1.18419365849134,0.423195224077016
0.542986,0.176622672393544,0.00611412249975609,0.232392995377763,-0.603930873749475
0.774146,0.33750148152303,0.142439446532977,0.332006466627753,0.263419703489515
0.822992,0.1797850389023,0.0108142441574545,0.498929815868489,-0.813283671721009
-2.77084,-0.834346906244479,-0.047468561897516,-1.16177877792978,0.550332688260077
0.396962,0.173455315430623,0.0435096766644621,0.100682407770594,-1.24823421079476
-0.377755,-0.0150160788736578,0.031006867160031,-0.159573109648596,0.200383564169248
0.639607,0.179314753580963,0.0184309521340352,0.295984522873158,-0.644469697910966
-1.15017,-0.276187872503637,0.0464816850236905,-0.616650745915682,0.279883995130724
0.387273,0.191564699079338,0.0662096158908702,0.0604704350217001,-1.3355558733882
-2.18269,-0.670791196952352,-0.0824683325206918,-1.22903563046739,0.389555302715956
0.563797,0.185383187261908,0.00615670959334525,0.223544115969327,-0.560312582828165
0.765853,0.350553545556066,0.146209185867793,0.334373258869099,0.285151176221038
0.830483,0.182800940051029,0.00189683183612029,0.491291343453905,-0.795588996620993
-2.70315,-0.799873352865638,0.0270535113254587,-1.28151352934277,0.48730230778181
0.451803,0.19716415285464,0.0305690137372734,0.121407721637502,-1.8142667874998
-1.78055,-0.497376461335785,-0.0319756310011254,-1.0679176796177,0.234597214078132
0.349952,0.183146544642749,0.0586354469560834,0.0350012996812509,-0.372718460737644
0.774484,0.370549412396798,0.149200594024033,0.351970696622249,0.37314288790305
0.834433,0.206030315321243,-0.00240675916811801,0.435002838219066,0.218282469650039
-0.34713,-0.00706111354182925,0.0700662466849562,-0.291966374985949,0.613672734176845
0.666085,0.188765526146984,0.00720850015293781,0.298105875520818,-0.58313273787197
-1.17481,-0.309449876020365,0.023275197224937,-0.762171918134417,0.290353980825731
0.392685,0.207449190466832,0.0544087454043623,0.0681575943880384,-1.43716562321951
-2.32853,-0.673574861554005,0.0482509712408139,-1.3847954195741,0.173833224347974
0.567276,0.191249690162985,0.00919976039419146,0.173418065201428,-2.07774440601739
-2.62468,-0.841084215674333,-0.0762016956626605,-1.42743767631734,0.18064631914611
0.477538,0.195800972437824,0.0205813355979565,0.1237087477709,-1.8824761317786
-1.83268,-0.539733829715397,-0.0853131207946915,-1.14812676897634,0.0235606007060849
0.303607,0.174726012028625,0.0520588929571373,0.0115660770066359,-1.7290920516308
-2.35264,-0.701182850712522,-0.0337474530730053,-1.42256829115505,0.307533924057358
0.566427,0.198900897968903,0.00890681014257954,0.218368826887696,-0.640674808204186
0.775051,0.389798579458302,0.154815455996548,0.359586985789589,0.27721706126309
0.832346,0.211667338430798,-0.00330182383705049,0.492067045113296,-0.774939605777251
-2.65865,-0.853766015702118,-0.0512558785585826,-1.48977127799458,0.485416399519713
0.466764,0.194468683243356,0.027759429069026,0.126836304618335,-1.85795291290557
-1.90215,-0.534797422352133,-0.000889962915400042,-1.22320904994289,0.169832119516419
0.348358,0.193131118308694,0.0409389015830157,0.0353047617170989,-0.911619508877862
-0.332458,0.00482376866088312,0.01653750811081,-0.330584810986002,0.244217327575031
0.691741,0.217894660500154,0.00438909474495926,0.352122835349012,-0.653551413497963
-1.26652,-0.287841773575976,0.0260904370606233,-0.849093044389141,0.419937005052571
0.392768,0.197057839598269,0.042539049659185,0.0538818750057602,-0.63460501623092
-0.400492,0.00521959335893546,0.0279012814920633,-0.331039459600543,0.311971908896988
0.692601,0.219503445425039,0.0057354675937114,0.32626961437538,-0.654951385565373
-1.18445,-0.288903090104857,0.0197426575691466,-0.847019198402355,0.303448664888615
0.404812,0.206231962083907,0.0536283412928182,0.0631337959985434,-1.39370938298596
-2.29677,-0.687761601380253,0.0141949620652924,-1.46229761414003,0.404808584690337
0.586971,0.206803692829334,0.013754302675798,0.244123475208871,-0.610223630976352
0.763693,0.408155371373786,0.144164803870143,0.372952071330043,0.27874944516818
0.832907,0.233454036616517,0.00743395347729224,0.534824922502922,-0.864250098288714
-2.86513,-0.881482368998752,0.00250772774296954,-1.53664669382815,0.49281847079497
0.48931,0.199691474089977,0.0266274089633056,0.112244725527466,-1.95883845848497
-1.90178,-0.531455271647369,-0.0638126497651804,-1.24763989510948,0.0779756179278613
0.367197,0.181398787587131,0.0369786702014101,0.0279663593930002,-1.55401370754857
-1.81511,-0.534356276440304,-0.0357444838417605,-1.28913392625993,0.173189794395949
0.364931,0.18166403368374,0.0471456993753201,0.0337500786590361,-0.883267800803311
-0.356179,0.0128494082042595,0.0334686177093521,-0.318895158121614,0.269011883132063
0.717513,0.235467442926832,0.00228669040809904,0.324102917537591,-0.653387867703391
-1.20723,-0.286228067196096,0.0182051551400805,-0.867380436015207,0.31730973188964
0.413515,0.195278041954845,0.0449830550882311,0.0638903239090569,-1.41570254567769
-2.33224,-0.735612018096016,-0.0301432112828568,-1.52202625920103,0.413422855098528
0.6008,0.211646538755457,0.00966516089758467,0.231943454548952,-0.623791201962055
0.764026,0.419491720517788,0.163443032562228,0.392823723245656,0.289017876801738
0.833295,0.225377051848027,-0.00203945501409018,0.518835811046475,-0.820671075597303
-2.74663,-0.83787863661516,0.0141122388297279,-1.62911687934168,0.443217754071012
0.484828,0.200331973233108,0.0303440944979654,0.109747206003017,-2.227955839545
-2.67809,-0.924607379232519,-0.137461523650902,-1.50796420019749,0.153212295267266
0.519346,0.215331753058305,0.0199293878308913,0.100536395744451,-1.85020744652563
-1.75635,-0.514586680628218,-0.0434882187705538,-1.29038531237951,0.241481675227525
0.314223,0.180838048957328,0.03901918854912,0.00798014367041127,-0.358830676146657
0.77567,0.406139365073343,0.147882763308867,0.408693399257545,0.358801479380622
0.840215,0.232085939620252,3.78513222704934e-05,0.456357292230588,0.191722000733181
-0.404211,0.0095782105024936,0.065777470866537,-0.378320905059132,0.610190066836325
0.675151,0.225222041641657,0.0145447755006245,0.360937207383553,-0.670173129775636
-1.32382,-0.326522673231829,0.00309994605849641,-0.937015895551049,0.292168695169508
0.406193,0.232674122141891,0.0674901231541124,0.0636571471985533,-1.5286094322897
-2.47477,-0.759824651228936,-0.0486076972515452,-1.56561161376292,0.39682742391391
0.585794,0.229611039141305,0.0106834411392119,0.233415309741648,-0.681183790812396
0.776171,0.418351698283208,0.149088312178008,0.429562534486371,0.271122815278317
0.839424,0.236799526355344,0.00618506993269782,0.490461255026006,-0.849495212176112
-2.83904,-0.888519304005482,0.00625018388599033,-1.61471083858101,0.497305565492161
0.481398,0.22662446737189,0.0396423923879964,0.0990797517404,-1.91709929043518
-1.85995,-0.551230485758383,-0.0306163209235698,-1.3082169622095,0.158791311429118
0.343158,0.204874443630174,0.0500222823158049,0.0177158780640192,-0.919051046081468
-0.391022,-0.0203612824730587,0.035950769139694,-0.347064729730104,0.246589738432481
0.694772,0.237115163430393,0.00530446419438573,0.417342354798723,-0.673401371093024
-1.20796,-0.31730696843962,0.0323892612632491,-0.895218272187862,0.284887369608067
0.380963,0.201018277775097,0.0553147928029552,0.0679227227714747,-1.46052554438665
-2.40312,-0.764507219734134,-0.0475475956828391,-1.57460188813652,0.315498857181186
0.568491,0.21788390411022,0.0153025548052263,0.240514796445274,-1.12291914691241
-0.348997,-0.00532865281773977,0.035057909128855,-0.340175480464375,0.311733287486518
0.707172,0.243163321880068,0.0101542272244414,0.403071289545423,-0.663379066073924
-1.24843,-0.338899544380129,0.000265152493994382,-0.909694621490328,0.294104544811684
0.393317,0.207124768157083,0.062881367874966,0.0834612799353917,-1.51224625998162
-2.51038,-0.800029899773635,-0.00861164435694975,-1.64115123558385,0.382868780035171
0.553596,0.2000734407184,0.00861319316346988,0.218207152382069,-0.695905589883701
0.777389,0.409597212486994,0.143785197291193,0.435720654062567,0.254717765204202
0.834995,0.240736742072867,-0.000619698335915468,0.554156267711499,-0.841513261341721
-2.80592,-0.934408278500246,0.00977533510482241,-1.79583399096996,0.467051831368445
0.402463,0.201387571897365,0.0326593703516923,0.104845926213532,-1.86729200182233
-1.78141,-0.552788253731364,-0.0404471028678181,-1.31889631274116,0.145133977619394
0.211477,0.147432741586562,0.0514732335216384,-0.0153661114783578,-0.398280307327556
0.785024,0.405097315481358,0.128922919764441,0.403362876742763,0.143214177360656
0.823707,0.240208063450581,0.00334783402365617,0.579770063017648,-0.891348209973914
-2.89819,-0.924951025587698,-0.0168198640801895,-1.76429297446131,0.469157568355816
0.428307,0.1939348473155,0.037758007516977,0.0807643643569496,-1.92275376591879
-1.80384,-0.540916870541984,-0.0568206207043963,-1.28405697237905,0.111844352314566
0.292039,0.177851910109198,0.0493393719425606,-0.0355598184297655,-0.890282286636454
-0.370499,0.00703087304515255,0.0356508380218993,-0.316979867775668,0.228962294358759
0.700384,0.243744747534637,0.00598205140050323,0.417681841934103,-0.676288913856584
-1.21948,-0.307026402367972,0.00152710903216019,-0.881125964807313,0.262038434635349
0.331317,0.181735781994318,0.0514733661198967,0.0681153423602472,-1.49823300265114
-2.44045,-0.792887329877539,-0.0448658654921972,-1.65855860940657,0.177545582836134
0.549666,0.208377494452689,0.0149920091359132,0.203188505153294,-1.86305718070513
-1.99214,-0.558088104443896,-0.038175463150576,-1.29844666026783,0.150016229775105
0.220824,0.151392885604858,0.0422903272071488,-0.00716980295722322,-0.991653341284979
-0.439044,-0.0124152115730163,0.0149780575204402,-0.319801049967133,0.167196778050802
0.671155,0.233160359033345,0.0151032752123713,0.409615991360587,-0.76942587018983
-1.35666,-0.320942466124656,0.00263730213484757,-0.841490432837305,0.246927073097582
0.337665,0.192956089789926,0.080007115531518,0.0754341963575226,-1.56032805757593
-2.5075,-0.771501745887343,-0.0519786438997731,-1.59111592327932,0.35351979664862
0.556966,0.209283447423973,0.0139101905806184,0.244141715027997,-0.696891509000058
0.783824,0.413809733202158,0.142521035154861,0.429902807183388,0.253800324472296
0.833345,0.245009408248393,-0.0029352593032153,0.577814645681999,-0.846657184161172
-2.85697,-0.922807257471356,0.00723312236870144,-1.69326606052573,0.557884443061614
0.402026,0.199553376107114,0.0371720703882422,0.0675115595837156,-1.28036567715611
-0.372847,0.00796838701063819,0.0263691679296072,-0.312655013161177,0.20823091471993
0.68277,0.236727956819251,0.0118786928398423,0.374361431013133,-0.691368795716206
-1.25516,-0.335553870532326,0.0143855647990891,-0.893395430862593,0.272624067133848
0.36745,0.232470089791612,0.0688956420061674,0.0505561947786745,-1.49357928180171
-2.45338,-0.809663211259061,-0.0477364612706374,-1.59904187512427,0.367281726884885
0.545753,0.214116242595612,0.0113937288436862,0.258596688481168,-0.676984551928318
0.771619,0.426698796652378,0.14002046917258,0.39124221357909,0.247443073055079
0.839275,0.248350978078815,0.00220292215991288,0.572992857673017,-0.904841923074471
-2.94557,-0.947358572108413,-0.102066273353672,-1.69018138940618,0.458326320676226
0.404826,0.19636778187584,0.0365308514888737,0.0970253709610759,-2.00044024034778
-1.96953,-0.588513995769862,-0.046350676054358,-1.30809419903378,0.176954398975141
0.297777,0.178876726946244,0.0598558140296165,-0.0299372925181803,-0.45907342769575
0.773854,0.427223768004995,0.147212036950298,0.442007328170784,0.336151095002674
0.832758,0.249798369984634,-0.00199023072462445,0.624998810444391,0.203444778424646
-0.399357,0.00438473104475832,0.0489643801156273,-0.35978863227341,0.73801401381881
0.657106,0.240527965715972,0.0127670605940903,0.407422015456339,-0.218486704193475
