1000
-0.141993,-0.280404028188351,0.15369290208918,-0.196306829410495,0.129039501040944
-0.710722,-0.739315967295703,-0.218965798829165,-0.15931461520881,0.476454474346563
1.79408,1.13606718831497,0.737141009051092,0.329973528025126,-0.258052789430561
-0.679262,-0.548803959912039,-0.213658664650039,-0.192525154810765,0.51299622468117
1.19194,0.652255064972617,0.393337048647077,0.30987692404805,-0.110000830774723
-0.626059,-0.425575425703611,-0.202447566522845,-0.0780265898129644,0.317519514920194
0.282164,0.0465819974905248,0.122030834405419,0.0506977983158327,-0.0120193053435115
-0.643529,-0.551887560010311,-0.203641941973753,0.0993767579451342,0.280536875086745
0.71625,0.360839796166311,0.254087401401404,0.176501388670036,-0.0647287508674531
-0.539462,-0.292267432978273,-0.199857628634799,0.0592675050587027,0.380162638792505
1.29969,0.6153796454086,0.350447050719234,0.468541554430199,-0.094582226925746
-0.525876,-0.361872926006031,-0.195383787615409,0.278111145411134,0.424339007980569
0.966979,0.506960025452876,0.269593229340433,0.548854762186866,-0.0303042886884108
-0.217563,0.00826060425860938,-0.128177864563639,0.253389151429654,0.253194568008328
0.129355,-0.064505332529318,0.0297804443667968,0.0751253469402446,0.0469713469812629
-0.605669,-0.418465398621938,-0.184081219332207,0.296227521606449,0.239536011797363
0.564032,0.276636201927786,0.160771121248712,0.212578345616836,-0.0671510544760583
-0.267126,-0.0399488821999568,-0.10362674664732,0.111883986842894,0.280540020471895
1.23905,0.603508838758101,0.331071718071305,-0.0749278711853747,-0.143938671061763
-0.553651,-0.286227193440799,-0.187678189953753,0.132437219678774,0.267533001457321
-0.211864,-0.352242881209254,0.0128832323894949,-0.105020260090611,0.110441497571131
-0.580318,-0.590175632633934,-0.183100880889874,0.0321937894870939,0.339916037820958
2.02825,0.982751059856979,0.536117855045652,-0.354483425166278,-0.293939124913255
-0.502662,-0.154755272291176,-0.168784814328765,0.0761300274810522,0.33087079111728
0.0335042,-0.0887771642538117,0.0427371432435948,0.00656524510736278,0.0177895350451075
-0.699017,-0.498171312913877,-0.19031340572323,0.208438836981422,0.203587988549618
0.480644,0.302531914237521,0.187422105711916,0.134754109462958,-0.0702046099930604
-0.395757,-0.0736839416328171,-0.130990603741954,0.120239242534585,0.314724894170715
1.3834,0.5992656742994,0.389577244688063,-0.0988804678981703,-0.161136672796669
-0.397669,-0.290894249808245,-0.197982903192479,0.0857164576494334,0.313852652741152
-0.199098,-0.349773859216066,0.0113501402809733,-0.0601993442559191,0.227386083622484
-0.577658,-0.603412144251934,-0.203156616870655,0.0925319487552782,0.476885087092297
2.12445,1.02630349636239,0.583011255131414,0.224235099875814,-0.135151526717557
-0.462231,-0.267064107416444,-0.196700879164067,0.383286622465264,0.545873393789035
1.20091,0.594698249257141,0.285513321377416,0.463097221530109,-0.0830999970506593
-0.344195,-0.0594770617299453,-0.133133384379566,0.299593582576965,0.151080290943789
-0.333433,-0.345172321954873,0.00429826215265632,-0.259817183754145,-0.0691861747050659
-0.716363,-0.609117148017074,-0.207109477293562,-0.230063846411751,-0.0229793069049272
-0.0159211,-0.0419677354602373,0.076734990765492,-0.20567990606991,-0.258137132546842
-0.675504,-0.473242837818573,-0.191718535061718,-0.251237605573271,0.0601773863636364
0.569109,0.269922850618875,0.20594027830816,0.0423570743275634,-0.169217007807078
-0.515635,-0.149262543988745,-0.132975808249889,0.0189482889681173,0.30896455222068
1.18746,0.703657155878099,0.378329218715335,0.514306442159878,-0.0198762059333797
-0.66593,-0.365613857608103,-0.192586061212752,0.312635373801367,0.64338052425399
1.68673,0.894414740586945,0.451065854496098,0.56689733571144,0.0880189531575294
-0.325284,-0.235871066623376,-0.171542528180523,0.321124177614922,0.656168480569049
1.07798,0.580029565621248,0.233455021531178,1.01583787967648,0.220125066273421
-0.307654,-0.00332436272045099,-0.148936129757636,0.531803753935179,0.625451561415684
1.68666,0.69280996061027,0.327646601943374,0.401865836304716,-0.00957631054823041
-0.505353,-0.329723431959386,-0.208355550202564,0.293807029792394,0.465437022900764
-0.329798,-0.343241534551197,0.0103727417101618,-0.0430769309148255,0.284009260235947
-0.561899,-0.596262707919983,-0.202280569324705,0.0350393847018063,0.479872190492714
1.85683,0.929327242419025,0.500006160302199,0.272350299937724,-0.038333614850798
-0.306937,-0.16077431185111,-0.170689184489307,0.482541156683714,0.614925872310895
1.33118,0.494780062262536,0.242577431373055,0.514270878012793,0.0909109739764053
-0.047743,0.0762615121071897,-0.133821677456028,0.432687262696091,0.365823958362249
0.183378,-0.0441163017218269,0.016092288653905,0.318480032027708,0.142569904580153
-0.568664,-0.421148639292712,-0.209077650065467,0.412616279106259,0.291917615891742
0.612879,0.234834465258716,0.161313936393563,0.0422939694407827,-0.0844747120055517
-0.30004,-0.0845846906510615,-0.155196628160146,-0.0155999553505054,0.203713327550312
0.289471,-0.0128135763933513,0.0398851350170767,0.161298574830462,0.018803646426093
-0.500596,-0.353139739172901,-0.195057619550885,0.33918730580992,0.294471453504511
0.839899,0.333947263356798,0.161671299758987,0.365545914575113,0.00655950312283135
-0.280148,-0.0721347161695319,-0.151490760767999,0.284017510365148,0.449666443095073
1.60874,0.688973539742625,0.331373643076276,0.0583998631085539,-0.0692053334489938
-0.460348,-0.316591976578553,-0.208191135987617,0.258570139544532,0.42328655482304
-0.190374,-0.353429969343577,-0.00501786286055669,-0.0135600688827762,0.276875957321305
-0.553688,-0.604601563295014,-0.208021576478713,0.113522942481051,0.541134656141569
2.08897,0.9748963113645,0.482680687191797,0.197327857439765,-0.0317017036780015
-0.491161,-0.213063797035571,-0.183642517708478,0.475190042110202,0.712086066620403
1.20452,0.556648851070611,0.219067858184664,0.979661312320299,0.181930191880638
-0.207605,-0.119534312177289,-0.157374867645969,0.237298659847137,0.556348919847328
1.16759,0.594675500044758,0.235356003288064,0.794483116515604,0.0992012231089521
-0.252612,-0.0950348711742492,-0.155703983983816,0.106434054053101,0.392965893476752
0.313009,-0.00702427960943268,0.0372987635885472,0.257695154652605,0.0542866655100624
-0.716154,-0.448218741584178,-0.202794784041751,0.366121017106015,0.284268295975017
0.569721,0.30797179460964,0.183435260378038,0.306142246600475,-0.0884289097848716
-0.468747,-0.13433784758756,-0.128341679546789,0.116929335665899,0.287510386884108
1.41654,0.763857401309391,0.392815244266399,-0.136670050943184,-0.250943927480916
-0.635044,-0.386759713578641,-0.205353941688134,0.0658768586989669,0.246853060027759
-0.335471,-0.368501849648495,0.0071935436509327,-0.173765631675226,0.0892754118667592
-0.724288,-0.656559308453991,-0.205703180428038,-0.0345983211365069,0.363475109646079
1.68212,0.995529060910695,0.53015779975117,1.06565256978657,-0.126630196391395
-0.567607,-0.237215293126777,-0.179175082159173,-0.355838660947409,0.564735274462179
1.5363,0.927861040237424,0.460978270671389,1.23665370866823,-0.0517635766828591
-0.595654,-0.310404441321676,-0.187977197945197,-0.242456892089689,0.470920985079806
1.1115,0.542320610027346,0.264510656498793,0.242749408783633,-0.128592381332408
-0.422649,-0.0427334601888065,-0.130602946634459,0.12246435131712,0.1189093407356
-0.438579,-0.344177352163794,-0.00188799935540729,-0.203624895266119,-0.102191837612769
-0.688344,-0.599077392919309,-0.204387728837083,-0.228812188757905,-0.034565770298404
0.145025,-0.0350604140992772,0.0507124811932906,-0.192672159542449,-0.252924320263706
-0.632315,-0.47063374166908,-0.191579804838336,-0.212017591345237,0.0562057838306732
0.63037,0.300860198083262,0.188610090419673,0.156830256681283,-0.223916551006246
-0.513264,-0.154388809691305,-0.132504033253331,0.100051943873499,0.218364542331714
1.39268,0.715135069432186,0.377559560284233,-0.115886172317875,-0.281689047189452
-0.674982,-0.379683526108288,-0.192985590998636,0.063241772607374,0.206509691186676
-0.352566,-0.382072314023543,0.00569866088561011,-0.194449201205522,0.0345106505898681
-0.718426,-0.641627681608132,-0.202953795635627,-0.0605996487201981,0.243313873351839
1.57151,0.870041136310784,0.529949413859819,-0.0445495454717678,-0.279740048230396
-0.56062,-0.24808384299307,-0.172942540845502,0.149199898941524,0.318068565579459
0.75123,0.465052865857949,0.269402634093498,0.270458053649061,-0.143038262664816
-0.43094,-0.0711349602955902,-0.127475918939638,0.1170139342368,0.137108115544761
-0.039887,-0.0488893517339869,0.0274526808341315,0.09143233044486,-0.04411056592644
-0.59909,-0.407027907134764,-0.202396881509664,0.1392725281804,0.132492516169327
0.536641,0.296321105661092,0.174555210497038,0.135121532035456,-0.160667550312283
-0.501301,-0.143215373420988,-0.130797061033239,0.030048671301718,0.214519264052741
1.28808,0.690968342589721,0.383285764227956,-0.0848477269325454,-0.282980031922276
-0.681845,-0.385033407266089,-0.20004294747836,0.000850002859354188,0.208469591603054
0.0315836,-0.0369088997766979,0.0283162454918638,0.0680540161701351,-0.0705583070784178
-0.657591,-0.471699093990422,-0.19684181270804,0.016007717434353,0.137177678001388
0.569319,0.314282443331882,0.178139993698769,0.112542779147456,-0.159320361901457
-0.530622,-0.13449024799238,-0.134649048496382,0.0878077517255614,0.264287357737682
1.45068,0.747186976230393,0.38529979608153,-0.143292342219475,-0.285190346634282
-0.621056,-0.365282258989668,-0.200033179333518,0.0491269365411187,0.221266305204719
-0.416218,-0.398479167854683,-0.00911027771679353,-0.157228706792094,0.0942008532269256
-0.695312,-0.661938131695627,-0.203595165236907,-0.0666387491007725,0.32566989000694
1.81227,1.06349894396733,0.539327713861294,0.0617180575228507,-0.166727537126995
-0.60272,-0.273622229941356,-0.179209740998266,0.239257810663996,0.604358407356003
1.01978,0.275276153750522,0.260945020400329,0.516514399102737,0.470688283830673
-0.440135,0.027059755348769,-0.115162931667923,0.573480782406753,1.19467695940319
0.667259,-0.108961884266306,-0.125799871214183,0.83907862900896,1.81970879701596
1.23768,-0.0546204633699254,0.0326717390594853,1.23650757135542,2.6828290473213
1.73196,0.329182910370339,0.110178820498859,1.20764314057781,3.9236285556211
10.2362,4.41822798589448,0.346134537978385,7.20315004305293,2.86712384646079
1.21965,-0.108802820589935,-0.118032445723333,1.35958348568627,6.02881621877169
14.7347,6.66422616528361,2.2430303678125,5.3801882560968,2.28506987074948
0.00486598,-0.446584372251802,-0.150643426263887,1.31008408347148,5.1034311537127
1.52281,0.65704843389306,0.0827120468725584,1.78160572826131,3.3921218315406
0.60075,-0.203698723266175,-0.072872131796117,0.865820004753397,3.10015742800139
4.44797,2.51996306927664,1.25026807734434,0.998083673296393,1.56632257893824
0.791971,0.175029092917033,0.121136604274435,0.868710273721324,2.14867917741152
1.47622,0.74462226989112,0.214355054438746,1.47204413093875,1.29176591897294
0.370416,0.0277296523697652,0.0530320813577971,0.837629147646237,1.48997744049271
2.62783,1.90828839900687,0.614243359485332,0.650389337407887,0.715264616412214
-0.100208,-0.406014583044752,-0.0806521386620848,0.361958970170576,1.26427525242887
0.137702,-0.051947238286301,-0.123038958485142,0.484262251009274,1.00070566325468
0.0712011,-0.232653096561988,-0.0373375562847017,0.459842445433861,1.18228652081888
2.7634,1.94932331870395,0.266240390602211,1.17144914569854,0.690957109125607
0.875092,0.0344616287472045,0.0650756885209143,0.364166520586674,1.38242728920888
2.59659,1.26599588873175,0.211600383015103,1.00633520046373,0.776684294052741
-0.169957,-0.640798992480502,-0.0961473263631256,0.518363471201559,1.35181438067314
-0.229022,-0.460257964565879,-0.141265551349488,0.678042306887331,1.34717297921582
1.00605,0.227257643812767,0.120134797387645,0.590801951265248,1.40749312109646
4.40246,2.15753406684196,0.622631321571688,0.398995103366279,0.677819090909091
0.00143816,-0.401674630559375,-0.120497409716796,0.361848879733467,1.76518028799445
0.956693,0.394246634552013,0.00744277835393338,1.20237914489752,1.33310868945177
0.372241,-0.23004238948569,-0.0777753040098681,0.641019115551048,1.60497406453852
3.94416,2.26358182651961,0.755826889206165,0.779014407137,0.726897142609299
0.636053,0.104426506736259,0.0818930835695655,0.70427772015472,1.40390932741152
1.37984,0.764965285757687,0.131908126601847,0.776343139362593,0.738409430936849
-0.40222,-0.628473575215889,-0.0843385106797874,0.1834986770261,0.970121732477446
-0.500504,-0.586536161981829,-0.173394213676698,0.218215193647964,0.899733014573213
0.869824,0.248653888233804,0.157021321456752,0.402147639897739,0.696829932338654
1.88823,1.28166248027991,0.41180682344821,0.94566428773304,0.50231666204025
0.332514,-0.0780242515144192,0.0455469637691584,0.418646697904113,0.932900818181818
2.42815,1.79686375462711,0.605664955105208,0.897247184247464,0.191221583865371
-0.408508,-0.684360790075734,-0.0701042656634231,-0.0647053330665308,0.678746058466343
-0.49282,-0.697390171752218,-0.178296568954116,-0.0852667392912702,0.451973011276891
-0.191433,-0.416997098464882,-0.0627264398568227,-0.106335088668548,0.330332843684941
0.120533,-0.0139218193583249,-0.069945543940308,-0.0128376343171771,0.347014382546842
0.0809387,-0.205909868940945,-0.0357032402521065,0.08226434746604,0.619174403192228
1.8997,1.40963296631698,0.504977236317542,0.331956106724674,0.317525529666898
0.579507,0.122347141925833,0.11060682317334,0.500238409418399,0.817619931471201
0.712363,0.414560472481753,0.0142509388797689,0.891936526091232,0.821438767696044
0.644404,0.221826143150246,0.176944842196411,0.606322939353559,0.907216604961832
1.21437,0.892894085217482,0.203364253071225,0.937894424995853,0.786844818771686
0.293277,-0.0696943932342747,0.0377704247166518,0.743084913535767,1.0570667630118
2.19326,1.60305271031661,0.524170622012093,0.799385816534454,0.501704456627342
0.661869,0.0729437358231053,0.105680526985534,0.382933939008214,0.757596168632894
0.643678,0.325900099366066,-0.00664198258026503,0.389814853075111,0.470348764399722
-0.459187,-0.648831576447914,-0.0687152660535974,-0.00215901430152858,0.561597522553782
-0.597319,-0.608001564791434,-0.186656198262509,0.0779076567822135,0.552465459056211
0.593002,0.207625241174052,0.194379502788101,0.275802960076362,0.408521827897294
1.34487,0.88656670570591,0.243329413364418,0.586156414390773,0.339174453851492
0.410915,-0.0850046982589006,0.0531527754502473,0.234357666426675,0.675354742539903
1.59832,1.34081812578287,0.438031885113542,0.639218614371988,0.283782487196391
-0.174439,-0.38890972229125,-0.0695999062806018,0.26012875539425,0.597268355829285
-0.242767,-0.206209330260944,-0.141763841111891,0.361459272692444,0.50919741759195
0.117392,-0.235705751579056,-0.000356385401054759,-0.0227306672481783,0.488193760409438
1.64125,1.1989273385821,0.354779336151696,-0.124327287770987,0.125963943962526
-0.0839529,-0.329440017979654,-0.0725282486962315,0.091894104047249,0.532943834836919
-0.200298,-0.197031397643969,-0.142996765555233,0.326384289857885,0.493533463046495
0.150688,-0.181758209494537,-0.0129869519894225,0.228241878599052,0.510228317314365
1.61128,1.09633339807592,0.359974802545934,0.241502704414766,0.250136770818876
0.580764,0.121691255337224,0.112866131839563,0.158750898390374,0.507154163254684
0.525752,0.22644326642318,-0.0387601251951112,0.364607109838071,0.34409347297016
-0.249423,-0.563704459077888,-0.0634286284528486,-0.00313629565656878,0.481821789382373
-0.58984,-0.59815960852456,-0.200395585793613,0.196197416761827,0.649476692574601
0.805579,0.239573147345038,0.201944267455006,0.328417793741762,0.566315060721721
1.3632,0.731290578775846,0.173615780199479,0.733316818485481,0.650612059472589
0.446884,-0.0450595988662733,0.0523161584339974,0.723557427279065,1.07444239035392
2.16149,1.29311364347937,0.194626064007271,1.53009591693389,0.727874685634976
0.77885,-0.0858427998529466,0.0447999752634303,0.522177758245779,1.12239935287994
1.92631,1.3225444900182,0.323286219923517,1.49003326112689,0.678652845940319
0.0705494,-0.386983206937076,-0.0765138080361207,0.521869226177223,0.918435734559334
-0.243122,-0.224406729991526,-0.174741875646428,0.62485625725551,0.809013419153366
0.414927,-0.186425931600309,-0.00434012503890364,0.375691486580272,0.658064382720333
1.44239,0.841816154438354,0.244741220582001,0.390562768607846,0.439020283483692
0.835813,0.106796206410166,0.108862501469305,0.279976265677671,0.580003498959056
0.652057,0.200587460979212,-0.0750528605803774,0.533911414212576,0.471925467869535
-0.1782,-0.484643806173729,-0.0719044640448632,0.194995397877609,0.604856213740458
-0.360344,-0.528011154151339,-0.195419422832423,0.312464443026044,0.72134637647467
0.986697,0.230973780598915,0.170296824767373,0.636803041642826,0.615745459750174
1.36776,0.617430018033276,0.176753940585363,0.889849505548151,0.68340962352533
0.869232,0.194784982477586,0.181406688284127,0.780469700299294,0.874479092297016
1.1294,0.617004256255727,0.0264779349459073,1.30647398931205,0.792493692435808
0.638795,-0.0403693188511135,0.0570304192646053,0.789401740388258,0.89419673629424
2.08732,1.25336839747676,0.247450996154935,0.601544119686784,0.356122159611381
-0.245873,-0.571052217288615,-0.0746448279224469,0.0422839172324483,0.679423202637058
-0.421878,-0.581016887150871,-0.196008221739581,0.0867756968444075,0.487733538167939
-0.0105714,-0.342578052658709,-0.0550461917182423,0.076928499621893,0.355544046842471
0.215467,-0.128375133497943,-0.135341498919188,0.0840887570592008,0.384704711415684
0.352967,-0.120971931822808,-0.0123847541798335,0.275933258553908,0.494725873872311
1.27447,0.737992635112262,0.242131900693967,0.436130988250916,0.369211347154754
1.04079,0.120327395903317,0.13501732389815,0.357344362126416,0.470519129250521
0.480203,0.067370285921305,-0.101271388288838,0.513232432015792,0.511047995176961
-0.0273407,-0.44045772171754,-0.058419122821328,0.229481578285463,0.552117773074254
-0.457467,-0.533445828960634,-0.214252606615478,0.447442651833857,0.691895029840389
0.978398,0.272023444084732,0.203336496285061,0.408285795989401,0.469600246703678
1.17557,0.609395969376459,0.0883927721886253,0.712870603816716,0.538989058986815
0.574908,0.0032989156506472,0.0585171192812952,0.476392856849751,0.7570109944483
1.55337,1.0395976258358,0.130465497066034,0.681286811916464,0.462162638376128
0.0596915,-0.298717662168607,-0.080711233807702,0.444659890994582,0.733098526891048
-0.124879,-0.215395701755232,-0.168813754711046,0.54509370959202,0.710632741151978
0.395493,-0.113786584917286,-0.00744909951858011,0.430587864493324,0.618105385496183
1.59587,0.896521017316148,0.196713804528921,0.262253488320294,0.351830632546843
0.996588,0.22489722971182,0.113077036129709,0.209362180881069,0.405044349063151
0.0363015,0.094514527436893,-0.0511593406336047,0.338894225182604,0.400100140700902
-0.171003,-0.323720864137806,-0.0565455884881607,0.205129050009008,0.256992424115198
-0.512579,-0.263528478033423,-0.156544433021485,0.240634645666254,0.270164464087439
0.186575,-0.091607729655802,0.0181067835032946,-0.0133575386351905,0.10552037630118
0.585259,0.535499907102769,0.171304470732568,0.00464679941669607,0.0452552753296322
0.406324,0.128236077262406,0.149341755712624,-0.0435624279302112,0.0687059842123525
0.0710538,0.0513315522823753,-0.0512629986155505,0.0809632916143375,0.0746386155447606
-0.455908,-0.522381246290995,-0.0679938472501489,-0.161467303416861,0.185454391394865
-0.691023,-0.600557384111545,-0.204458360723484,-0.0159525180555314,0.335427948646773
0.915488,0.370521006131109,0.255249976143812,0.0887715893816516,0.0794191589174184
0.693575,0.530127127494539,0.136129422154321,0.498018308698899,0.265633183206107
0.335958,0.00983803982177568,0.0794013205995114,0.280100445657142,0.34940749888966
1.3521,1.03094932539685,0.274585898510195,0.291414495339698,-0.041849339555864
-0.628882,-0.590447418875157,-0.0587596324807076,-0.29217063838654,0.235177721721027
-0.806148,-0.675737861629453,-0.211449582836239,-0.298009872120016,0.104633916030534
0.566672,0.359404607461328,0.218298560146614,-0.168972336962316,-0.375604988202637
-0.776256,-0.383807123704581,-0.223415734528317,-0.294888384815827,-0.109546654649549
0.0766394,0.126149849772814,0.0631971860349385,-0.224550884062025,-0.452363608431645
-0.756607,-0.261683129259481,-0.196761848568742,-0.348162609848597,-0.314772107737682
-0.419567,-0.241161620553274,-0.0393802544705227,-0.278638485620303,-0.444838335704372
-0.805906,-0.504272429779106,-0.217567422817646,-0.265881793413807,-0.294706210791117
0.0395343,0.0526637163651642,0.0449008538023869,-0.310044392442541,-0.491220160305344
-0.84053,-0.255021364144081,-0.201350219297136,-0.341479426917816,-0.175759274149896
0.46064,0.331184043822756,0.177002246708046,-0.082962105439102,-0.491565610513532
-0.723838,-0.403700982570745,-0.231615936291774,-0.103091342948673,-0.145604660999306
0.281826,0.259607366639388,0.107922063869456,-0.0214201105894215,-0.456464299097849
-0.672745,-0.238409288291416,-0.200927232380139,-0.253518113307282,-0.226623994517696
-0.342552,-0.20417851029471,-0.0270956422713572,-0.246639393120976,-0.383209481783484
-0.772895,-0.50251025484998,-0.222946887267586,-0.202680437144581,-0.253391420020819
-0.0110335,0.108706683433067,0.0633553230658801,-0.191009972379381,-0.444096114850798
-0.771572,-0.27021910488623,-0.198466878865287,-0.282592815024315,-0.132089759368494
0.732942,0.439396138250462,0.223836366170988,-0.43222167371573,-0.513561586571825
-0.728584,-0.441405165417437,-0.22992655061056,-0.255410427808875,-0.147005951249133
-0.45953,-0.437116295379166,-0.0419763902798542,-0.3776680046717,-0.266463098716169
-0.778635,-0.656401226030107,-0.217193106802848,-0.229994617369758,-0.0920336791464261
1.04637,0.700226895948265,0.348534983318803,-0.560926026931037,-0.537318760235947
-0.709315,-0.314180545685092,-0.222110185619915,-0.244833080427273,-0.0897123768216516
-0.226317,-0.244795528120078,-0.0232635031958383,-0.266157871855523,-0.334877047189452
-0.806548,-0.530807317223677,-0.217896656035628,-0.102511865468424,-0.187059392088827
0.0882142,0.111854850233436,0.0750798868174709,-0.1729556074122,-0.41554629389313
-0.794387,-0.26816240868898,-0.193625499212641,-0.256275762220391,-0.0962911589174185
0.656028,0.416625847847363,0.215818264819724,-0.381067421918086,-0.490813320263706
-0.700646,-0.417639589280206,-0.233649955757017,-0.233480509111311,-0.128454291811242
-0.432313,-0.398412195532612,-0.0293926169569769,-0.356808451014114,-0.228747616585704
-0.749984,-0.635567805833281,-0.224586019404846,-0.208264834246501,-0.0480395852879945
1.0244,0.635282977990593,0.355487395563678,-0.214974960493235,-0.461443113462873
-0.631584,-0.3633721631861,-0.227595899579291,-0.13038547996246,-0.0280133806384454
0.385843,0.285453452823973,0.153512026812897,-0.00550788838707494,-0.438225143303262
-0.74804,-0.221577332263345,-0.200398413495015,-0.195931760364794,-0.252762018979875
-0.52169,-0.434194497002888,-0.037361427887572,-0.519885003315991,-0.444121564018043
-0.948256,-0.670741509109773,-0.230379151175929,-0.424500235002569,-0.333324444656489
-0.200781,-0.158762165817213,0.0196909240389237,-0.457113276572483,-0.533320103920888
-0.801137,-0.579519317858864,-0.220759057309658,-0.45237445450685,-0.247303939798751
0.0986253,0.107278947476741,0.0824449987361743,-0.197202124763997,-0.389930794934074
-0.711964,-0.310010161727639,-0.196658726526883,-0.251397581506884,0.00519048178348372
0.756073,0.506778049435294,0.237368590557947,0.186408383290513,-0.253094842990979
-0.734668,-0.374564237147851,-0.233635538012808,0.113326436463492,0.316181240978487
1.10958,0.503196437775974,0.239576627530984,0.378010374561703,-0.0766847118320611
-0.326456,-0.307299403125545,-0.248103263580297,0.114369136111736,0.381939478244275
0.821761,0.300761146431137,0.110511197766747,0.790396224543856,0.061075291464261
-0.390944,-0.140477615427781,-0.244532197612606,0.316169808049491,0.446521201596114
1.29279,0.36818907961409,0.195729764034929,0.355296436463459,-0.0554326197085358
-0.299818,-0.308952270931537,-0.239424699455144,0.187166301387538,0.305663915683553
-0.205263,-0.355402178846552,-0.0399408885447506,-0.14345461166897,0.158240108258154
-0.745996,-0.532751453363101,-0.2367994367754,0.116392134051751,0.383807084871617
1.67048,0.519487997899117,0.33414011752544,0.117771577202016,-0.181258131158917
-0.416242,-0.249611544722396,-0.238462820127211,0.243685486265207,0.405295097154754
0.953155,0.267448795364095,0.124816340164375,0.294802840460816,-0.0780306221374046
-0.408622,-0.120991838743286,-0.226128546353842,0.176822949915374,0.177087675329632
-0.0625304,-0.11114954145152,-0.0434776093220654,0.22113029687421,-0.0393980331367106
-0.635386,-0.377067619972672,-0.220066144214916,0.249357401578987,0.111214401283831
0.53161,0.102470717611788,0.0626128477637389,-0.146457008820424,-0.220262410305343
-0.26279,-0.0667313316353123,-0.222977309113907,-0.142905513857895,0.0350384221027064
0.0670243,-0.11030307676873,-0.0216135746599296,0.0790293047217515,-0.0844163445523942
-0.483731,-0.310160615511384,-0.2250433993328,0.18567710405015,0.104141784559334
0.441627,0.124463657471188,0.0760686757668946,0.182734274288957,-0.0919016500693963
-0.357062,-0.0916938685885418,-0.221654032887528,0.108547214716189,0.245885503990285
1.07862,0.315792675139781,0.201489001123833,-0.0458837093792387,-0.119689260756419
-0.277149,-0.254193283937906,-0.244934239693696,0.0973552849658154,0.230675650346981
-0.239142,-0.336119246258604,-0.0326791936174987,0.0229956671290367,0.189449818181818
-0.438422,-0.513227389671735,-0.22288223286115,0.0936902085784448,0.391741577723803
1.65614,0.563168892223983,0.319711213761819,0.167550984370866,-0.0511068969465649
-0.350015,-0.188508213358234,-0.246544717425817,0.327398812735369,0.518786126370576
0.908261,0.282919108924895,0.115190307621587,0.790744123421742,0.112676558986815
-0.200853,-0.132693380300672,-0.232880164859859,-0.120913624027232,0.384954225537821
0.87729,0.252617356246571,0.116638850285889,0.612259086258996,0.00652609541984728
-0.407555,-0.124270460154853,-0.239307778872971,-0.062213817052244,0.272052116585704
-0.0789798,-0.0923766297029254,-0.0235855184419588,0.313468866637875,0.0697803022206801
-0.31197,-0.312779903218006,-0.221881403854616,0.222789375994199,0.167198092990978
0.53543,0.111393088361737,0.0590342206889665,0.260246012054085,-0.0280264045801527
-0.287906,-0.0669526971747439,-0.210891209297923,0.11952470339454,0.313881986467731
1.29087,0.33135894263701,0.234349000503605,0.0303607076886341,-0.113714714781402
-0.463219,-0.279434774544824,-0.233759620656592,0.17243911708943,0.338968477168633
-0.177457,-0.349379243766415,-0.0378863781189731,0.0198525870512179,0.239204348716169
-0.525835,-0.524573036356804,-0.225306650701836,0.149601250952186,0.51276370888272
2.0557,0.594798949039478,0.348927313988164,0.842935090392731,-0.0226752737682165
-0.467305,-0.0980379363035653,-0.227572678502453,0.0956644520837689,0.704037509715475
1.41694,0.499219891967561,0.295534427167452,1.3098438531474,0.103262465648855
-0.195012,-0.209207485688405,-0.244119194311238,-0.0110669111146806,0.451531218598196
0.807364,0.236439842861292,0.134807258715539,0.415922362199144,0.00711558431644692
-0.262753,0.058223865423924,-0.219450968003935,0.118551367411307,0.108511460097155
-0.238637,-0.337579067606731,-0.0502976436008395,-0.35360428254929,-0.153639921929216
-1.12312,-0.535936143323292,-0.245849363238215,-0.0722396641296016,0.045195699167245
0.160969,-0.119712622355441,-0.00780171796820766,-0.153557950522379,-0.270958869882026
-0.420561,-0.389738897933256,-0.225906192975899,-0.224553413836956,0.007725671408744
0.615998,0.103032881834015,0.0777483268705083,0.101260766389612,-0.204152818528799
-0.467105,-0.181822145700406,-0.22102341124405,0.128873094587804,0.194205524982651
1.10366,0.408049170452178,0.260067401894271,-0.00238646842557144,-0.221638348022207
-0.439351,-0.326850013741379,-0.236206319704589,0.0770253740158306,0.154353375780708
-0.398114,-0.379912133367834,-0.0387668019045569,-0.0941832140659453,0.0605383244274809
-0.605095,-0.586527774181832,-0.222118040251002,-0.0352078343197083,0.206855082269258
1.39972,0.629524105076475,0.392324276905311,0.0320476883601855,-0.253769878730049
-0.529394,-0.316655190432037,-0.229087264189917,0.0870296309315475,0.284159368320611
0.834865,0.35009957343191,0.149946140487216,0.212277455198406,-0.197314341603053
-0.606248,-0.24099960470107,-0.210123442961127,0.0567326567080892,0.119201415163081
-0.0954239,-0.0706050061896852,-0.0155657072305076,0.155337188765911,-0.104399853920888
-0.606264,-0.4643298809323,-0.222042777346623,0.137332340398682,0.0483396823386537
0.486332,0.227676612657162,0.0963780162650842,0.0667831309109767,-0.246208019604441
-0.639024,-0.284022623304029,-0.208198428463656,-0.0644246322512743,0.122684101839001
1.02594,0.543127678127741,0.247441443071935,-0.109675945508963,-0.349687680950729
-0.667489,-0.421034727737193,-0.233372379953125,-0.0650080973661072,0.0756814500693963
-0.104998,-0.0941519665684699,-0.00827284116347874,0.0345942887665385,-0.150962886537127
-0.608276,-0.463116342306656,-0.218965681162287,-0.0416425208075284,0.00363827862595423
0.339439,0.183178836451467,0.0964089045767497,0.0389260164423451,-0.223362237335184
-0.553012,-0.213412650645151,-0.203985432763249,-0.0437167078480888,0.137381920541291
1.09501,0.498668828396068,0.259662629090492,-0.186829712171043,-0.30129738723109
-0.566725,-0.355442441002247,-0.232059965060154,-0.00734814095869343,0.13820712074948
-0.397318,-0.363916298977287,-0.0346688604831434,-0.062776770786369,0.0654724444829979
-0.550424,-0.599163777572298,-0.222298831190574,-0.0263209868422603,0.248678722068008
1.65886,0.714946207775522,0.430793796144666,0.134812981027231,-0.231326715822346
-0.516001,-0.299241788598954,-0.224152053248812,0.209458307227077,0.404506800832755
1.07048,0.340243187367654,0.168903154085293,0.333750105822673,-0.139188070090215
-0.572004,-0.159978777306301,-0.214104784979377,0.134993519981161,0.210079416377516
-0.353112,-0.349640083821077,-0.0452048832268383,-0.0966117344151495,0.0678741974323386
-0.638913,-0.57781967174344,-0.223201998346442,0.0193868753163674,0.2350719740805
1.52807,0.831430447795795,0.38383652811946,0.0358572830128681,-0.295797268736988
-0.616523,-0.3401513366353,-0.222109988971225,0.209475680675876,0.289996140700902
0.775901,0.409800971882582,0.154012258067082,0.288337676840381,-0.204158774288688
-0.633459,-0.349199557078381,-0.330775932622795,0.130268636877446,0.115103610513532
-0.0716047,-0.101276617692027,-0.0128510828666894,0.150578750198881,-0.106855189798751
-0.595173,-0.493736735248552,-0.215588488251909,0.153571915395503,0.0855519640874393
0.485775,0.226084218925966,0.0976160028943621,0.101621196381527,-0.18062274167245
-0.583076,-0.222965765283097,-0.199297450377851,-0.00354904461733976,0.203376503955587
1.06648,0.495860431587445,0.250569382876409,0.309886960684528,-0.22027760444136
-0.515959,-0.422381016795864,-0.22903663848325,0.260731194721243,0.216165231020125
0.721983,0.412482700984768,0.155386703505086,0.411858256169684,-0.204970250346981
-0.628201,-0.2415255650065,-0.196556110220207,0.0564056543320281,0.0938961632546843
-0.0767011,-0.0619334588681564,-0.0175811720994447,0.135606955377037,-0.14786552185982
-0.669899,-0.50504808582196,-0.214958720715509,0.126745966235478,0.0297025272380292
0.542849,0.241559695993276,0.0921738840128965,0.0557642401105616,-0.289740335357391
-0.685521,-0.29482125961919,-0.199603992685483,-0.0632539811291157,0.131457507113116
1.0101,0.53189678722421,0.263814419764384,-0.145635548043563,-0.340544383587786
-0.641038,-0.410710136904118,-0.227090031340049,-0.0310216882619758,0.0492861189798751
-0.407444,-0.391427199355373,-0.0419061070333962,-0.185146824425129,-0.0782472779319917
-0.654445,-0.622953587353887,-0.219536893085004,-0.0887998166559335,0.0950102824427482
1.52442,0.791371290163002,0.392781880620482,-0.492956213444937,-0.447009339347675
-0.613664,-0.241240926145531,-0.211254146224611,-0.111971401155384,0.0753319680777239
-0.219406,-0.168071417547731,-0.0136998343050433,-0.0899442568520949,-0.191179665857044
-0.782261,-0.567546949163779,-0.218346542224205,0.0395010074255627,-0.0622645815405968
0.277735,0.217262631374136,0.113277486303093,-0.0777206263597803,-0.334334454892436
-0.72509,-0.284184105634526,-0.1779666717289,-0.188508466576253,0.0161127949340736
0.889277,0.589783179085072,0.270963187455514,-0.302318112238959,-0.446482840388619
-0.704479,-0.446314297862067,-0.221843973832579,-0.152779694719294,-0.0488863421235253
-0.49992,-0.397085101917188,-0.0306524318660783,-0.28346095296714,-0.150999687022901
-0.757709,-0.666432927381188,-0.222579367090882,-0.180585355187848,0.0238896561415684
1.21096,0.760546124752126,0.415035465300166,-0.181656932341618,-0.419660885843164
-0.587942,-0.346670006930965,-0.208746994327927,-0.0665450864943824,0.0647220319222762
0.488938,0.362342684298272,0.182585682286078,0.0853444259680602,-0.35924742852186
-0.661827,-0.204955167318531,-0.188353856016367,-0.0907764594729864,-0.158626061762665
-0.447571,-0.379578293075697,-0.051654312565676,-0.365074415933662,-0.337465163775156
-0.713478,-0.642940351965823,-0.224147590126911,-0.360413806092948,-0.269502883414296
-0.135841,-0.102841916045928,0.0161444622939388,-0.350752467811584,-0.448711139833449
-0.82233,-0.525784167691513,-0.212034066190634,-0.33706859738208,-0.164165708535739
0.208825,0.161293416998282,0.111561380908492,-0.119911945224396,-0.370307593684941
-0.721058,-0.27859879933882,-0.179932043538184,-0.220584557914648,0.0261212102706454
0.81623,0.558259826678446,0.273005604194084,0.400868939396597,-0.295129462179042
-0.755568,-0.436066731433613,-0.218643736532947,-0.043449040492259,0.226299068008328
1.0865,0.716938501025051,0.358685229805479,0.384716564104205,-0.259614549618321
-0.739098,-0.420765010944114,-0.21397083522956,-0.0754981707172444,0.206058718251214
0.552919,0.401808452377398,0.174846036081424,0.485796161450372,-0.226244877168633
-0.748287,-0.362539073816025,-0.191204761241849,-0.0287029364353891,0.124276686328938
0.76778,0.555871357087502,0.243512987060371,0.0640575736868322,-0.371270874392783
-0.766717,-0.458163323832833,-0.223684034842343,-0.0789594998214359,-0.0193395659264399
-0.485154,-0.400751408920856,-0.0382550222986696,-0.30616557999765,-0.176253735947259
-0.759908,-0.670566855920998,-0.221447332240394,-0.214978017999192,0.00898151422623183
1.24174,0.819298911780148,0.399377129675043,-0.176412852140364,-0.452639391394865
-0.794717,-0.390890626859419,-0.206409688463045,-0.0423544795339079,0.109543953504511
0.598216,0.391604593995706,0.178999677386866,0.0710342564089263,-0.363959105829285
-0.688309,-0.30164955968214,-0.187552981565343,-0.139620613791405,-0.0982430215128383
-0.242455,-0.121101614240203,-0.022059907721628,-0.0792075706198072,-0.313497564191534
-0.718409,-0.511848775904304,-0.216274963256423,-0.0526918877861214,-0.192347746009715
0.133684,0.178244886209203,0.0866415436795831,-0.347389924434068,-0.459964209923664
-0.674036,-0.177061682235889,-0.184196559776907,-0.344544694693931,-0.211066352532963
-0.180929,-0.149245335910393,-0.0181556082636961,-0.127764150431955,-0.353552265440666
-0.616682,-0.454230200988064,-0.216493665108286,-0.101438530780766,-0.174547752255378
0.254116,0.165577993182818,0.0906829068546726,-0.09362485121931,-0.363476091603053
-0.662216,-0.235229845610617,-0.189646386551486,-0.154873343871021,-0.0286099136016655
0.655996,0.388689247145845,0.207539122600961,-0.244684552115591,-0.378084098542679
-0.58146,-0.370140401554072,-0.224803321635113,-0.138779048574779,-0.0541841155447606
-0.373467,-0.387716657814297,-0.0508801334081763,-0.255533636068804,-0.140333990631506
-0.658377,-0.581893678640162,-0.2207572840464,-0.140344762171855,0.0494687918112422
1.13353,0.564689415483167,0.339057138148249,-0.149358833005387,-0.351075095419847
-0.675311,-0.346478435186521,-0.218179283042767,-0.011653867844351,0.147183569743234
0.485643,0.250559155923694,0.105124537346882,0.361455905983192,-0.239916334142956
-0.612214,-0.385139640031231,-0.203417350649222,-0.342004618447375,0.0300159712005552
0.412527,0.252431234083487,0.110200614925651,0.290854451947303,-0.31476552741152
-0.522764,-0.322700233844616,-0.208739423095073,-0.48183364768007,-0.125667092643997
-0.298548,-0.190280002308584,-0.0316591690797997,-0.100298320215977,-0.305402946217904
-0.776915,-0.514093223217783,-0.220625053580273,-0.0949248210096979,-0.18606900832755
0.130521,0.0743679799534079,0.0573864542864835,-0.17793898579809,-0.44299369500347
-0.722483,-0.28849957296848,-0.203773266401915,-0.276650021623573,-0.143497658917418
0.564979,0.355443157101197,0.167031188055848,-0.370017855036473,-0.509607619014573
-0.72027,-0.42542304763875,-0.223789337115112,-0.315153803893415,-0.190808779319917
-0.538975,-0.460013851544487,-0.053492185217394,-0.568725377027253,-0.286052524982651
-1.15004,-0.663838059424571,-0.232350915932171,-0.262061434982212,0.00641472935461487
1.16115,0.562452996413453,0.300279966809601,0.40609821291572,-0.470549303955586
-0.670874,-0.292713931257858,-0.220191559013922,-0.437793825191262,0.105535229354615
0.802971,0.476700804956992,0.244715351340255,0.673207461941229,-0.338945553435115
-0.646222,-0.415322170285123,-0.228652379783939,-0.390661920581984,-0.00936328716169317
0.218779,0.207791612013679,0.103480429277416,-0.000116237560748356,-0.365843908743928
-0.702171,-0.223579584407869,-0.213763214604237,-0.230494456391677,-0.216488754545455
-0.389068,-0.390718293009974,-0.0621167958668878,-0.446750590558744,-0.439742106870229
-0.87351,-0.620784571621439,-0.224433841449079,-0.370867468658149,-0.31319631054823
-0.0934456,-0.188396409273183,-0.00236568075768006,-0.4361018573498,-0.534405352185982
-0.868279,-0.55995099861606,-0.217986601978963,-0.371479538901815,-0.274428216516308
0.0802324,0.0223500805663786,0.0643118860219881,-0.251687491914667,-0.495088566967384
-0.662532,-0.245340969762466,-0.201006332696969,-0.299263338930778,-0.205797036086051
0.397797,0.3130295789247,0.17295947801254,-0.386254252925306,-0.481576224496877
-0.735313,-0.386633580169234,-0.223238675940869,-0.23920933091575,-0.185614433587786
-0.398184,-0.408581879223743,-0.0519306483718509,-0.397996682669235,-0.304086646773074
-0.729384,-0.588818933024938,-0.218795987547761,-0.260438821344215,-0.133607452324775
0.839425,0.493411822465236,0.280883430394283,-0.336238444089199,-0.515615346981263
-0.808598,-0.358296574898601,-0.222194479273654,-0.171308061566907,-0.0886563118178349
0.176471,0.188641820085234,0.0980976273456,-0.115051923613771,-0.448492147385496
-0.718771,-0.287430858632656,-0.209292681670351,-0.289379399463345,-0.24788368434247
-0.383937,-0.214613765194745,-0.0328646125749598,-0.263787070314255,-0.39389200490111
-0.773573,-0.524638029511511,-0.226369628974112,-0.228783022772907,-0.267131749436156
0.000875461,0.0493424114565808,0.0417265919770408,-0.239523399615206,-0.465056105482304
-0.708573,-0.323944435462789,-0.204127382983717,-0.306669721082556,-0.197982302905968
0.566532,0.35289141982937,0.160963294656348,-0.384676224313134,-0.541938606046148
-0.720337,-0.507386898942604,-0.233652253113131,-0.34904483445886,-0.223811617201596
-0.295915,-0.230718350282422,-0.0239334328358703,-0.29722465648117,-0.416220342909438
-0.950653,-0.558732951136364,-0.226883446527546,-0.251293110128113,-0.244232884510409
-0.0117731,0.0232407894434893,0.0492563305178632,-0.27692087172299,-0.473695784177655
-0.723041,-0.279107767712725,-0.208969513369528,-0.30835582710141,-0.181280753469813
0.5388,0.321351594582603,0.16620352483043,-0.434526491297135,-0.506114046321999
-0.63329,-0.42483275186261,-0.230968476726662,-0.264977032100992,-0.191817623004858
-0.468228,-0.412925206903768,-0.0457744474328153,-0.386202825223389,-0.269874648681471
-0.759567,-0.636419763405165,-0.224407970154503,-0.263657149074761,-0.118168067002082
0.839084,0.497292966069726,0.258191451080377,-0.252918828296827,-0.49867435704372
-0.754252,-0.429653641010427,-0.230720144893291,-0.143513694484682,-0.0711032290076336
0.333808,0.199164123215392,0.084026689691021,-0.10532989950287,-0.46763097814018
-0.716426,-0.32673166466138,-0.216843890134618,-0.251037028900511,-0.278320099236641
-0.655213,-0.47198057387375,-0.0967977590337547,-0.480853274737401,-0.38766880777238
-0.773666,-0.574770098369675,-0.201290013077306,-0.423785588406748,-0.34723676092991
0.180134,0.273154543944687,0.141780862004482,-0.48738293109616,-0.613651722761971
-0.769429,-0.301380276472349,-0.198713719287494,-0.406965266543374,-0.366178023941707
-0.163633,0.0193776468052788,0.0383609033184998,-0.376031441979433,-0.599405703678001
-0.808827,-0.245042359691787,-0.224807844960717,-0.464052888504407,-0.453842885149202
-0.516739,-0.250408552747255,-0.0463790707200789,-0.468930775165244,-0.568491032269257
-0.840378,-0.480950431151378,-0.210490536913127,-0.437877416867129,-0.460019412213741
-0.313383,-0.0433884625497553,0.0123415453767567,-0.437034990755975,-0.578711559333796
-0.776537,-0.148782563900846,-0.180337683897847,-0.495810323573249,-0.38915647536433
0.163773,0.143501037774284,0.155367225981803,-0.435138696495821,-0.619586611380985
-0.798459,-0.346109902446473,-0.206507808901875,-0.333236350984134,-0.361548576335878
-0.19007,0.061898668832121,0.0488821262733533,-0.310404644065201,-0.565050679042332
-0.656785,-0.108780152910872,-0.157576217248237,-0.461558384869426,-0.462848617314365
-0.534999,-0.298890373950529,-0.0578915402066992,-0.494732124396668,-0.546870386016655
-0.840987,-0.477809465136647,-0.20830384340299,-0.440539144399116,-0.468980632026371
-0.349698,-0.0979116490175639,-0.00963720197007777,-0.445700005341089,-0.596278996703678
-0.718634,-0.128673005703085,-0.15738785842924,-0.520751937186896,-0.432587543546148
0.0382209,0.116941583493642,0.096960765837727,-0.590143496259155,-0.624741204371964
-0.747947,-0.337641879611873,-0.184545064894665,-0.466721069762253,-0.433239686502429
-0.657027,-0.502323338400057,-0.0970321935795969,-0.555493000415596,-0.482143804129077
-0.769422,-0.627315590581738,-0.197308957557162,-0.488781489577992,-0.392540841603053
0.246242,0.240027859055971,0.174334098144012,-0.646058531068998,-0.62142788185288
-0.640066,-0.162709289795997,-0.160692351504476,-0.46295981670203,-0.383280330360861
-0.46009,-0.389578544979974,-0.0789349718754671,-0.482093630163399,-0.492330886537127
-0.798859,-0.456759259352249,-0.183088254010568,-0.340296615751176,-0.404646758501041
-0.320365,-0.137820857787223,-0.0319234265329418,-0.382984890819727,-0.510642392088827
-0.577483,-0.0972653817010386,-0.117726562994383,-0.469469651611901,-0.380806811242193
0.15922,0.113666468637726,0.0926005915964682,-0.56801111324049,-0.590713302914643
-0.752248,-0.373824777569563,-0.175405712281635,-0.411232709856241,-0.386838951769604
-0.671741,-0.534939316959742,-0.0948797112612025,-0.567671332889401,-0.45043818667592
-0.809817,-0.668963291000157,-0.202927020146205,-0.492617925642357,-0.369709776891048
0.189458,0.173680379149676,0.16647308802326,-0.522853141850463,-0.592639921929216
-0.604708,-0.206676038301844,-0.149190343537213,-0.400264572903016,-0.380880787647467
-0.223504,-0.0659433030780665,0.0149941885363062,-0.367531397433845,-0.55193010444136
-0.59881,-0.0104438408742169,-0.124449016879559,-0.437317960121289,-0.511740916377516
-0.691422,-0.550051854549372,-0.0988231643753385,-0.632066098624004,-0.557844364677307
-0.809652,-0.673286719586552,-0.201927926246409,-0.609757355925937,-0.530652790770298
-0.5372,-0.349190786175783,-0.0535247433609825,-0.598056427535964,-0.604058956280361
-0.761823,-0.523301255356763,-0.180117822046128,-0.591165594765742,-0.469567648507981
-0.3432,-0.1861541656029,-0.0308412979902177,-0.43149673304512,-0.508129054476058
-0.596727,-0.0557491983153564,-0.108864698197031,-0.458910688700093,-0.330399954892436
0.285689,0.115146854828683,0.106678764600085,-0.119965351271802,-0.495731609299098
-0.755069,-0.296789377075036,-0.178054796855465,-0.276683353632594,-0.177667480503123
0.203896,0.191587904960587,0.147371520931354,-0.023328845507036,-0.445068926908397
-0.674515,-0.226148106953865,-0.154835400737597,-0.322195298329818,-0.233952237421929
-0.198428,-0.0108589624447815,0.00922033952525755,-0.118709731751631,-0.407487478400416
-0.537276,-0.0942372036609877,-0.0982202358210191,-0.369319323176529,-0.318967093424705
-0.00684801,0.0701935056260709,0.0691559549396097,-0.3868822017881,-0.514144641221374
-0.713663,-0.346422323172597,-0.177522849631904,-0.395706677595565,-0.371984318615545
-0.630566,-0.517894313314829,-0.0965391103401393,-0.575482999309929,-0.444138078678001
-0.809192,-0.680961943616372,-0.209640512980739,-0.474892600545434,-0.346044427914643
0.168349,0.148699806507592,0.154704807276218,-0.474355861062884,-0.553496748907009
-0.547082,-0.166420666608754,-0.130895091736756,-0.358294094884259,-0.336130869469119
-0.167676,-0.063226602638643,0.0205674213211779,-0.334725672293388,-0.468246350798057
-0.503014,0.00378971309595368,-0.0859395532557971,-0.394689353427035,-0.408620555170021
-0.492041,-0.316393149393633,-0.0825053698146817,-0.392973737449752,-0.462129515267176
-0.784493,-0.477626238740388,-0.190945210268086,-0.347760665567758,-0.382092628383067
-0.267657,-0.134856787391629,-0.0313512924770055,-0.481085868351079,-0.501371324774462
-0.42155,-0.0363442761525003,-0.0897950808563971,-0.535838792906422,-0.407279561415684
-0.326054,-0.333841237407823,-0.0778119825884524,-0.406363416480784,-0.420215993060375
-0.730106,-0.496701506136988,-0.189633050484246,-0.264100420337659,-0.276870552394171
-0.120924,-0.0894452107089547,-0.0371796301344839,-0.231011698771827,-0.375763308813324
-0.292136,-0.0547508371574773,-0.0992413984395576,-0.286068877592392,-0.230500150589868
0.297635,0.15433291295614,0.114935905872124,-0.3874356963395,-0.376105120402498
-0.448508,-0.303240482490974,-0.172963020979201,-0.240093245246902,-0.21138052463567
-0.634346,-0.539159798784017,-0.10408619444767,-0.323033916485076,-0.192350300485774
-0.645853,-0.649818915061289,-0.218274145693512,-0.335002636358109,-0.0949578435461486
0.606223,0.259813195506674,0.167222887600436,-0.213008211671528,-0.320825374913255
-0.393737,-0.187280043389344,-0.142597004964617,-0.0639593430269233,0.00366184923664123
0.270722,0.0212312147223181,0.0263096424069085,0.0801441673648944,-0.184200813497571
-0.19861,-0.0837974224809599,-0.109301056820255,-0.172692464925574,-0.068176024462179
0.0977219,0.0508811410580147,0.00891693603960203,0.079084407044304,-0.199113873004858
-0.279316,-0.0733561491568937,-0.102456753139046,-0.18456680168985,-0.155569363809854
-0.320683,-0.293299874198547,-0.0912954804873991,-0.224260533489626,-0.244265616759195
-0.632199,-0.484635133389415,-0.202185529842149,-0.184711681947908,-0.191693992886884
-0.181399,-0.0881417877274479,-0.0372838671092584,-0.157065246947341,-0.302089978660652
-0.377884,-0.0664961326366807,-0.0991928336444999,-0.256815012941545,-0.171901697467037
0.463213,0.133320698687435,0.056285014083633,-0.402729853447259,-0.382520005898681
-0.498458,-0.249845847770916,-0.174826382441817,-0.189901560785611,-0.150053668285913
-0.570932,-0.498122608206583,-0.102711875902502,-0.207944325875185,-0.157919664122137
-0.46667,-0.54187778317396,-0.213888782947946,-0.273107309446614,-0.100137309160305
0.566024,0.217525704287556,0.15396004629838,0.0818084062206934,-0.288255232824427
-0.442416,-0.153178491921052,-0.138036271908052,-0.313792659350938,0.0119352879944483
0.445496,0.146497321818785,0.120839246575344,0.170284190808446,-0.274079034351145
-0.466183,-0.251826574717177,-0.161912674583036,-0.252327824757579,-0.0845520117973629
-0.105156,-0.0422826055957406,0.000558367911203825,-0.0878718971227854,-0.262272968077724
-0.200237,0.0707895312308162,-0.0767534180737355,-0.284500604731156,-0.316648223802915
-0.482213,-0.531553516865654,-0.0990194700672531,-0.485169261745636,-0.357205786606523
-0.768434,-0.687012728403191,-0.216006532158018,-0.412535390032513,-0.319038507286606
-0.262586,-0.301381663344756,-0.0487822037557926,-0.459365463272586,-0.471173940666204
-0.695209,-0.492261315066221,-0.182299780384399,-0.405939202269628,-0.319717996183206
-0.1965,-0.176437138913419,-0.0217077711020853,-0.303226804897847,-0.408397276891048
-0.279136,-0.00570934381079518,-0.0603578502720798,-0.366919498003836,-0.321071864677307
0.175656,0.104181420811993,0.102505016534493,-0.443001484760466,-0.446611595766829
-0.648479,-0.339955764229232,-0.182060240023827,-0.284949883658204,-0.270313526613463
-0.612224,-0.504203330759501,-0.0846583745134508,-0.404233508960615,-0.310745695489244
-0.65016,-0.634675117605365,-0.22013112023927,-0.401343983320444,-0.231706031575295
0.234359,0.159861565356179,0.140899851353392,-0.313901052767709,-0.389653509368494
-0.43632,-0.133284160682848,-0.147693051550645,-0.148040108692489,-0.14996536259542
0.0963583,-0.0381810007161657,0.0150263953139868,-0.159036248172432,-0.273405422796669
-0.0847739,0.0520633906587535,-0.119954561478075,-0.244542834710445,-0.214692919326856
-0.258894,-0.286950222387406,-0.0903134865390017,-0.20194046782723,-0.218991043025677
-0.637688,-0.421625774990887,-0.193660723537123,-0.108965781875814,-0.141411042331714
-0.097436,-0.0767988915112877,-0.0169313209663446,-0.181196481532143,-0.281742850104094
-0.184857,0.0314833423933912,-0.0682154895065726,-0.312363298544911,-0.2183559111034
0.211143,0.132944368637807,0.0944558753107427,-0.354764766396653,-0.357248286224844
-0.579066,-0.304656003698116,-0.170402813600859,-0.275782442534375,-0.20355376370576
-0.429908,-0.293524723880254,-0.0772083301976646,-0.198214135348633,-0.298761111727967
-0.620377,-0.444053600267373,-0.199243643618336,-0.257067116444424,-0.231403925052047
-0.0211736,-0.0679762110176162,-0.0232239553686339,-0.239273259404798,-0.357664762664816
-0.328929,-0.0159157320760599,-0.0746363138487782,-0.316275722820422,-0.228120658570437
0.372837,0.171343069914507,0.0628938369087267,-0.367079164314755,-0.456426688063844
-0.648651,-0.343074649203842,-0.176571405278032,-0.232317385067168,-0.26916634351145
-0.684711,-0.51871567354969,-0.0904734652001799,-0.454878357995029,-0.340715326509369
-0.752229,-0.642960531259808,-0.211300146514014,-0.442892822633614,-0.304346287508675
0.148934,0.160535351569811,0.184838787060242,-0.436764028997405,-0.510411989937543
-0.568584,-0.0958121775041262,-0.110675883190154,-0.320930266816959,-0.288288563844552
-0.108589,-0.0438930583446172,0.0277544893078853,-0.302800972469576,-0.437480794240111
-0.399343,0.126192689460523,-0.0690040673561847,-0.385514455242487,-0.371444157633588
-0.558349,-0.471125949578069,-0.0933134227807986,-0.493727284615387,-0.353541692054129
-0.747231,-0.588187718699565,-0.212677897769694,-0.387649394577635,-0.270358458535739
0.169247,0.204320221391913,0.18009779421159,-0.340483368880994,-0.480280658743928
-0.528738,-0.113232381641666,-0.113649885910008,-0.282328323563929,-0.265337317661346
-0.0423923,-0.0383836283811203,0.0317760760490531,-0.299789281727515,-0.418310441360167
-0.390127,0.0668448211143745,-0.0746844967999628,-0.361763568300859,-0.35569312314365
-0.452109,-0.291141978159521,-0.0676112979900019,-0.351677517618797,-0.400659372831367
-0.765802,-0.438830945146382,-0.189170762781571,-0.306298238295891,-0.324785338931298
-0.296713,-0.120676518788746,-0.0211572423937522,-0.365701174749124,-0.431378083969466
-0.456719,0.0474209487453667,-0.088168677052511,-0.457270081076134,-0.332879956210965
0.0721926,0.0912960342105163,0.0884614823063487,-0.311834431361289,-0.466050835010409
-0.68421,-0.246997698302555,-0.165052451277143,-0.21897037433544,-0.270594925572519
-0.0878573,0.0155876967030916,0.0358006339878475,-0.224381286234616,-0.450815066620402
-0.426544,0.0873420065656316,-0.0758688810507212,-0.406915637968385,-0.378982335870923
-0.495105,-0.310734355161743,-0.0790594450146434,-0.379080985759504,-0.419916627099237
-0.717432,-0.404727337940914,-0.184525821911427,-0.336715979433426,-0.381384863601666
-0.294124,-0.111858229090573,-0.0157790195772638,-0.390652436378355,-0.49427980759889
-0.49949,0.067109267604422,-0.0544168738759117,-0.484164538897818,-0.397956248438584
0.00983492,0.0887590701502341,0.095021958268037,-0.528041983558339,-0.556823142435808
-0.737268,-0.27733209646815,-0.173802978547518,-0.414780483573345,-0.411387921408744
-0.679177,-0.503108660721858,-0.0895468068204902,-0.52036936074129,-0.471480949167245
-0.754735,-0.652228377210551,-0.216053806703132,-0.494138120376881,-0.408086937716863
0.0874793,0.178780161068477,0.172969708786957,-0.627812990518714,-0.591680174462179
-0.567723,-0.0202945109505707,-0.110410186016116,-0.497872010613206,-0.407615763976405
-0.454967,-0.374923543423879,-0.0743789110804371,-0.438684492901028,-0.479710768043026
-0.783171,-0.402680045945765,-0.187515708708856,-0.32268189523898,-0.381176329111728
-0.24427,-0.119025246144766,-0.0141707263355834,-0.385024768810538,-0.49254367019431
-0.483652,0.0545413378863584,-0.0619748569349178,-0.458989867460281,-0.370197588029146
0.0425812,0.0990957767421161,0.0980584273222006,-0.494979366841578,-0.525010777931992
-0.680555,-0.283954018348191,-0.165974069119649,-0.380964776650347,-0.361557691568355
-0.589476,-0.49751639903582,-0.0867968710220897,-0.513251351266222,-0.412413279840389
-0.781928,-0.653573654498548,-0.216482862079642,-0.420416967626066,-0.308546981089521
0.224198,0.210854963854032,0.180063675895409,-0.413473557975715,-0.524114239937543
-0.537164,-0.108243256771602,-0.114818015501515,-0.313024782411621,-0.303835834594032
-0.0739971,-0.00817944326416232,0.0366494382137988,-0.285884218879038,-0.479219128730049
-0.475048,0.0939987091745441,-0.0648481955720374,-0.367840083094522,-0.43091546963914
-0.592717,-0.521305115170036,-0.0939357612562302,-0.560426923205293,-0.478903531401804
-0.787747,-0.685045507498767,-0.216488768588799,-0.519689646896888,-0.446502209750173
-0.46172,-0.296392642414959,-0.0415130617756428,-0.520581400178232,-0.542286863809854
-0.741594,-0.482015686019788,-0.173578610427164,-0.508994004964927,-0.395988098924358
-0.26537,-0.156954500668408,-0.00890489470792394,-0.387846243332015,-0.44583428834143
-0.412892,0.0662368151501892,-0.0559164747059318,-0.434470093509494,-0.301217404927134
0.183946,0.126693595988312,0.10694312047775,-0.0879058119207704,-0.398795039555864
-0.701189,-0.253066970032418,-0.170510252714258,-0.186031986028632,-0.114656683483692
0.249289,0.204384703102841,0.148780452110412,-0.0479077599691411,-0.356519459056211
-0.485471,-0.13734665582866,-0.131698757198661,-0.270896580766417,-0.163946591950035
-0.104734,0.0245121928278531,0.0156576740722589,-0.0173909279358156,-0.303953397640527
-0.378122,0.0169390072819828,-0.0514798034728018,-0.265519540926655,-0.239389616932686
0.0926922,0.116419094512797,0.0857342616455076,-0.296265942494135,-0.432530578417765
-0.668794,-0.293519596305503,-0.171322055027457,-0.314725152832331,-0.295942571686329
-0.652103,-0.500939478090134,-0.0918208517147011,-0.460467103032681,-0.360235480569049
-0.735795,-0.64261338895171,-0.209983801725241,-0.435878266041663,-0.286701586398334
0.249148,0.215283002706718,0.177170335317617,-0.382288835855667,-0.48872460444136
-0.544748,-0.066299710784225,-0.105898589513432,-0.255559222058785,-0.238392782720333
0.0103474,-0.00711420077368373,0.033492920569454,-0.257596927544297,-0.39974155204719
-0.355673,0.0818714093217456,-0.0485046459238305,-0.343634364061965,-0.327906832755031
-0.431938,-0.267501293611896,-0.0779071989703854,-0.272475248210989,-0.365399023941707
-0.747845,-0.466313113381137,-0.186692608545096,-0.227413137969856,-0.285983439312977
-0.151663,-0.0886432753036054,-0.0201958135839924,-0.432396209983981,-0.432671913775156
-0.299334,0.036080182352709,-0.0661275614807304,-0.473370252950966,-0.350151081575295
-0.323239,-0.288334997298989,-0.0682489580502798,-0.308809628459098,-0.358719881505899
-0.627997,-0.418106833976353,-0.18850251177239,-0.221422449330914,-0.267633162907703
-0.0652571,-0.0493989719245687,-0.0275834763860241,-0.187598449001012,-0.385617005204719
-0.449618,0.0303868139382089,-0.060917303380323,-0.330711272377248,-0.225912823907009
0.288446,0.178389879183604,0.105437502530924,-0.385030448818504,-0.438714746530187
-0.682638,-0.244536507504348,-0.168776650931443,-0.231147476590207,-0.228402688376128
-0.621305,-0.472300652741164,-0.103656863420792,-0.277661082088571,-0.269755876648161
-0.480514,-0.562986042743087,-0.215310569787183,-0.35216216132468,-0.225385390284525
0.382727,0.199137156063012,0.177078085801653,-0.397369587665551,-0.389037904753643
-0.415123,-0.042823448881427,-0.101846937768418,-0.240832628513075,-0.166753517869535
-0.0721894,0.0176893767763992,0.0380480015263216,-0.102900342553321,-0.312313542505205
-0.471192,-0.0262010167396157,-0.0775259596551501,-0.331833728754189,-0.224866031748786
-0.0969337,0.0344229644420482,0.0292770434751198,-0.182262838355148,-0.353589775503123
-0.385149,0.0567714710461184,-0.0589881540321973,-0.450507226664036,-0.294705938757807
-0.436902,-0.239886744773537,-0.0756540584428087,-0.299304932207688,-0.339423516828591
-0.745524,-0.453318107159695,-0.193167349776164,-0.259501374726703,-0.242072779285219
-0.175676,-0.0461617431227846,-0.0118246634782105,-0.238422758166787,-0.332458561589174
-0.256889,0.0433879624903593,-0.0790078003543038,-0.301346325352777,-0.199867134177654
0.692145,0.202229477602447,0.083266768649593,-0.467460603364569,-0.448543577376822
-0.686051,-0.28199425309852,-0.166611008797212,-0.161738965706118,-0.155317757807079
-0.566366,-0.48618988151241,-0.102020203860209,-0.334861150692821,-0.269858400069396
-0.723723,-0.614857940505454,-0.216876435902105,-0.298152447845505,-0.184750238029146
0.263149,0.214738799403894,0.185086010598384,0.00148157292220447,-0.379795389312977
-0.492161,-0.0619741015980296,-0.10641006108135,-0.423641608315242,-0.132869852532963
0.299839,0.16375424502377,0.141408811396725,0.0234607842649837,-0.370714787647467
-0.52712,-0.14603365684985,-0.144453876162022,-0.34562936306874,-0.174841116585704
-0.05229,0.0190350999733867,0.0313300119287657,-0.114548113205833,-0.367147737682165
-0.337088,0.0872151353827326,-0.0849703297959496,-0.336621922159713,-0.361847476752255
-0.54907,-0.551028432912828,-0.105182283973652,-0.544199613481911,-0.41686872241499
-0.809692,-0.685472975923828,-0.217301565264322,-0.468479264985961,-0.377605781748786
-0.375592,-0.294875397590672,-0.0561643761911396,-0.437941456945832,-0.496541861554476
-0.713702,-0.488904357085653,-0.171959250998265,-0.442168031506446,-0.348542117973629
-0.088507,-0.13228405510266,-0.0157968613253089,-0.344573172283981,-0.459400094031922
-0.416077,0.0118686342580268,-0.0501223051759171,-0.357167676449012,-0.293866075294934
0.227458,0.170665322023174,0.101864312550616,-0.407617318122351,-0.456684469465649
-0.633455,-0.314222730725221,-0.171456865728014,-0.278852959030854,-0.262015645038168
-0.582119,-0.504786663824061,-0.0925984199768284,-0.41730214531339,-0.309953477793199
-0.711188,-0.663598043516816,-0.221950263323648,-0.35415217264403,-0.212595001734906
0.453036,0.230203944279319,0.186087480955263,-0.406848831573857,-0.46400793407356
-0.407309,-0.101736903803059,-0.110675603273528,-0.248273090912057,-0.226867130811936
-0.135817,0.00492953866937132,0.0400149171012469,-0.209601725128704,-0.366078657876475
-0.428566,0.0815286317476854,-0.0689373049774861,-0.284744472193583,-0.33383088778626
-0.508133,-0.287143374583426,-0.0801604893690577,-0.311062247760429,-0.372193193268563
-0.721434,-0.406373734905832,-0.182664798740086,-0.312695176558473,-0.318261713046496
-0.183859,-0.10134202847738,-0.0201115501257894,-0.379007452218178,-0.452976213046496
-0.430847,0.0806860275230551,-0.0498280836848279,-0.44827481695215,-0.34623857425399
0.0544234,0.111692734592267,0.105696356562515,-0.426579785986679,-0.489192113809854
-0.695654,-0.27861229541462,-0.165554120850415,-0.375173895892647,-0.318746243823734
-0.394293,-0.296062813022053,-0.0702031084277474,-0.336556952958341,-0.435969662907703
-0.711782,-0.439536523456706,-0.18663221155088,-0.349383000514609,-0.340235374566274
-0.216794,-0.129675388867063,-0.00501564158445706,-0.344063706540545,-0.450722208362248
-0.418876,-0.0126738106778328,-0.0870211541161081,-0.418733463354368,-0.34737735777238
0.0929043,0.0868759909723646,0.0877665585176761,-0.464464765896977,-0.503924423317141
-0.66698,-0.313871883825507,-0.164103295246158,-0.349281716006536,-0.344409490111034
-0.626293,-0.519647817915898,-0.0928586794748883,-0.476109276883283,-0.395237301006246
-0.748219,-0.667356214866013,-0.215574047158897,-0.42659430501053,-0.321181800659264
0.166317,0.162578036849866,0.179048525581823,-0.441317444315808,-0.518676303435115
-0.516884,-0.130767772386274,-0.123576300093623,-0.321792729496106,-0.304180175815406
-0.15302,-0.0524835041163452,0.0331531693939183,-0.303907038434955,-0.434067199861207
-0.415522,0.10568081217758,-0.0640803840216762,-0.384842350732127,-0.385821677758501
-0.623233,-0.460462202257172,-0.0781668461823405,-0.493428548277047,-0.364055223629424
-0.775396,-0.602296362666214,-0.208366494192574,-0.425626499275095,-0.285725959229702
0.244245,0.278144665831663,0.154643276408732,-0.356853851062683,-0.521806606696739
-0.598385,-0.178592624698251,-0.12866335450222,-0.327856684472594,-0.275807714607911
-0.0250633,0.0417593765378669,0.0512239819807747,-0.2742853639471,-0.464857441360167
-0.575565,-0.087216154345888,-0.109918982714967,-0.363915221414222,-0.345993091082581
-0.398789,-0.256177518057804,-0.0623820555164705,-0.377990663225349,-0.442171882893824
-0.774889,-0.483773864066716,-0.205726974670774,-0.312439021502307,-0.335598837925052
-0.274086,-0.0646095198307153,-0.0127479623284732,-0.326300041968738,-0.449579791637752
-0.548604,-0.0630691087022272,-0.0791568183230969,-0.432930860149072,-0.312957256176267
0.230487,0.188842765656745,0.130431206526218,-0.348348412474313,-0.51127473629424
-0.757208,-0.326137720894634,-0.179488886440221,-0.204638593310938,-0.261975865718251
-0.0998114,0.039983215430161,0.0292870796404432,-0.209763376307059,-0.475598905621096
-0.49619,0.00654201819984378,-0.0868396251862265,-0.399182696835566,-0.39526295610687
-0.50932,-0.319141252734869,-0.0822905032474274,-0.443016043936589,-0.451723005031228
-0.76471,-0.430783070877414,-0.183292793318516,-0.362282296546115,-0.401100086571825
-0.351541,-0.129367279802199,-0.0410068923763996,-0.416094051723225,-0.506058262838307
-0.494057,0.0195260084301213,-0.0634018922914416,-0.474117825238703,-0.407631148126301
0.0305665,0.100664339189304,0.0763766612384092,-0.56196819146883,-0.551356132199861
-0.664404,-0.271934299433761,-0.158461517747207,-0.408047121489143,-0.409598297883414
-0.713104,-0.514550895922861,-0.101945191990878,-0.496747748463427,-0.436053802741152
-0.740579,-0.65634176157329,-0.207283495215198,-0.483255689067102,-0.374983982824427
0.146022,0.192544466860407,0.150074530488261,-0.600744374834961,-0.553222007460097
-0.466688,0.00357263001119778,-0.0837026057814823,-0.453036550953165,-0.372081649826509
-0.458672,-0.384768886106439,-0.0906067256399522,-0.390481818327368,-0.413988853053435
-0.707722,-0.400130602779481,-0.163426794361672,-0.257444218259404,-0.335049535218598
-0.186165,-0.157461321031251,-0.0459090336388628,-0.363482987363914,-0.436208915857044
-0.378706,0.0558574477764847,-0.0210589686643252,-0.41479304780052,-0.33124345610687
0.0846827,0.0767382035425565,0.0646355740889244,-0.464415695047512,-0.479562455239417
-0.661275,-0.272791745195682,-0.143018980178962,-0.31818278274601,-0.32902519517696
-0.623009,-0.524306515196995,-0.11233276987017,-0.466428861218536,-0.370666036606523
-0.737269,-0.665969134873698,-0.209397104808723,-0.407936685738232,-0.28801884888966
0.20051,0.153355711910187,0.126930948367056,-0.432107165088794,-0.476438158743928
-0.381408,-0.0881508803924629,-0.0797957707050799,-0.279495490662574,-0.300639040700902
-0.152453,-0.078760188394716,-0.000857604891217646,-0.27150129821615,-0.411146146426093
-0.333978,0.13944163013258,-0.0169318420554434,-0.31382135842349,-0.424674485079806
-0.5983,-0.55743099102887,-0.107973195052763,-0.532100876477252,-0.434542562109646
-0.730592,-0.668251838474316,-0.209256148167632,-0.51328228383877,-0.433607125399028
-0.480524,-0.360034644082985,-0.0653223767934653,-0.552446883168226,-0.518069729701596
-0.689219,-0.449786102187465,-0.162228722513283,-0.512335728830162,-0.406130184247051
-0.390722,-0.225297808586181,-0.0510940560265278,-0.420477573668793,-0.412274663081194
-0.288155,0.118346305895928,-0.00047211854097457,-0.449309396051402,-0.341213386537127
0.0576816,0.0652367436101764,0.0675920173224135,-0.0440109180033877,-0.367022026370576
-0.631404,-0.229905306895545,-0.144378726068737,-0.186257971676373,-0.134343402973629
0.251927,0.130837104097535,0.106150399116694,-0.0964461821406525,-0.353132460426787
-0.475176,-0.117496013729598,-0.101052331494133,-0.237884028512486,-0.165084392175572
-0.2138,-0.0553733623306063,-0.0127523511106026,-0.0471040568961245,-0.264924486380985
-0.198573,0.0820529205423286,-5.02740267976929e-05,-0.280710115302247,-0.276801368476752
0.00441823,-0.00281311689962222,0.027943910802202,-0.349617308414633,-0.39220715388619
-0.618263,-0.263208866743541,-0.142069842478221,-0.315746129845178,-0.303147122397641
-0.596528,-0.52847786543388,-0.10872090217622,-0.495687004741171,-0.374010808553088
-0.756652,-0.64447778398041,-0.210928093981582,-0.412715577707574,-0.302831909004164
0.0421267,0.106001460093681,0.100167185797618,-0.433072343124683,-0.461297608587786
-0.337503,0.0145157544570083,-0.06310612619506,-0.29798805124067,-0.328806359774462
-0.215555,-0.0844539535748963,-0.0162751657783497,-0.338387804604021,-0.375016764226232
-0.234103,0.22912697582944,0.00195929749636313,-0.348786081608679,-0.407167490111034
-0.550786,-0.335188309038534,-0.0942044756029149,-0.381435624521147,-0.391574163948647
-0.734016,-0.400086364586116,-0.173561313313002,-0.350283035102468,-0.370829647571131
-0.337638,-0.170320578043108,-0.0466735087399667,-0.537199231366031,-0.472063840041638
-0.261794,0.154860386804892,-0.0160872933233356,-0.579521627150966,-0.47246044111728
-0.498456,-0.38600418790619,-0.0811204007665188,-0.45443999621576,-0.433576050138793
-0.719258,-0.411265810880969,-0.172814371274531,-0.375437036995149,-0.380975235773768
-0.340762,-0.164895952040703,-0.0559682725420293,-0.374752564729776,-0.446326240978487
-0.341904,0.134093911893058,-0.00128349082751269,-0.450129700290906,-0.382047385322693
0.0212927,0.0327309656648914,0.053264289425352,-0.508684519877312,-0.482518014573213
-0.610898,-0.245887894478495,-0.139667970883087,-0.360333453034496,-0.358274961658571
-0.613801,-0.52700545044672,-0.106577346438758,-0.479587112394654,-0.38638428018737
-0.739438,-0.651777928678776,-0.208722076772903,-0.421778654003099,-0.295157221894518
0.125791,0.124535669305261,0.120126308724407,-0.41087700365825,-0.44562587352533
-0.462134,-0.0661889483201438,-0.0712497715617109,-0.279559408243266,-0.239444737092297
-0.104891,-0.0911013638436576,0.000251875644863783,-0.14314985047494,-0.326441377862595
-0.31388,0.032195724654801,-0.0680841779709382,-0.209117011358988,-0.253512747050659
-0.102564,-0.0488651352077877,-0.00936823294332158,-0.194620813194084,-0.319305222761971
-0.210628,0.172882848006692,-0.0247867168784065,-0.322513369959483,-0.322142337335184
-0.466476,-0.290827072175919,-0.0878238530180033,-0.353662355519012,-0.338231058986815
-0.684203,-0.393524021457385,-0.17692412367939,-0.309355475744491,-0.319862907702984
-0.371791,-0.13956574460701,-0.0445857711982057,-0.329263005185624,-0.402486410478834
-0.334904,0.144848075893709,-0.0230359822132447,-0.43816718378341,-0.367577347744622
0.0763138,0.0557701020626542,0.0512232441698826,-0.516518985236139,-0.487806512838307
-0.621756,-0.225979595654912,-0.150741082177131,-0.366610651459044,-0.347638639486468
-0.649879,-0.519326133889543,-0.102002344556909,-0.489937800888151,-0.37731689555864
-0.77065,-0.650045411496997,-0.206924469144383,-0.427477958330521,-0.283197666204025
0.0865438,0.154837809514407,0.121382046547486,-0.121078615589924,-0.411688066273421
-0.35958,0.0285040120431746,-0.0710391687107374,-0.375067485604783,-0.223171621512838
0.173362,0.101904025105453,0.0911813911966913,-0.110317052238382,-0.365860038861901
-0.491085,-0.0964540483946374,-0.112291427606546,-0.206035690620639,-0.209632900416378
-0.131403,-0.0366401440697597,-0.000535170392580456,-0.160989533912448,-0.353809769951423
-0.203011,0.228838433639248,-0.0049278126708796,-0.369901707028063,-0.399939730811936
-0.636056,-0.55498240884217,-0.107400466788328,-0.532766704032757,-0.387959681124219
-0.776341,-0.692749693593203,-0.217023593800321,-0.492502736737792,-0.385114933032616
-0.42334,-0.337742798149413,-0.061469474651974,-0.492947993486826,-0.469162214781402
-0.603545,-0.45897153475586,-0.158475718378616,-0.464366760596793,-0.357366795628036
-0.227442,-0.196086992538107,-0.047666004009041,-0.36104058669481,-0.389096031228314
-0.188366,0.0814769763688533,-0.0198721899969447,-0.345886364113776,-0.320146548230396
0.161771,0.098738488365534,0.0450622818398002,-0.412639694124618,-0.400154282789729
-0.520333,-0.274365837384836,-0.161280530528512,-0.263603235365561,-0.265237451075642
-0.573062,-0.513806470832728,-0.0940102457360288,-0.408807928603298,-0.295988810201249
-0.702661,-0.640162034139636,-0.215384030641985,-0.345865143169267,-0.222617974670368
0.187809,0.150206229876967,0.120512907669398,-0.377520476117501,-0.3996980111034
-0.265952,-0.0395900649256355,-0.080535592677751,-0.236317859854299,-0.250302047536433
-0.155954,-0.0711945394060371,-0.00341451604754458,-0.248655523332972,-0.303733685981957
-0.208566,0.148427370975739,-0.0419872513878266,-0.266345141970568,-0.315142721374046
-0.435126,-0.33466404773537,-0.0878321543135432,-0.318039083886842,-0.310584322692575
-0.703737,-0.436523691292884,-0.17732278168227,-0.269483518225125,-0.254777753643303
-0.254092,-0.157967654524793,-0.0382232719515257,-0.311071937263941,-0.357760307078418
-0.194945,0.0907338838287438,-0.0120059327910568,-0.406213602447869,-0.327153054129077
0.090439,0.0708161267744912,0.0352936404028838,-0.432684972974225,-0.417808842817488
-0.593747,-0.296684463930828,-0.147148073945801,-0.332194195968698,-0.291697138542679
-0.4519,-0.342335597184722,-0.0852356315426525,-0.309979931432064,-0.384490802845247
-0.691463,-0.466580432072393,-0.174295287906126,-0.310514035732214,-0.318839588827203
-0.250598,-0.168192518517376,-0.0355228977603671,-0.377903261887733,-0.411426091256072
-0.284679,0.071420138669499,-0.0481851401711374,-0.414743722697736,-0.358164563358779
-0.00146188,0.0484709650879047,0.0449812954928801,-0.448281046587532,-0.451585756766135
-0.560108,-0.254222011060413,-0.141880157553541,-0.339003804700906,-0.342746364503817
-0.59174,-0.526699419771692,-0.0996911182266608,-0.491188856117016,-0.365904694482998
-0.772185,-0.652641094960152,-0.213866327512181,-0.401492520525111,-0.271511539035392
0.0807474,0.142758175363519,0.112350097865227,-0.350182980240157,-0.42886924056211
-0.371378,-0.0163858941907397,-0.0564421065288868,-0.225242317694389,-0.171486212623178
-0.0298275,-0.0762014888595142,-0.0105641780051762,-0.247991039015028,-0.204566723455933
-0.124784,0.231225398823477,0.00102894933530665,-0.284675510085846,-0.0677786545801526
-0.385217,-0.313270106608847,0.0523249323321861,-0.0888258886650024,0.101930126821652
-0.726236,-0.702232936354216,-0.212613844830628,-0.02128559014442,0.445346972206801
2.51735,1.71910763873555,0.779820189786299,0.322367505150438,-0.223109424184594
-0.527504,-0.114990855057468,-0.0536211796827684,0.225550191604522,0.639462304129077
1.41342,1.00271830512682,0.496019485670324,0.506637827094612,-0.0178189784871617
-0.544296,0.0392597894303944,-0.0755120313229573,0.287796745471876,0.384914690492713
0.015827,0.183513890487772,0.11712072219069,0.221711570449014,0.0888214621790423
-0.7713,-0.448708834552128,-0.199448979133158,0.200712883242758,0.349248912213741
0.853688,0.611356921615172,0.313163759969879,0.176636382709368,-0.0446707709923665
-0.587792,-0.0277541415333589,-0.0759069609163524,0.0910794080257754,0.499481194795281
1.89147,1.28285697074836,0.638957731029172,0.580493391384733,-0.128922147814018
-0.70813,-0.390388177183399,-0.168521594175806,0.403733512122846,0.588835347675225
1.32008,0.939185213201387,0.45386588634104,0.623350919263775,-0.0521650145732131
-0.482023,0.0767304768191499,-0.0717339542863042,0.314853509277342,0.376147960791117
0.0253614,0.214928590929558,0.134462747805965,0.230719414437095,0.118799143997224
-0.694323,-0.451510095496294,-0.189204970372632,0.277181259946898,0.362061448646773
1.10835,0.726653717390536,0.338257554130979,0.273680997613535,-0.0699362362942401
-0.484317,-0.0199878328648707,-0.0681640145212334,0.204136879406455,0.530629746703678
2.09511,1.47533520404083,0.615942506089865,0.0259021638590594,-0.19292785426787
-0.68324,-0.360407016728217,-0.147942059058334,0.105933397530957,0.419933892574601
-0.4509,-0.337608235132826,0.0501021178922814,-0.0237766527833355,0.219301748438584
-0.714563,-0.751456993405642,-0.210334428015364,0.0222803452283834,0.439418447258848
2.39577,1.59817445935889,0.686792454047196,-0.430023590766507,-0.304840002428869
-0.538867,0.0121818933833691,-0.0666139915319624,0.0123732698992646,0.469490543025677
0.101205,0.164787481698497,0.0950055617161871,0.225619702246876,0.127885448993754
-0.682208,-0.466562955034879,-0.164388234396883,0.288929633540098,0.37506125260236
1.02079,0.703031090201179,0.319186298720126,0.256819106320971,-0.0048141408743928
-0.471735,0.0621456877249935,-0.0354800949438771,0.267860339335932,0.553085648854962
2.15116,1.40761320241871,0.589083276049357,-0.018908362910543,-0.209168556904927
-0.700591,-0.31138067606929,-0.144209518658874,0.112279738666716,0.456806448646773
-0.454755,-0.300580684318763,0.0610022250098162,-0.0217418392710083,0.274476021165857
-0.772546,-0.772168134171377,-0.215334594355429,0.0130403313631625,0.508633815058987
2.37785,1.62801877083253,0.772423261061241,0.224312153301504,-0.202816641221374
-0.568984,-0.0907179704769786,-0.0883373698702788,0.244023576308034,0.603737984038862
1.46775,1.02638907071468,0.44928033057596,0.410480319438912,-0.140021338306731
-0.409389,0.179056932938258,-0.0438260953572767,0.268581564062074,0.180341768910479
-0.468495,-0.233917845207516,0.0629120381175405,-0.141444448027393,-0.0305141818181819
-0.804175,-0.696316729011552,-0.216536257441177,-0.273076776910843,0.0542052879944483
0.201595,0.263869676040946,0.180070234893628,-0.103883239691613,-0.216264478140181
-0.770121,-0.463389411867555,-0.175857645572358,-0.266253604506808,0.268499021512838
0.924263,0.716761887319438,0.344767822752356,0.288164473572207,-0.0149456800832756
-0.461471,0.0389561366355223,-0.0466902147469452,0.21965119756676,0.639541889312977
2.14384,1.51486253264973,0.653378600984735,1.1297272543171,0.118983970853574
-0.688712,-0.36593019851111,-0.154237097755618,0.260338644645734,1.03352938757807
2.43424,1.76527740408454,0.694441465349773,1.14020893754451,0.193895906315059
-0.607186,-0.182733801237447,-0.115994397283318,0.32158776012497,0.947973848716169
1.33428,1.02389329355503,0.388913390518575,1.09932875726018,0.277387855655794
-0.370041,0.186310301932475,-0.0608539069903592,0.540234046429011,0.733685038167939
1.82097,1.2856209092612,0.580388861651619,0.43517566167304,-0.0241454975711312
-0.699842,-0.312709900082378,-0.153853359123616,0.103777117297874,0.50978947258848
-0.449411,-0.289016568087619,0.0765927441082504,-0.00896677294908499,0.283018721027064
-0.795669,-0.80408128599545,-0.217739845549096,0.00782993574491128,0.564826027203331
2.6264,1.86351979340625,0.78003853885427,0.226075789996695,-0.196506443095073
-0.549317,-0.183409537760452,-0.0993599017258738,0.254979176490348,0.694199807078418
1.4436,1.10449948831953,0.436790605342085,0.512867565289387,-0.00674591290770304
-0.449205,0.089393117615606,-0.0520401879997936,0.349374896202619,0.350531563428175
0.0449184,0.237280765408921,0.136479875843742,0.226995941470279,0.0331380166551005
-0.764472,-0.464778726599796,-0.191916108431331,0.243644698803514,0.221068995142262
0.801929,0.616859279731891,0.329979881391213,-0.172392317814168,-0.265002344205413
-0.456554,0.0264868959385697,-0.0724428234134988,-0.10446634075194,0.118070433726579
0.0821878,0.227602117194486,0.126197879918365,0.153481276126241,-0.0789223015267176
-0.776675,-0.408774058611371,-0.185724499387488,0.158859785802683,0.2298256888966
0.869989,0.740104021369299,0.330001747768224,0.259022655754119,-0.106671367800139
-0.497249,0.0270734071035327,-0.0593665424769588,0.190706369544329,0.460027086745316
2.10644,1.47531195631125,0.647600475210226,-0.072337301913339,-0.234524326162387
-0.664392,-0.33317182173043,-0.15770327714871,0.0250790716499631,0.421989627619709
-0.496315,-0.30037344755725,0.061672633214263,-0.0075939672191789,0.269744739417071
-0.729415,-0.781522063979113,-0.216586579174747,-0.0124654054622287,0.544711385843165
2.39825,1.77978976000342,0.77592808962537,0.210161373510311,-0.114749037473976
-0.605052,-0.18033793707329,-0.1059226071869,0.1845741326573,0.760076594795281
1.41194,1.10832505617122,0.432773425269593,1.38704273716482,0.124877361554476
-0.467371,-0.0394552133511541,-0.0804743720559893,-0.17657873427632,0.630285834142956
1.54703,1.10608193072525,0.466594437324046,1.13106091675655,-0.0069817172102707
-0.473072,0.0196409760612253,-0.0583229996032274,-0.253913569575131,0.430912425399029
0.0554552,0.249681937322902,0.131243936455636,0.3011534355124,0.0834332120055516
-0.807749,-0.453892803968542,-0.189206746896944,0.242659476046384,0.322338777238029
0.827889,0.719562505841986,0.338174945787355,0.247321536248775,-0.078041286259542
-0.508439,0.028448599720314,-0.0739089689979624,0.137542752353443,0.461762602359473
2.10627,1.44450265811111,0.651685287165069,-0.0931980583844816,-0.251380326162387
-0.691591,-0.346143749528173,-0.164108350977822,0.00124592163818185,0.444918576058293
-0.431394,-0.270617810940685,0.0872004845199214,-0.0311583163456037,0.281312675572519
-0.785791,-0.800341105189639,-0.222108474627267,0.00716644861267371,0.608435412560722
2.32625,1.81268893376171,0.780723724010088,1.58400532241865,-0.00306250312283135
-0.590245,-0.105662517865408,-0.105458706750176,-0.391269787644332,0.916638037126995
2.41173,1.73435490599447,0.653980296832291,1.59968083547908,0.0488098174878557
-0.651915,-0.187611280096494,-0.12940079360545,-0.219093498221791,0.778381832061069
1.51794,1.12636849961733,0.414832460460704,0.365125200269463,-0.0225740430256766
-0.459575,0.116379622541587,-0.0659053655153974,0.280983444772207,0.270290908049965
-0.494077,-0.233210152802342,0.0723761425580237,-0.140345615573758,-0.0237254392782791
-0.78255,-0.709410097005093,-0.219752416661346,-0.251242907845602,0.0572126023594726
0.189694,0.275881625032243,0.17076183918502,-0.0860523721371824,-0.191492586051353
-0.699031,-0.44923279634273,-0.178469666958372,-0.258754689473399,0.202767625260236
0.954247,0.769926564969933,0.323051846640263,0.316464690831955,-0.120531289035392
-0.432661,0.0374023404826132,-0.0411512735297584,0.259904818503002,0.487049548230396
2.2769,1.55008077223465,0.635054455105418,-0.0424864459286005,-0.198423773768217
-0.706203,-0.335766794984978,-0.157499003832198,0.0764529187350849,0.51273742852186
-0.513469,-0.309898850788248,0.0708824850755156,0.0544260822703341,0.353696655100624
-0.701515,-0.810599820426602,-0.220797132593256,0.031019833031436,0.604858913948647
2.77026,1.89313594140447,0.793090700161788,0.222206260158305,-0.163311257807078
-0.573376,-0.141700372240025,-0.0905051585733329,0.25485352041733,0.764021648160999
1.47255,1.19588187011048,0.454549508410364,0.554267394033129,0.031537821998612
-0.470929,0.0929398374500184,-0.0541046471180703,0.365338154524785,0.463102731089521
0.168093,0.280450340845958,0.135352716137314,0.280517465432832,0.15746766204025
-0.786239,-0.458174337836608,-0.187189367631199,0.329146142276825,0.432350969500347
1.04421,0.735263842680039,0.322663727556046,0.265477718773789,-0.046391197258848
-0.469169,0.120553866715036,-0.0477113544992479,0.237086594435757,0.493338256245663
1.9814,1.37424048963752,0.596879771183315,0.067313144620428,-0.200019188584316
-0.670518,-0.266682585669862,-0.147345402076058,0.0191443788163389,0.444785954371964
0.0898611,0.235790312108004,0.116291828746452,0.145646534529084,0.0949823278972935
-0.775133,-0.470341235929473,-0.182824650794923,0.00774128927436038,0.348290097675226
0.839267,0.747103712478908,0.32137149459207,0.237831563238377,-0.0309814658223456
-0.44404,0.129129740660273,-0.0407663133857472,0.18571734301389,0.516534619188064
2.25479,1.4867595252167,0.629881853598458,-0.0846490922048166,-0.219069771165857
-0.699837,-0.262900834601253,-0.145471354263036,0.059492943310752,0.493257789417071
-0.480021,-0.32900184944875,0.0511741963762998,0.0298738217738345,0.339004365718251
-0.776583,-0.815331815820769,-0.218884187088798,0.0634117903690218,0.607074483344899
2.84731,1.87993466907206,0.812403778242502,0.17482506650719,-0.20284659333796
-0.545966,-0.0245535419846157,-0.0838652849046189,0.319541219115342,0.76246187369882
1.37854,1.13133646952384,0.461363008139252,0.513680234099525,0.0564444018043025
-0.33804,0.282093723074715,-0.0322304445439257,0.36416637483253,0.408719781054823
-0.527036,-0.318215225933675,0.0380050988617306,0.063762559688458,0.36637689278279
-0.724847,-0.736751970239098,-0.221505491140147,0.0972293995860379,0.588279269604442
2.59907,1.893072634722,0.765734719709775,0.247763702160523,-0.190377622137405
-0.573942,-0.0897005346061421,-0.0800637945476439,0.263126984070613,0.701269722761971
1.45756,1.10490694363357,0.41341398709382,0.490914564635985,-0.000124760929909762
-0.465137,0.180508857681695,-0.0507992601969178,0.349473412231881,0.420609314365024
0.12515,0.246726641550505,0.132617291562107,0.205268432301714,0.123059264746704
-0.789281,-0.424442857129654,-0.181333427402032,0.267302768076047,0.414816583969466
0.776056,0.716848909169668,0.313112007657954,0.293657371952112,0.0505407487855655
-0.470066,0.132079449711967,-0.0434812387326139,0.2054838025398,0.583222979666898
2.20754,1.43321542007293,0.625540797066422,0.624667993990221,-0.0722178053435115
-0.669332,-0.272545858660973,-0.139016966601588,0.520808302122127,0.709533219986121
1.42739,1.12010837709509,0.441800199468736,0.787813103124462,0.0366356668979875
-0.36706,0.221186274689043,-0.0422346514527331,0.453054177396537,0.449040680430257
0.0993054,0.25550796086353,0.117074867846065,0.231986320849231,0.180372603400416
-0.675912,-0.432566524689631,-0.178017464921072,0.337848191073309,0.407572159958362
0.95893,0.750919433859361,0.29545721253082,0.320986985005505,0.00315775815405972
-0.298572,0.139937775117524,-0.0184898847976625,0.252184338230673,0.523554519430951
2.13416,1.56388436609897,0.625604436033582,0.00328833546849255,-0.163491599583623
-0.659931,-0.300025000553271,-0.146731209841297,0.107530356825222,0.435066001908397
-0.467545,-0.323533177591589,0.0488659685011154,0.00807127892354753,0.2272559259195
-0.786254,-0.793009447915734,-0.218662260140462,0.0298174356779903,0.454953932165163
2.46391,1.80862242471338,0.775524582625482,-0.445866607095689,-0.323731851318529
-0.539539,0.0550198906974651,-0.0840902333129832,-0.0510937085701834,0.460183557425399
0.0609721,0.213409507491607,0.106561858755582,0.19190250959302,0.119525352185982
-0.738543,-0.469820141666166,-0.179901311712618,0.244266106769518,0.367231995662734
1.00843,0.73105426724837,0.285588867260162,0.221367433054743,-0.0170028603400416
-0.460721,0.159400288958096,-0.0263056233062439,0.235491617209328,0.546777218077724
2.18171,1.53251296758923,0.63442598738367,-0.0340980989426243,-0.216571680603747
-0.694354,-0.25934692954285,-0.148762369787323,0.0749492540218483,0.460938494136017
-0.523796,-0.291422079011305,0.0541942429889785,0.0076016022593583,0.305439849410132
-0.753962,-0.791628135853772,-0.218768125354873,0.0107409950815176,0.535659642609299
2.45052,1.81457844780202,0.791844863553515,0.293263149155967,-0.166438329979181
-0.537168,-0.00919855195181963,-0.0838094597271233,0.296756111176143,0.66828268667592
1.68831,1.08919135830083,0.423226288231377,0.393026343487716,-0.120694296321999
-0.386716,0.280080000567789,-0.0336193820009962,0.350691374093954,0.2164610046412
-0.452395,-0.228716580816259,0.0582595311833338,-0.108337773625174,-0.0298031496624156
-0.769261,-0.681094847313514,-0.221636075624075,0.0474669662072544,-0.0629011409258501
0.092453,0.245529777682919,0.164394008203734,-0.532315566738251,-0.501149798160697
-0.771743,-0.408024259315196,-0.170753345383771,-0.440651302125453,-0.172055638445524
