1000
1.09911,0.803774869445254,0.0825083856013448,0.817519506119909,0.497626300485774
1.10312,0.67242037938096,-0.0146827534073494,0.662728766582407,0.383384889157793
-0.281341,-0.206313729738164,-0.0530186903178919,0.535053396881405,0.674059802130274
0.391205,0.225645111813403,-0.0628864903619446,0.580677485531567,0.381045385596399
0.204171,0.116490360233891,0.0203384926368918,0.335392940740119,0.422855041770796
0.216644,0.0710439021851785,-0.0267379290370427,0.488528893454076,0.444113849757113
0.729386,0.445743146955193,0.0898675551336554,0.431372276881539,0.343044339694657
0.931907,0.434212352484648,0.0299111576910022,0.306202962877013,0.241558910131853
0.394663,0.248196219246219,0.0796681884955693,0.284277179860286,0.206370846634282
-0.284518,-0.257974262099322,-0.0758638565240611,0.328335452057098,0.185066013185288
-0.30544,-0.167951731578853,-0.0645992041630119,0.0996541866422341,0.0722405815405968
0.149442,-0.0224026463114875,0.0230974161619962,-0.2290281847199,-0.106154602359473
-0.102695,-0.0176596029179224,-0.0732136748952239,-0.162912029740397,-0.130707741498959
-1.19251,-0.603210498893098,0.0858091952710508,0.160002965933807,0.14718136814712
0.571464,0.279955593901107,-0.0204300496764109,0.165313680896542,-0.192816979875087
0.600057,0.215077349033562,0.0131646288537677,0.0449142268686539,-0.0811430371269951
0.24393,0.140612128942211,0.00805571487936483,0.0353403534058326,-0.0168250260235947
-0.706568,-0.360368777289863,0.185657148351024,0.189659699756259,0.137619232130465
-0.42219,-0.224580904515448,-0.151750539783218,0.241260732350618,0.0982875232477446
0.101862,0.0293299041921222,0.0568635196887729,0.246783714978139,0.158782143650243
0.957932,0.466265430643155,0.0685533469176407,0.378372536844984,0.0755336599583623
0.986863,0.449597712355895,0.0102861017050661,0.396682111349249,0.0383723119361555
-0.780518,-0.341683218160758,-0.160207047108746,0.42202311419429,0.366953728313671
-0.268318,-0.143385349373469,0.107686086701971,0.475748787167074,0.213168858431645
0.584194,0.292499806037615,0.0246790476670731,0.338771791227665,0.0697658188757807
0.582696,0.234473780764255,0.00604768900276651,0.0454418149872767,0.0951523115891742
0.279503,0.168285445809986,0.0592034052020439,0.110739749335695,0.0843730326162387
-0.584667,-0.240697716395658,0.173988823652133,0.232480800866278,0.193861525329632
-0.377485,-0.135066329425779,-0.0819589836781635,0.279374349489807,0.178708893476752
0.189558,0.0526987340893074,0.0716475598135534,0.277440973516177,0.178260187265788
0.96826,0.483455119728791,0.0544091202561903,0.39881357709553,0.0494296240458016
0.979247,0.423306372438956,-0.00416905208290989,0.41694791379573,-0.0174804925399028
-0.638311,-0.272472392975433,-0.0470351041463832,0.225361540568559,0.241060905794587
-0.349711,-0.213642671044167,0.0295924538161225,-0.0621593560970425,0.0772284443095073
-0.0184803,0.00426937719932402,-0.0428631595325045,-0.0666504613906342,0.0165613896599583
-0.979319,-0.45612939831465,0.246323063486848,0.0332721060393669,0.416597881158917
1.00063,0.541626525583375,0.0594965617632474,0.569659857308542,0.11468632147814
1.06222,0.570264508232673,0.0144231474678003,0.640247928961515,0.259142408223456
0.638024,0.397827852137592,0.039595972902209,0.601312365201357,0.390154548750867
0.629277,0.35094322838585,0.0443832174802842,0.68844990790391,0.255718469361555
0.297351,0.190770529257987,0.0177445803727302,0.321889963968603,0.117367897293546
-0.614911,-0.295100364968335,0.154780362509687,0.262654240718876,0.150920238376128
-0.331646,-0.13813147286325,-0.0856966660679508,-0.127573599640845,-0.100875069396253
0.182621,0.0418777361909546,0.115116075480407,-0.30375994665361,-0.352426144691187
-0.701727,-0.324835882249524,-0.196570191463963,-0.258179229443114,-0.215205492019431
-0.330031,-0.113663571134239,0.149795343884815,-0.328661357983018,-0.353986260582929
-0.168378,-0.0795382631232772,-0.119490508802499,-0.47331023145794,-0.391767061762665
-1.05768,-0.352393790228811,0.208647887550345,-0.298753306397056,-0.124331451769605
-0.473398,-0.161333571613814,-0.142087681707139,-0.107004901426076,-0.125555884108258
0.105505,-0.0308115004796464,0.0382840531445239,0.140283861539914,-0.0304822584316447
0.957946,0.414151950289633,0.0365237220388853,0.35550945301006,-0.0852531346287301
0.979599,0.386674389695828,-0.0131169403108052,0.385912113462088,-0.120134048230396
-0.749403,-0.318207498931496,-0.0729642918365534,0.178798570625413,0.161802367800139
-0.344114,-0.165565526704587,0.0805830712966818,-0.0541317445498851,-0.055847839000694
-0.0871828,-0.0597817892671166,-0.126999855292452,-0.136501885057767,-0.185336059680777
-1.09509,-0.430245095965027,0.220233542592147,-0.0877001268447912,0.132420647814018
0.534641,0.224579181537473,-0.0018952480252732,0.0918298952220717,-0.158750310201249
0.526679,0.0802289163810765,-0.0184167849976754,-0.0118529642453304,-0.0480127317834837
0.276421,0.179789975821734,0.0124595462379008,0.304228543424638,-0.00300808362248434
-0.841954,-0.373240451069973,-0.0457398469561626,0.48021870205681,0.260225660721721
0.540226,0.218173977265699,0.0146338431215503,0.27248557330937,-0.0686961267869535
0.525072,0.0833409265990856,-0.00102549341157596,0.0626922181065179,-0.0259016165857044
0.19065,0.0560218639601747,-0.0904589782427802,-0.0367214195548821,-0.0530589760582929
-0.895535,-0.270948855926251,0.074285014244861,0.101961265481615,0.0925552772380291
-0.521419,-0.140467535862507,-0.176887939285412,0.140098957052109,0.00279826231783481
-0.0638604,-0.0649536434792885,-0.00713224939012824,0.136561772590947,0.0617382761276891
0.857414,0.314968587098071,0.0232204764856065,0.320317467631837,-0.0802419066620402
0.983337,0.280447056075621,-0.00989344114693744,0.285926058312872,-0.178677420194309
-0.684262,-0.259445531083495,-0.144567078326308,0.127598342878023,0.0172025225537822
-0.457854,-0.158619412681604,0.147270323327194,-0.0958008226855784,-0.211090721721027
-0.0834932,-0.045622594877335,-0.116516795800495,-0.197965230009395,-0.426255253088133
-1.31215,-0.516781189983931,0.0625644116652437,-0.835140502950282,-0.1659068296322
-0.108955,0.0584857842877691,-0.0813580624838254,-0.149656792573674,-0.493234266828591
-1.25714,-0.530510124086804,0.0963118271111315,-0.65661651481934,-0.0579748223455933
0.579693,0.222060274834805,0.0773516137542408,0.0810413976009823,-0.305644651977793
0.592718,0.12302735440413,0.0483733691108641,0.0229346495422786,-0.128386439694656
0.328018,0.193051131674672,0.0512395790022794,0.0901843412388295,-0.0551425850104094
-0.786069,-0.256128156437948,0.196385279941639,0.251467344248986,0.201239860166551
-0.286061,-0.0408945281884966,-0.0318655779354963,0.284379068664814,0.121241838306731
0.139784,0.0294354248408235,0.06583722222075,0.28944794990395,0.18842782685635
1.02204,0.506721631541078,0.0764774821987301,0.404484225024544,0.0575449653018737
1.06462,0.526004812441113,0.0487756670632817,0.429902631072628,-0.0387987417869534
-0.574228,-0.273560894010113,-0.0692621216782844,-0.403847387223617,0.135121118303262
-0.305372,-0.129153648859447,0.226336173314373,-0.208134308309326,-0.109352169587092
-0.638816,-0.266069027409155,-0.156547432338722,-0.393007061604158,-0.081611499739764
-0.305898,-0.128306819442007,0.203409213328102,-0.377228183001992,-0.141467433292852
-0.00816743,0.0705035854532625,0.0242415992995598,-0.277415014642547,-0.145323247050659
-1.08706,-0.510238766994891,0.306863769826282,0.05305711910646,0.321530888011797
1.00507,0.569031349919706,0.069430750966615,0.558733617274115,0.058668475277585
1.05314,0.577784012545182,0.0269544467729265,0.628777782481329,0.25087116351492
0.656731,0.425304326955234,0.0518287516254898,0.601342456785832,0.376938981245663
0.602617,0.361032241107592,0.069101276309049,0.68669312049835,0.303128366818182
0.317601,0.225563268308206,0.0538521306565674,0.345191915335793,0.224003447258848
-0.636931,-0.314762473932832,0.253003638521075,0.25294906093268,0.336130570090215
-0.303029,-0.0819291449474632,-0.0159284074695274,0.295954720696302,0.211673442748092
0.125625,0.0728349693124491,0.14309460696569,0.304889687636765,0.21330054295628
1.00094,0.538697485598985,0.0878405418626083,0.400245339692322,0.0627365301873699
1.06672,0.533348723275858,0.0451950786423783,0.406337898224276,-0.0236908497571131
-0.667132,-0.246637191418024,-0.0778484271310304,0.251156244496762,0.243686569049271
-0.300553,-0.15676561859171,0.18691645405326,-0.0578602487288654,0.028331205759889
0.0251548,0.0567690956332759,0.00697446217342858,-0.0536535100316815,-0.116721879944483
-1.04628,-0.453731063883767,0.367618315590651,-0.0218687344471492,0.198329472241499
0.65087,0.34047820143142,0.0220177591008034,0.173333025862053,-0.137142378209577
0.622778,0.224940573472542,0.0118139292074957,0.1035423284816,-0.0471272661346288
0.334259,0.234501376580314,0.0488987152947583,0.120178509366334,-0.00802448820263702
-0.729483,-0.300963795914297,0.29174675900064,0.258662828732535,0.198366923941707
-0.289766,-0.0481893447948836,-0.0786538467434261,0.263858898043044,0.0910621040943789
0.113571,0.0273359340407296,0.126712414632104,0.214538324760111,0.126704412560722
0.656821,0.330917484362579,0.0472983725279338,0.186816681379105,0.0801286852879945
0.620835,0.277600594460955,0.0724994490023809,0.174024496566778,0.108511504163775
0.357056,0.213247141724477,0.086338588568654,0.202650950084129,0.0937609705065927
-0.683991,-0.319933467050157,0.301175214817079,0.259800466729623,0.269378926786954
-0.290208,-0.0716676521429899,-0.0334185253176918,0.303101124930404,0.182456218945177
0.102878,0.0398092116078436,0.121644538619381,0.29929010618278,0.223182015614157
0.999696,0.581353536005019,0.0488175819421725,0.42813328097975,0.0734839972241499
1.07109,0.544711069302344,0.0289766348274695,0.432530756433837,0.0104249309507287
-0.567862,-0.242373572558307,-0.0289667747032589,0.24983817336381,0.276000591256072
-0.267153,-0.157656308404715,0.240406065898721,-0.0434758848459633,0.0850162584975711
0.013583,0.0599773826514169,-0.0123256371605492,-0.0168994206804164,-0.174177082009022
-1.06777,-0.519240863624623,0.452450034764037,0.0775689415228472,0.110414798317141
1.13035,0.559160153708383,0.000680950326702455,0.168731440064916,-0.668888365284525
0.889855,0.491279141091697,0.0215736762816747,0.0904930613999309,-0.920990478920888
0.00523179,-0.0848935380847715,-0.176011742937792,0.362911405373975,-1.42753036988203
-5.72587,-4.7232921484696,-2.19727353412377,-2.67584828516332,-0.549743389746704
0.540195,0.357740912421093,-0.0445394532583301,0.449334103012065,-2.58597076986468
-6.89121,-5.43064837889241,-1.96994549974522,-2.52157327458835,-0.446215749913254
0.880958,0.653306361279526,-0.0294491202660718,0.308860386088169,-2.00581133357044
-0.326428,-0.355939726782132,-0.280209328018577,-0.0403183793028615,-1.06237651943442
0.738619,0.549605497311972,0.0315925615417848,0.327867230980249,-1.19607966863289
-2.37045,-1.85046248387268,-0.34641857949344,0.0561479977964589,-0.182006085357391
0.448801,0.341873877704239,0.045679046779426,0.25363667866522,-0.860233373872311
-0.752845,-0.657179634230542,-0.201265619270409,-0.383934036185773,-0.29083451648161
0.627116,0.482443438232923,0.0305279915998935,0.194961221584082,-0.820147095940319
-2.89002,-2.10262830189313,-0.510429660008117,0.112910203085539,0.115137522380292
0.931382,0.661398110360695,0.0426298091064043,0.359869757661257,-0.809643855829285
-0.0254435,-0.0340809159187606,-0.0953991580017811,0.26677249007448,-0.37507389278279
0.770838,0.527989525503468,0.0474672216749733,0.347356603224132,-0.73414615388619
-2.99632,-2.35225558317705,-0.664453931270654,-0.301727054969255,0.157672825988897
0.492473,0.31136531879907,-0.0166021710146559,0.237864638524812,-0.77073613723109
-1.56747,-1.21604029260416,-0.432494056031214,-0.423831790125,0.0911996920541291
1.08036,0.701865302370151,-0.05187692851371,0.382825394827472,-0.388646257633588
0.892022,0.572672972105203,-0.0185233614764999,0.480547824993367,-0.20799157702984
0.351576,0.195388352478776,-0.0668687781499385,0.34564069087382,-0.314859085704372
-2.43432,-1.86480458805143,-0.570298856037282,0.526853167925662,0.333706275503123
0.901378,0.622805530349063,-0.0105523794632347,0.59856647430416,-0.5636041648161
-0.200446,-0.189617605710956,-0.159716442748617,0.0680638219622781,-0.181246636016655
0.762822,0.528967946377997,-0.0190429825305561,0.34837087888795,-0.590211734212352
-2.66199,-2.08019038842559,-0.498310391051708,0.0318349588818695,0.219544614503817
0.440433,0.310007666966463,-0.00558207343275956,0.178344496674419,-0.534362175572519
-0.933048,-0.734068623466785,-0.261926418879824,0.175859693395306,0.15803925537821
1.09217,0.741820622279169,0.00861618047717964,0.49906476941256,-0.238384589174185
0.930265,0.629970258734453,-0.0301853706168707,0.576412107281547,-0.117101912907703
0.392283,0.271052754698364,0.0553413247181373,0.312953031509692,-0.169235241151978
-1.61023,-1.27083982393631,-0.219948735854722,-0.44690596629566,0.225330965648855
0.722471,0.526019467384968,0.0485466346159809,0.355718948443927,-0.516452371269952
-2.72324,-2.14162108939305,-0.465254472294512,-0.252463572271749,0.532976284871617
1.13608,0.921827709904779,-0.020728191853505,0.706267347348496,-0.242902801873699
1.01492,0.807132781753547,-0.0201298306079308,0.783516657140327,0.0913496370575988
0.950175,0.768110513631567,0.0578076206692841,0.758414018571434,0.124447691533657
0.111859,0.0586192244245114,-0.0754050867918609,0.686271688697094,0.260545100277585
0.820728,0.606719002307643,0.046338857714948,0.619163717926276,-0.232466771339348
-1.9946,-1.53715581580909,-0.192544698212892,0.168669567015701,0.359874216863289
0.571426,0.410812701534207,0.0511929418821476,0.317871341637497,-0.505720314018043
-0.766853,-0.585282693381926,-0.213984067731814,-0.36466818484913,-0.180980309160305
0.492718,0.373039763644934,0.0345387982363762,0.281035518296983,-0.639100895905621
-1.46885,-1.06946949174021,-0.270421713690802,-0.593362388764442,-0.177778277931992
0.707298,0.519258824658741,0.0571420493228952,0.23368325566697,-0.836022218945177
-2.77487,-1.94934275661031,-0.432959777011762,-0.398931336703286,0.176883968771686
0.627839,0.460159772639479,0.0850641876380932,0.287118106890211,-0.562056614503817
-0.686201,-0.518384532863054,-0.16331020691538,0.308390580604857,0.145593606870229
1.12807,0.815823241117105,0.00641787244685691,0.563615996179353,-0.156271148507981
1.00948,0.721430404767026,-0.0207801001275927,0.638510946688497,-0.017115238723109
0.490687,0.373030564727738,0.0453997136889352,0.353869467665536,-0.0950097310895213
-1.38552,-0.992189575306689,-0.214910777737428,-0.343163930312001,0.237929238376128
0.741507,0.501371654671138,0.0544412016823263,0.437542099763848,-0.570724191880639
-2.62215,-1.74893575701224,-0.374907968557294,-0.226064713689753,0.328659265440666
0.975924,0.684967858728717,0.0285568615268276,0.431515016286297,-0.492169927480916
0.15742,0.120769054382686,-0.0786205583723074,0.375503764010846,-0.0961964309507286
0.833011,0.594288060673623,0.0539204456999837,0.605743118013257,-0.360148643303262
-1.99665,-1.53698171595452,-0.330274421558925,0.577887091287312,0.392842766134629
0.967918,0.724685896096283,0.0322110312783968,0.551957983237334,-0.345892103400416
0.171444,0.112784433934497,-0.0850540556835218,0.389664548793119,0.00918678834142953
0.787179,0.591784448935501,0.0212954781035125,0.436064618778624,-0.274383532616239
-1.97663,-1.43205110160303,-0.296601473532703,0.221252139835597,0.382666774115198
0.584485,0.396756595982789,0.0761388917082713,0.247006336133987,-0.265238915683553
-0.649597,-0.509245693320454,-0.209531409614874,0.276763378536439,0.317081267522554
1.08615,0.738579959324421,-0.0111077276395661,0.524651436139737,-0.060890522553782
0.973884,0.589288280204619,-0.0271045823912281,0.587453521676796,-0.0140104583622483
0.411077,0.26904739932181,-0.0101869594857039,0.289218335559559,-0.180866823386537
-1.32913,-0.852376417675282,-0.251220306684935,-0.187566009216268,0.0341245364330326
0.66654,0.402317376922747,0.0195080781781859,0.420584709493024,-0.784681519083969
-2.68944,-1.75364106245112,-0.640736064545084,-1.59945620670943,-0.0254875659264401
0.624135,0.403563525621299,0.0393568089928009,0.382754300625262,-1.00863124427481
-2.57113,-1.68947974294586,-0.622987026655315,-1.54151462818757,-0.0273153098542678
0.874204,0.566789278558054,0.00802027422674739,0.304973167827243,-0.718126377862595
0.114809,0.0460240655403579,-0.152682443039494,0.272247629549805,-0.257584729354615
0.72013,0.455087621398779,-0.018363950618022,0.340938413333552,-0.432182335530881
-1.91572,-1.11362922481502,-0.304012536834227,0.142249831697444,0.298937525329632
0.53159,0.314994472055713,0.0250663159722364,0.212778287223465,-0.300606632546843
-0.697111,-0.473483052728293,-0.297323983544983,0.177935983883546,0.28998160721721
1.07293,0.614905193040386,-0.017959325666798,0.48883031858926,-0.0593420024288689
0.949904,0.539207070186848,-0.00873517521737203,0.562131738623285,0.0138049725884802
0.342983,0.21908989958316,0.030763102887943,0.245050604585047,-0.10549259888966
-1.25118,-0.754126182423964,-0.186718330047535,-0.675642188229597,0.1329178296322
0.475088,0.273114237481128,-0.00214810173939545,0.243786586098793,-0.486625332755031
-1.42081,-0.83604033156248,-0.263063814911402,-0.940039736959206,-0.0276008688410826
0.630221,0.381700850056825,0.034757165279287,0.00105600243406032,-0.642205728313671
-2.73306,-1.64092228636489,-0.529571861481099,-0.0945474043562587,0.380576783483692
1.05148,0.643362595632155,0.052728781353924,0.58975086099881,-0.330843974670368
0.907022,0.560902243383603,-0.0512238064194859,0.679555027699892,0.0596255058986815
0.893576,0.570309984025433,0.00492927246641245,0.634135876686849,0.0893239871616933
0.079342,0.0646462049121272,-0.0960096719806081,0.636329702261335,0.249415496530187
0.751812,0.430802173904365,0.0111016912033012,0.513564583142998,-0.125223107564191
-1.80368,-1.01984718059761,-0.348822636253629,0.191823107776606,0.474850246703678
0.459155,0.303192114536108,0.0579023795312619,0.185536633451311,-0.15602472519084
-0.573999,-0.381338437826171,-0.201695089821538,0.252044220932844,0.284266896252602
1.0149,0.600633524564041,-0.0202398057386096,0.418121389805878,-0.0559961512838306
0.950994,0.440800364676451,-0.0950115858234175,0.449361016744074,-0.0131426349757112
0.391991,0.24516486556908,1.91205286794113e-05,0.249449053537465,-0.0907640978487163
-1.29601,-0.793759234899186,-0.335855709005626,-0.260911339589301,0.172351794934074
0.644999,0.376529689748159,0.0291305217515581,0.331763853372065,-0.581015693615545
-2.63887,-1.57582153034365,-0.653209847791111,-0.164736386225953,0.281803780013879
0.919534,0.533498120257875,0.0146955989476523,0.347686006842196,-0.542974427827897
0.178535,0.0635186119973136,-0.130150711685213,0.298676555102771,-0.177818437543373
0.771618,0.457688370382431,0.0643021785998223,0.347980141138208,-0.380679893823733
-1.92394,-1.09561305698682,-0.398968732148903,0.322239932100063,0.332400035045108
0.502559,0.298920247796283,0.0311878964498965,0.272904036273617,-0.268008710964608
-0.391115,-0.239314694885449,-0.0674877499479555,0.288002555837673,0.223442297709924
0.980507,0.587591233071383,0.0377355570855435,0.437169880497755,-0.0419685322692574
0.342641,0.240567078040037,-0.0372657301506459,0.365996484467161,0.184528446564885
0.883587,0.6694731568188,0.0853942128098308,0.514211235306672,-0.0643509625260237
-1.59847,-1.16538838323233,-0.257321001355993,0.38441466587011,0.559727409090909
0.676783,0.512801105606599,0.0927743161537876,0.397627292783542,-0.0244263861901458
-0.34463,-0.275965007875932,-0.143212950155228,0.397683891706719,0.441157358431645
1.12655,0.781746632716047,-0.0117673602653015,0.582993189097417,0.120083208188758
0.980271,0.667183327438043,-0.0418508736810849,0.668179870206763,0.179207405274115
0.547134,0.421442886348035,0.122308936764338,0.408463114665866,0.11296972241499
-1.01194,-0.704925202863918,-0.126040556756133,-0.0317696165460876,0.360044998403886
0.80468,0.584541400576264,0.0802116478841985,0.389711525939223,-0.29224379666898
-2.20361,-1.58294005196937,-0.319741630134586,0.130841677176736,0.533574944482998
1.08047,0.820048872384316,0.0809151719689085,0.646483871635986,-0.204104938931298
1.07113,0.752313464864592,0.0320870756291613,0.679848310219392,-0.0606214864677307
0.0252054,0.0487899813947461,0.0729302320227418,0.219813639468248,0.153793346981263
-0.395266,-0.288886384114299,0.167859307861998,0.159235532491108,0.215430723455933
0.4734,0.320672733671915,0.0911039015349261,0.301865610676863,-0.0942842567661347
-1.13815,-0.763675216512029,0.336102535903297,0.166770531105425,0.411970088827203
0.829587,0.553353118026739,0.0483082852984435,0.401472220735787,-0.0195283676960444
0.633991,0.321135854836847,0.0597300978842814,0.349342474075676,0.110926233136711
0.63373,0.451044206139109,0.0801868264962889,0.377675308794994,0.00357175451075646
-0.869953,-0.556228869713959,0.250584630061046,0.422482472795462,0.309558301006246
0.252736,0.218177902237053,0.0919797689166125,0.396113963911703,-0.0155994064885497
0.0498213,-0.0582794548166438,0.0983339216706766,-0.0537077098737248,0.100896821651631
0.486021,0.361586704077833,0.0712742048092073,0.190985043017438,-0.0807420064191534
-1.24361,-0.839658033843003,0.391744838558724,0.41413012965734,0.392404799618321
0.850081,0.60649861850897,0.0643073460609165,0.418841476137982,-0.048579356835531
0.621203,0.381808544445189,0.0767986767979073,0.338677488376765,0.153280935114504
0.631388,0.479933466715519,0.0727614316417331,0.390579595274673,0.113790000971547
-0.818671,-0.56011598860551,0.310527554870497,0.421366960089109,0.43791971259889
0.27058,0.213723718252749,0.0821692760672582,0.430899970899704,0.177613094326856
0.0343211,0.00903933199687506,0.122000318907307,0.438823049278092,0.43184035019084
1.07564,0.776369209166323,0.0498206377906134,0.584586802002154,0.282187049705066
1.09065,0.734232450618839,0.142541834400639,0.588454222993947,0.289940905534351
0.00651541,0.0469856006454662,0.0902649680764997,0.513285505832418,0.426996131679389
-0.470505,-0.358144020317518,0.11330270725623,0.687770457410445,0.509343410392089
0.845126,0.615439755228869,0.0681371641102923,0.579297763797889,0.185051969691187
0.576088,0.381160688789585,0.0277494416781913,0.261708362697354,0.27579602888619
0.659308,0.49303063263124,0.085281557513457,0.370883049915942,0.14113664481263
-0.9116,-0.666628147696892,0.17263976221765,0.401747392644115,0.445166378997224
0.207129,0.197888579284988,0.100507251529864,0.436578610907135,0.174318431679389
0.0173648,-0.00905902727746219,0.0906634233304445,0.424216899916212,0.392774610513532
1.08745,0.741898258274806,0.0444963170829691,0.552010849588272,0.180403896773074
1.08375,0.67652303581951,-0.00403798285978362,0.567809140019468,0.158411684767523
0.00933526,0.043753577186412,0.044380481566195,0.407136487122486,0.269692522553782
-0.548845,-0.368847930903616,0.175501817092271,0.033979325642366,0.303818857564192
0.441118,0.318639697583893,0.047177955202723,0.218072599168301,-0.00907946832061066
-1.43293,-0.836673627749958,0.393390206485437,0.167617645305542,0.596466143476752
1.08159,0.695579397630346,0.0282354971050079,0.703592614726129,0.137257597189452
1.08753,0.692543535343915,0.0153995909194195,0.756784641968219,0.341764716190146
0.877073,0.603899770989805,0.0893552212322346,0.737827807544465,0.42706841165857
0.594941,0.406257017208119,0.0620523210779317,0.781138041423674,0.404285079111728
0.631697,0.472122393665044,0.109918313631821,0.590772349852638,0.162970490284525
-0.834135,-0.579264776349158,0.31778890242618,0.399208120396244,0.381029750173491
0.242101,0.181170973845859,0.0784185968957007,0.137740300150132,-0.0869968285912561
-0.0111646,-0.0793781921493154,0.0867521853027012,-0.19019044785728,-0.1273526309195
-0.141519,0.0218803436050952,-0.0316931688436994,0.0472727236470226,-0.231685427428869
-0.660957,-0.410787827180121,0.10084954141995,-0.323469292728534,-0.170814504770992
0.276445,0.164302605522581,-0.00311917414239174,-0.182580631297865,-0.473971877602359
-1.66902,-0.755081346135797,0.227471989109952,-0.233582093197843,0.0685499608778626
0.00483049,0.119217029303963,0.00779552198594772,0.0876502596184783,-0.238834221929216
-0.160589,-0.163516134351829,0.0442001639732943,0.223876175260715,0.0797767974496878
1.00017,0.413352850992657,-0.020054821726361,0.422327416166125,-0.0605716406141567
0.987775,0.400846154824862,0.015088079412691,0.461432950917956,-0.0275691550138792
-0.182784,-0.0559484062114764,0.00965108761821726,0.281570552017432,0.107955389365024
-0.64684,-0.403423098390521,0.0280155293308895,-0.061751078861825,0.112077735492713
0.298768,0.187482877104704,0.0385849347617349,0.127060682739814,-0.26718214573213
-1.57869,-0.796387435531718,0.129189043936481,-0.0214043583861,0.2610010111034
0.743265,0.338879698814685,0.0274776821654316,0.214574578822638,-0.224013572172103
0.450331,0.0698716722191294,-0.0186560444204415,0.134112242419348,-0.0197980881332408
0.497924,0.291317868834807,0.0205850988744728,0.423402669825799,-0.0860114972241499
-1.2599,-0.614915333492059,0.131784207873545,0.562551416130209,0.360077293615545
0.733849,0.328524032681546,0.128739502639305,0.390293686232166,-0.119448510756419
0.43791,0.0729427832242456,-0.00921427410559423,0.192923598891753,0.0508104382373352
0.522744,0.272317497825203,0.049322651098587,0.189280762618491,-0.0755712761970854
-1.20564,-0.548201585068909,0.129947446725447,0.224914973687917,0.271500738376128
0.0200812,0.0724797837873278,0.00663681257847431,0.259359554566427,-0.0396940454545455
-0.22828,-0.158460791034783,0.0440921750218395,0.246105808851355,0.221478473629424
0.974198,0.387970505842091,0.0442559956420713,0.383445212842248,-0.0135257807078417
0.974546,0.334779865331721,-0.0446194169648106,0.406090040842694,-0.0515946655100624
-0.265821,-0.0541930145712694,-0.00681908880954397,0.256832677874976,0.0179742529493407
-0.722049,-0.441571713708704,-0.0134957085023412,-0.101248075068914,-0.0319139038167939
0.304272,0.179760096449476,0.0452079946088421,0.141522101584113,-0.451673767175573
-1.56337,-0.872413048472064,0.127161545011184,-1.1538234399332,-0.022858126648161
0.28934,0.243972457857305,0.0200664215333184,0.169978986233431,-0.555424944136017
-1.56085,-0.94155949165037,0.187793828024239,-1.05584732528939,0.050611381054823
0.745817,0.385430131165206,0.105667091528045,0.19044295998741,-0.353825972241499
0.445068,0.125225645973694,-0.00930722635138888,0.157177276922919,-0.0920503761276891
0.501796,0.297087257300925,0.0373842187588368,0.210817385943962,-0.126447911866759
-1.11549,-0.535325353111534,0.224444597205889,0.276882365487861,0.279267310895212
0.0800752,0.124322593446419,0.0468217989068461,0.295507890258295,0.00188177272727268
-0.119705,-0.115069960220831,0.0589765087241138,0.289228330940866,0.24532088723109
0.963344,0.47530103630029,-0.0105965233427573,0.444618771748365,0.0535888327550312
0.994158,0.420235374164671,0.00600708412196266,0.446885004857094,0.0113165610687023
-0.15218,-0.0250957016201738,0.0179194995071462,-0.0422855887549115,0.0642295062456627
-0.611671,-0.32217740737105,0.137271363624821,-0.344187743256734,0.01754869888966
-0.200075,-0.0235583495632911,-0.0601399541753722,-0.0448584001747021,-0.183936776197085
-0.657067,-0.381579623921478,0.166925040706914,-0.5800222775747,-0.0550404153365719
0.315463,0.216331098610802,0.0670438712653999,-0.191834827772409,-0.285991554476058
-1.58568,-0.810900698582136,0.258246064985649,0.059125317385398,0.372004888965996
0.991789,0.509356751401294,0.023707116803913,0.553321235720751,-0.0434307012491326
0.993456,0.468703284022838,-0.0103492538861952,0.6172938301099,0.20368305759889
0.715949,0.453488968738519,0.0103666929482193,0.635798516940812,0.299721106523248
0.469867,0.20273984760893,0.0656491249445529,0.646057201501047,0.293014215128383
0.547385,0.298488987897088,0.00358186961284969,0.437837166996418,0.10030243407356
-1.19788,-0.599289558370337,-0.0265780625730974,0.303839719434835,0.449401833448994
0.130757,0.14172814925976,0.00680899732498944,0.332912652923882,0.0783539646079111
-0.107249,-0.0991689278081352,0.0903540467765298,0.335885081878574,0.287352359125607
1.01188,0.53840934981963,0.0244513556133382,0.458034727456859,0.0812075041637751
1.05078,0.544543500633288,0.00570890966796118,0.463612149407689,0.0532601682859126
-0.11991,-0.0301036468760447,0.00289383735331657,0.333220148941226,0.179116546148508
-0.5714,-0.384510680435312,0.193647824105109,-0.0594977570495285,0.170675985426787
0.354285,0.248233528810822,0.0356619651704213,0.165899155090624,-0.200389238029146
-1.49915,-0.842644079631239,0.377587109319319,0.0214712766839935,0.303052289902845
0.754745,0.432118228816521,0.0307995607302539,0.289301094289858,-0.18692629944483
0.533516,0.20468957946048,0.0746178876684511,0.199714969754569,-0.0153979403192228
0.591538,0.378051594483427,0.0602923906207899,0.237724276559499,-0.0705297522553782
-1.05842,-0.599601538335565,0.274777830346491,0.32292300395264,0.315276667244969
0.0915095,0.142836028639642,0.040050882141574,0.366266885189738,0.0143108075988897
-0.0549825,-0.0964894668006007,0.0691421923314697,0.24791210859564,0.217722681991672
0.830316,0.472521885509325,0.0390295262573358,0.280502208572516,0.0629483341429563
0.536974,0.194710043317047,0.053703178983022,0.222950749811424,0.154499109299098
0.578155,0.34027840472682,0.0800072850786511,0.33197787208824,0.0277176092990979
-1.17834,-0.636862175268249,0.269717955049302,0.330467697459597,0.404528092643997
0.118692,0.140396050761863,0.0317807037251598,0.355200389967733,0.078026223629424
-0.083662,-0.105863221497563,0.0514355360304431,0.317269774537812,0.305125594378904
1.06715,0.576830080640591,0.0416722322243353,0.457690439943056,0.084131179389313
1.0539,0.546383861599426,-0.00757631077733797,0.489450404162331,0.0670590544760583
-0.109474,-0.0115148930862807,0.0148657562964702,0.342858748600095,0.196678278972935
-0.668806,-0.429929567633898,0.190470839661288,-0.0339882929528553,0.206551014226232
0.370052,0.251166932108456,0.0235444852131978,0.147105807097462,-0.162100744274809
-1.52203,-0.974772399319267,0.308900602109538,0.0847562829839112,0.402126570090215
1.04499,0.622725699666211,0.0230509094865973,0.509156684887015,-0.192456243927828
1.07187,0.655253412343378,0.021020791385186,0.509530826387091,-0.146311659958362
-0.126989,-0.00558971921345683,0.0394199804756111,0.211821073253182,0.0268004809160306
-0.582268,-0.341396644717147,0.183394156086034,-0.00582376307211921,-0.0110217120055517
0.32683,0.228628040397894,0.0266353436856741,0.138944948607669,-0.441582897293546
-2.44043,-1.35716224129071,-0.0764813876443316,0.0986299322025134,0.302224504510756
0.808725,0.376077597211815,0.0135219937033528,0.237448348521095,-0.40755875815406
0.535767,0.177407103969099,0.0818917477615217,0.152738740972884,-0.163678001387925
0.526299,0.334689162065923,0.075437872369426,0.245994558891561,-0.231875205759889
-1.10697,-0.601967032168257,0.189862842183826,0.309493099810546,0.127931908049965
0.110822,0.136188177643642,0.0119755737565435,0.272898375096697,-0.209388121790423
-0.106836,-0.166869011750041,0.103175980886099,-0.259096466478399,-0.0570701210964607
0.358129,0.294426573397037,0.0660457719709163,0.0458112580236484,-0.259717218251214
-1.5835,-0.932346670046235,0.304591158325793,0.288593083647005,0.271314682859126
0.788459,0.471692647918804,0.0160375555222051,0.321262096379797,-0.225540174600972
0.509958,0.199509458727943,0.0537670993057473,0.189887947544802,0.0124122050659266
0.603156,0.392075989392216,0.0264495722388314,0.275995240448131,-0.0487394833448994
-1.12125,-0.634880277239325,0.220635912424842,0.320365765511829,0.34334760444136
0.144137,0.142859198236565,0.0127479988633923,0.366273605908699,0.0484441773074254
-0.0982772,-0.1121035931584,0.0994186704141988,0.321976582871871,0.338864364677307
1.0617,0.617428030477757,0.0244835535358761,0.506767472767778,0.18652187092297
1.07708,0.678478264945107,0.0192238238097601,0.528827689236991,0.212556252949341
-0.109113,-0.0371369706520483,0.0688563745747081,0.468272212448066,0.3815666759195
-0.531261,-0.348528651061962,0.258162109292921,0.666818954939653,0.466711545107564
0.831775,0.578066226363584,0.0779221348821284,0.576118623387411,0.146944135704372
0.610654,0.290135683455567,0.0975020201116253,0.189927367507834,0.235516990111034
0.664095,0.424528852593099,0.106310751247034,0.363434968069497,0.103303659784872
-1.05049,-0.55716516559552,0.400665832055095,0.390444632967876,0.437573084802221
0.192633,0.18206159966168,0.0489143769136757,0.432089875250426,0.141088895905621
-0.0197917,-0.0504449951962403,0.119027782117045,0.385506348970536,0.379709834663428
1.10462,0.712533157489045,0.058775840785399,0.536807120329752,0.16573808778626
1.12118,0.701373278036543,0.0179743292285502,0.555729285802297,0.144281341082582
-0.0300311,0.0243974723788923,0.117425059197784,0.413214825134771,0.27852977185982
-0.5258,-0.356451974519608,0.277740544500558,0.0238371060608533,0.300776762664816
0.438746,0.331836917508718,0.116432227470227,0.223811736206807,-0.00263866488549624
-1.42429,-0.892562255015403,0.456990548332155,0.168137561509338,0.602113576509369
1.07458,0.7500339805706,0.026348661991695,0.716605203571518,0.147640388792505
1.12077,0.72468747686283,0.0318806270932636,0.75656373312644,0.341017376439972
0.870404,0.61858794710244,0.0932303246033144,0.757406476823592,0.436158808986815
0.617678,0.431857017063058,0.109878511709213,0.776954823775,0.403400584698126
0.654875,0.462824238361181,0.128749232836993,0.581915369217773,0.1599425851839
-0.883626,-0.539858740816623,0.361901758148849,0.394543313906673,0.395677955759889
0.201443,0.16319429764737,0.0896624370812728,0.117626819625245,-0.0572227819222762
-0.0323525,-0.0402405286231295,0.145606054693738,-0.183425156743671,-0.0679871374045802
-0.0694414,0.0588095739497978,0.0411131850130546,0.107998156225592,-0.144897870610687
-0.493713,-0.306528254998609,0.215660135250494,-0.185306191674934,-0.0555129869882026
0.416516,0.302443025237775,0.0928146868944016,-0.0180772484594285,-0.302071909611381
-1.28859,-0.758559891779327,0.434792487184214,-0.0731937503768236,0.209152834038862
0.210736,0.198123472041807,0.0684312626144714,0.257080477001328,-0.0502654203678002
0.0162944,-0.0267475662525549,0.140575154727059,0.394300575529706,0.25540270666204
1.108,0.699732246746453,0.034030738097864,0.536876000808916,0.113077172796669
1.09623,0.644836773038197,-0.0021734430644243,0.572927203244188,0.133184917071478
-0.0473838,0.0359347305521365,0.0783572444309394,0.433060244818719,0.261439259541985
-0.475902,-0.342721933862628,0.247198404270288,0.0318809483057454,0.257422532616239
0.462514,0.328479549037542,0.0979287613749524,0.248155481360196,-0.115869857251909
-1.38721,-0.841644889307051,0.432945571752826,0.105132731288699,0.401693990978487
0.85581,0.557196379846853,0.0640757754751028,0.375825877037593,-0.0691854878556558
0.563806,0.29805733739739,0.0739988057064203,0.296551766238266,0.13237072630118
0.670524,0.473459807589273,0.109479121365273,0.563249559549527,0.0572864729354615
-1.08124,-0.714634813907334,0.337113573052916,0.684611870853892,0.50383326648161
0.849227,0.548500783689238,0.0513097979334018,0.542540457302678,0.0417038025676614
0.539002,0.249539610843388,0.0477580808117198,0.3634823443467,0.221114975711312
0.659016,0.449053476461538,0.096104290619642,0.378131188986618,0.106509089521166
-0.900058,-0.654225342983864,0.376295651434267,0.396904171592235,0.434198215197779
0.236195,0.173479244311599,0.0589732145359847,0.434389922871568,0.155779378556558
0.013724,-0.0443945939140639,0.146542271369686,0.417594624267505,0.397938254684247
1.0653,0.605713251693851,0.00709911847813892,0.54949625839101,0.196849579111728
1.05892,0.539175080798108,0.0278867987331188,0.57278846339533,0.170174062456627
0.0310162,0.0348482277825193,0.0261186356908937,0.41463917624009,0.216212441707148
-0.425783,-0.299899817479932,0.224181336410361,0.1148456073884,0.180016338653713
0.426188,0.259464485286225,0.0115675195347947,0.366201757412222,-0.183130414989591
-1.17449,-0.782969876638788,0.237909966568743,-0.816506370744843,0.183101467383761
0.461897,0.303873356030841,0.06760173169935,0.341817372879309,-0.283419710270645
-1.13654,-0.775792391937421,0.350396810925785,-0.773844478549787,0.242959457737682
0.805213,0.453305934487853,0.0364322950586637,0.416501824236963,-0.089826081054823
0.63432,0.273016679039666,0.0893998898687486,0.362138534825839,0.120837252602359
0.685039,0.400022902741041,0.0969927829536652,0.390904418869204,0.0931763133240804
-0.784667,-0.516280395068185,0.269999009251092,0.439991495890444,0.455883488410826
0.26792,0.159887024631288,0.0211704851729591,0.484651757848825,0.202231039208883
0.0802704,0.00202319802387427,0.142651131847882,0.458761640280798,0.413247981089521
1.06528,0.593010846305832,0.0325942389658437,0.575257856338413,0.231862900936849
1.07039,0.575199109605179,0.0116713984476021,0.578369320544745,0.189279566793893
0.0116186,0.0102350888695404,0.0398336268023105,0.121218386558134,0.237256457494795
-0.432891,-0.229815179017801,0.139166078389337,-0.134180637851709,0.205266726752255
0.0175485,0.0366175630016339,0.0281361840168112,0.0990275239240377,0.0157973481609993
-0.346167,-0.305919842927649,0.194531548684104,-0.380217933434138,0.130631878730049
0.46443,0.253112744506434,0.0449698847467935,0.0180367617611265,-0.0559532933726579
-1.18774,-0.747318486619214,0.326337546043023,0.255019203750633,0.517688112803609
1.05417,0.600089444452506,0.030328588829583,0.703687512916081,0.162226763879251
1.08268,0.637235738227129,0.0213838613860638,0.743231650689207,0.372987006072172
0.817612,0.56199910087344,0.0592395185223057,0.763356891040075,0.461486148646773
0.6258,0.371088735201574,0.0877839195199065,0.775733777354055,0.444713344552394
0.639072,0.409563981233443,0.100460627311014,0.577021173176826,0.286156413948647
-0.790898,-0.518106346181588,0.264721187072955,0.424990608540341,0.556611398993754
0.242058,0.151472445508376,0.0653738032553657,0.448706729729769,0.252998144517696
0.0628954,0.00605577758272702,0.0807962844473749,0.450937416355157,0.414169909958362
1.042,0.570734757437683,0.0471967617642055,0.565431338637792,0.228742929389313
1.06151,0.512752730413159,-0.0201685045786341,0.570767276878995,0.202774030013879
0.0237149,0.0319602183178621,0.063738941120877,0.425664568112023,0.31706683240805
-0.335564,-0.248045708166531,0.154210834160582,0.156861109969848,0.301865051526718
0.433166,0.249852015080306,0.0632816843446888,0.295054650239637,-0.00428879913254689
-1.05147,-0.646216291928622,0.29846378920348,0.179098439610613,0.404901954371964
0.809915,0.426073991362497,0.0202391071780632,0.403627544340636,0.00066498976405277
0.634059,0.241434260724146,0.0576414767334896,0.344539901499214,0.130375869847328
0.620779,0.355426213221909,0.0581379281546118,0.384322173095643,0.0874533615544761
-0.853679,-0.487723918547316,0.243841605307309,0.446537315714349,0.428504592990979
0.25427,0.162543747295262,0.0352892603424616,0.429902582148341,0.149657169326856
0.143684,-0.0225152100489367,0.0829522433838253,0.366184163524611,0.325107457668286
0.806175,0.474195716343224,0.0534875236337731,0.397793077402585,0.222705314018043
0.671052,0.300352109537387,0.0874846114074848,0.368383279459052,0.274684642262318
0.605441,0.35674702797178,0.0946303195228979,0.416924066122886,0.199748841429563
-0.735838,-0.497294015684157,0.271228818388908,0.422143526282559,0.477286085287995
0.184003,0.14703388508095,0.0519468681548209,0.4520481801569,0.239735476405274
0.097186,0.014272440001943,0.0657584833251202,0.427815206467873,0.398167553435115
1.04532,0.60035710331589,0.0565105152337194,0.545838446050361,0.212325250520472
1.04146,0.57690789092191,0.00493807373871379,0.562550624157483,0.187523256766135
-0.0386412,0.000976541595466183,0.0399375526593427,0.398484491450841,0.321272882373352
-0.364579,-0.285493740528857,0.159969885613771,0.120042018697304,0.292735856696738
0.375059,0.236086418482835,0.0298801972755574,0.220110101016397,0.0182222342123525
-1.15274,-0.822997342329764,0.19960563001588,0.233932490896829,0.48821831609993
1.13171,0.64962353377945,0.070578289569557,0.591085386650375,-0.0599515985426787
1.10737,0.501077752074774,0.0139845726253057,0.582194504706712,-0.0318657675919501
0.096081,0.130785618884294,0.0878992932149326,0.291060688851664,0.0524917952810549
-0.672937,-0.508261984209307,-0.0506279232272099,-0.201656666062334,0.0527072314365025
0.486697,0.332883412295213,0.102094004676611,0.202762199183351,-0.50273427480916
-2.87045,-1.57183671674761,-0.699607484699326,0.0849809060061675,0.36180325537821
0.88131,0.472786747571439,0.0677946218807605,0.314167843398855,-0.478353921929216
0.469098,0.213091335729618,-0.0528686704536577,0.222593946872802,-0.16363421721027
0.713622,0.457489465514712,0.111536713999316,0.268137816732996,-0.30048743129771
-1.37331,-0.860632874236345,-0.408581089175958,0.361632298834021,0.191165380638446
0.323487,0.231464514564717,0.0623284382593749,0.329639207714325,-0.267159563844552
-0.170663,-0.232468074718944,-0.191964124461923,-0.201026942596988,-0.0227845097154754
0.577725,0.371322882655781,0.100021583265262,0.0833127053550434,-0.336718298750867
-1.9458,-1.20705817242948,-0.469498501339028,0.357159219169679,0.329755370575989
0.905195,0.530332598230332,0.0322368669155573,0.374615660592996,-0.313882839694656
0.424202,0.178920748852462,-0.0357049608388594,0.264543628857781,-0.0162824299097849
0.734918,0.443710271302241,0.0929034938743495,0.335239489554442,-0.165764863983345
-1.58505,-0.998554273531899,-0.490221316227137,0.274589531938714,0.380695900416378
0.393666,0.269522559714489,0.0610644443930527,0.29317550458371,-0.11456846981263
-0.449319,-0.318778880801594,-0.230326932247356,0.280450535201324,0.358658111380985
1.12351,0.635330187443529,0.0131108609194124,0.547682893322602,0.110114663775156
1.03434,0.543244578648692,0.0224878178621535,0.592328036176701,0.199491879944483
0.25941,0.218673367816573,0.040541932973557,0.315872361130791,0.235330128383067
-1.02963,-0.701854364468728,-0.3139509269719,0.698284518683637,0.531379429562804
0.945952,0.548473002005249,0.0555586540792737,0.58296102972496,0.0198848417765441
0.417704,0.155009471977592,-0.0316454250505635,0.255903827186558,0.200763658917418
0.763775,0.44873514895809,0.0631441103061915,0.418942121710613,-0.0231902047189452
-1.50028,-0.970357871298854,-0.349923086146857,0.377743881063347,0.47706238723109
0.49676,0.310190606573698,0.04848505000527,0.347897271768198,-0.00939772484385842
-0.264662,-0.198271468590501,-0.15841373812462,0.401398349045024,0.414209353226926
1.15665,0.632226790992597,0.0122180949687549,0.615285364356302,0.126587308813324
1.04969,0.558969733566663,-0.0200901473478013,0.667297088016536,0.174481897987509
0.405715,0.263999866834895,0.0802998683980654,0.384681160905271,0.168526495489244
-0.906093,-0.577574565460771,-0.251355543482479,0.0372014808846159,0.387629851492019
0.685389,0.420676982191691,0.078102288579467,0.318919444388769,-0.132394281401804
-1.88004,-1.23648599714015,-0.418873333634202,0.143380123845512,0.651148654406662
1.15933,0.715108647113508,0.0117013279820638,0.710906141536321,0.0480820159611381
1.05789,0.654102692347826,0.0456261758408078,0.790393555705994,0.308900530881333
0.965082,0.624961318989607,0.0831659842380291,0.757541621154168,0.351147807425399
0.415793,0.264329528534003,-0.0769670038548334,0.792719190425464,0.415465812977099
0.824432,0.488017940390047,0.0670648977016656,0.639572715892606,0.0576112706453852
-1.32454,-0.81042217967161,-0.324374221135428,0.396488456748923,0.485365486467731
0.49567,0.305662550932703,0.095393246893705,0.349760002764037,-0.149177140874393
-0.221896,-0.208361653005743,-0.12158141158707,-0.143099628793556,0.014414493407356
0.429504,0.291118463593031,0.0937713523691805,0.288568780156358,-0.251451238029146
-0.791203,-0.540510373668483,-0.216990327485029,-0.210658488583545,0.0238167841776544
0.708122,0.399926919965118,0.092047347574119,0.202531677474124,-0.440967725537821
-1.9844,-1.16693063589201,-0.491856061546425,-0.0489656462328598,0.327836951422623
0.561458,0.385774288686487,0.0881751589172786,0.31580996406028,-0.210268664122138
-0.236796,-0.21008619215919,-0.188471758015202,0.419379535543052,0.293792511450382
1.12509,0.733878434602569,0.00834989392953208,0.61248746888812,0.0862687585010409
1.03658,0.562733462186142,-0.0175154896351203,0.670928060519413,0.184661865024289
0.455839,0.308916388539099,0.102481938135983,0.438267665151873,0.174089280707842
-0.764924,-0.536370891255057,-0.190130402766753,0.0703345927378114,0.378547984038862
0.758594,0.468794769960782,0.0912450928124832,0.421888450532768,-0.204543239417072
-1.82773,-1.13198882746609,-0.325595591948029,0.143991651464554,0.491861301873699
0.987998,0.589072730805324,0.0729015642334569,0.500362638155048,-0.13242374184594
0.514037,0.275822001335335,-0.0493110083138596,0.448406763198137,0.140405057251908
0.867722,0.580606676863938,0.0535300167025102,0.607763947967393,-0.0292659607911173
-1.34891,-0.936986064858817,-0.201384885055683,0.727675156555465,0.536370316793893
0.904172,0.61853651054379,0.0601700136141533,0.611010890444585,-0.0328277713393478
0.464106,0.253468226696744,-0.0577417972069433,0.41934004153,0.189675476405274
0.810216,0.518776932722606,0.0854531726728736,0.387910399790868,-0.0137399767522554
-1.42133,-1.03562413915184,-0.471177789908063,0.378688996497346,0.488835616585704
0.545194,0.378346192023429,0.0449749760973668,0.366331682503792,-0.0155611943095073
-0.316392,-0.229088312545032,-0.178876974222442,0.404981265039509,0.41991186814712
1.10341,0.683376138078687,-0.0155756488683313,0.539133422313615,0.115767784871617
1.01367,0.6049031730233,-0.0399474733705539,0.596340141086662,0.138354581887578
0.365015,0.239782455691942,0.0358038127602419,0.33922435541717,0.0390166932685634
-0.876037,-0.659406980983043,-0.30649304283454,0.000450058925827029,0.164874256419153
0.625022,0.436245901141262,0.0614587729536129,0.444047152400897,-0.456974099236641
-1.94971,-1.45293877481015,-0.455164874677586,-1.31154429493664,0.12748806870229
0.670339,0.46927150102052,0.0809196014082893,0.361794781134449,-0.650143221721027
-1.98559,-1.55187172378207,-0.488988798972304,-1.21744699287657,0.164313339000694
0.924973,0.68398353943081,0.0352969037946963,0.358262952804237,-0.409469668979875
0.386578,0.226505413849647,-0.0721985982154546,0.347288131467885,-0.0532368140180428
0.768804,0.547227489235349,0.0404266318638649,0.357285091941065,-0.181407324427481
-1.48695,-1.02685940599669,-0.39327731345582,0.360199173089841,0.41751657147814
0.475083,0.324041535212397,0.044909075071987,0.321706687356888,-0.0629681502428869
-0.304869,-0.199176039025911,-0.182727442274905,0.38314907629522,0.37234423074254
1.06401,0.619074700875099,-0.0133590750238863,0.493012841443738,0.110751937196391
0.975781,0.497076243961233,-0.0193333282775141,0.532461544126329,0.152862672102707
0.36689,0.228432543283663,0.0217142565244587,0.328376786784599,0.0722834628730048
-0.851754,-0.543824011933392,-0.213811333455159,-0.560821918242584,0.237161390700902
0.43452,0.250603399803874,0.0572566462990782,0.255632951253537,-0.233264291811242
-1.02995,-0.626489255619068,-0.298003328030397,-0.678212748860408,0.13120747258848
0.652087,0.435806515743145,0.088527052743672,-0.022453016537772,-0.341464673490631
-2.00661,-1.32325101663722,-0.246677899010411,0.0763657183539822,0.504526165510062
1.11577,0.765911350646207,-0.0112319754233376,0.676863306550591,-0.0527142397640527
1.03755,0.724943560935308,-0.0386117345209308,0.750030271999592,0.272699556210965
0.979186,0.738728545288757,0.0828011531948709,0.714512573575684,0.31463901908397
0.36824,0.278884177828103,-0.0448955246805605,0.774269665729378,0.421825103053435
0.787114,0.558202452766051,0.0785892710213745,0.647493573127312,0.132189652671756
-1.29668,-0.894304536652597,-0.255630657539842,0.377974510493712,0.602132110687023
0.568396,0.38350418986511,0.115334288277038,0.361469665305722,0.0721888802914643
-0.290242,-0.20678534228234,-0.161893485497971,0.414337359986237,0.429729254684247
1.07722,0.650461957148695,0.0132715801568247,0.540333113381036,0.12013600277585
0.978269,0.554333292722239,-0.0167362374834179,0.58530131927613,0.144643801873699
0.416018,0.275271412672418,0.0463409696213043,0.371717639173963,0.0836665551700209
-0.921102,-0.655508806210034,-0.279324917918706,-0.0550469695436736,0.26601190666204
0.666561,0.396784665842197,0.0442033533603075,0.304927937709178,-0.37071779389313
-2.22238,-1.33900623853838,-0.514880141312326,0.0342979956305382,0.381261074947953
0.880188,0.546192000141348,-0.0136645013600513,0.359371156200474,-0.331474841429563
0.324592,0.153425103143108,-0.100233860078697,0.315074796125029,-0.0211474611380984
0.808419,0.512426525151396,0.109084553187889,0.366819809444358,-0.170325292852186
-1.40747,-0.920748725093345,-0.353670114707455,0.39397268693656,0.418976429215823
0.629093,0.416997885117519,0.0622733648927732,0.384213246596772,-0.0968815804996531
-0.231007,-0.194914317472737,-0.12346361300594,0.32430045852425,0.316781069049271
0.928179,0.589804895339187,0.0187526811115467,0.351983801435014,0.0575714378903539
0.386078,0.15868902464952,-0.104366153338371,0.308536583788609,0.218125402151284
0.752808,0.520233677247989,0.0695922138924085,0.36132817434844,0.00210051353226921
-1.31767,-0.85233611017307,-0.178092471879087,0.31699597599485,0.492471734906315
0.422028,0.317088888992919,0.0339605004260817,0.349327723861449,0.0374495735600278
-0.351323,-0.245417264017452,-0.199384101846221,0.363558556990591,0.434142820957668
1.1633,0.690309199155781,0.0142695861685174,0.577080493619136,0.132955269951423
1.04972,0.570120742547589,-0.0457154304895283,0.639930877485735,0.203711741151978
0.492992,0.347756292029924,0.0970178692687537,0.426933949930868,0.194102859125607
-0.786312,-0.556901531502445,-0.177198140218293,0.0609837210580685,0.393980701596114
0.733271,0.498278748399784,0.123643078659228,0.370357748223457,-0.160698555517002
-1.91297,-1.28069674842028,-0.367150054984045,0.216123152245365,0.588354592990979
1.15734,0.752215983809567,-0.0156040957698776,0.613344882865816,-0.112520536086051
1.06843,0.676055084335173,-0.0191397905704557,0.650511158007809,0.0374613542678695
0.489124,0.367011401889161,0.115185776399419,0.347950029096664,0.0819295229007634
-0.816794,-0.536683851800129,-0.195091875430622,0.0955230858617291,0.313637733171409
0.760042,0.483669038065988,0.0938466830904752,0.435080454136441,-0.264104031922276
-1.83127,-1.17282169777341,-0.301183239777807,0.119739241957114,0.466360519430951
0.988036,0.615249311517908,0.076539609155518,0.474616939778352,-0.196573672796669
0.414802,0.225094407472026,-0.0639434547060796,0.416927498882428,0.0690267324774462
0.856646,0.535872731065573,0.104520564749848,0.461277829924738,-0.180262418112422
-1.36676,-0.853828873751869,-0.136263083741957,0.389004815138949,0.326660766828591
0.567667,0.379507261644123,0.121697210185376,0.475118186778403,-0.22874824462179
-0.31359,-0.233959946942991,-0.0638697998417681,-0.0743336919277257,0.0776372328244275
0.734794,0.48533929937469,0.107020814897806,0.292994109324658,-0.323092599930604
-1.98741,-1.32027192322612,-0.245934882113759,0.391930234417772,0.400705033310201
0.982813,0.647501562429611,0.0648099994521749,0.454236878661805,-0.273153700902151
0.373844,0.222266484029591,-0.0385632707863364,0.388459724954943,0.0749395270645385
0.829009,0.554934429856193,0.0655711283017971,0.448004469103483,-0.0878839226231783
-1.38536,-0.876330797268433,-0.21419660617932,0.37106552922301,0.46800662074948
0.575655,0.399909051193103,0.150220335085341,0.383438459250164,-0.0155539687716863
-0.327821,-0.225587832071938,-0.092435131498482,0.412205364691594,0.462571156835531
1.16215,0.703393441228657,0.00260320344518713,0.568889497476197,0.216029833448994
1.04606,0.596116850683644,-0.0181000067155958,0.624477442133295,0.310280614156836
0.476157,0.338460429185838,0.12097887267337,0.379343846826859,0.291241238723109
-0.941138,-0.578993284400793,-0.164455370835915,0.748930366094832,0.605088404927134
0.957456,0.598195605047138,0.0827114878380977,0.626419989905636,0.0876735794587092
0.386136,0.176107647253293,-0.0517091400145718,0.307072612415602,0.267778985079806
0.851136,0.523632430500724,0.11117886536336,0.450090207046514,0.0143237838306732
-1.41475,-0.843708687166229,-0.213885290502522,0.385234317482355,0.516509334142956
0.572998,0.388261915278712,0.0997103858033736,0.39914212494687,0.0167382286606523
-0.282958,-0.213727534433456,-0.12110020421453,0.404259975377825,0.447781904580153
1.13104,0.692169208518579,0.0171196757418426,0.580485038172501,0.150799240458015
1.03659,0.58859191268353,-0.0343774920154961,0.633701376071907,0.198007862942401
0.474544,0.34456947674822,0.10420695179823,0.414137721472535,0.173820435461485
-0.879137,-0.606417678027131,-0.189237260681734,0.00729707001989996,0.402583081540597
0.716258,0.512028373911152,0.103138147107747,0.351149426092468,-0.128889990284525
-1.92587,-1.30701342438609,-0.362805776343202,0.155571967907695,0.668023659958362
1.17177,0.823874300211408,0.00490063719168215,0.702751104853981,0.0476422033310201
1.05979,0.74966640068043,-0.0354194211278808,0.782442030508891,0.313364654059681
0.988343,0.71209179892282,0.0692058146909917,0.748305070590955,0.344618458015267
0.363186,0.270347852328699,-0.0320023554306252,0.794514400691321,0.42949137647467
0.836398,0.530729492108524,0.102725380543429,0.661250728756388,0.0564011165857044
-1.30213,-0.786635791225483,-0.105637951747148,0.380166029364896,0.488786053088133
0.564669,0.362785380818837,0.115915589025213,0.387175216452681,-0.162216276891048
-0.304292,-0.226754328796459,-0.153442824753107,-0.149630093207125,0.0356993410825816
0.500799,0.35573117365353,0.134689638661775,0.314792034599274,-0.279857679736294
-0.898517,-0.576061279682997,-0.159314746037482,-0.230570765514656,0.0412833563497571
0.730705,0.481842746710354,0.105771320858177,0.251482700107063,-0.455307017696044
-2.00503,-1.2207750415426,-0.313804704529064,-0.0780177089070842,0.33451923351839
0.632168,0.443689985588834,0.125769709474209,0.323916138066467,-0.229543658917419
-0.297814,-0.23694108740346,-0.11189191709623,0.426715211905364,0.309489954198473
1.16346,0.756253332418034,0.0415651021122751,0.572533159544268,0.0663186339347676
1.05319,0.618687911237115,-0.0432606302298465,0.640972828502877,0.162867268216516
0.489077,0.354492444489483,0.133114368300923,0.41594057207273,0.120126099930604
-0.942793,-0.658936814775361,-0.20505662542958,-0.0175101984331979,0.352851412560722
0.743009,0.532779056608245,0.0860238420146762,0.405491951595839,-0.297261533310201
-2.02911,-1.27481609704504,-0.320276446140821,0.0456552804375536,0.444744607911173
0.960277,0.655308198659349,0.0708608395880791,0.452365082976701,-0.226697085357391
0.410675,0.228031197783799,-0.0246305151753612,0.379932748665449,0.0753163809854268
0.846313,0.602324662435589,0.0907457267105274,0.609211129692384,-0.109250001040944
-1.47336,-1.05271316989607,-0.278626010400912,0.66460794334946,0.498311367800139
0.9724,0.664178826628278,0.0602666693289432,0.563241437602432,-0.114855611380985
0.286565,0.178359989501177,-0.0900430854132644,0.395978301337521,0.183237465995836
0.794788,0.534504877154208,0.0865982343730409,0.399541502325202,-0.0477303383067313
-1.41479,-0.891539073947617,-0.227094858268722,0.369649076991047,0.473481057945871
0.590443,0.412630665479255,0.116857306126218,0.367980576236026,-0.0258856412213741
-0.293127,-0.209278298868311,-0.118005536575128,0.418361159152787,0.425073330326162
1.10781,0.658816851733012,0.00473693444305093,0.501784515063717,0.123156098195697
1.01116,0.544230931625854,-0.000678678449339594,0.542305861631194,0.151575753643303
0.334101,0.24691155465552,0.0558955878496612,0.365094972604015,0.0653004597501735
-0.859903,-0.55444994444033,-0.101715189521296,-0.0597210428893598,0.193227423664122
0.736428,0.487305775590287,0.111733266977656,0.523884083600116,-0.442530491325469
-1.95875,-1.26286152193843,-0.284687778265663,-1.53224210346594,0.180519169326856
0.747374,0.562485713085936,0.126106434899825,0.479606528927114,-0.616542931991672
-1.94153,-1.44780773311672,-0.240359659706381,-1.52290431310809,0.209022190145732
0.982512,0.721796002268418,0.0498427349814746,0.439714909778584,-0.371006529493407
0.390311,0.234817732476592,-0.0585649750780538,0.3887598360065,-0.00268619083969455
0.842571,0.580808070318003,0.0932521345566564,0.431631922664603,-0.151160867453158
-1.46791,-0.971092584636707,-0.314959294051308,0.391110489326156,0.464629822692575
0.509946,0.339557605473789,0.0615808470837867,0.316780696709066,-0.020550235947259
-0.290965,-0.191627569642359,-0.0826389672022171,0.438353724599429,0.428399825121443
1.12698,0.672467494130596,0.0291090108926456,0.52392018911329,0.171066323386537
1.06314,0.594380696747226,-0.0104322398081231,0.568167412906883,0.224766209923664
0.49253,0.345854185573378,0.111141073875803,0.429523100871743,0.13901740111034
-0.832145,-0.504135916910173,-0.164239067286121,-0.419630435646644,0.336490801873699
0.531169,0.343108679035953,0.104704365593488,0.417163138737791,-0.146752881679389
-0.803487,-0.509308977340394,-0.147101595347598,-0.640806424150125,0.181668757807078
0.751706,0.478496940850251,0.112548898744702,0.120069189376714,-0.285415905968078
-2.10741,-1.42194737937217,-0.443497912470181,0.257094800204413,0.580236019777932
1.14019,0.739458391421262,-0.0239529645772285,0.717020922944436,-0.0292062126995142
1.05186,0.705743155282916,-0.0095176132747823,0.794541516503234,0.297663469118668
0.98683,0.678651834849569,0.0851329275674616,0.764895004289901,0.340541359472589
0.428624,0.277116514506896,-0.0539966153069823,0.786574491712177,0.432881665857044
0.860444,0.574285979264067,0.100957465153532,0.676599105076928,0.134033606870229
-1.38919,-0.866804779597172,-0.156591036058288,0.406581055086128,0.642872334489937
0.596004,0.411532617363707,0.0932989697947159,0.406453153550125,0.0842936467730743
-0.299055,-0.203822736197601,-0.11171081777893,0.438679293101802,0.466718797362943
1.1464,0.74207324581598,0.00451189526849159,0.596760799768451,0.159354472241499
1.05809,0.60086663606445,-0.0447942279665524,0.64781367702634,0.198830173490632
0.453263,0.341118145928097,0.102701973523719,0.426747188660855,0.164507182859126
-0.84695,-0.58878362402792,-0.141408426213485,0.0283481830059147,0.359500616238723
0.755559,0.515759100987871,0.104356788658228,0.418629976564869,-0.256104668632894
-1.95506,-1.21368606574978,-0.332635371249918,0.0946661248389774,0.463154345940319
0.995891,0.640108778639877,0.0615466968531219,0.479660430047761,-0.222253935808466
0.416136,0.232793562280875,-0.0322013071098651,0.416001718167245,0.0687600506592645
0.874482,0.572626788916067,0.109311612302035,0.484263839398987,-0.101471120055517
-1.36502,-0.826389402611224,-0.131984969506203,0.404664405520819,0.468332316793893
0.63635,0.421934475494039,0.111267223969962,0.442878236374241,-0.0645572310895211
-0.309673,-0.208098427807657,-0.101855752643332,0.329032343340037,0.361190514573213
0.993378,0.603654039039721,0.0644229634395769,0.451337908232124,0.0710698174878557
0.377577,0.217118771489978,-0.0779175910239297,0.358205543116428,0.262576612421929
0.860673,0.574412747597583,0.084592499964112,0.506304411522286,0.0251287699514226
-1.36642,-0.932076177122737,-0.237376418012884,0.413758205792591,0.570108536780014
0.615722,0.43576807445614,0.0924653200347937,0.427612125043708,0.0616488723108951
-0.238407,-0.19135009018778,-0.124099140210233,0.43354531882936,0.474124738723109
1.1162,0.733336659485047,-0.018698091655589,0.59628538893087,0.193678536433033
1.04106,0.568536960829444,-0.0398645259144539,0.64234113689801,0.24360709333796
0.533093,0.362623812973373,0.13667825378115,0.466300444616925,0.220015709576683
-0.750887,-0.525412911216053,-0.111788706021021,0.0753071575649981,0.415429065232478
0.769409,0.473024547289089,0.120338754767122,0.419374305588693,-0.15628647536433
-1.83374,-1.13817622697797,-0.249018425302695,0.230932071668287,0.553312966689799
1.14698,0.68464812626509,0.043282519965585,0.556833630194136,-0.173426027064538
1.0441,0.60473761472413,-0.017390851939511,0.583594785655122,-0.087786159611381
0.155559,0.165510288830669,0.059647569361236,0.168918050120554,-0.0278951603053433
-1.06902,-0.679669605192164,-0.280251219373116,-0.191222010767592,0.143523822345593
0.56007,0.376605769209548,0.131874054051253,0.168061732110747,-0.459038731783484
-2.1676,-1.27932891816587,-0.48983097741498,-0.102879066609427,0.317692751908397
0.90285,0.569713552289989,0.0962191157839343,0.309733697466038,-0.376136996530187
0.37538,0.182124824741809,-0.0648323293230131,0.268183211015613,-0.0949075506592644
0.753392,0.477380542759153,0.116186414585002,0.302746482965994,-0.326636790423317
-1.53538,-0.940977143606866,-0.300801917676147,0.314966764181743,0.190603838306731
0.373876,0.300642194767292,0.0891726118684074,0.315571879442694,-0.360479864330326
-0.327079,-0.290131490271606,-0.182541301959991,-0.223959759954491,-0.105537089174185
0.563925,0.40022726295159,0.0872925280303441,0.083700042646998,-0.497467107911173
-2.45661,-1.56079717633971,-0.525505760563912,0.313618305503486,0.288826126648161
0.932632,0.602987843740759,0.0890782533319805,0.324657724023366,-0.477540190839694
0.335831,0.184124193252542,-0.0760346598075353,0.279864502316798,-0.112466921929216
0.718679,0.509858044086706,0.0947767180343398,0.317949292668175,-0.268154833102012
-1.76632,-1.11062748833605,-0.348740762616342,0.253502427197296,0.341245883067314
0.403045,0.301842969882495,0.0734285648411608,0.235463656850779,-0.188957472241499
-0.509435,-0.354455021869511,-0.190149081273755,0.275175232317534,0.331532524982651
1.14169,0.704574727619884,0.0116141053821602,0.495198841421146,0.068867129424011
1.03642,0.590972557249695,-0.0334051617532903,0.550071202405292,0.166793892088827
0.33111,0.260004692499187,0.0987099099633446,0.243102950485817,0.16125054129077
-1.23757,-0.803323181579196,-0.25391271750367,0.6680141117962,0.5082166759195
0.91011,0.602004325961446,0.0848065029711156,0.556462339135237,-0.0708293282442748
0.278861,0.163641422255564,-0.0913083165060764,0.239860095449681,0.130533476752255
0.771123,0.539367825021404,0.0789692487842712,0.36651337023533,-0.143454299097849
-1.7598,-1.15977469542761,-0.278671528309639,0.298250448029728,0.420713431991673
0.48154,0.354337859839766,0.121499085324,0.278974819173262,-0.131864980916031
-0.412169,-0.315423310173297,-0.162998679871778,0.331495232952914,0.341859245662734
1.10918,0.728666082353686,0.0230188822772762,0.514012277534004,0.026718980222068
1.02574,0.577140893294719,-0.0284988211232847,0.563702693320291,0.0691410055517003
0.333446,0.267711856040611,0.0852985254033235,0.317737832956931,0.0588222362942402
-1.09679,-0.774268039531502,-0.271487080839052,-0.15384096724256,0.294667545801527
0.672646,0.460574357268233,0.0939286723788773,0.27254865774843,-0.295213951075642
-2.30693,-1.49809530660901,-0.392467695402808,0.0233963827759627,0.595735749479528
1.11529,0.829157730113426,0.00356217905898282,0.673429620029835,-0.08727919500347
1.04341,0.727322623307549,-0.014411429987606,0.740274951430471,0.199859158223456
0.940032,0.702352675210389,0.0773804616119041,0.714487104048574,0.253165619361554
0.301552,0.195513004231709,-0.0387641793795105,0.746598670945622,0.340967336224844
0.78898,0.499471261657506,0.0775400581485727,0.609666700535887,-0.0532378504510757
-1.50959,-0.940887332862163,-0.17902245677719,0.30034867417792,0.413194867800139
0.486678,0.309117572040125,0.121835038299366,0.293328013912345,-0.282720647120056
-0.420135,-0.278914527475727,-0.153100161415535,-0.236262324233011,-0.0795777814018043
0.371352,0.286274924454097,0.111010847268637,0.273853569287552,-0.398363527064539
-1.0802,-0.700433819944818,-0.236634518380043,-0.335579101977043,-0.0589157026370576
0.710824,0.428641603713337,0.0759723114291965,0.129197874879838,-0.589841927480916
-2.17325,-1.36536823910645,-0.331228535093475,-0.211760805827372,0.247411220333102
0.551112,0.392880776254507,0.114811057194108,0.249767615296555,-0.336329051006246
-0.446132,-0.313371889658401,-0.118243093017013,0.385254751617591,0.23439
1.14786,0.746609078615973,0.0022521846323714,0.550095707900583,-0.0346071027064539
1.03805,0.60998245146785,-0.0213344322894124,0.613932830781798,0.0657612251908397
0.395574,0.293530838027263,0.0989421655026432,0.347289441862784,0.0267309725884803
-1.1014,-0.77330882091302,-0.239982457291581,-0.132805748848084,0.263938085704372
0.677178,0.488208446968001,0.13166408326323,0.37615382195391,-0.425161848369188
-2.31829,-1.43416472269863,-0.362298205961828,-0.0557179134852672,0.380154328591256
0.958247,0.644096522883936,0.0772397609068909,0.422189885679449,-0.348444539555864
0.327258,0.174819064750466,-0.0611017896163964,0.371452772724274,-0.00263420263705753
0.837326,0.586800671696215,0.107698915437928,0.593283269356634,-0.20036205759889
-1.66359,-1.1326469570646,-0.24609425714078,0.653536556959318,0.465192141568355
0.96094,0.624168315048504,0.0734547665989069,0.576547885941348,-0.178171345940319
0.335187,0.175205644831103,-0.0820241689987541,0.436300570403239,0.124951426786954
0.817294,0.520912289218105,0.0964227898621947,0.421039291158042,-0.107856076335878
-1.58362,-1.0059179269404,-0.228410749901656,0.331330056135421,0.452218031922276
0.503214,0.352599506147512,0.113739954601353,0.354757346184562,-0.0717333934767523
-0.377219,-0.275106843074626,-0.120682012123827,0.363628086549635,0.400083732130465
1.15954,0.721868438318846,0.01455536034181,0.557066147131695,0.0746057172102707
1.03048,0.60472926870527,-0.0339490746042018,0.62620472127943,0.114826635322693
0.423152,0.304806436712171,0.0972802132246571,0.360064983451139,-0.0162880863983345
-1.01112,-0.715966365738329,-0.23135032805578,-0.0414243995356242,0.138120079111728
0.685951,0.499359502272214,0.109538810343729,0.48230027318759,-0.570911996183206
-2.30782,-1.61451651890043,-0.431127191169181,-1.39376894261046,0.10369886537127
0.666129,0.502483516013899,0.103744348010703,0.449658197856409,-0.772328207841777
-2.1797,-1.63348241430008,-0.295844352515315,-1.39777469625118,0.114286173490632
0.957079,0.707184300721583,0.0696646296534224,0.391583132661576,-0.497786448299792
0.294746,0.190647088217003,-0.0625375374340642,0.36924487690683,-0.0794163043025677
0.827005,0.570895363361346,0.0729792944049528,0.420887102592829,-0.229255185634976
-1.58447,-1.03457858469244,-0.201763262225804,0.34549558266631,0.437472254337266
0.56154,0.392677604711058,0.105017329762781,0.361535308271648,-0.0814665058986813
-0.335739,-0.264093958902434,-0.114423955858874,0.374629486833248,0.402087241498959
1.14477,0.731490688756772,-0.00552087475588858,0.567334740650563,0.116610456627342
1.04096,0.59338181666277,-0.0359338470231468,0.619454323003718,0.1636758185288
0.434373,0.313155705199382,0.132004584069033,0.353367413643337,0.0553839989590562
-1.06044,-0.649766888491017,-0.178697360436422,-0.30970438024202,0.276055929909785
0.471891,0.323773311049787,0.137904380176287,0.351274722806023,-0.261088004510757
-1.0158,-0.669976489709632,-0.169673057489786,-0.692446818828195,0.118364455239417
0.738809,0.504749549878312,0.109018609662916,0.0665114262273052,-0.385344067661346
-2.19216,-1.54365163895128,-0.320707836856203,0.122800832889807,0.518807538167939
1.13234,0.855322607182595,0.00936861462609624,0.698957060961182,-0.103545093684941
1.03773,0.732202127593086,-0.0213525603980471,0.770345106271483,0.2269239888966
0.966715,0.711147262543048,0.0752771708658344,0.711926145758989,0.249988204718945
0.302122,0.193710375783917,-0.0459400855504786,0.726955480653833,0.345258448646773
0.753257,0.552927436996555,0.073223171875481,0.61437502788658,0.00967995558639828
-1.6715,-1.1095259407471,-0.239581880567666,0.280472264972564,0.550336333448994
0.49009,0.364111404568424,0.0663703071807504,0.281158163438101,-0.0531015770298404
-0.473314,-0.358362648994755,-0.13450065793119,0.312549905911474,0.368688687022901
1.14401,0.748006194941669,0.0182926243315622,0.508889042384484,0.0324292945870923
0.996557,0.61730949682391,-0.0230216359538681,0.592464983804844,0.0976041974323388
0.393988,0.28071875394397,0.0690529741207921,0.33781775513891,0.0530415267175573
-1.03653,-0.785701458682586,-0.203996589326287,-0.122169840054095,0.27443899167245
0.704481,0.519049984499563,0.112516424228801,0.370870718051891,-0.39176295593338
-2.18586,-1.52671107782095,-0.251890752162805,-0.0452098242720266,0.371208052741152
0.952955,0.699800803620453,0.0654206026222168,0.403276929534869,-0.366511905274115
0.290855,0.19282969959211,-0.0993919181301091,0.364008284490543,-0.0550599576682857
0.783904,0.599105978101181,0.100462831484598,0.401681372444211,-0.24579413462873
-1.62677,-1.05770430476427,-0.196224932479864,0.305819948558112,0.367061346981263
0.505438,0.380011922371668,0.0859934999655626,0.355734284673862,-0.191903412560722
-0.406848,-0.310819991897249,-0.180398560650545,0.224606080396574,0.248665048230396
0.941084,0.610367125689745,0.0636444594323466,0.384185117156433,-0.041379142609299
0.306639,0.180835484518513,-0.0429261107015916,0.314873535048015,0.162539753296322
0.814846,0.518777807182892,0.0912722589991218,0.429507903794611,-0.0864776821651631
-1.54271,-1.04076031046371,-0.281511640154025,0.298854999552692,0.485192632893824
0.490344,0.364452565240533,0.123589897093151,0.354659581864386,-0.0436422609299099
-0.421979,-0.290381142099804,-0.0987003967808682,0.344099177765642,0.396044545454545
1.12471,0.715745337447198,0.00904767174065105,0.555507642052161,0.0742305305343511
1.04586,0.619654513421482,-0.0435073542125724,0.600303987184856,0.12472347536433
0.41757,0.321704300567607,0.122147464786026,0.38223912757346,0.111069170714781
-0.987108,-0.711636896598761,-0.167424000582811,-0.0642784579252559,0.291694617626648
0.699411,0.496543372131117,0.0908026406599924,0.352224827399243,-0.340861723455934
-2.17919,-1.55833131438018,-0.304582502579788,0.118700007255472,0.413774423317141
1.14438,0.764091234685267,0.254258824102692,0.160086423997652,-0.415297414989591
1.09717,0.62427875680312,-0.0287929747536793,0.209658553038439,-0.404223025676614
-0.911906,-0.446702113589396,0.187566979720825,-0.29439583779674,-0.0826931363636363
-0.813438,-0.418617188044406,-0.128090830596451,-0.389049069679844,-0.256303286259542
-0.153057,0.00903228482477104,0.252067386809002,-0.419044703304503,-0.543380202984039
-1.92889,-0.974850805645004,-0.337484677995378,-0.276548168130069,0.00845608327550313
0.6034,0.422385716951701,0.25365730888634,-0.213041053454312,-0.509815138445524
0.506099,0.23249556021354,-0.00829789228703581,-0.332325176991615,-0.380049976058293
0.182658,0.212652537232181,0.264794910261868,-0.282623695581309,-0.421998951422623
-1.23146,-0.525842120640132,-0.133557163031892,0.110863824151179,-0.195838786259542
-0.646008,-0.166653962507419,0.164256051481485,-0.189226953633719,-0.405380665163081
-0.118439,-0.0929120964466158,-0.0622740749073911,-0.83689961983238,-0.490342527758501
-0.271625,-0.00150228163094708,0.220829310080412,-0.570773220653685,-0.532035371616933
-2.01238,-1.01623689139459,-0.375099797603658,0.00402498706188975,-0.0501261759195004
0.61276,0.41860689005545,0.293023205889896,-0.120074660553643,-0.562259833102013
0.490298,0.230408376413661,-0.0521621334145901,-0.372556074100179,-0.346540230048577
0.178215,0.214034595481502,0.29287564572544,-0.31360168412556,-0.308783814712005
-1.38329,-0.640998310714166,-0.235100491408365,0.0597518937600879,-0.0192472935461485
-0.662602,-0.231411011784265,0.205875406255797,0.00549018947292668,-0.16832197258848
-0.244484,-0.145325742879617,-0.0922112802281291,0.0744956004657922,-0.000947157182512065
1.13346,0.698526337380953,0.250532508357403,-0.0357959875108969,-0.174813013532269
1.08563,0.533284687579234,-0.0321257201476467,0.0481588833957655,-0.201718717904233
-1.1197,-0.570095391949461,0.0750399368566716,0.216921177048437,0.14508493407356
-1.02182,-0.522377200861741,-0.190316340362903,0.481396232734528,0.058448776891048
0.599538,0.371314705279682,0.264412803190609,0.0553804043080443,-0.290606980916031
0.435492,0.17900430608227,-0.0113380486655205,-0.420035538764006,-0.223564946217904
0.15577,0.196670550159267,0.222036505989888,-0.273184054066287,-0.3150665111034
-1.65591,-0.767570478333958,-0.292741844169657,0.0357370463827872,-0.0172883674531575
-0.700283,-0.249703334722529,0.113888424846188,-0.0639974642808817,-0.201929299791811
-0.24646,-0.151708657990416,-0.121108763772771,0.0637175249281624,-0.0631619070090215
1.13784,0.697943754248702,0.24958299817186,-0.0946761201334051,-0.295754832755031
1.08021,0.521470207914128,-0.0203498229229179,0.0348714570723611,-0.340967352532963
-1.09245,-0.532162796416544,0.0538686835262866,-0.00503914627661048,-0.00480012491325474
-0.861792,-0.471208540500091,-0.175763338433642,-0.418508154297753,-0.191705564538515
-0.245399,-0.0642318045694493,0.265445899038908,-0.534844615264441,-0.351502811936156
-1.94909,-1.09020408192775,-0.286056476259229,-0.243475878056952,0.285021812977099
1.12832,0.780554599847965,0.2996202327689,0.108657886662962,-0.233529817834837
1.05348,0.622986428436671,-0.0247529808392866,0.388915975119936,0.0161620031228314
0.584931,0.457041225667445,0.319379108643352,0.335903734041381,0.163202003816794
0.464541,0.251562235904858,-0.0464546756788153,0.562974165931792,0.0116940010409438
0.13839,0.157269905808685,0.248271310749411,0.0487072772226146,-0.21852647258848
-1.35702,-0.594950507935508,-0.181763714940355,0.0641922733946663,-0.0955795999306038
-0.683852,-0.259140479515715,0.201147605282858,-0.663264592915182,-0.513871854614851
-0.176573,-0.0994729227150113,-0.123270665489078,-0.784473563503614,-0.785637453157529
-1.20629,-0.493749974274166,0.0827757996723914,-0.645292721098844,-0.632638691186676
-0.787659,-0.396381574345172,-0.216915721234232,-0.788464562191954,-0.779714021512838
-0.370477,-0.097228297948952,0.182384648616135,-0.941099046828047,-0.884745884802221
-2.01978,-0.967388816104732,-0.349185848802228,-0.65449647946856,-0.394187622137405
-0.787856,-0.301984576448921,0.10007186253914,-0.460678514364468,-0.497309630811936
-0.190324,-0.130982641460899,-0.0634829408543747,-0.0110190127266208,-0.290293156141568
1.12089,0.722272814957611,0.292514320949481,-0.163371633067572,-0.396449224149896
1.0628,0.501194869372527,-0.048774771772784,-0.00035605954519996,-0.410709946911867
-1.11581,-0.564593709753777,0.117034970903585,-0.0717851532194878,-0.0874557963219986
-0.832803,-0.464627227703014,-0.159536946152237,-0.453632563114858,-0.33642074462179
-0.432311,-0.13221229159991,0.207178500475439,-0.537448735924302,-0.558858818181818
-1.97508,-0.980441303523879,-0.24262476809069,-0.3750737096327,-0.085176327203331
0.50227,0.368692712540002,0.303179259456445,-0.349754356597488,-0.536438
0.436535,0.174514573674461,-0.0344326670806883,-0.475971074187188,-0.350124049271339
0.06769,0.172078240013698,0.291737153335301,-0.0434147186265451,-0.26649528556558
-1.33357,-0.702491048845209,-0.148145817106601,0.389944648850947,0.0826376693268564
0.50601,0.35445801253567,0.31284952094517,0.00868910075092155,-0.340122454198473
0.444189,0.142938285416124,-0.0695889929457174,-0.356800772340097,-0.255585600277585
0.021265,0.133659835366347,0.258279102101875,-0.375625739036095,-0.290962258848022
-1.45801,-0.6298111589458,-0.223947288507061,-0.0197057803776786,-0.0760348924358085
-0.863991,-0.323586220357154,0.0744025348880932,-0.0787747643697778,-0.199129397987509
-0.235583,-0.150270890059924,-0.116353250434708,0.0312180388840483,-0.111272779319917
1.13646,0.721456373301957,0.289285159836062,-0.166344073717187,-0.345330968424705
1.04281,0.524866434477467,-0.0386894691980666,-0.0242643729004693,-0.444197798403886
-1.3141,-0.633767673580793,0.0801388108685465,-0.0676545210798305,-0.17600447258848
-0.82723,-0.443510220277829,-0.13494847543423,-0.439121602626102,-0.533360081540597
-0.415675,-0.172686127924711,0.207638992455352,-0.515946735800383,-0.789527206800833
-1.87076,-0.974646931902273,-0.24350226079861,-1.54372241557463,-0.487698432616239
-0.432245,-0.0664281482321847,0.203392679575244,-0.481538050835324,-0.884191812283137
-1.79332,-1.00008468056192,-0.297048756414156,-1.4936897555716,-0.368417332061069
0.492391,0.365562059475349,0.328908642254311,-0.449169321810785,-0.69013457147814
0.416763,0.165228584908319,-0.0574909410474902,-0.469471669212457,-0.472412451422623
0.0357812,0.131416058739887,0.269776077205564,-0.421003096643662,-0.396558082928522
-1.3148,-0.579638306434495,-0.219168642656948,-0.0215658677533761,-0.123673419500347
-0.901591,-0.33275211812209,0.201067953407932,-0.0494245125508081,-0.185919109299098
-0.226645,-0.133426763551122,-0.0959699389325664,0.0435368956126595,-0.142249253643303
1.12194,0.736848891975949,0.297084587290514,-0.189412733277193,-0.371327004510756
1.04639,0.538720162233919,-0.0384240353201003,-0.0616266927833281,-0.501677614434421
-1.407,-0.785267497328113,0.0157676347379814,-1.05904002069767,-0.244918709229702
-0.827648,-0.428683066411993,-0.163638499214263,-0.668042546564056,-0.6547856648161
-1.51749,-0.798448361784884,0.0260079210865407,-1.04223049006251,-0.551937923317141
-0.845182,-0.429319826196789,-0.174312754580494,-0.971077875988413,-0.676378273768217
-0.485432,-0.201641065158935,0.215410605073372,-0.950528696464922,-0.646464437543373
-1.96704,-1.07088167740081,-0.292572134567858,-0.349045459232853,0.0247442583587787
1.12621,0.740098677760237,0.306503709749057,0.00323301104882995,-0.367469965423317
1.0679,0.585998671966746,-0.0345182466814763,0.286334296530648,-0.0738030039035392
0.461525,0.38429870953471,0.307677375223231,0.25587685287987,0.101593719725885
0.371396,0.212193440145637,-0.00300142502189403,0.518141530276854,-0.00929200320957665
0.00568639,0.0895478221501576,0.258128893201257,-0.0738444927437305,-0.134749269604441
-1.36279,-0.604858127290729,-0.154603947393518,-0.0531824875098349,0.0265509294760583
-0.95966,-0.413795742699688,0.117282947239489,-0.0844532256704359,-0.124188661259542
-0.228014,-0.115594072043669,-0.0871818944112019,0.0492327856238132,-0.135790513965996
1.11081,0.728849724492959,0.299397720708013,-0.175792552395636,-0.359003178816794
1.06707,0.54098530318824,-0.0771530129383049,-0.0485787357564255,-0.449352853022207
-1.4103,-0.70595852561623,0.0885444352266107,-0.0871282900661689,-0.0734404625260235
-0.795253,-0.41749435522414,-0.127044387554497,-0.472512715531214,-0.412389967071478
-0.482059,-0.205787087662248,0.199871098372084,-0.611517018638263,-0.584641225711312
-1.85846,-0.935947981951712,-0.214674836517365,-0.426159353710513,-0.190358432512144
0.42798,0.335045742794931,0.283066891891337,-0.377359719729785,-0.649167898507981
0.423417,0.177290482836721,-0.0293747790105667,-0.523944495460939,-0.546383578938237
-0.0479871,0.0725398856344245,0.276720868686826,-0.504218526309685,-0.48598944240111
-1.46132,-0.661148270333705,-0.161892842486442,-0.0998881784249508,-0.23565768612075
-1.03719,-0.403634859981959,0.118947217662344,-0.179009179252429,-0.342564154753643
-0.290436,-0.136781960595294,-0.0611238134738909,-0.163914821395374,-0.344049725884802
0.436763,0.302932010515479,0.276738551187693,-0.348966516862848,-0.397974698473282
0.377205,0.168591180076024,-0.0456536999209796,-0.332165575427935,-0.357797903400416
-0.0783779,0.0720184937394269,0.237514831989827,-0.285138010074144,-0.355337987508675
-1.41993,-0.624371623374825,-0.141319131557451,-0.11052855863594,-0.140389256592644
-1.00551,-0.419206175637484,0.164281417992444,-0.139420957354221,-0.211215689972241
-0.329002,-0.180581526021889,-0.0822497364770078,-0.0333370696713082,-0.166007794760583
1.12853,0.735945916265398,0.297671247426667,-0.20222468797106,-0.415813489417072
1.06554,0.561328720777371,-0.0370967305941796,-0.0696710169844156,-0.481615251526718
-1.4576,-0.737506924337469,0.11696675829475,-0.136706811200625,-0.0720711745315752
-0.89787,-0.506909593561941,-0.101396213857868,-0.550157000228272,-0.413512361207495
-0.517515,-0.252155893155751,0.200270600473418,-0.691399047954591,-0.563980212352533
-2.02034,-1.14953718603676,-0.271244751965321,-0.374502627091829,-0.0564203365718251
1.12588,0.759738363036791,0.275599883669063,-0.297083110522574,-0.73668333795975
1.05843,0.602255789324664,-0.053104071521021,-0.203721861995711,-0.716524271686329
-1.52487,-0.80184841548826,0.0846468998840072,-0.471406020956902,-0.227009674878557
-0.92411,-0.515739326918322,-0.087898027656728,-0.581689149237489,-0.542182049791811
-0.524565,-0.253400314020249,0.172456448277089,-0.694122055013203,-0.717891943962526
-2.03462,-1.04474097436425,-0.20113315591252,-0.511997432999607,-0.228654980048577
0.455979,0.339184967630783,0.283446007111424,-0.438167509149425,-0.725381260756419
0.366862,0.162438426631261,-0.0197269577391967,-0.543917776685845,-0.61160631037474
-0.0787725,0.055333649975459,0.234585555949049,-0.516457579645604,-0.629462418459403
-1.44848,-0.659686744424883,-0.132853802514848,-0.121700262137382,-0.439238586918806
-1.04777,-0.404761006695694,0.156978447096337,-0.455993560295128,-0.601130630638446
-0.327681,-0.175811836572081,-0.073266140064004,-1.04868997699898,-0.723620740978487
-0.567399,-0.217831211255432,0.188676368620125,-0.855333153450436,-0.702479883934767
-2.00484,-1.0267912391074,-0.243248083613477,-0.241798898509143,-0.269117181644691
0.449345,0.328732474823814,0.335223289631279,-0.321963383817328,-0.713825979181124
0.38379,0.174836125514155,-0.00262570193636404,-0.540725848680331,-0.509624731089521
-0.032722,0.0770428381568568,0.307734294589922,-0.502734885892214,-0.437625541637752
-1.44964,-0.650613477984728,-0.160218026301188,-0.0935204415498922,-0.19533399167245
-1.01377,-0.419140219581683,0.193313770679509,-0.127429036825684,-0.25631821165857
-0.290282,-0.15163314145395,-0.0516791241078716,-0.00373326669249147,-0.151044201249133
1.11555,0.743733581715762,0.292982205739772,-0.203839104266387,-0.309466202290076
1.05584,0.564554755751059,-0.0279347298402686,-0.0782807226583113,-0.346164534698126
-1.50602,-0.804118626961545,0.0893828497289984,0.177086191901241,0.0973251439972242
-0.940641,-0.459274226928398,-0.108290669536841,0.383344000529762,-0.110556391394865
0.416642,0.296228885299268,0.284764230644222,-0.121101387464879,-0.375124025676613
0.36374,0.172242497351704,-0.0252024789674648,-0.535757445332102,-0.338470378209577
-0.103772,0.0468040659142812,0.262048093653311,-0.41868004320135,-0.364502231089521
-1.41135,-0.583893217148626,-0.124700316965741,-0.110135163302536,-0.199529004163775
-1.06073,-0.43850440512314,0.161299516466086,-0.138966215243497,-0.225181923664122
-0.256425,-0.131260817652258,-0.0410883175320908,-0.0198994444871483,-0.19459087925052
1.11382,0.72562589783208,0.30262179845796,-0.237917141456707,-0.425515765093685
1.01923,0.555983737839294,-0.051195280750783,-0.10759635966329,-0.49217468667592
-1.48701,-0.765719808522927,0.102593118023083,-0.155123870174235,-0.0907142175572519
-0.936538,-0.516919776867674,-0.0765149107452074,-0.551206176746339,-0.372401300485774
-0.561006,-0.274794005536013,0.215876204636943,-0.698055896437376,-0.438981637057599
-1.96457,-1.14128171409892,-0.203705351081569,-0.394567931873053,0.155657966797572
1.12596,0.759472949304234,0.321679817997032,-0.0282641882908201,-0.324719127906977
1.04705,0.621232751705107,-0.0552911761951133,0.224483497947501,0.00230677386317085
0.450447,0.365541100756587,0.314598223538159,0.381853921331305,0.338825078412391
0.347192,0.283726805036944,0.000698392057075356,0.916058635647331,0.428074732130465
