1000
-0.867389,-0.790285128399661,0.0458821336888789,-0.927710723448104,-0.976932670754161
-0.972015,-0.925024421113955,-0.521488444986476,-0.958144391391109,-0.961058948074478
-0.977467,-0.945638377671974,-0.590292868334108,-0.968837098579863,-0.966705362219857
-0.984849,-0.95379879228497,-0.612892483680671,-0.958550615110486,-0.969119740093989
-0.971987,-0.941279675329216,-0.657818407356822,-0.960608803598713,-0.975938257518055
-0.978551,-0.939329818615645,-0.543167649396275,-0.964657798970275,-0.978419492296633
-0.991665,-0.947040584410449,-0.491960302710822,-0.965295061649825,-0.992579943800768
-1.00429,-0.964424033438234,-0.585822953811438,-0.965883055509021,-0.996626261566951
-0.990676,-0.952520661021777,-0.564732106671272,-0.969285008138932,-1.00189787623017
-1.01503,-0.972024393576798,-0.45562111088531,-0.962745452268466,-0.998600416380259
-1.00401,-0.961673638519395,-0.462478663507127,-0.968154123214044,-0.998197723764724
-1.02833,-0.982460066284226,-0.537496968769792,-0.96877086938995,-0.968275317198345
-1.02528,-0.982437359975368,-0.558942639307951,-0.971052451942971,-0.954437150100101
-1.01394,-0.977204280448125,-0.565913163065775,-0.965456615261098,-0.953382331265576
-0.97371,-0.93635557348824,-0.463627932660598,-0.974368650655804,-0.940581204547182
-0.953346,-0.93219607742862,-0.34648588392486,-0.964567945295793,-0.924822875532675
-0.690891,-0.68212354857,-0.357104448475654,-0.955781123716718,-0.935005935886373
-0.852565,-0.828993171902314,-0.615739481298908,-0.960951260039779,-0.885629560806276
-0.996096,-0.944228975491561,-0.331668433712349,-0.9571520601936,-0.842588087693079
-0.827159,-0.833539318640585,-0.439794877213547,-0.965932312136944,-0.855748314119108
-0.845948,-0.844275155617663,-0.740603267510883,-0.95126409436696,-0.852126784330261
-0.834132,-0.798071221801259,-0.553326120503231,-0.955096319541939,-0.854735896267355
-0.699717,-0.695156929130201,0.0741493336527054,-0.943705414685502,-0.896793083598849
-0.742034,-0.722613942680077,-0.147258031333619,-0.945933254814723,-0.905552103584633
-0.974352,-0.9328974116276,-0.592984138222421,-0.965172312832048,-0.879468830448813
-0.963381,-0.928166767419581,-0.667642881971061,-0.959644705735572,-0.89602890676508
-0.967955,-0.928741474888855,-0.635211814037595,-0.962938451328622,-0.88126901330843
-0.981834,-0.938452083204376,-0.458692766861537,-0.978975946070704,-0.890328069103664
-0.981149,-0.939999554448155,-0.498996494435955,-0.985804839561488,-0.920323712542368
-0.959902,-0.918879133747591,-0.468082771150763,-0.968896624608059,-0.942487333766394
-0.968156,-0.924049925927176,-0.443681672824168,-0.968622163094024,-0.940159193654362
-0.677761,-0.747941462865922,-0.635919659232674,-0.960767307098827,-0.971812972159277
-0.939391,-0.905005680614653,-0.591175816169848,-0.971319136857065,-0.945659715043606
-1.01826,-0.968483706268888,-0.492104777138565,-0.986591749861786,-0.941251063728051
-0.960207,-0.929915050198224,-0.439488874159944,-0.974891164058344,-0.952400122604762
-0.967604,-0.934491354179708,-0.462208383546567,-0.97155280550402,-0.958587543015796
-0.974805,-0.940532680127485,-0.57200149407201,-0.98016066010519,-0.963146816346091
-0.981847,-0.945740910422291,-0.523512719614895,-0.981817287083011,-0.993942871585328
-1.0144,-0.966294423424667,-0.457102180559245,-0.983804363393711,-0.995618695174784
-1.02328,-0.972596804548362,-0.500387382830139,-0.992218562406745,-0.968582261270607
-1.02277,-0.970828064243806,-0.511075575148054,-0.99035399017283,-0.957600261619925
-1.01225,-0.962090940460411,-0.519329691904768,-0.988503423722159,-0.959878738105385
-1.0052,-0.955369072781508,-0.493889465808227,-0.990051113866573,-0.963218147454723
-0.989207,-0.944040531700049,-0.52163192518149,-0.987249533982563,-0.962961822333968
-0.738951,-0.715460919993872,-0.700025083724138,-0.958914731300623,-0.982953532463475
-0.848916,-0.81750447512255,-0.408551871409052,-0.978900416163861,-0.958131750441169
-0.991164,-0.955181299856619,-0.629725951818627,-0.971166086724635,-0.934739465975026
-1.01541,-0.971732080216646,-0.580462135873546,-0.983925294554623,-0.929050701918773
-0.974977,-0.935034407192481,-0.519375661066021,-0.98582678244074,-0.935276427207217
-0.953843,-0.918548054057982,-0.50291576124013,-0.988385294134238,-0.940542757447769
-0.886151,-0.869069775520904,-0.571635903901276,-0.985133492473848,-0.965170277663797
-0.931264,-0.910972779256292,-0.582407544622173,-0.982316953353803,-0.973645444310503
-0.97431,-0.936083994753077,-0.540070832551854,-0.999519748716146,-0.972363587929672
-1.02112,-0.950868880783433,-0.483597272638122,-0.993816170481589,-0.96898349463654
-1.01574,-0.941540297532294,-0.472923127217513,-0.997827289874715,-0.97571303723589
-0.920651,-0.865544239891596,-0.446271959014493,-0.930064028313255,-0.994599848986287
-0.988396,-0.922457088493638,-0.437038627945184,-0.97213492460555,-1.00247974959811
-1.02204,-0.943106181607618,-0.465029548341697,-0.982349043887566,-1.00830916241257
-1.02616,-0.94920193056609,-0.491357880391387,-0.984215693122725,-1.01309017351464
-1.03428,-0.954211992182174,-0.494971089756526,-0.993498969053054,-1.01221954391911
-1.04048,-0.959531228897592,-0.500800840555028,-0.991896099479518,-1.00944023600542
-1.03964,-0.959026261444131,-0.524797802833817,-0.982129415619509,-0.997349856248444
-1.02429,-0.934554054443175,-0.523928768365846,-0.965230555491201,-0.99801428469549
-1.02389,-0.926395025762481,-0.505778600249599,-0.960378724876651,-0.997297443161559
-1.01594,-0.930356916861432,-0.492106917945641,-0.975233851825431,-0.996889033722058
-0.989357,-0.895463579417644,-0.489325372907346,-0.959934996587656,-0.997273349859257
-0.792697,-0.698637959514665,-0.366435993974378,-0.766238289698931,-1.01583962100961
-0.986455,-0.847630913992896,-0.358584395369858,-0.842482568047009,-0.99386577657169
-1.02381,-0.916025069534228,-0.44915360632919,-0.916415849345864,-0.990380003917864
-1.02271,-0.903165940724663,-0.469319025488899,-0.943669356638707,-0.9912522705373
-1.01743,-0.908942311368619,-0.481114191470138,-0.930862580868396,-0.9930541680215
-1.01933,-0.899559907663069,-0.472350966991684,-0.934220253807028,-0.997202167965711
-1.02224,-0.903590772860773,-0.479446210888828,-0.934378039244178,-1.01928105724987
-1.02156,-0.905772619106026,-0.473330444065011,-0.949762287106474,-1.02298694880125
-1.02357,-0.89388753788515,-0.466154636223378,-0.836721940223948,-0.853157864441055
-1.02104,-0.899186206261178,-0.468573209319742,-0.93954625287917,-0.670412832183201
-1.0282,-0.905938344098346,-0.449515782360563,-0.912193870889141,-0.45055736481556
-1.02761,-0.891902868263781,-0.455055996230939,-0.770168838186218,-0.221588432187802
-1.02431,-0.899342261529576,-0.495577417962174,-0.885502765379159,-0.0273939349476682
0.765626,0.499760340555472,0.170373501788479,0.309206214408423,-0.0281811239093531
0.860474,0.644405833469252,0.597934784272237,0.39883923660417,0.147117632921986
1.19467,0.837493059570449,0.409676566640567,0.451410468072353,0.302897701943399
1.23566,0.834169763620459,0.0681942039242058,0.499614557446618,0.490943058545003
0.804402,0.627787303533508,0.113966829950908,0.538559270222179,0.717419796012454
0.731336,0.561225862732207,0.175086167799255,0.503769239922745,0.907193895344535
0.706497,0.580036946745457,0.34218297602333,0.510863692326301,0.926007396590936
0.834076,0.650370744798745,0.213520475507762,0.559370484366118,0.918300439771009
0.906318,0.639289831661824,0.0614545668377672,0.636984234460531,0.873271579954955
0.846337,0.52514787419692,0.155961509293973,0.600436325232563,0.830805525937314
0.91797,0.566180526308995,0.272766284784905,0.643328555701176,0.817660878334156
0.952827,0.689023139986508,0.4863111405071,0.648936761704878,0.834617866116803
0.929807,0.747047273368937,0.319361952595822,0.750994384118756,0.861970915625084
0.794833,0.626315875994394,0.228567891915166,0.769285267639039,0.871856651638601
0.706663,0.491412019116002,0.285659016572044,0.725681950777986,0.871559949261687
0.739557,0.601033812040019,0.253281551713087,0.801609604910221,0.876897516463967
0.95222,0.793181762636301,0.242023451177634,0.848178303044892,0.857835020768308
0.978287,0.795732872008359,0.490245998671566,0.833369315641646,0.846751865403021
0.795695,0.655809258102391,0.623026257012547,0.845003685803078,0.853946482119206
0.810446,0.601248557073093,0.280050224143576,0.904717456694357,0.861495720324281
0.940432,0.600952777164941,0.00615616517204719,0.91584324714607,0.861302877791021
0.948893,0.660468554556299,0.23500986966958,0.924363254724048,0.875510575013473
0.855877,0.677118243700171,0.43739865053292,0.944599443510187,0.902360351684069
0.793069,0.654991441265479,0.258971033984383,0.981134443161007,0.930684255801925
0.886543,0.626638044150957,0.106414499346551,1.02129712626476,0.944065679747289
0.848475,0.550399130848825,0.286908971396983,0.9943129554274,0.993856423388372
0.902833,0.570301826867847,0.439179756542821,1.01873660833164,1.00951395171236
1.13475,0.716717555090226,0.320219471504078,1.05961836378785,1.03320571886723
1.20007,0.742831465934763,0.126459065776551,1.06325416251663,1.08701586259674
1.02648,0.633357468223146,0.0982561194103743,1.05011912204703,1.15828045567924
1.27315,1.125589241478,0.641124754536763,1.21424022785299,1.21094917318601
1.13409,1.08784666446278,0.475003830374725,1.22743934632247,1.31944548665548
1.4218,1.21163291208181,0.980507993351808,1.22232142100903,1.37363827653453
1.45698,1.05061036108084,0.814923971583601,1.20176424323723,1.41262089575858
1.31053,0.914264604364179,0.43715060414419,1.22179667435336,1.44648388948658
1.68243,1.24568296817226,0.718822421913958,1.24161869862754,1.41271020298929
1.79414,1.35859279301171,0.709181360386336,1.28765598602396,1.43648199326586
1.74998,1.46014960616527,0.650538723038284,1.29954647119146,1.51187491694727
1.53279,1.36171381002515,0.740511556102541,1.27078736166357,1.55039153740092
1.34201,1.24181203011678,0.300393582873983,1.29396423684781,1.58496775627724
1.05174,1.20305442572481,0.749646704703698,1.32031307371845,1.65049666840272
1.63754,1.53899117396794,0.80737639696611,1.32303489420445,1.59891270046002
1.88894,1.54210582721817,0.581460090494579,1.35297868242307,1.57594805522223
1.59705,1.35008371553315,0.676646131757905,1.37369472180419,1.55397740970656
1.62096,1.35691134417906,0.688641866217103,1.37450625647454,1.5201241408122
1.67932,1.63334483364671,0.817381588619696,1.39097091910047,1.55661657706744
1.77812,1.70725035386111,1.32951874097432,1.38875475508468,1.62144177544727
1.80291,1.87800819794399,1.30374530825019,1.39756600981994,1.58806738685542
1.1578,1.34646050483883,0.863283972384638,1.4115286749728,1.6286270203083
1.18878,1.19385539366827,0.679565203589883,1.4096965793174,1.60115848600207
1.79837,1.66248718800969,1.26093740899929,1.40325915751822,1.52131875632737
1.86711,1.82491512628404,0.956601426034438,1.40926889803294,1.47101898258712
1.33531,1.41586556591055,0.588241750869766,1.42258259320545,1.48108753985807
1.614,1.49658399588367,0.872218395366658,1.41468208156069,1.41249784975225
1.34898,0.966375646765932,-0.93433488210806,1.35098938259379,1.44788036895717
1.46201,0.990242537812025,-0.843566797137918,1.31586602737037,1.43420107062162
1.22898,0.929341330085538,0.176598228112384,1.32265127415382,1.40137266709814
1.30137,0.93833170970385,0.435252129596385,1.30708238103986,1.3251334051258
1.40852,1.07213450916191,0.100951352021622,1.29362127970242,1.31580540456578
1.25857,0.894187190692614,-0.0471340247719223,1.25992494614987,1.29645916545772
1.209,0.948244495325422,0.402400399238333,1.23639219107882,1.2848353310049
1.22004,1.11857994054997,0.0519590955488335,1.23072213075174,1.26942342136392
1.16166,0.980860649564617,-0.126674034988575,1.17633532166617,1.31115484487191
1.37776,1.03973322551541,-1.08655782151219,1.07543968389533,1.33301143483406
1.25375,1.12752758258889,-1.00339571656898,1.03945790066939,1.35350971703074
1.18215,1.04574788657258,0.108976638207109,1.16399632359757,1.34926890151125
1.31793,0.982104856004719,0.384549586455119,1.08131867593146,1.36899184946798
1.60528,1.10566849341337,0.311483659995355,1.08334118543742,1.33837342737155
1.76485,1.36911973674408,0.307778381277057,1.07692831541572,1.34922913911165
1.45932,1.29038288778432,0.458227117717272,1.07412466821055,1.39884129682372
1.10204,1.02132416522556,0.259060251556214,0.948703251255,1.42968148621208
1.54186,1.03265859865594,-0.87823130147285,0.701289400700794,1.39404592188443
1.19117,1.06910839749701,0.0432288544148949,0.952516999656776,1.4410171895582
1.44867,1.1386627910892,0.254235367523137,0.946932108477119,1.38925560323326
1.5644,1.21356552433778,0.178209661905025,0.904538948374165,1.13662795732793
1.18644,1.04404111912066,0.126745386905789,0.876809905433767,0.950370913443868
1.31607,1.04781044843305,0.192973130475198,0.765541693710269,0.727076214356012
1.43435,1.28003272901479,0.825946605118736,0.64945062756826,0.459519375500731
1.35509,1.24932909975164,0.393977421726527,0.616240923857841,0.236187750104445
-0.770818,-0.671711333895046,-0.106377782179079,-0.179227964236028,0.204530984650384
-0.87296,-0.852444323183815,-0.857309535008013,-0.5940702039894,-0.0504254132718316
-0.984732,-0.909823386833372,-0.851200534112183,-0.615708602467337,-0.264169961457785
-0.96659,-0.883618688518391,-0.647041130663593,-0.770076072199433,-0.499509295818379
-1.00047,-0.89204674562321,-0.487687687712218,-0.90328006367749,-0.732074336901174
-0.988557,-0.865047909131981,-0.380813322910672,-0.842735688096083,-0.95445597517477
-0.982079,-0.860984663594506,-0.333387251349838,-0.82000762838513,-0.949340509402499
-0.992922,-0.887370797750949,-0.460483484542802,-0.92422587144501,-0.957735595313458
-1.00758,-0.898692540242155,-0.505951160308675,-0.943534909277102,-0.956698275637467
-0.983948,-0.894331340592077,-0.548228265436887,-0.927245341941479,-0.960801832539705
-0.967039,-0.894118216421353,-0.582306175454198,-0.910200859396974,-0.962166294450725
-0.706256,-0.550281347046804,0.0632565665870022,-0.618883196042547,-0.993043474774694
-0.98086,-0.901948573577937,-0.72277349382249,-0.840057543019882,-0.967882161305877
-0.998283,-0.898646729411975,-0.564842182622766,-0.942246011552386,-0.968064760808596
-0.99237,-0.891643036957674,-0.47654698733394,-0.960941478396239,-0.969608851533767
-1.00455,-0.904578297156352,-0.542336073825274,-0.960250975245704,-0.969194022822078
-1.0243,-0.923046477278948,-0.574889778353222,-0.952718490441699,-0.971045577396302
-1.01985,-0.917051621603318,-0.517240975958365,-0.976573318983884,-0.999875146906417
-1.00348,-0.912612948761539,-0.544566425411418,-0.961816540429821,-0.953574469665258
-1.00573,-0.922675540779936,-0.576282342967722,-0.954895821870268,-0.94089042082454
-0.982108,-0.892728206779106,-0.525269479722749,-0.972821394089986,-0.935659453547223
-0.999546,-0.901250769263708,-0.482345017413001,-0.965857401516628,-0.931711179987296
-1.00497,-0.908475215145397,-0.456791350473911,-0.980265396146922,-0.923958771730932
-0.475148,-0.551840267085982,0.156423924829761,-0.85868173226849,-0.9741236096563
-0.882544,-0.805889280262982,-0.111393350280356,-0.915245589718146,-0.931871609496301
-0.929745,-0.869194118881003,-0.380436853770608,-0.978570806791763,-0.930527073719656
-1.00339,-0.930426293463983,-0.476181085741161,-0.9937742708917,-0.928613141700276
-0.969071,-0.926619642901022,-0.436290890367718,-0.993503705457644,-0.936132736853038
-0.966219,-0.919972851919608,-0.457549514943352,-0.996182779812922,-0.938148307732845
-1.01386,-0.942540378628836,-0.498765005636603,-1.00202402613226,-0.870921926104853
-1.02984,-0.952429321066264,-0.515816692384188,-1.00143721895101,-0.876099422175924
-1.02641,-0.951338387746281,-0.499387299131814,-1.00084365589067,-0.880315437729631
-1.02027,-0.942073841311707,-0.427802597145987,-0.992076171379628,-0.877126203645634
-1.00151,-0.927482946780223,-0.442669083249491,-0.994694567113056,-0.878922078466097
0.188984,0.0453784137770496,-1.71373064129606,-0.977728541192895,-1.00782427028094
-0.981558,-0.897536739431648,-0.515851692275896,-0.992448598750165,-0.882650313684934
-1.00145,-0.917657972990051,-0.373576473126059,-0.99323778924862,-0.879305573810993
-0.996211,-0.918456990276381,-0.349889025974547,-0.990999067124662,-0.880110642219483
-1.00307,-0.923615753443324,-0.407690636391992,-0.994559151961079,-0.879330645699492
-1.00634,-0.93352516235007,-0.510727432242474,-1.00471432780518,-0.880961064320933
-0.995858,-0.920360727994092,-0.417121064725161,-0.994165019955011,-0.966397016611189
-0.983678,-0.91146824606063,-0.464079278071249,-0.999252313546872,-0.965552210539042
-0.996059,-0.931554362069979,-0.547250569783836,-1.0050257275762,-0.963610456441913
-0.987223,-0.925148743427335,-0.442515954690268,-0.998098675107923,-0.966165659556125
-0.991144,-0.91442517469236,-0.494641253094451,-1.00314304759027,-0.96615070272746
-0.701135,-0.626656274750351,-0.455592709354206,-0.948977242550134,-0.99833635539473
-0.967991,-0.846516453482621,-0.356891309282746,-0.973169814882042,-0.972386216374764
-1.0044,-0.924868948065924,-0.487181937669572,-0.951993138962355,-0.972405033787506
-1.02241,-0.931095480099734,-0.530613128808556,-0.990196369448581,-0.974730897936428
-1.01554,-0.926864508388989,-0.518056255647407,-0.988571135186819,-0.980669844105689
-1.02239,-0.925405377377735,-0.497538689345937,-0.984788819404884,-0.984450193228107
-1.01566,-0.920068179218237,-0.511381903775968,-0.959956691419969,-0.993796848304932
-1.0129,-0.911037526470825,-0.504832803012092,-0.980284121816027,-0.99806600904534
-1.02886,-0.919201485350649,-0.496891608733839,-0.986507056691218,-0.997742899928603
-1.03085,-0.914329556014969,-0.495979196184513,-0.966966653343704,-0.995508649567302
-1.02814,-0.913517536606779,-0.515110567137201,-0.973164813451436,-0.994170901158914
-0.789807,-0.781155012239377,-0.355096562792933,-0.83378157193598,-1.01930772546231
-1.01489,-0.880567402991627,-0.441136893669926,-0.907507320835312,-0.996138582917357
-1.02449,-0.896636820246891,-0.497705558974232,-0.902501301345259,-0.996420929672909
-1.00692,-0.893217259312475,-0.498293458232852,-0.954998123930911,-0.997488314253963
-1.00542,-0.892078450931577,-0.501211020248372,-0.957609626280588,-0.9976035951206
-1.02378,-0.90949751881476,-0.503895794058216,-0.960546251625202,-0.995895800860375
-1.02245,-0.906740612503961,-0.506663533492851,-0.954426124179557,-1.01763438469932
-1.02129,-0.912561552557412,-0.538100258881187,-0.933728315994832,-1.0183770567782
-1.01472,-0.905850904675868,-0.550806019813366,-0.926236184560206,-0.838745805793735
-1.02424,-0.902888059426013,-0.518548394150595,-0.929474735009146,-0.631365939063709
-1.02393,-0.902081727771592,-0.497400418722656,-0.930607872649972,-0.428154824320097
-1.01669,-0.898090135219564,-0.511848561293484,-0.93910349438727,-0.221428756345152
-1.02091,-0.900347424452221,-0.520953430621444,-0.922531536971447,-0.00319171584220718
0.878058,0.568809251007374,0.218381164101261,0.295401469342616,0.0207847597802249
1.11938,0.81092109917787,0.544313555084147,0.589447738926008,0.210671329328302
1.0292,0.800322163763115,0.484157426764072,0.719905592712076,0.428945423665104
0.998244,0.695074548011726,0.25217344096582,0.708528528681583,0.634241418796682
1.05003,0.647031661035996,0.220275030364757,0.602660794449379,0.844911656935334
1.11161,0.751973938723707,0.231136228972597,0.712666756687438,1.05490758228087
1.02693,0.675934359544163,0.227015184026064,0.72722010921648,1.08143061171127
1.00336,0.596158379420427,0.338300161522876,0.708841812719448,1.07333557365087
0.992599,0.651954196562503,0.529122630810036,0.765063511596749,1.07012077407782
1.20591,0.792226519474044,0.326295182597743,0.821232091565343,1.03122261402095
1.25689,0.776859868410371,-0.0183163073368682,0.83347696732961,1.02548233862328
1.05674,0.636187977561895,0.173263835056743,0.830760384079529,1.05123018357951
0.999077,0.648440657843622,0.315245586828172,0.876147938317239,1.10099677502827
0.973906,0.649604589082617,0.281915766301843,0.870518661613277,1.13644712365921
0.821905,0.448403080483832,0.0748963384481183,0.866599947647133,1.15373794678619
1.05355,0.888516771503333,0.455437240991871,1.03952107954478,1.11899524115897
1.17157,0.926454105232099,0.535233023298576,1.09049639881462,1.08962546578335
1.50053,1.05458731813635,0.590168532146384,1.1049146008857,1.07114276841448
1.34917,0.836983449182737,0.10578811024913,1.08544236259286,1.14574313570974
0.990858,0.649008906274551,0.240390101045546,1.06529861719095,1.2282160136556
1.07613,0.831837545237198,0.455124026280617,1.13996324952024,1.23557733083847
1.04787,0.755793579770532,0.343708700064767,1.15650020524857,1.23033016537256
1.20987,0.823311955988064,0.516046504415284,1.18399789388374,1.18673074363425
1.60985,1.05568974778537,0.362183313323198,1.22947307863114,1.07282296033287
1.43616,0.862854399739542,0.141911875108357,1.25863976969536,1.09620036507494
0.988933,0.674794685234143,0.306556161285916,1.23399796736007,1.1803094065279
0.959819,0.720940240757276,0.25366943670348,1.27109554111963,1.24419168175751
0.888062,0.610858422995995,0.212090236734149,1.26924440157175,1.3481227560642
0.74786,0.461798230290125,0.314372154575082,1.28653717538624,1.43193410929172
1.42323,1.28097247316268,0.693182439843069,1.59359968667347,1.37909219264635
1.40786,1.24525970378471,1.07470539287433,1.5635484766565,1.46719888671801
1.74209,1.356218950002,0.701944969742651,1.59832169566227,1.57290319465097
2.06295,1.50809625131023,0.756435530260631,1.63548715488192,1.61279942062369
1.89255,1.57493693004044,0.876232479939721,1.66061623721806,1.76347752465619
1.72433,1.32032447950332,0.665675020477934,1.55497413358427,1.95932965510838
2.24167,1.65542022882149,0.671721660775714,1.65764036774618,1.98166445502987
2.36752,1.82550492036014,0.524576644710773,1.65859675116978,2.01429445812177
1.6344,1.64699700239881,1.19473827811988,1.65847681987276,2.15136898730221
2.21566,1.89904646380681,1.40191106100321,1.64521120345554,2.11685802296996
2.57662,1.98859119521779,0.887773499392747,1.66201485196841,2.0769493107589
2.18774,1.83946321778601,0.96105508569915,1.71955691923348,2.10245040788564
1.85942,1.65191137443458,0.874581749556582,1.73085560957621,2.09354196204787
2.34762,1.90423968673555,0.93691361473278,1.70264377042342,1.97942082254865
2.32432,1.86655304469095,1.33354599508531,1.6599388047663,1.99265572518534
1.85205,1.54716765041942,0.790432205451223,1.71142748271932,2.04063002534146
1.56312,1.66420436760694,1.38521266529834,1.66661380535534,2.03709738695726
1.80203,1.51157311000676,0.690781073558873,1.70594337609872,1.99909688092845
1.73597,1.39092142055289,0.61729394432081,1.64619152422489,2.0001115563666
1.79977,1.55924992722217,1.3186610617537,1.65943376128879,1.93908008021533
2.25426,1.9114199013594,1.13698426665443,1.64768032275425,1.80114230554734
2.25048,1.906000847192,1.13612728706431,1.68898175742655,1.77015097828505
2.06254,1.76669892823946,0.945119565379333,1.71402573334684,1.76755613391075
1.78825,1.18052142067863,-0.250552025248124,1.5270051602061,1.73809614900533
1.75102,1.37843532311445,0.500436536770098,1.562423608312,1.69266423193169
1.34879,1.15009655234469,0.836754945659506,1.51682216376203,1.66933653832873
1.51906,1.15117576588089,0.440509893599549,1.50168379825823,1.56108265550829
1.35989,0.995637158284101,0.161236403217642,1.49138362861614,1.51715672035533
1.24411,1.01698200836063,0.445114546076648,1.4680529268057,1.47490468075315
1.29576,1.01785374438283,0.330230005688353,1.44868802047897,1.43573751423835
1.18742,0.96028574264769,0.352986080021961,1.4052686310746,1.43674020505159
1.37745,0.944351300888237,-0.84200863033155,1.30020716398368,1.44354278729471
1.66084,1.25549978855544,0.463860305567557,1.44090753101143,1.42048856781391
1.51287,1.25254921855102,0.732932106566112,1.37906688413654,1.44783352004879
1.43929,1.22331301411446,0.583625727511925,1.33701784928813,1.4662933823024
1.62673,1.36283737928661,0.702178294296205,1.31980684503031,1.46763910611603
1.60853,1.23537463648629,0.402833506933439,1.26622314219312,1.50779377071114
1.56023,1.18018631400083,0.261438995253643,1.21287903517258,1.53473745854609
1.45286,1.14644640640764,0.608064359470676,1.1828954161558,1.5184554222822
1.3372,1.17562374268588,-0.47846543195991,0.921109367829336,1.50850699880056
1.51218,1.28409062352681,0.537228542102186,1.10002839191375,1.46831414302829
1.59416,1.19789727126793,0.775131493538264,1.08520864494297,1.29833181573353
1.61763,1.28312209368134,0.740209747925384,1.07473159920683,1.08123090429489
1.37386,1.12002009901608,0.485134962884701,1.02241769683496,0.899606695695272
1.28325,1.06395784050922,0.597991050672403,1.01655740650338,0.668430232844615
1.21963,1.01293347844373,0.711721714681519,0.875685963947788,0.449015893936443
-0.0628976,0.0205901914708045,2.04515204866244,0.319507529202883,0.344815745701652
-0.600023,-0.641508135357496,-0.796473304783646,-0.0947144231856239,0.160222819295145
-0.516023,-0.588721576228449,-0.933436834599689,-0.231295230160701,-0.0970622364730549
-0.920947,-0.758613880471551,-0.0845170040559105,-0.339673108191945,-0.286184157985886
-0.821555,-0.713393790522399,-0.157156800592306,-0.462004893965161,-0.519989477422833
-0.770493,-0.747279974817146,-0.579186186157461,-0.745296500792562,-0.739361120521625
-0.713949,-0.696576129703337,-0.310455896630738,-0.638525675672367,-0.836641045070597
-0.80891,-0.755107575979641,-0.3036794157901,-0.620277452154869,-0.863805702657962
-0.935786,-0.843215271403059,-0.546698133435164,-0.852588829960334,-0.895319998203972
-0.983939,-0.88638287298253,-0.589276159111377,-0.878407822994521,-0.90028730939177
-1.00135,-0.895489927208606,-0.578545936424028,-0.881797913001012,-0.913654610106957
-1.00255,-0.896416003626523,-0.583841701933908,-0.878656409578883,-0.839867006225894
-0.96754,-0.878428314735728,-0.588451965759561,-0.887857926088122,-0.862092232882049
-0.96889,-0.875134982186727,-0.583735668228366,-0.899448781217617,-0.871999453025883
-1.00388,-0.888789108395769,-0.572373137622952,-0.902455830499568,-0.868279083330968
-0.962325,-0.870477150016565,-0.466032064016574,-0.859025722242695,-0.865759948587294
0.0187833,-0.151415972057288,-0.144627335547423,-0.537708680085486,-0.957223162203329
-0.931143,-0.882978127032869,-0.766843030451364,-0.807812487707179,-0.844380927874213
-0.943477,-0.887231982080643,-0.598572927364801,-0.868880199769712,-0.832106674751813
-0.967211,-0.896407632162898,-0.527197413138823,-0.878770216940678,-0.819825965573219
-0.943199,-0.882451981138735,-0.394302746114253,-0.861953560475014,-0.818294835073528
-0.880573,-0.857912243083203,-0.397509024476768,-0.886593392019768,-0.82301814962574
-0.872197,-0.842272967074485,-0.446461549480229,-0.902244934374904,-0.885100914264439
-0.829872,-0.808251913383444,-0.606747658632909,-0.906362648537922,-0.829137934393038
-0.847251,-0.825326004686651,-0.581050326974021,-0.912971533576423,-0.829893472216046
-0.944398,-0.880236013703699,-0.428974252417684,-0.915201989776416,-0.82217983300874
-0.925155,-0.873644134666551,-0.43545912164847,-0.919084465733719,-0.83032365145875
-0.633443,-0.675685034607025,-1.08052706338304,-0.875665262555984,-0.873587277335739
-0.304232,-0.421488648170671,-0.154785341539635,-0.878191276139695,-0.921975856629291
-0.99353,-0.917774626931442,-0.562882556595906,-0.943007080674491,-0.867794437227183
-1.01213,-0.931373859869389,-0.556108588180373,-0.957845206764422,-0.885064692343651
-1.0218,-0.937311809962809,-0.564550229130789,-0.958036776380221,-0.894182302171517
-1.0182,-0.93337748486712,-0.503597401920661,-0.960227649643388,-0.90642454517903
-1.0032,-0.9298243691679,-0.534134306345616,-0.966548023348928,-0.94630243854037
-1.00432,-0.933560056255021,-0.611260561583172,-0.95981234701618,-1.00980059935238
-1.01487,-0.940394468531472,-0.638960673607814,-0.95872748181781,-0.986077021312219
-1.01846,-0.937346016418976,-0.525230290176527,-0.975714870599867,-0.982574160660701
-1.02056,-0.940816699245957,-0.467769626580367,-0.960819889858197,-0.962919942787639
-1.01804,-0.937633286672459,-0.526996111643288,-0.983236343593598,-0.940663557865175
-0.974478,-0.908996583729359,-0.512133902114586,-0.97191630442559,-0.93316909310153
-0.755643,-0.721835626051287,-0.408161415493054,-0.927109181461136,-0.949312093870307
-0.986569,-0.913385864225016,-0.506548369260003,-0.951842738963622,-0.919815099662675
-0.825198,-0.8183296254837,-0.447857623452376,-0.954203654669739,-0.934162054599397
-0.794431,-0.783185695923401,-0.369575180284849,-0.938374191844672,-0.923593285531222
-0.895063,-0.849986832020437,-0.409613888482717,-0.93918860502224,-0.900092606973974
-0.947192,-0.894894785317543,-0.476012173744312,-0.971860859129266,-0.886651394058217
-0.976183,-0.916952149487029,-0.571788114517885,-0.975183542124164,-0.896144071360707
-0.994751,-0.93503926348199,-0.590343487654827,-0.96989865223041,-0.826641207597618
-0.872754,-0.840333409369762,-0.342965035754631,-0.944213002481789,-0.827169296826941
-0.874919,-0.835952862579112,-0.262517893512082,-0.938667615067488,-0.843006391554958
-0.880567,-0.83817618009674,-0.453809768093764,-0.959658917241005,-0.850857151772257
-0.884357,-0.900127477017333,-0.578129418103034,-0.967363073072022,-0.855424068929775
-0.27295,-0.277612545420239,-0.205667288218363,-0.932226879328256,-0.923898551700121
-0.714212,-0.689982777922406,-0.356480373460868,-0.961646242585829,-0.881168986065141
-0.992966,-0.92944078536101,-0.493310322081461,-0.96564858015336,-0.869097348896699
-1.00999,-0.94732597179819,-0.520232892979428,-1.00096771047632,-0.884837629301574
-1.0205,-0.953110385475773,-0.504915598465183,-1.0074446924444,-0.899882265173249
-1.01626,-0.950721648949631,-0.511414282196655,-1.00604915035801,-0.916118292695266
-1.01969,-0.949643636636625,-0.510819796421284,-1.00325121794362,-0.987159892702192
-1.02247,-0.946628829145386,-0.502785654580491,-1.00396553546493,-1.01625715871137
-1.02269,-0.939818987695965,-0.494714573148931,-0.993877754851821,-1.01945834966548
-1.01751,-0.935384417575871,-0.509493529663094,-0.999730081689606,-1.02106980423363
-1.02153,-0.939730584142036,-0.523927267757796,-0.991284809044524,-1.01299550043476
-1.01675,-0.937034500836004,-0.502051156612831,-0.998132802473508,-0.940936480928037
-1.02313,-0.938730234171582,-0.504560972660452,-0.968960583915247,-0.897651664203618
-1.02664,-0.933888656300368,-0.509834651320374,-0.984843676751191,-0.884235571434102
-1.02099,-0.926494978288469,-0.516709837510334,-0.978739728921022,-0.881505410361135
-0.939645,-0.87371155811181,-0.523243670323907,-0.923753080314898,-0.887180557075331
-0.252865,-0.315174039490434,-0.57844279299935,-0.610654386436891,-0.957636988992622
-0.592774,-0.582617414411625,-0.638937497412935,-0.592713767851453,-0.921270134787672
-0.919385,-0.857666886722797,-0.55923580906839,-0.851361956941951,-0.888121132674572
-1.02578,-0.912642537688246,-0.495386868087247,-0.98145600851586,-0.878688078004263
-1.02391,-0.913404564103252,-0.523547275800707,-0.960999483470223,-0.881997482808161
-1.01682,-0.906244846915775,-0.499374090259811,-0.965351286621228,-0.894369636360411
-1.01146,-0.891813172514887,-0.497451921288422,-0.969130327648624,-0.968877737784309
-1.01221,-0.885799378655572,-0.51830106824065,-0.961106708861827,-1.00885088822093
-1.00976,-0.881662534123561,-0.491417751318183,-0.974273164464102,-1.015249523818
-1.01665,-0.882503161847921,-0.493280317884449,-0.96378230904688,-0.863431726042418
-1.02834,-0.898190223444573,-0.518262789613795,-0.955887186637059,-0.689845156717281
-1.01926,-0.888144296009571,-0.505146124489733,-0.974925770378295,-0.533965379357208
-1.01287,-0.881155761609631,-0.486878563990424,-0.959141990808022,-0.379259641363863
-0.984146,-0.859582351780087,-0.50743933009582,-0.865515956909088,-0.191926932434438
0.567258,0.50553826228456,0.406420097428154,0.203610715167487,-0.158410745722701
0.751251,0.520633514945567,0.276733092486086,0.443803190721119,0.0112976149995509
0.546378,0.418179088036434,0.253753174167392,0.478289875598928,0.235841539000078
0.491963,0.395131290509922,0.0268239060541232,0.473464586896365,0.446609283488553
0.817145,0.621366264865177,0.187439618279543,0.559882340322796,0.608510013241371
0.881937,0.721134703811394,0.418217283645761,0.487292737632744,0.777561565570896
0.790274,0.570374260988048,0.28596346639273,0.579288583648848,0.786063553583082
0.963983,0.628777821321416,0.193011735108092,0.568287944597591,0.763628210198875
1.03137,0.655459025150298,-0.0996991940079454,0.528489596607782,0.782049249724537
0.980611,0.682847549090198,0.0278693304014759,0.592131977274867,0.809715263377508
0.831796,0.630549156833843,0.284716098189118,0.55796018099922,0.821075036371326
0.521738,0.452615863735702,0.478430158441082,0.50280280769147,0.842943142239055
0.690068,0.520383819029603,0.356099069824629,0.581494428282797,0.845864314899942
0.814236,0.524110770377878,-0.0377759449717242,0.587484902611085,0.846015289169767
0.744025,0.548297970813964,0.160878990063246,0.632718697389444,0.843992372181087
0.797027,0.689623274227188,0.432562514542026,0.580125690951075,0.828580679417287
0.788452,0.478112719473106,-0.105210634429417,0.590497567650891,0.853729071813276
1.02628,0.673547827535458,0.240153964313905,0.685812954841497,0.894087790905775
1.10346,0.658629863087648,0.251073408331814,0.658061801200532,0.926647956396344
0.912899,0.511673990542708,0.259349389282436,0.673119330980149,0.968613423984785
0.8502,0.491900128556388,0.0798117670844507,0.666142362123274,1.01351786075518
1.05643,0.754942251882925,0.298603632541553,0.712975341260247,1.02193858355149
1.18727,0.836710187596838,0.282724501594519,0.717792986287462,1.00921868358186
1.09566,0.725087929175729,0.321972211471935,0.711146798119429,0.981823166763626
1.02269,0.653206427572949,0.224727792233909,0.722218222143684,0.962486027713915
1.13041,0.701638256218973,0.069619159847472,0.751898343766342,0.961654914163302
1.09823,0.80211334761965,0.282577622690878,0.770909004959226,0.919658048004135
0.786835,0.547854821503142,0.0586837724926197,0.766322410459923,0.871377863361195
0.632063,0.521735824697684,0.275342040292195,0.767833030990387,0.817631934840117
0.828134,0.656340498669573,0.346801232929505,0.768767122320589,0.71349977107167
1.04713,0.802862534667473,0.343818463576214,0.784952917275701,0.628318389458487
0.401385,0.626574657066705,1.03710963526091,0.6681208864609,0.597233750953221
0.243392,0.452124078820477,0.75314805667064,0.660882376106774,0.515132640405583
0.498285,0.643687622751419,0.633669725889523,0.712198348507258,0.427892934785128
0.265452,0.498737598180755,1.31002877025307,0.658713976618688,0.465191363320758
0.428871,0.668200354805433,1.0006556484672,0.66172256755035,0.448831449877543
0.137937,0.33354726786677,0.676363298176778,0.686259173206183,0.416205302959907
0.111252,0.415775357236294,0.935691787553658,0.683918660810113,0.43966837000859
0.203858,0.417863949460586,0.657798235658192,0.711520323523444,0.455029849037751
0.811046,0.61016744851879,0.372910850199421,0.721209028527002,0.385974247632034
0.862881,0.643985845860679,0.384485680039631,0.715811266891287,0.417220834445891
0.364771,0.483853836292428,0.753226262433565,0.673819178561395,0.456527323785238
0.597183,0.580052976877706,0.487798519402432,0.685163454760192,0.447518370436517
0.471365,0.465408612661982,0.366713370476523,0.700168852418139,0.506418102250118
0.406348,0.554370979472768,0.848370053682751,0.686590336107063,0.540821012297009
0.625801,0.824042571118405,0.836497564084281,0.737227437726506,0.477366843565429
0.267734,0.721276021615707,1.45296211561093,0.685061863636067,0.501720882507474
0.308017,0.674058933578235,1.13342252667869,0.676866100285359,0.537519041848827
0.610218,0.555625817507715,0.574047953951083,0.712892674665208,0.513156056453897
0.516879,0.456471369675631,0.428872848831394,0.751266838306567,0.588342339020975
0.40206,0.598699158942292,0.633488661529478,0.713182919181264,0.616745681633918
0.722136,0.775466945008714,0.642662649398656,0.747425228153903,0.586179910912749
0.782985,0.868401898003142,0.782618366502799,0.746010298046699,0.632048517035144
0.658095,0.815962423546764,0.635571560140299,0.737132190115307,0.695548915897969
1.1342,0.817510828960118,-0.32013795347907,0.771217534767828,0.666367937092376
0.537624,0.565528821735112,0.593611965811701,0.700653490049434,0.765261171545125
0.620206,0.53416000107377,0.535678437190654,0.720642615423489,0.798883661367806
0.78807,0.761894492906969,0.923399568404886,0.747175412854004,0.793191509739046
0.815782,0.628136358628228,0.154254686797995,0.747429247209432,0.798131459494891
0.822731,0.627418243470141,-0.0189237194127182,0.721379326222793,0.790224390717952
0.884396,0.704700608565984,0.487973225645386,0.704827496110105,0.767100335661359
0.848537,0.572214607522055,0.170194769500703,0.676102299201995,0.788054030464111
0.841363,0.742879107385724,0.414648088998935,0.731063980637741,0.819217720284018
0.853235,0.790932744494895,0.685059534978329,0.716322695593482,0.845864973051764
0.57242,0.450681371329005,0.267568228503823,0.659612222165562,0.895652668921944
0.949083,0.704721530158768,0.18831839776655,0.619797380339402,0.885761832807149
0.714336,0.713180292445345,0.515660700512206,0.735065056754406,0.940037394099104
0.94715,0.855026323098394,0.746488135373886,0.681047575307623,0.938735662258323
1.0879,0.944680208078956,0.709125914762605,0.636262806244099,0.967700275644336
1.02084,0.854279913924229,0.221228739530529,0.676546022146968,1.0234861837372
1.12767,0.936145495763535,0.461029088741899,0.661472847681779,1.0479781529831
1.16636,0.950900743906931,0.475917091693159,0.697917632369854,1.04353206790816
1.06069,0.825169577959421,0.323420382037592,0.648377908927932,1.09946694794223
1.2676,0.958201127960927,0.622617123307457,0.671459561028374,1.11058607062115
1.32767,1.01710013482719,0.258542788855612,0.490147834438256,1.11787430708921
0.918756,0.959771670142179,0.955938384392106,0.605396327244092,1.15776911711316
0.923141,0.774736190983336,0.623794456877783,0.665314679995256,1.1238344344529
1.17951,0.968118869980053,0.431162606878987,0.656370818638748,1.0671151190175
1.2957,1.0462618243268,0.707214304498197,0.648671195236237,0.902212589355767
1.23367,0.957350091761984,0.754258233986466,0.589952764070227,0.717174799421019
0.987611,0.825046878232222,0.318049725302784,0.612586675297968,0.545953348133764
0.778152,0.743857872948212,0.264526359071467,0.525140813605382,0.407065824792205
0.859884,0.8570947068994,3.1214599851633,0.140094929441547,0.216158071385874
-0.534429,-0.484019515795866,0.326447382449413,-0.0155377121588317,0.145856150430145
-0.692073,-0.733802625982735,-1.03611258781779,-0.224325906961002,-0.0639506145905953
-0.644896,-0.66319411621095,-0.688825347875569,-0.390423864752174,-0.284812812147145
-0.623733,-0.680381412362505,-0.532908892828512,-0.566187583641349,-0.471242170518585
-0.80064,-0.798247606916176,-0.601959458641717,-0.656024186812416,-0.610721221142555
-0.916048,-0.836231919023394,-0.539641443071228,-0.65931259627887,-0.762476483743969
-0.903433,-0.842203552204907,-0.685972063106505,-0.650045207259624,-0.799217905161561
-0.897511,-0.831162004813466,-0.627733839880423,-0.690259716407324,-0.825493028456355
-0.848479,-0.775416912111615,-0.383284071221769,-0.676709625993914,-0.864494482960292
-0.820267,-0.739524396939358,-0.260904553100874,-0.623236553443775,-0.867558885597306
-0.841802,-0.76384829474897,-0.453072125881365,-0.711716636236302,-0.701264945781143
-0.890045,-0.804424085585407,-0.482019867250673,-0.768626469086833,-0.65939404095841
-0.951522,-0.84988219299321,-0.606232961638634,-0.79263207270981,-0.636424993311871
-0.995078,-0.874202870379231,-0.613908096066526,-0.793518880011512,-0.607993930745447
-0.62055,-0.721737794702954,-0.612378376690584,-0.701807563986828,-0.617637568407048
0.92664,0.645236949897865,0.770590352503952,-0.34356001267641,-0.756250825622109
-0.576422,-0.66327848546992,-0.774806002102134,-0.667000053738903,-0.59764077749885
-0.787713,-0.782239265566668,-0.711206219003775,-0.771914259435688,-0.572426635966813
-0.711689,-0.737270546299523,-0.491454441968856,-0.820437683879293,-0.576313730833591
-0.601419,-0.642500913324592,-0.271453753675018,-0.711798952394916,-0.568198865790086
-0.591495,-0.627048833480055,-0.344147938357412,-0.775671718137536,-0.607790167892229
-0.859229,-0.824467617970446,-0.559801644890877,-0.772001766508335,-0.753469222418291
-0.825659,-0.791804977803446,-0.547545329748294,-0.844430874399641,-0.578577227492417
-0.862752,-0.795089256865209,-0.666467678281143,-0.76051143676056,-0.558690212881951
-0.730396,-0.693034753024675,-0.524784347371869,-0.827032489428449,-0.590137687977313
-0.969842,-0.876469251266612,-0.383571658409744,-0.770895977909173,-0.595497206146076
-0.887587,-0.814014493279731,-0.506934490939953,-0.848865624223187,-0.638881044723124
1.32654,0.616493974651179,-0.142736724483137,-0.722807465657706,-0.87469629120423
-0.658701,-0.69103556478216,-0.650753676257685,-0.781963701863164,-0.667043601140625
-0.942273,-0.84665641473671,-0.498464955024798,-0.851307177460457,-0.639724033693791
-0.97972,-0.882766047319823,-0.491671721745177,-0.888053517921782,-0.653596059605153
-1.01625,-0.907071566582787,-0.507361599104546,-0.88732874563554,-0.654622429481472
-0.881612,-0.856934958104604,-0.532495640938261,-0.880143234636547,-0.685723117771664
-0.830636,-0.786365857514047,-0.407123199770987,-0.845961229150998,-0.911894143004865
-0.819327,-0.764464618977059,-0.309434210922116,-0.831489077428678,-0.945580258261383
-0.851618,-0.801935020910019,-0.477350469488225,-0.860404230508441,-0.948958067991816
-0.96049,-0.886587234793394,-0.679033747103583,-0.848556944563694,-0.823503965848232
-1.00764,-0.903044835258154,-0.579267762987456,-0.878705585658249,-0.795393636889749
-1.00167,-0.894195405745307,-0.524385697804918,-0.910017098715705,-0.787854643424692
-1.0015,-0.890400833312939,-0.505392348259558,-0.908137055171953,-0.786598333855275
-1.00631,-0.894531737580785,-0.528512294338217,-0.903427996008807,-0.782111959738095
0.235703,0.290830044033722,1.09245012241048,-0.706394839003113,-0.915832977378777
-0.78766,-0.803572073799673,-1.07790241094385,-0.803221082340827,-0.800530709699502
-0.819921,-0.83066054482901,-0.694794796931256,-0.805218787950145,-0.766376956912072
-0.852523,-0.836842213685747,-0.532501139157216,-0.860398344929265,-0.744751360781344
-0.822976,-0.786247747691136,-0.420285400802784,-0.879686346486362,-0.665280237579697
-0.901469,-0.8364895648531,-0.439114847852992,-0.871048812403392,-0.583054303057273
-0.898432,-0.856833057307733,-0.438482199330892,-0.909094413021713,-0.67038249296826
-0.662551,-0.615814734969242,-0.142166172536493,-0.862963237427948,-0.604821693195645
-0.788858,-0.707019550159616,-0.230755878329303,-0.836532588884456,-0.587451332794265
-0.10631,-0.254506419664697,-0.386115570273611,-0.874444810998199,-0.667278713618683
-0.220245,-0.330775089198859,-0.292988878552048,-0.829379758193849,-0.657476150258715
-0.722954,-0.700855065400637,-0.567749385088812,-0.871499847467757,-0.590877450831221
0.122599,0.0268611915931985,0.150874493742835,-0.685772652083377,-0.674660100657449
-0.847631,-0.766530692723926,-0.381694683069552,-0.804346901255336,-0.604845606067521
-0.981255,-0.9055646124447,-0.528596127351191,-0.9270430942504,-0.619039505600989
-0.869337,-0.852649395121638,-0.496484666334912,-0.919911398526881,-0.720828139276265
-0.754488,-0.747450611788527,-0.511136532914513,-0.879147387072767,-0.810293705649155
-0.79557,-0.77660650477092,-0.509596685753091,-0.863200935337658,-0.836863263897072
-0.960426,-0.889155747578726,-0.486960583661295,-0.90064829230158,-0.91262568636012
-1.01908,-0.921840869766028,-0.515751774518596,-0.948557387783601,-0.85520152314736
-1.0047,-0.913384537079067,-0.509079069274733,-0.917611250667374,-0.842044748431914
-0.999725,-0.902946691589672,-0.512940149632571,-0.884180325001749,-0.854373263106843
-1.01096,-0.911741176595396,-0.539272036489134,-0.898158924054945,-0.876667763708975
-0.843295,-0.86006315693434,-0.507686345258019,-0.932326759245162,-0.914398196188443
-0.294049,-0.379627341243995,0.0867712874192664,-0.348062881016197,-0.978267906354187
-0.832233,-0.748230926198829,-0.482986901341545,-0.613254844708887,-0.922494541596299
-1.00899,-0.898120029405205,-0.539554140153834,-0.840889983407196,-0.908231360814834
-1.02491,-0.912710275879149,-0.517959905573207,-0.927103921588359,-0.91238368443782
-1.03098,-0.917176877166084,-0.541452968228621,-0.863825880510625,-0.916551232043079
-1.02796,-0.912025328575868,-0.504452224755817,-0.936957076681533,-0.936677351123307
-1.02203,-0.910255678255098,-0.508266224986711,-0.942894808596139,-1.00651052060215
-1.02324,-0.916119915625168,-0.537419947263686,-0.900100699293347,-0.8330530923065
-1.02968,-0.912531224542581,-0.52643384511951,-0.90905283504075,-0.640700396947985
-1.0309,-0.914005091046749,-0.52645459401928,-0.908777003371256,-0.451517117717719
-1.02688,-0.912763674548217,-0.512061957636863,-0.870875993388662,-0.230510011023804
-1.01828,-0.89988483121558,-0.506767863619419,-0.920300454939479,0.000377177000346632
0.996172,0.697389075830198,-0.0229705634166365,0.651367526492178,0.0106671339747333
0.958624,0.783976088291961,0.461260028983791,0.653813362132866,0.231942819591257
0.860726,0.644802801198051,0.148703338100501,0.628434978522906,0.456823464278747
1.14301,0.85152910631957,0.203310733769748,0.796315045275409,0.635533789855789
1.19343,0.893720527037936,0.255781490472369,0.759202447647645,0.823070400071097
1.09552,0.770795457416029,0.365648785649704,0.79340741863683,1.03028198471785
1.03645,0.667357919638959,0.260909590441384,0.720137936459105,1.0438722418557
1.05403,0.73211803334474,0.145353685980573,0.709640231212242,1.05398056738596
1.04638,0.778861366286776,0.228599261787669,0.779699162724297,1.0675921448289
0.941536,0.682441541343045,0.396406133038526,0.759494457164387,1.04602877759821
1.05506,0.781982774740512,0.420066276951975,0.82240657017904,1.03554241672103
1.07584,0.776761181554722,0.191500012162651,0.879192265852393,1.01732680253421
1.08992,0.784501417619872,0.154337822904529,0.89576218304371,1.01998760670458
1.00428,0.71730962309499,0.298590186871307,0.91705629807132,1.05782448790454
0.803181,0.479791143494944,-0.217235707535151,0.723288096701248,1.12104252650388
1.21574,0.709642580954254,0.00231571187954937,0.833762245726328,1.1091223181826
0.925478,0.685631815499561,0.233226699060992,0.885738915041028,1.16029801615773
1.08429,0.787985333280932,0.428609226788007,0.965817299964636,1.17077720178099
1.36073,0.870150348043498,0.402273083809636,0.948946239923462,1.15849339936482
1.47838,0.979843816803888,0.275110862805375,0.973982075792186,1.16785805871261
1.25746,0.904238033096939,0.535489451917775,0.994261422110592,1.23347829760722
1.23883,0.785545686250052,0.327720303791286,0.948338183357459,1.26700406039833
1.32877,0.886984114200671,0.214263564007685,1.01634025052789,1.29714217333455
1.2298,0.80849613526092,0.113685925499667,1.01690014420857,1.28605776951307
1.20551,0.837216126457559,0.463643232977345,1.05448237918329,1.22802670605555
1.23847,0.889808021572644,0.5890192201662,1.01869006023817,1.12925654638358
1.54497,0.978070201330187,0.147576820457174,1.07134414647636,1.08238817685923
1.34277,0.840310114225543,0.116026478901798,1.086995214327,1.09555322403754
0.857602,0.635106395687401,0.487175204244229,1.0653475607257,1.08628606777312
0.729918,0.926575106099149,0.870953672024127,1.01014018152642,1.05353048589158
0.488283,0.93623011796211,1.33426034081989,1.00605754457928,1.02864362886304
1.14644,0.959230313687504,0.915284589695768,1.03930581196735,0.906336594314975
1.2025,0.915112173341241,0.815556088307996,1.00777190914848,0.82241985359096
0.738969,0.761729093517074,0.788804924773947,1.01252365596639,0.79326569941464
0.791695,0.711913131272275,0.495987462973311,1.0280725228909,0.796672246003417
0.704162,0.893918889460949,0.848814238786905,1.02035843378124,0.839690203755596
0.706767,1.07751323335347,1.20380042134226,0.983452510240579,0.911120814607734
0.734366,0.950898302638002,1.24988884392677,1.01006620150395,0.905046864907952
0.528477,0.753496382070668,0.823913476330865,1.01314439742083,0.893824313001985
0.97742,0.830381167173378,0.855677870879212,1.04871456293117,0.828171238504151
1.10431,1.14882377634974,1.38550811376165,1.03916979846666,0.852979013110991
1.25936,1.09664465427866,0.986881852002961,1.03035706460738,0.892686898530931
1.10139,0.872431927023704,0.651196422814105,1.04585384139996,0.925473544878356
0.813995,1.02237686956445,0.827265237503891,1.04385146899843,0.968298128092713
0.507626,0.97388433384314,1.13240084419979,1.01332877654859,1.02752704271903
1.16524,1.12844957384627,0.981887053845699,1.01666390062702,1.00312633999724
1.27759,1.1867923421486,1.10719563382156,1.0532113058886,1.00010106311074
0.866767,0.941254437303202,0.937497747452893,1.03622902869772,1.00650516090322
0.869521,0.925772768170858,1.06709251182741,1.03358015850754,0.996342546844467
0.819846,1.07975223462623,1.14015359392448,0.975831003200492,1.01118564248926
1.462,1.22112812898304,0.516753799664901,0.966270849189384,0.994849239569064
1.1876,0.897615406514694,0.094152199192119,1.00268358936199,1.01665492290515
0.85032,0.915681816843188,0.950123238681052,0.96334874543415,1.01510002539175
0.982578,1.01637561355457,0.920329421600816,0.933168863465107,0.999473351926436
0.896708,0.860941394051379,0.618272678228264,0.93776184718937,1.04762648825282
1.05514,0.823014655094562,0.559573063120427,0.893971810290518,1.06284454814143
1.09147,0.848981335418197,0.349141986411886,0.892522492968215,1.02989993970122
0.887141,0.796917026337502,0.345411457632356,0.877108253026611,1.05910783558028
0.860768,0.752729785669901,0.297182161537466,0.857194165858289,1.09736195211679
1.29341,0.951662865825953,0.254380008921848,0.797854797242244,1.07076322707312
1.16558,1.08006520903851,0.85420633170071,0.79066871750015,1.1176666094283
1.14707,1.01316949715807,0.644197736030927,0.744075277417385,1.12340891555669
1.25025,0.947921339011305,0.498798448203005,0.805534839463665,1.14376520238882
1.2016,0.947677938230998,0.683855996478636,0.757498475482792,1.18103803215996
1.1596,0.924787875479309,0.461941727571184,0.755893409696295,1.22052244831505
1.22517,0.909483331619965,0.350895350160856,0.714355770910189,1.21323044556177
1.07582,0.827231884502435,0.484960455232024,0.670166326516085,1.20129679767252
1.40851,0.938082557990184,-0.313452682755842,0.46618679412865,1.14684835970817
1.21554,0.937668738534858,0.584421462969955,0.71400411079896,1.14343589038544
1.2287,0.961674064842767,0.715834540577254,0.656667667640536,1.11378469580331
1.28497,1.06509078126296,0.823838819436803,0.614912114584852,0.927318424907317
0.863182,0.870943765359097,1.03351087466492,0.448497644352608,0.755125021498314
0.948732,0.838123006710556,0.607045619320023,0.576534797287836,0.535663122793888
1.00866,0.853233724931224,0.388135150707908,0.568421729690221,0.28345504584842
0.92459,0.866953320573377,0.26714523441413,0.552525164063347,0.0599977316480635
-0.711616,-0.59457641778146,-0.0343346633204979,-0.47177498231081,-0.00064562084668715
-0.984754,-0.876808615783575,-0.515176244171508,-0.830111386064118,-0.209034598652432
-1.0109,-0.89318436991853,-0.431559232032626,-0.84934471626481,-0.401275891903685
-1.0109,-0.886499275281898,-0.347215819537549,-0.778742853859558,-0.599393994674745
-1.01258,-0.894328583532381,-0.575262612618826,-0.852653065925973,-0.797256577987037
-1.00363,-0.9021002433349,-0.642844232901871,-0.824254679026841,-0.97585745809788
-1.00057,-0.90808309095542,-0.534403332613544,-0.930246328217137,-1.00246417487825
-1.02354,-0.919535447577474,-0.466850886870908,-0.9409038350978,-1.00451164937813
-1.02507,-0.914729644551675,-0.45541578769988,-0.933842178310617,-1.00481898984907
-1.01935,-0.913283390425025,-0.495265562442128,-0.95456733531322,-1.00479134105924
-0.939766,-0.794622710277054,-0.111911352586024,-0.70641565031178,-1.01348349659359
-0.989083,-0.897552492336147,-0.564257828324579,-0.913835090580317,-1.00930600677967
-1.03358,-0.924050887771409,-0.379560997500222,-0.889910471200199,-0.991414394168309
-1.01713,-0.92028704264652,-0.433005115067709,-0.93040786208092,-0.963782778820448
-1.00605,-0.916315725450248,-0.519568218060038,-0.955974704877371,-0.937802797636415
-1.01609,-0.924788497359895,-0.51867938647348,-0.964547174935138,-0.921967691031152
-1.01423,-0.923680943526889,-0.495561414901442,-0.971811129936944,-0.909737894888304
-0.859938,-0.859200241123316,-0.536620471816224,-0.938805660492299,-0.88731947645188
-0.715751,-0.733912732100878,-0.844713243992505,-0.818338348524759,-0.888953313885095
-0.74882,-0.724528335978564,-0.718708948942067,-0.853324079519353,-0.878278239373473
-0.881,-0.788153639568241,-0.130619608286154,-0.848424764289348,-0.861828838898447
-0.832036,-0.746715143339505,-0.195698648812448,-0.872048842266976,-0.867464548904685
-0.606206,-0.670147203101219,-0.243823457365767,-0.887462668578664,-0.893578947082981
-0.917775,-0.876153832881652,-0.664717345407541,-0.928459287858912,-0.879254946065762
-0.95933,-0.909787106062255,-0.658049395724498,-0.935442667125653,-0.907683241641003
-0.987303,-0.927242289068573,-0.563716153776266,-0.96867139802076,-0.933846043676555
-1.01758,-0.954261826374826,-0.49868875177645,-0.990951620359041,-0.947144175751116
-1.02022,-0.958886636265005,-0.497223197689802,-0.990436103576221,-0.967664852307046
-1.03286,-0.964991851826012,-0.53137481326101,-0.980975916548431,-0.98408420943837
-1.03419,-0.96545487847358,-0.57457806579354,-0.970493801440541,-0.983846969820793
-1.03177,-0.959258547420461,-0.530876194532637,-0.981240479001279,-0.982817257703177
-1.03289,-0.961319868809503,-0.495503082855674,-0.986521357610527,-0.978705487766948
-1.03351,-0.960500433377049,-0.504888570667707,-0.985688423381236,-0.968969318428766
-0.7866,-0.751773200141598,-0.207590068262508,-0.932276011514016,-0.98230870491525
-0.919323,-0.876658167704515,-0.602549570159357,-0.945375680670297,-0.948939038803742
-0.953529,-0.900967686433484,-0.505291488781062,-0.959620026831262,-0.926558391611566
-0.956571,-0.899929301397648,-0.502108748412688,-0.970075867577567,-0.906850021291455
-0.929729,-0.882360329516826,-0.546769523367343,-0.958706864230576,-0.895995629214653
-0.896972,-0.863622011977364,-0.69579756154728,-0.933821209227831,-0.885919297371323
-0.839233,-0.822058001966871,-0.609819437915552,-0.941551263539793,-0.907012132918056
-0.842999,-0.802282007259712,-0.45824808972177,-0.927243939288298,-0.912335947009638
-0.834258,-0.795104649500853,-0.362216692819172,-0.931077340152139,-0.9181143672785
-0.896234,-0.838473813248896,-0.449852667304462,-0.927875808958143,-0.845777380607555
-0.896738,-0.851973969358424,-0.59056387056073,-0.927517836985594,-0.820603231501255
-0.953019,-0.894292263330876,-0.40827481674276,-0.931564963719376,-0.806011962235728
-0.984049,-0.915626304296282,-0.466920937046411,-0.947102727460533,-0.808029338834913
-1.00176,-0.936144483484567,-0.555937357170853,-0.943030649092033,-0.814169728802042
-0.253462,-0.200041825327174,0.0251775395870551,-0.802425962065785,-0.90298887374879
-0.670095,-0.614165223263823,-0.408037610695105,-0.846624013670443,-0.867922834742121
-0.818982,-0.726450045694734,-0.361175995208755,-0.889079767495968,-0.858767562042566
-0.915109,-0.851187407770453,-0.532782897968829,-0.862565596163125,-0.848588719200464
-0.953896,-0.898681282105964,-0.615895997974665,-0.822633666676714,-0.846576451005774
-0.950567,-0.869560503346927,-0.52282368823271,-0.858854474777951,-0.851789276005938
-0.994937,-0.90269305877309,-0.465051445988947,-0.923429534869676,-0.919092674519633
-0.94765,-0.87806594001719,-0.486669806839528,-0.916479295237874,-0.891385597830977
-0.92587,-0.865535250965294,-0.490601982099946,-0.912156715051756,-0.889168709709377
-0.97606,-0.909549249890979,-0.505739709915951,-0.901992428368371,-0.882858508388724
-1.02091,-0.930480509575995,-0.499018275887857,-0.899918932980855,-0.871397481346087
-0.998824,-0.90816676854932,-0.473420804596247,-0.881134780363663,-0.868972889867607
-0.317763,-0.563959408184217,-0.887564913371154,-0.535569129527003,-0.926650401661512
-0.78465,-0.797212828796242,-0.600636365015048,-0.718774869783601,-0.859474885191816
-0.923885,-0.863642129273043,-0.488724345830149,-0.812629522488448,-0.829598693281512
-0.904864,-0.835600353057096,-0.475245009888143,-0.86476776183469,-0.817110386731813
-0.926429,-0.842860126060782,-0.452186384285828,-0.852216593542064,-0.801328212167794
-0.856133,-0.774803480629372,-0.371836251696786,-0.700973851466124,-0.801434852292424
-0.766411,-0.716764069979241,-0.362326067370032,-0.70636112505533,-0.869597873708877
-0.760642,-0.774662505327856,-0.487570672537838,-0.718615762345337,-0.717084647070029
-0.817314,-0.784196617205758,-0.485583900884796,-0.722788622610332,-0.537972613016983
-0.873607,-0.812114505407367,-0.545307089157167,-0.677178673526461,-0.361022181445446
-0.914744,-0.823197352164196,-0.485395709992441,-0.725653662214389,-0.172992275526234
-0.942136,-0.845039811465139,-0.448656331375624,-0.822644263117734,0.00490427497927419
0.828423,0.732327483291362,0.0381440495744143,0.243478755929323,0.000998888297880363
0.861229,0.89590964676194,0.755167034676839,0.403832471919901,0.173920968369387
0.814603,0.828958573238017,0.574470859111886,0.438259796945743,0.312872003833346
0.881043,0.856775492247352,0.782565445446876,0.483930224900131,0.42152512083312
0.806664,0.765966858457758,0.308779321677767,0.413240824704795,0.575735206515669
0.972496,0.912604059620065,0.446421222161905,0.471489966331599,0.708074087638973
0.905035,0.888661873764651,0.731020067848047,0.469270218582712,0.688913910347105
0.446885,0.425547055454701,0.350722558643222,0.401106545392656,0.705396347828827
0.256939,0.294521462464941,0.303704835157475,0.370081141274673,0.705368526867124
0.601776,0.547673152250188,0.147925248386349,0.452086084850755,0.640769279300657
0.669974,0.58115025512215,0.291580623961471,0.441660566391944,0.63572339766628
0.590186,0.597892684181314,0.228844654867507,0.463977569568456,0.622492724687604
0.56425,0.560530040567914,0.260151398339158,0.50734661888767,0.59956423027149
0.634886,0.573338012684877,-0.035040739120623,0.440183661749126,0.624927952435031
0.600912,0.654791473657516,0.480593268328665,0.567729261015846,0.692914668626287
0.833583,0.744848819882161,0.218370491940821,0.53835380040902,0.712574833925619
0.7325,0.692155731673663,0.363047809994403,0.543031329232264,0.759183055876593
0.612082,0.678301015197885,0.476174245924074,0.592729902738119,0.800204010901067
0.774927,0.754548054071064,0.491650924632178,0.586914721352035,0.798306075709074
0.92146,0.831240162700224,0.442612837501014,0.620632732422757,0.811468972821914
1.05168,0.983289287160102,0.706167000627257,0.655753073756204,0.833221144161638
1.02296,1.03087460893626,0.928943327935211,0.662415972758479,0.806727007303191
0.858161,0.850606269976225,0.73390851885073,0.662227000517813,0.821244807008551
0.696085,0.678974314652673,0.244210631156976,0.648422029918717,0.816802440324145
0.912466,0.817180378632534,0.203795893701544,0.651270872355654,0.741428979940392
0.959822,0.890883302125304,0.569767144156582,0.689113533299259,0.665986822220902
0.512032,0.853023807928533,1.56187745573252,0.698854055911063,0.667907837371202
0.710661,0.897111648504878,1.16365718124492,0.711081679758748,0.600159440797021
0.403854,0.855540851118069,1.52900169185318,0.716046547304033,0.602774668543665
0.254841,0.621111464994664,0.405742046259639,0.693102658327004,0.602366529259535
0.225962,0.503249200727158,0.845540673162438,0.698242749253299,0.568498022863273
0.626247,0.901377575446257,1.41899690286093,0.702360899579414,0.469996963603715
0.582552,0.870466227787883,0.752840081311179,0.681192191192366,0.472740214343251
0.58378,0.589955668071169,0.182466508192923,0.665646015563688,0.442189859925725
0.55607,0.485379377599358,-0.109039411410406,0.652555458953822,0.456529196767062
0.529162,0.456721192753896,-0.406281595852788,0.681016186932365,0.477247203461285
0.354879,0.178217720080708,-0.516046641192837,0.687272218585222,0.511568581586241
0.479719,0.470162242153807,0.17138215031738,0.707624610975944,0.484413941311847
0.378583,0.268810543773647,-0.325198721236018,0.698313065196547,0.502130796644265
0.523229,0.60401899987397,0.661256678783726,0.71948196417224,0.494812517421142
0.45179,0.560232831642278,0.672034339479957,0.712499727711369,0.624547442514588
0.408566,0.447229858142087,0.303675218402232,0.704135723418122,0.745992066799229
0.492022,0.412312223835382,-0.114464853295537,0.699187796997618,0.813939617024272
0.66086,0.872551576043452,1.36941767432436,0.75745995922225,0.810243332345663
0.664792,0.829151110173079,0.863541239768806,0.75307726081456,0.839367167950591
1.83181,1.60714472337682,1.92218443519607,0.766906665581293,0.716911204523949
1.7106,1.55074991169089,1.2908081064541,0.756862905412326,0.770860440153882
1.08174,1.27900096555268,1.06471961581645,0.765576527445006,0.874333388021126
0.531028,0.899965091586594,1.25937729379331,0.73169993706276,0.923533374864536
0.597581,0.483826394631542,-0.41626061080398,0.649619435062276,0.891553589716122
0.474038,0.400057523584727,-0.0314072203579087,0.632940520198158,0.899526042151561
0.873144,0.722474852050705,0.225016302170756,0.616454278096772,0.740120097386066
0.835637,0.798845841167407,0.421028123471838,0.603007146533757,0.634637883309146
0.458989,0.505282609771918,0.697070074733855,0.543170125872522,0.638437118786223
0.471197,0.474348310613136,0.256090201747936,0.562087448877169,0.674187493354685
0.67911,0.590787156770495,-0.144188879125661,0.508978557678163,0.706995380907269
0.633232,0.599327649784546,0.314767924702959,0.501768322861806,0.828796662709704
0.56832,0.909907455691064,1.82453513972649,0.594779838107063,0.915268979333199
0.707288,1.12787779476189,1.56746750861172,0.562876823032727,0.923703004288305
0.927378,1.13567003010301,0.897020544260843,0.579327314459772,0.936220259206181
1.16949,1.37096334157675,0.929859841377898,0.553167260577512,0.927356103906069
1.68752,1.59939913990436,0.423039049375065,0.475333828094949,0.858960288824697
1.65734,1.52383344577684,1.65571449846004,0.518014307705866,0.87432026208493
0.991594,1.22252262822984,2.1895248160214,0.461902961615595,0.962680944343596
0.74801,1.02931790061454,1.13683231128322,0.512385336668872,0.996931978283262
0.576241,0.488050632688908,-0.464945235484631,0.301829339550591,1.01021398284143
0.500794,0.363181601678627,-0.34252222649676,0.228124755547285,0.974683396134376
0.777238,0.696712129661927,0.366004311757816,0.363812257209006,0.838569167122888
0.81422,0.719445055333741,0.602574033483029,0.274409646290355,0.681333571454368
0.876106,0.73283839430001,0.330242660230149,0.336479079497774,0.524479873303227
0.947154,0.807130206820705,0.25284984223251,0.241618876299216,0.367945203104935
0.756141,0.64251276389461,0.230743845441502,0.273735357928098,0.238404393276112
0.573792,0.47878832158959,0.0929528062384205,0.190896567205911,0.104919218226909
0.02979,-0.0767489190013247,0.689032078354576,-0.107562191908916,-0.0189624789247962
-0.586823,-0.5024200252295,-0.0192760590766696,-0.18106203538028,-0.140367801323645
-0.772786,-0.761514511248495,-0.727481098400831,-0.536985394644036,-0.312831423618089
-0.900279,-0.80801039124409,-0.366921728964172,-0.740206893858473,-0.494394730368102
-0.954113,-0.84403869812262,-0.315391847303686,-0.677493174363431,-0.660624301632348
-0.951047,-0.861664402912743,-0.514783612116761,-0.807786591009782,-0.813736671884308
-0.965303,-0.861929433910905,-0.468031272794191,-0.785367638368637,-0.864270736582592
-0.982183,-0.881403726325006,-0.464262880547713,-0.853619107007511,-0.875054500469812
-0.98294,-0.878355634841116,-0.446184230854832,-0.848124995354188,-0.877297327176341
-0.971991,-0.875620623891092,-0.428711724312162,-0.851014374468933,-0.884050871974046
-0.992396,-0.899556691000852,-0.527439202558021,-0.82867687283002,-0.882366506226776
-0.499647,-0.432491496032573,0.51908505154448,-0.364445354251822,-0.933652098882844
-0.722639,-0.688236523835821,-0.459640175042436,-0.763492995209143,-0.908005576682839
-0.813075,-0.766434546107596,-0.520848290484802,-0.842534195576579,-0.90106653503526
-0.982108,-0.903656229163666,-0.525687913442279,-0.809591541556877,-0.888761794108098
-0.983546,-0.893920044491967,-0.555006638724826,-0.882661421656987,-0.895777595786397
-0.956061,-0.834568900057977,-0.467604848148526,-0.853606449623296,-0.904182972809564
-0.948074,-0.821374974186702,-0.496613247543991,-0.848782334805729,-0.955699677889239
-0.997172,-0.879423132977332,-0.506123991735038,-0.88764337678125,-0.904452401236355
-1.02115,-0.912042840251999,-0.456600692400184,-0.893431591062151,-0.896113923700126
-1.02278,-0.913218580589476,-0.527402648059899,-0.910794033585439,-0.891026516109506
-1.02425,-0.926328925211083,-0.647567451921921,-0.860493408973786,-0.794178388668246
-1.01886,-0.914655418971675,-0.535133471780441,-0.918123638457459,-0.652319274605118
-0.227084,-0.322234822760502,0.299921155280117,-0.684512746022031,-0.559715747236799
-0.766833,-0.730695335630202,-0.750711955148641,-0.823038539653192,-0.348497576912187
-0.953185,-0.883272471837365,-0.440108859717905,-0.92102338965314,-0.231565918516013
0.00955036,-0.128375486104553,0.591082596311292,-0.663818307112773,-0.30254325114155
0.48933,0.274825260343182,0.367887661189667,-0.742130021027911,-0.328810906631728
0.83099,0.642023526625239,0.72653780377812,-0.734330236725161,-0.348337918873394
0.509424,0.171750563567212,1.98037879919648,-0.750148680808504,-0.38110599368038
-0.135505,-0.290089734374495,0.832593077038072,-0.716238266087992,-0.307767205130111
-0.833229,-0.784047334996698,-0.63813983320523,-0.896165817345652,-0.232829388882039
-0.862978,-0.792625302908884,-0.597010186473427,-0.901285938526531,-0.323851446024483
-0.863886,-0.779843554716179,-0.398950766495217,-0.913785384957466,-0.469079260245399
-0.888117,-0.823947546356197,-0.393117513997534,-0.898125511383113,-0.644523566317482
-0.601737,-0.657073282664551,-0.412657835355893,-0.875217815892869,-0.81559584925919
-0.796889,-0.792199143957746,-0.462298617529474,-0.917042671091948,-0.874076733303244
-0.849912,-0.81936468803241,-0.452990696826474,-0.91920312930013,-0.886048717396182
-0.948257,-0.872267087428913,-0.50277887085679,-0.912922831293051,-0.877722783112756
-0.996505,-0.901559183518623,-0.513281395977325,-0.914428533354632,-0.86158606194425
-0.952949,-0.884429090538343,-0.506751478517638,-0.923652035577056,-0.854218892451
-0.960956,-0.880443901075341,-0.480456745331396,-0.924881005333837,-0.880927834802876
-1.00033,-0.89712436951248,-0.474479019945256,-0.920230577713183,-0.894454535807534
-0.863185,-0.772730525437492,-0.180564249019071,-0.872799645392847,-0.914907453828836
-0.729493,-0.643206126677196,-0.0755562865715191,-0.863505354291178,-0.926186978325038
-0.752239,-0.713577768412625,-0.493325803183662,-0.888447276376535,-0.919578561673855
-0.899077,-0.843825087209298,-0.59046922732,-0.895421186818135,-0.904612335640675
-0.99741,-0.902910675727426,-0.412241873521178,-0.889829422732288,-0.886520964189178
-0.926933,-0.810804529003384,-0.5105681493137,-0.852947102963939,-0.881140027192032
-0.928232,-0.850280149767603,-0.47660096951079,-0.887460775521815,-0.883206090907678
-0.95271,-0.854342973345522,-0.446753352849623,-0.887458392569418,-0.892827068014942
-0.950897,-0.851561390843228,-0.497552558726729,-0.878747701288724,-0.904854739897991
-0.867643,-0.805883470530961,-0.487882267233119,-0.863254157134501,-0.915000168449481
-0.852662,-0.784533805610399,-0.415674036755751,-0.83417766982435,-0.909166112445152
-0.87982,-0.812161132300862,-0.477500630506555,-0.779306576097517,-0.905474252658765
-0.858975,-0.803331453996096,-0.469895297411043,-0.822469415434929,-0.908352999274663
-0.885186,-0.817519083407313,-0.412732035030943,-0.861784983046627,-0.904662667786707
-0.922683,-0.845465613230037,-0.494035872744713,-0.865033384088331,-0.901903185938383
-0.925205,-0.84637487698867,-0.453026492870641,-0.862860498486256,-0.891720907548712
-0.921157,-0.803933794788777,-0.533024541438476,-0.722286445638837,-0.883334722957648
-0.9345,-0.825066057472944,-0.428734282159375,-0.858592739614609,-0.863932447564706
-0.938609,-0.856407173159437,-0.464453085110306,-0.86848818880007,-0.864489760641419
-0.956253,-0.878770001310642,-0.583079671098598,-0.787724703910871,-0.85765875050166
-0.755537,-0.744116312931624,-0.455108835368622,-0.808772122422979,-0.87024870988989
-0.75853,-0.696908867112073,-0.189180851495892,-0.601934003292205,-0.869806458568595
-0.6949,-0.642558787731071,-0.301364314801622,-0.743965902902256,-0.875342512619426
-0.882716,-0.7905369043497,-0.500903054919325,-0.785981383797532,-0.851951030374871
-0.849813,-0.780312428411402,-0.405726708359014,-0.830684940172461,-0.838583810278736
-0.847476,-0.783730426441477,-0.455587015136199,-0.824445079428635,-0.820812219121406
-0.937235,-0.849600318484069,-0.532947994966971,-0.808294768914241,-0.677644383264019
-0.910605,-0.816432889737735,-0.45899938357226,-0.809778477953117,-0.549044350157886
-0.892479,-0.7802244177842,-0.394023540549319,-0.766491464478027,-0.409621559707768
-0.749134,-0.693677827354359,-0.492181108135986,-0.685615902330256,-0.233536345411832
-0.755115,-0.718621622975822,-0.565906489305446,-0.60917945763872,-0.0456224529685923
0.658121,0.758776633082122,0.61152750469327,0.241919055162047,-0.0215816592524406
0.586327,0.747565004249538,0.775728484675603,0.380937958467942,0.175636294474603
0.70737,0.738627737540787,0.323678740726372,0.343919704128649,0.351423159626797
1.00377,0.991657577330942,0.532440661757693,0.376097037792944,0.502074725644755
0.944553,1.00020787992913,0.885266644617761,0.384241659044242,0.662364965028685
0.790151,0.825826307954462,0.75417004449981,0.382692876410534,0.817617640331252
0.876258,0.813654234259168,0.397447440406314,0.410197237183823,0.801585914397072
0.931046,0.89373585440506,0.358465802070693,0.414464729448818,0.795279122356923
0.922317,0.907932876267032,0.591519882022875,0.463998056056926,0.787758921312664
0.812997,0.870409258235699,0.942557667448294,0.44672204599648,0.763681595818854
0.694872,0.747732942207224,0.58793715247895,0.491337519493195,0.725800140858682
0.581585,0.635974348349228,0.458563756948013,0.505301831430546,0.692820132412284
0.592342,0.645019456416319,0.452772112945661,0.47586178639463,0.649263372028587
0.643724,0.685089190301749,0.54654776742024,0.484501195161247,0.620774164613594
0.656882,0.69912542655804,0.567427195789379,0.51232960656387,0.589732755272655
0.443032,0.57778047760579,0.745594939925814,0.504013700033401,0.585928902505265
0.349675,0.500141731090062,0.51316782396134,0.533850291947451,0.593022487218265
0.46325,0.618999525385079,0.571685959467393,0.545192610771614,0.595443967540424
0.717429,0.833014289873571,0.618549175368608,0.557120190741862,0.565808525802537
0.629227,0.70670453786177,0.757449018725913,0.544144268149088,0.564994302921758
0.545461,0.696168770979122,0.736498713702573,0.575306550089983,0.568125559863501
0.669448,0.711122718737503,0.559366716990566,0.572635164806113,0.549958161183354
0.726788,0.794548051034128,0.604163726461962,0.583076515071791,0.539994472723717
0.548648,0.619897162833411,0.439450782600484,0.585541164361647,0.575345741461921
0.520952,0.644626105578888,0.782224186315611,0.585628289285589,0.587377950496917
0.583338,0.795235640643624,0.913716835393193,0.581073149810827,0.578446221334464
0.383279,0.701437211485193,1.09180376159321,0.577641943873193,0.612689513637885
0.317022,0.625211263899777,0.891400802298581,0.575523370285528,0.641464027370015
0.658804,0.653855355219392,0.997285802458541,0.563821479458133,0.558796626587365
0.831178,0.988260637669687,1.4984169789088,0.562003031064429,0.524279052196066
0.613268,0.887882368434637,1.12579203564571,0.553422150458826,0.553138542454599
0.685816,0.734467304403131,0.804269665452359,0.535272434859138,0.537999473767303
0.887775,1.02658280380547,1.32935894271381,0.532302855087191,0.519638934067939
0.2073,0.549764431518849,1.21161933494539,0.523937657729217,0.587055280503152
0.359085,0.635669411662889,1.11469050947509,0.519289647002262,0.554566416963545
0.57726,0.720819863123101,0.68499645807375,0.505402176010358,0.521309403178519
0.50898,0.870689341324468,1.49676327888619,0.511272658249773,0.497327090849255
0.436024,0.733141642173712,1.71120660231553,0.47846607171673,0.49018864174777
0.297328,0.696241310553972,1.1649182504402,0.476909127498911,0.483058403501172
0.517711,0.743585798133311,1.07369195560555,0.485740183153216,0.482416180950222
0.739917,0.827205722633264,0.52001950020504,0.471877355771509,0.474890676434315
0.28842,0.315054211171571,0.168663313761654,0.454293797799783,0.508316095892613
0.534501,0.525979996211776,0.330665892767763,0.450715934037003,0.477920150467202
0.64692,0.772845109421817,0.794616006911004,0.465520415193501,0.48145885721218
0.436269,0.624501065407338,0.895953675122727,0.45527459561635,0.485321293943318
0.524018,0.426677140464166,-0.145895429978999,0.447045736174266,0.457729034578902
0.417571,0.398963404661523,-0.0715381931657148,0.428510436155757,0.434248393729843
0.461008,0.508914774032648,0.426866309976469,0.409257183539911,0.425504114548704
0.598398,0.631638858109452,0.213255086847343,0.38805597904051,0.396817611145775
0.106227,0.256552312050026,0.57950728252818,0.37201288225736,0.415804884518762
0.341238,0.449402976751887,0.437162720079287,0.375370679334435,0.357210852625422
0.384979,0.435141406786551,0.235571008246122,0.323584547884226,0.304806229033373
0.263895,0.379764002060858,0.476823470706415,0.298220863025148,0.330979621029508
0.410255,0.574669173022029,0.364498408495839,0.312239281154231,0.325145873861156
0.312637,0.592671783634333,0.705677349404811,0.300835900709897,0.302506434284284
0.0968462,0.296210225413269,0.446533967173002,0.284228652678487,0.350343879637083
0.033238,0.23449359183552,0.696251161502203,0.243930810726993,0.35268023863555
0.576427,0.603524023045184,0.612309468298564,0.242260093832361,0.271769044177766
0.573575,0.557951488642155,0.273048146942955,0.206370902822271,0.277869014938925
0.247006,0.398511267038977,0.452278710703346,0.203627712706288,0.318686816125989
0.3705,0.528902234107307,0.280171394300591,0.201471920039977,0.333186600516828
0.283892,0.448573758901246,0.374172696873666,0.178537477255368,0.386288165077934
0.12367,0.324239579398739,0.665285565208072,0.181541990621104,0.483604309715622
0.319642,0.611705511849766,1.35328629360813,0.129055557108704,0.488578277215972
0.475977,0.683695564530799,1.01515046810424,0.182308601411004,0.461730318751813
0.605864,0.693471253829879,0.86429240800169,0.0969201744405489,0.380578304438795
0.558867,0.85836200868737,1.28018356326249,0.131798696660106,0.308606063658995
0.876254,1.11344954184135,0.957824058909664,0.0809159963732907,0.187801801049233
0.817858,1.02286425387183,1.2363836660635,0.0252076930824728,0.0936713952528039
0.41346,0.868787607240393,1.79013768555919,0.0455695896466261,0.0113776771469972
-0.508336,-0.471470767988889,0.135216441821118,-0.492136720085086,-0.0365893976809315
-0.453108,-0.516067360788988,-0.484521690018697,-0.741359519521073,-0.206079388267242
-0.604017,-0.624302660884002,-0.573214374685559,-0.749369003387491,-0.349799473306707
-0.848545,-0.816539979753959,-0.639685534488022,-0.800426815196234,-0.508585865876865
-0.86091,-0.798161207698913,-0.550476734195214,-0.891549734206306,-0.684220949208905
-0.898216,-0.805803640371918,-0.359961703477693,-0.833398428767359,-0.81562414418174
-0.958049,-0.845700586925965,-0.425144515377457,-0.881356157172839,-0.857503187314368
-0.983272,-0.877807825697694,-0.515421017526496,-0.942871390886777,-0.890723123783032
-0.961939,-0.864909865230552,-0.531710538936966,-0.951623118178407,-0.926515395652121
-0.976022,-0.889146191703286,-0.578837396239925,-0.903616231609707,-0.936234947935233
-0.973703,-0.888341688898226,-0.544252569377208,-0.919455821470562,-0.944687800552318
-0.985757,-0.889518677588049,-0.523836054280921,-0.956854890717677,-0.948853877749754
-0.812841,-0.808963559520183,-0.742515999963531,-0.768317784110842,-0.967535216716997
-0.952714,-0.873666660413767,-0.54724808974571,-0.917679327802655,-0.954265200786604
-0.966085,-0.879413727464538,-0.536222471742851,-0.950707476573173,-0.956413993867105
-0.949918,-0.873893478638955,-0.582617025888788,-0.924009819602446,-0.960413828169928
-0.961188,-0.868297219526079,-0.519523955304975,-0.95637861039715,-0.960000010241942
-0.964801,-0.871819748552008,-0.501401914593859,-0.974599896146521,-0.94242928195352
-1.00025,-0.915685002616119,-0.538150329461084,-0.947311814138253,-0.765216890314703
-0.995794,-0.903420552565628,-0.50976820361827,-0.983826280287418,-0.72704986252586
-0.994758,-0.905525285914514,-0.50876714236149,-0.990473383557397,-0.723456115042477
-0.975322,-0.892585187837952,-0.508096588409244,-0.97734582149345,-0.725437623837502
-0.796701,-0.750712780819699,-0.144190349298325,-0.887758126104657,-0.744142346497705
1.01514,0.659775219543855,0.0200024285475531,-0.822681700306683,-0.940468194647138
-0.600889,-0.611079947799885,-0.638859296840393,-0.902342067554763,-0.773302441090896
-0.995758,-0.915732159191845,-0.461693798588072,-0.961020229860958,-0.740279485795666
-1.02052,-0.941888315322234,-0.49493155147177,-0.990853172343457,-0.747951770769741
-1.02765,-0.948950023296085,-0.530067942656966,-0.996468487165609,-0.759760159150903
-1.03216,-0.951071758838357,-0.526622678035602,-0.998051636662501,-0.787776990676263
-1.02341,-0.948054764607527,-0.523522947911956,-1.00230084509256,-0.983329641029393
-1.01871,-0.946234505749293,-0.511711846485141,-1.00738373782918,-0.906732807154857
-1.02611,-0.952547964812126,-0.511573565576083,-1.00747139384504,-0.861074387772243
-1.0332,-0.956564858856454,-0.504165095233474,-1.00731939342024,-0.841408604728887
-1.03033,-0.953151015012351,-0.510354662015291,-1.01044467835329,-0.836502597244698
-1.02522,-0.950758668961335,-0.517715419566181,-1.011976447211,-0.829903146485216
0.213208,0.0597335477124146,-0.13418356006986,-0.892946290266029,-0.958141543393768
-0.555106,-0.67913763318102,-0.373127938442255,-0.984477168884916,-0.875917142272679
-0.867208,-0.83484554184425,-0.445863719525092,-0.978855770476129,-0.845752424383483
-1.02449,-0.933357773130213,-0.477601663792417,-0.989966422921021,-0.833622553658002
-1.0101,-0.930224428565572,-0.526060579842924,-1.00641320478711,-0.838003062323276
-1.01888,-0.934122757433948,-0.518665429304344,-1.00882303194212,-0.839950733058362
-1.01049,-0.934263132471803,-0.523507107101451,-1.01250755707731,-0.958018210091254
-1.02035,-0.937537342310189,-0.533792305985991,-1.00726644792513,-0.943451183126593
-1.03298,-0.937548182128859,-0.524045478552809,-1.00757344673291,-0.947717657197779
-1.00949,-0.92568575882097,-0.505323933675971,-1.01049503284418,-0.946780807351195
-1.00602,-0.925626455307252,-0.503640345697044,-1.01125820143344,-0.947155070142455
-1.00627,-0.919420568175529,-0.505147007376277,-1.00793409030541,-0.94615651526621
-0.408839,-0.305842746413989,-0.0127454500521703,-0.911420951886725,-1.01094374588787
-0.943115,-0.813124103643046,-0.37920804175988,-0.978349762812301,-0.956329444748957
-1.0075,-0.915229239099365,-0.517459375675136,-0.986309578734681,-0.951630706684576
-1.03026,-0.930441333537488,-0.517717110796241,-1.003737745383,-0.953560147585092
-1.02827,-0.935319934872732,-0.509193233575207,-1.01538903795762,-0.958958309459394
-1.03189,-0.935813273128391,-0.50999376673734,-1.01511404878809,-0.96305663215837
-1.03662,-0.937039844102715,-0.491661953159434,-1.01029969051358,-1.02200797215212
-1.035,-0.938566478605549,-0.534693531488436,-1.00895366819031,-1.03083283706084
-1.03359,-0.940098774526243,-0.543171867780277,-1.00217399850973,-1.03332468129944
-1.03958,-0.938052290513081,-0.516408863434909,-1.00752343273813,-1.03226842252907
-1.0333,-0.933191021295932,-0.507962014562476,-1.00589556178044,-0.856794851665826
-1.03227,-0.929881579115087,-0.497356623701566,-1.00170061250704,-0.808158849930433
-1.03328,-0.926439965151087,-0.523564252652514,-0.992958762365789,-0.79034352110281
-1.0319,-0.920305310370996,-0.520199146741738,-0.993937702013584,-0.776716541162832
-1.02581,-0.915343241743698,-0.497157871025128,-0.964369429786703,-0.760405817054448
0.828993,0.254835648980779,-3.63549958230213,-0.439739876382693,-0.940728021225341
-0.567933,-0.610683382901931,-0.575313040867451,-0.672271564867742,-0.766042412128157
-0.913602,-0.83841208157219,-0.49686814808957,-0.887732703807645,-0.719003752846985
-0.958256,-0.854480071574887,-0.508897179599421,-0.941162349687338,-0.708197239768396
-0.926893,-0.859224490735874,-0.482827403656193,-0.939720667133595,-0.714136009670398
-0.902655,-0.815064214343431,-0.358096111884814,-0.806664359571801,-0.720605418632151
-0.754294,-0.773100547174264,-0.565263334529416,-0.888827927661549,-0.913493268482335
-0.882396,-0.867771137484694,-0.70189090256576,-0.753628636288583,-0.941626034997271
-0.921393,-0.863114620847489,-0.54736331236405,-0.91585406645327,-0.945157885774908
-1.0108,-0.898949410171842,-0.524856784824349,-0.950653640508483,-0.942919718919468
-1.01524,-0.900050311174565,-0.523283030358315,-0.96694956642393,-0.941027473287571
-1.02829,-0.903384394986083,-0.528982137625648,-0.970215423296595,-0.725262405592606
-0.999432,-0.885655320128743,-0.493456408064559,-0.945277921423499,-0.52446359812884
-0.979757,-0.875801801960442,-0.5015666768716,-0.966678628999233,-0.300286263781681
-1.0184,-0.904426261180333,-0.560854250453253,-0.911049430908973,-0.0479965448083669
-0.896265,-0.840723346327689,-0.575526016891894,-0.862341582613263,0.195828836206446
1.36726,0.916053292558859,0.484946162278285,0.335662262235636,0.222963961253023
1.33415,1.08451826668549,0.997576958551834,0.468904093803288,0.496652306327231
1.37515,1.13989665757224,0.794494236479444,0.577491981568337,0.740711080309186
1.49863,0.979098101133957,0.338357506003964,0.53064735661048,0.971329015757326
1.43078,0.927862006552836,0.313117821817796,0.592917621709177,1.20152194784156
1.51773,1.00526529780153,0.374202428967631,0.625967695026138,1.38136448801452
1.55255,0.980893870642343,0.483030675924052,0.544318838318536,1.37558700910819
1.41436,0.941953044567745,0.686333561614154,0.561075346166547,1.41308343591795
1.45099,1.04732758181785,0.836887577007457,0.688321288526051,1.43700917110571
1.26001,0.95979605616587,0.708458290281643,0.730024465981873,1.4334963280236
1.09407,0.781224522370625,0.419259461323223,0.755517608787131,1.45298781334112
1.35635,0.805292330251771,0.270854461794166,0.784973702759859,1.41228372158584
1.59438,0.902049254569847,0.436367961145087,0.635958857623028,1.36020698742822
1.68797,0.899180454548872,0.322920452097202,0.743899989329036,1.33620421608415
1.25523,0.846820914493989,0.852253394007567,0.637866435000066,1.40571273917158
