1000
-0.90099,-0.750517782329902,-0.572302454151204,-0.724188005227208,-0.443501235322693
-0.973437,-0.911692672689448,-0.656390289670164,-0.557481565605978,-0.325106174491772
0.236055,0.278575487393161,0.156108499697034,-0.518830669725816,-0.591706468865219
-0.35573,-0.370915834927865,-0.253618798009336,-0.430066538944031,-0.340545212115529
-0.2973,-0.133510934423932,-0.115850589733509,-0.283799613924262,-0.344913931988576
0.0119379,-0.0661116315976765,-0.0198023681970306,-0.473674750580696,-0.445358640874393
-0.708708,-0.505034329961718,-0.430249764734875,-0.377129325403081,-0.29390262203331
-0.879973,-0.657606444931151,-0.497711890261557,-0.261358637497564,-0.222250516273421
-0.346603,-0.185580306340989,-0.275390029830732,-0.272904758884217,-0.197209459229702
0.141399,0.0540799361341397,0.0393709648204692,-0.259304751409823,-0.138284281922276
0.232082,0.137388654572967,-0.138283765053552,-0.109849915169354,-0.0206911967730742
0.0102788,-0.0452768482150594,-0.163681373633373,0.208978154308764,0.12937506315059
0.0460686,0.019584514510467,-0.242354173108278,0.159931407389988,0.271442802567661
1.60145,1.13709222032897,0.461712140001139,-0.113122936143458,-0.0947323292852186
-0.561192,-0.394340637594586,-0.477492717019032,-0.0642624863683206,0.377030262664816
-0.414729,-0.346750676914164,-0.405722590141876,0.0726366156221363,0.237619683206107
-0.223575,-0.148852253879675,-0.307480670812136,0.0808815696822713,0.252132715752949
1.335,0.913095174921357,0.343251987939546,-0.0708124957239098,-0.0560411791811242
0.33888,0.175403015577276,-0.167078300910725,-0.0233042865922865,0.169061081887578
0.249933,0.101318618210478,-0.1365706595602,-0.103780064051438,-0.0411814639139486
-0.819878,-0.583438685692397,-0.556505194802619,-0.281420673110816,0.0694607945870923
-0.964017,-0.732290171105088,-0.585389107209931,-0.230579772325895,0.0948232720333102
0.607135,0.433863862184627,-0.0111190156362316,-0.202975658080995,-0.167068738723109
0.768443,0.472868865295379,0.112282199460613,-0.457807433523962,-0.179291351492019
-0.565132,-0.428680937984565,-0.462262870428906,-0.257645110898241,0.109392606523248
-0.512016,-0.434101110231399,-0.397246648191371,0.126678120350245,0.0690848872310895
-0.21892,-0.171958221565556,-0.30101403162517,0.0168537722090367,0.114801212005552
1.16987,0.796763329107138,0.306499296067298,-0.123069377611104,-0.114741823039556
0.31049,0.192966985516125,-0.150302482087867,-0.0737154427409977,0.0732685981956976
0.143554,0.043376175000351,-0.117416454389424,-0.130103431314651,-0.0664606064191534
-0.827472,-0.632347395537085,-0.592684037311722,-0.319778100333758,0.101767888445524
-1.01456,-0.783616616389293,-0.607013026026674,-0.250930289009963,0.194516728487162
0.588146,0.427947078906825,0.0358213824636067,-0.0746293456122405,-0.0390728620749479
0.750567,0.443066280259054,0.0888775589837999,0.268540611929443,0.0428497642262317
0.0472653,0.000724575932089795,-0.252319598594362,0.228577521087756,0.255694782789729
1.64486,1.21961566705472,0.541340433172643,0.139817833099121,-0.301021976231784
-0.837906,-0.663844954125166,-0.596639487445175,-0.437552717921072,0.119776092123525
-0.999831,-0.830225089425973,-0.610484791343001,-0.479063848122237,-0.0436344252255378
-0.553627,-0.420113550050864,-0.45254279330582,-0.458654572125512,-0.186522868320611
-0.475445,-0.417063236892352,-0.356033422666686,-0.540720819693117,-0.0698300554129077
-0.240886,-0.172249484759267,-0.337749298320328,-0.1997044990098,0.143769264052741
1.30042,0.85865269449567,0.342278603674109,-0.101145755649223,-0.0468873266134629
0.302033,0.181000771305272,-0.162499380050238,0.252321604998435,0.400900223282443
0.227116,0.076875859133395,-0.07601046678105,0.596571286850053,0.507004638965996
0.575626,0.322554380937835,-0.0567844899460319,0.394831131695594,0.512792937022901
0.853289,0.533991540195443,0.199065897742891,0.560254297830101,0.479778019604441
0.0306297,0.0189666078196646,-0.240523594640317,0.533231343789989,0.701778346634282
1.74979,1.23982141673847,0.602623926738997,0.461328847541324,0.187837842990978
0.310179,0.152360486546511,-0.163126048541284,0.229881706597644,0.406391002255378
0.255887,0.0740228919624718,-0.052654567419952,-0.0618169464339527,0.133116671165857
-0.813169,-0.588407932444332,-0.570968849659379,-0.29681246062202,0.2351529203678
-1.00719,-0.766875302151784,-0.58816761769953,-0.219878966934696,0.273615667140874
0.576478,0.414569847897596,0.0519507963583998,-0.0364462254513233,0.0548543032616239
0.88667,0.539295500712379,0.22668850506288,0.184800249401346,0.11558162074948
0.0174888,-0.000472757327877246,-0.252778152883579,0.225740312160659,0.465297981263012
1.80201,1.31241737385486,0.634531153307415,0.212906333983754,-0.0606318164469119
-0.588468,-0.413515697874643,-0.443611388385945,0.0362571036620568,0.40390860999306
-0.436983,-0.366225595750094,-0.377915711171913,0.141485200309968,0.221493273768216
-0.265293,-0.215632584987815,-0.313490792017437,-0.219320443910535,0.22363069500347
1.41808,0.955488369893404,0.424300630398995,-0.452219267640882,-0.199276831436502
-0.569526,-0.387103805125435,-0.441031579864611,-0.207656871485212,0.270253695350451
-0.420686,-0.323567175725527,-0.312928109096231,0.052482307335668,0.145399371269951
-0.259058,-0.210132219735106,-0.366917297798643,0.0996311215068501,0.222498748091603
1.42666,0.969291135231279,0.438589328369257,-0.0748407851239998,-0.0941910058986815
0.277509,0.160820083574692,-0.142530326322342,-0.0197926450924574,0.186219159958362
0.314455,0.118605774447302,-0.049384813327193,-0.0872959093095499,-0.0400332903296322
-0.844604,-0.625252035906287,-0.5980149674466,-0.296794232890488,0.166905050121443
-1.01944,-0.782065214287557,-0.598320678755924,-0.219998621579969,0.266222828907009
0.527134,0.380944093705936,0.0314765726710115,-0.0327366763676383,0.154204561016655
0.953664,0.558250806703134,0.229487489326752,0.172123165994646,0.256035448560028
0.00263467,-0.0485040769461937,-0.280025627874162,0.171611488519367,0.682152245662734
1.88907,1.37917945638682,0.655153753950934,1.20964463135456,0.265356834403192
0.00563136,-0.0322468546557808,-0.233406363047442,0.196250855815107,0.804528518823734
1.87271,1.35356407562357,0.645121019782337,0.981848733144973,0.177092443355309
-0.596286,-0.399315175612857,-0.415678160546048,0.0437063234919315,0.590024531037474
-0.413203,-0.371038707156757,-0.342627230303003,0.119996616931802,0.343623088920888
-0.282953,-0.221000429698428,-0.347328584468573,0.0367616091412553,0.339397152532963
1.45882,0.931858622550011,0.46541522658081,-0.0883158776422133,-0.0755178146564885
0.256517,0.11972390014,-0.159659184223551,-0.0317570640253374,0.202994301526718
0.330209,0.0898645765761023,-0.0441763797217755,-0.106876699195463,-0.0336108070784177
-0.842927,-0.629009468858811,-0.595856063558942,-0.258931830633369,0.157297357390701
-1.03199,-0.800152012486178,-0.582643397799838,-0.194733353671322,0.251429279111728
0.492253,0.338112174178426,-0.040248097143245,0.36079707004192,0.138447017349063
0.945862,0.575151848578287,0.248914560074961,0.720406964808081,0.218487572866065
0.479955,0.277979188760742,-0.0895571048202962,0.40521788685624,0.437829926786954
0.950322,0.562662439075103,0.25126818808556,0.915299678385335,0.29895814018043
-0.0340416,-0.0613238995580535,-0.236516273406974,0.550238683505249,0.513256765440666
1.88433,1.35148469108724,0.674660920396187,0.162517585827743,-0.182865895905621
-0.861062,-0.669548154254845,-0.610172863043716,-0.430959183207629,0.222460942748092
-1.03214,-0.835853047658565,-0.596401311455136,-0.468248388104488,-0.0150475128383068
-0.598813,-0.462824737543556,-0.463045772216935,-0.467310155682711,-0.152698520818876
-0.396877,-0.395163824679752,-0.317009536957794,-0.553469046242401,-0.106359016516308
-0.29803,-0.229174729324965,-0.349990153508164,-0.22928303759693,0.076261833795975
1.48314,0.980301389853193,0.51612796569818,-0.0880544305698611,-0.24506469777932
0.229413,0.0992157581898645,-0.165720361085614,-0.0307575934668973,0.123794443095073
0.329457,0.120399246071277,-0.0100061065364985,-0.102989414157948,-0.0546549732477447
-0.853181,-0.649207825116046,-0.568109068423145,-0.25772163321333,0.15666034056211
-1.03342,-0.812479867876533,-0.589454735023316,-0.201403782691465,0.233803130985427
0.459098,0.317606525260815,-0.0303453744010698,-0.0423923376434709,0.060612982130465
0.986275,0.580490749624785,0.267619654748238,0.288687937828215,0.0843718606870229
-0.0445779,-0.0715257905178215,-0.256244913071312,0.197772724703166,0.494563734212353
1.92668,1.3808398624138,0.781400722011236,0.254235889316959,-0.0542277746356696
-0.630249,-0.477826382676684,-0.50977394935223,0.0297655469657018,0.492224499479528
-0.405438,-0.373647352136789,-0.305869335506701,0.103270901799115,0.316425836398334
-0.314088,-0.257251940273217,-0.341115546189451,0.0596634042196977,0.353118915510062
1.52538,1.02060962524871,0.576674671006048,-0.0894525486132104,-0.0631242216863289
0.218942,0.0800529797889732,-0.185983267837188,-0.0300168689714352,0.277250307078418
0.362515,0.14693126332265,0.0249684594122437,-0.00959752186461249,0.050115220333102
-0.628125,-0.462546421007718,-0.487142108266217,0.0214398645213763,0.213157101318529
-0.397249,-0.342808299638222,-0.287520382193684,0.0703473784246139,0.131016172102706
-0.322097,-0.241169228268616,-0.325011306639554,-0.0219055133118362,0.233837213740458
1.54989,1.05589091077055,0.561820941890389,-0.088929274387035,-0.162102925399028
0.207569,0.0785929815248736,-0.161441627518293,-0.0296990357126319,0.173576294240111
0.370314,0.143344005346164,0.037036743033632,-0.102930779846992,-0.0678908480916031
-0.890334,-0.68747804485977,-0.620703156914178,-0.297052900714022,0.157924612768911
-1.06886,-0.829664026929511,-0.589332703841751,-0.233930287723248,0.216628595766829
0.416982,0.286892252207459,-0.0330335891937109,-0.0510776942996759,0.0272502973629424
1.03452,0.631774950051291,0.331368295070741,0.275238531660247,0.0111302696044414
-0.0718782,-0.099594167222353,-0.292158930220553,0.211293588911302,0.454089014226232
1.99253,1.51665012144627,0.872518998540409,0.156052219718424,-0.181170462873005
-1.10261,-0.915316077748841,-0.722890017042781,-0.0350604732000375,0.650115076335878
-0.932383,-0.739660800835643,-0.51377308271186,-0.161510052155113,0.644994069049271
-0.277902,-0.222566074590579,-0.222635740244906,-0.41777935764811,0.889379520124914
3.10969,2.60004164092923,0.912537214955232,2.53693454664996,0.432514630048577
-0.75392,-0.608315138942096,-0.481604998542941,-0.617487026322648,1.94084134281749
6.68919,5.08674208435521,2.24000734332392,1.2030861806359,-0.00245250902151289
-1.01619,-0.846438777299343,-0.657743756472749,-0.506362681961207,1.70257705794587
0.102219,0.053195711303132,-0.0244157958841925,-0.00268243759505182,0.916804418459403
-0.835132,-0.638609570343393,-0.506791095766649,-0.420700672751401,1.1572932147814
2.98119,2.20213919764702,1.30801804694201,-0.125049892198145,0.0944406679389312
-0.519261,-0.341630223666522,-0.290978843216483,-0.299519194751743,0.953185472935461
0.873864,0.608285616321643,0.365032720109962,0.398937807536437,0.291303926786954
-0.689999,-0.488860018245388,-0.400225057327813,-0.21694816449994,0.808817156141568
2.78197,2.24106292163796,1.41568184538282,-0.139551035060394,-0.165687838653713
-1.00005,-0.795350155864413,-0.600753558535157,-0.432756280486031,0.693390549965302
-0.110847,-0.13863500780649,-0.0102031474178402,-0.378198967990714,0.21210941498959
-0.857623,-0.665629011240396,-0.485952383760703,-0.465532895533281,0.495105199861208
2.34903,2.03526372423471,1.27503823025351,0.0843857990673658,-0.297725902845246
-0.611089,-0.476526786652278,-0.400980395348139,-0.387020545197553,0.487544139486468
1.17565,0.94913963991336,0.455953415558192,0.151563230790846,-0.269564738029147
-1.15629,-1.02852194099419,-0.742657120055237,-0.53644924427948,0.163838154545455
-0.985093,-0.81862955451793,-0.529149062287747,-0.60650011061891,0.0180404115197779
-0.505113,-0.359648088792216,-0.290551362376613,-0.495733489828757,0.152175331367106
2.24492,1.74557653733283,0.914896698333042,-0.655996758854091,-0.47409529389313
-1.03988,-0.857187470264872,-0.642052954921349,-0.727300723062684,0.416789885496183
0.0390364,-0.00672247241206495,-0.02699215641624,-0.206599531044428,0.0583333900069397
-0.911085,-0.725503203110816,-0.555570259394855,-0.502958488859517,0.479938628383067
2.6748,2.1471717792447,1.28694206022914,-0.164130985555623,-0.359087858778626
-0.630913,-0.445615294145502,-0.357576417565029,-0.294376812127578,0.460348010062457
0.87223,0.64316697125152,0.343424954694091,-0.288013347654976,-0.255464270645385
-1.1472,-0.989735981494362,-0.698785799422602,-0.619058987218294,0.151878847467037
-1.04841,-0.871763117109073,-0.559607185964442,-0.655502396895533,0.0576794725884802
-0.510976,-0.326573250798904,-0.208745801924808,-0.366259261997756,0.129302926786954
1.68299,1.30523672849373,0.737531179225462,0.386484215063728,-0.296726361207495
-0.779052,-0.607932060063202,-0.451259425471065,-0.429718760580452,0.494240702984039
2.72271,2.26994417822523,1.42252386892245,0.246150948086276,-0.569194380291464
-1.1511,-1.01194047708772,-0.747310189685999,-0.75548595162707,0.214168452463567
-1.06871,-0.930265555228026,-0.607227659801107,-0.815510100412909,-0.110659074947953
-1.01252,-0.81266541555665,-0.58758238214029,-0.803004455494057,-0.137581704718945
-0.106404,-0.145671034011429,-0.00648928352747954,-0.721848010931835,-0.285030208535739
-0.898994,-0.699373722417433,-0.50776591257297,-0.652847543943931,0.246020529146426
2.17109,1.68634013252365,1.19571851704733,-0.217420855184849,-0.407868658223456
-0.606458,-0.424791121476613,-0.326274353081789,-0.352696564845209,0.498180234212353
0.695527,0.484226618405762,0.294244516162352,0.354594980689293,0.160482939278279
-0.531624,-0.380411460544459,-0.291994530084119,-0.323572805310637,0.595125356002776
1.43597,1.09655406235789,0.682171789661828,0.511626841192216,0.117673260235947
-0.795058,-0.614928926645867,-0.461468931901307,-0.283980744607,0.775076825121443
2.61775,2.14924009631886,1.43539202959682,0.353142815224795,-0.229944033657183
-0.675189,-0.493306744519871,-0.359315677000914,-0.360159715260374,0.492485031922276
0.64418,0.43487101972502,0.30281542782114,-0.381813913049739,-0.201598933379598
-1.14865,-1.00357495566924,-0.743298883323186,-0.630775364192271,0.101444517696044
-1.0815,-0.892643345468074,-0.591245628940723,-0.663410020466362,-0.0192794892435809
-0.550117,-0.351798862708315,-0.250108306496458,-0.388213049388352,0.0650488570437197
1.47491,1.15019884310696,0.73927400952833,0.26524720644002,-0.302537665510062
-0.795622,-0.634668582198904,-0.451947762672589,-0.493192721732195,0.5312661537127
2.50318,2.02931428661957,1.34426330706922,0.22554469857943,-0.368362597154754
-1.04304,-0.85694455213885,-0.63383266493355,-0.492277488855738,0.432800588827203
-0.216559,-0.246569796054677,-0.0780771817778609,-0.44168072829332,0.0350318119361556
-0.911913,-0.729564030669406,-0.523072765898001,-0.6694870439822,0.308340855308813
1.97898,1.58378096195201,1.11278159891824,-0.639750053220258,-0.459923628036086
-1.03088,-0.819751851731306,-0.600017664945488,-0.63088112619352,0.291738261276891
-0.216918,-0.224976573478897,-0.0443064801296838,-0.462583620206855,-0.0694956644691187
-0.892706,-0.711609917877035,-0.508712518943403,-0.487540738103893,0.228436797709924
1.96164,1.54728429943429,1.09172268517215,-0.285833930578329,-0.452456013185288
-0.635344,-0.432814370008261,-0.303597370583863,-0.317383185408346,0.204544717210271
0.585359,0.390558846841197,0.289319662100898,-0.345449455815664,-0.383439430950729
-1.14749,-0.975345068314623,-0.743191221289317,-0.622210682801272,-0.0243931273421235
-1.09479,-0.897901221639627,-0.572899134819459,-0.649607428686382,-0.0716569108258153
-0.524442,-0.331544585730767,-0.21767910171253,-0.375263139486521,0.0802617748091602
1.32719,1.0324260315459,0.652527152135164,0.00472937396112039,-0.184998119014573
-0.78268,-0.581611863289581,-0.409138361594891,-0.565566979714438,0.62467412074948
2.30585,1.9795173362999,1.25088255505182,1.45198862873034,-0.100332587092297
-0.784076,-0.595152706870323,-0.411248120415295,-0.511826088912983,0.817215676613463
2.37142,1.97196115028524,1.29004505440146,1.24355461387637,-0.141048963566968
-1.03038,-0.817280344289231,-0.568711362418472,-0.477753754624971,0.552245005204719
-0.250473,-0.235533642637719,-0.064064893545817,-0.430116381506033,0.100283348369188
-0.895341,-0.680086400559163,-0.502027539089473,-0.477419703989577,0.301707699514226
1.8507,1.44399743090921,1.08733276534756,-0.282146561707205,-0.440291451422623
-0.644631,-0.419959743548212,-0.312628814105062,-0.349384128177686,0.183600603747398
0.56445,0.387444203168037,0.312324388174777,-0.29240703049534,-0.396353832755031
-1.15231,-0.9466463117549,-0.699937921015511,-0.625529235572373,-0.0597822338653713
-1.09165,-0.86784349181055,-0.533293558665913,-0.653113754284233,-0.116120676960444
-0.522622,-0.309846419019168,-0.173195568978161,-0.33019329591525,0.0150515440666205
1.32204,0.992995962796918,0.696098821062476,0.500092312038573,-0.287656181818182
-0.567981,-0.412574894046399,-0.275570766085379,-0.39813431059689,0.352168112421929
1.22096,0.969073929413213,0.651826500745004,0.889118917441587,-0.117462933726579
-0.79722,-0.587958152433672,-0.405526562937429,-0.111085725615141,0.450540878903539
2.31506,1.9273087317297,1.26094863578193,-0.0673118220012034,-0.520831199167245
-1.15758,-1.00026339333559,-0.657951737347561,-0.766123541870122,0.123134791811242
-1.0943,-0.903534107560322,-0.54500894532742,-0.817395276690016,-0.228388428868841
-1.02104,-0.775639186427221,-0.569523513743247,-0.795728411528369,-0.257339869535045
-0.233232,-0.222466462724009,-0.0208496478407887,-0.771209577639819,-0.394497938931298
-0.912469,-0.669287279038558,-0.473074663312134,-0.662764128599966,-0.00338015787647462
1.78128,1.36244231340463,0.988743807831081,-0.334005634068096,-0.626128431991673
-0.640486,-0.409199287781578,-0.264855355416446,-0.318549742799284,0.0454860600277586
0.467141,0.299935781922877,0.264265164837886,-0.385615484429325,-0.41788388723109
-1.1429,-0.931030971374868,-0.685262324922865,-0.563479170894305,-0.0853004274809162
-1.11165,-0.89564329338005,-0.574988061763094,-0.581917819509861,-0.128358592643997
-0.532931,-0.308754819923921,-0.177022086694721,-0.380247205141749,-0.0642339260929911
1.20511,0.933094410200321,0.632427018624404,0.0139431170251939,-0.35838093962526
-0.791613,-0.591042951172985,-0.404146661801387,-0.483584361713351,0.377482387578071
2.14838,1.76532253495031,1.24368101103161,0.0465631595156274,-0.41538370610687
-1.03705,-0.822063512607657,-0.575076851356012,-0.497569393455693,0.329066532269257
-0.301245,-0.265915701201075,-0.0812393268049368,-0.466803571847398,-0.00608303990284537
-0.911302,-0.689274488004568,-0.448282938078389,-0.50725378507186,0.215541343164469
1.70489,1.34356483977305,1.02714827390907,-0.425579618918824,-0.463215007980569
-0.688036,-0.441207585054076,-0.28124469507028,-0.377472410439685,0.158204791811242
0.402811,0.253256300747043,0.294844691693815,-0.411342699809892,-0.343048234559334
-1.05887,-0.828176047041076,-0.625074412017045,-0.509360024606622,-0.0297318424705066
-0.382684,-0.349034904221495,-0.113866410238811,-0.437266925148726,-0.253991567314365
-0.94016,-0.701815852431035,-0.502775303241569,-0.566577910559617,0.00533153886190148
1.53378,1.18195753034584,1.04138144542424,-0.419876997323951,-0.610257054129077
-0.722077,-0.487193988014463,-0.33195373515323,-0.439532480248551,-0.0236721752255377
0.352015,0.195692957290253,0.208783224676212,-0.469241646523418,-0.505601445176961
-1.17806,-0.991040165261249,-0.744684135299432,-0.689199055902783,-0.183809349063151
-1.13856,-0.935655054859525,-0.620940982022719,-0.708665344575366,-0.220356127689105
-0.617229,-0.368788552887426,-0.18208123627659,-0.450777827056056,-0.167942801873699
1.02979,0.778031788009132,0.641695433489211,-0.09029944770245,-0.425268287751562
-0.851155,-0.636455536916642,-0.447567961764889,-0.428814826455328,0.258433769777932
1.97671,1.63556211929354,1.25807552927166,-0.113867328225611,-0.496657191013185
-0.9256,-0.808141252069025,-0.619040453643702,-0.618916821759694,0.203503737855656
-0.99799,-0.844290976703652,-0.610909485021452,-0.571539044012697,0.13511512369882
-0.0391493,-0.0321853374139298,-0.0917853371952902,-0.145294078121126,-0.004696071131159
0.75109,0.527301222075795,0.255747567297486,0.049861225792814,-0.116950654927134
-0.461762,-0.37618143010826,-0.371873083649201,-0.19956848144484,0.33997639573213
1.80063,1.39161462502585,0.842855283941385,-0.0309778652344693,-0.325140750693963
-0.830367,-0.679685873897728,-0.573818464607335,-0.314296920826718,0.252868356176266
-0.558887,-0.46284719921088,-0.274322542713998,-0.23512342298754,0.0634396487508674
-0.6462,-0.517538147981425,-0.447245990223563,-0.30065955716007,0.216711551006246
1.4004,1.04358682508548,0.702762426348582,-0.356317459120658,-0.226218072519084
-0.329621,-0.246363744515177,-0.253235344229669,-0.328227684470974,0.257979330326162
0.181468,0.108903958896163,0.086531225377265,0.240149294705622,0.0442587369882026
-0.485949,-0.395107735186127,-0.35286702065347,-0.122809666980274,0.331948358084663
1.91041,1.47586633593405,1.04518773959949,-0.354546442214257,-0.306026623872311
-0.838973,-0.670566733631026,-0.553875756633331,-0.341663380940316,0.288082817834837
-0.558,-0.449045555164097,-0.230378491098747,-0.20486478712652,0.0332407883414295
-0.642783,-0.513022144907306,-0.431544580943562,-0.295681130074463,0.110643434420541
1.44712,1.07499765011303,0.833515676971519,-0.349441242598922,-0.380484114850798
-0.32068,-0.20511941984888,-0.230029687064757,-0.295630083270021,0.0439339583622484
0.199986,0.117379445235314,0.13075399654448,-0.314090679464693,-0.33898518945177
-0.993602,-0.8286194036643,-0.666410120818984,-0.554069765134258,-0.184234257460097
-1.13277,-0.898229116397695,-0.626156470317469,-0.493252887489489,-0.195082484038862
-0.16575,-0.062355463308588,-0.105886106809125,-0.376190327169195,-0.281942196391395
0.890598,0.647934180478928,0.484363803682142,-0.709954911609726,-0.504973606870229
-0.844868,-0.685479587009707,-0.546239989223216,-0.563016614792178,-0.0538515135322693
-0.561945,-0.41925051116047,-0.228832117785241,-0.141702260419947,-0.145619485079806
-0.639341,-0.494357706532907,-0.430191528820767,-0.314171820584516,0.0232462179042331
1.50683,1.15557139830447,0.858261764871448,-0.348252445099852,-0.41448492852186
-0.311265,-0.213902273619277,-0.241307951929242,-0.303325627401705,0.0332626561415684
0.211057,0.135226525825068,0.156836490008599,-0.311346481100263,-0.3146434888966
-0.973319,-0.818978445323536,-0.669811500527986,-0.538568396876829,-0.0876037560721721
-1.14014,-0.908013101996129,-0.636111312260523,-0.46825921092645,-0.0459002383761277
-0.155899,-0.0574994704324765,-0.101842501444724,-0.327903714520973,-0.123168350104094
0.899572,0.670718645255709,0.505430410178155,0.0921220431372848,-0.261110630464955
-0.489662,-0.380385215479026,-0.375239882150272,-0.16858151758524,0.200924822345594
1.97385,1.5627030004929,1.13863840670061,-0.0651918733578878,-0.555607536433033
-0.998836,-0.868386772217734,-0.684757081161886,-0.668408644085622,0.00885006766134644
-1.14558,-0.966238212170424,-0.629384661644782,-0.680316651595568,-0.199262462873005
-0.821957,-0.664767460297162,-0.506934747856449,-0.698121229730341,-0.317260594378904
-0.546224,-0.467864431938972,-0.181113112632591,-0.708172738475742,-0.292952814365024
-0.644211,-0.502702711304816,-0.412004309596878,-0.547802325824132,0.00855763566967383
1.48836,1.12733569184329,0.878174495864866,-0.337284273910864,-0.38384897814018
-0.324199,-0.227163895643113,-0.264624171262693,-0.174463000301669,0.253690055517002
0.212145,0.165180676775665,0.189469740630135,0.319192120230551,0.152250791464261
-0.175819,-0.166032789904539,-0.223457205441603,-0.0426654904207752,0.357671431644691
0.917976,0.706104597464497,0.572207006012243,0.362326014609804,0.128489698473282
-0.488704,-0.347878782035632,-0.304074933919152,0.00987829703958513,0.551878841082582
1.99898,1.5585617630496,1.2095279732553,0.206307358005124,-0.172293525676614
-0.317477,-0.222856083577975,-0.254360464887078,-0.148827555595509,0.292526448993754
0.23139,0.17419413615434,0.196623899874883,-0.311076866157466,-0.150731945176961
-0.977108,-0.786491003513348,-0.644323614772475,-0.557654691017092,0.00883549306037469
-1.13917,-0.851936064006758,-0.565048464020972,-0.480730193628133,-0.00338526682859129
-0.159037,-0.0379125904879057,-0.0690081568487408,-0.313089055140385,-0.0671059777931991
0.945061,0.731767963357793,0.584322194335626,0.0637150138476652,-0.203696619014573
-0.484562,-0.356934736231617,-0.288619741749517,-0.211247068597472,0.364051485079806
2.05117,1.58577260681863,1.19767258747851,0.00763478852635191,-0.326519824774462
-0.83409,-0.612715533782166,-0.497403104238091,-0.276793583416375,0.283876837612769
-0.543048,-0.359072548803959,-0.139220692023391,-0.156775241798245,0.0460217761970853
-0.635744,-0.459391639001979,-0.389571320834749,-0.454541686126271,0.141949870229008
1.56131,1.16963752874727,0.919203143477241,-0.664140219828808,-0.423396654406662
-0.822777,-0.594801900411197,-0.421445026717621,-0.481653015586172,0.149685927133935
-0.536349,-0.344348536158988,-0.160870944356707,-0.203965552782988,-0.0446240020818876
-0.636319,-0.438301323192032,-0.360133715483639,-0.264992603605534,0.0999396259541985
1.57957,1.16931342433813,0.944283226724288,-0.318116216497296,-0.38078821963914
-0.295531,-0.177871928754864,-0.200353582514649,-0.270260952207936,0.0841123820263706
0.258697,0.21029105222239,0.248982944485108,-0.278410083243803,-0.294988317140874
-0.975504,-0.768895251987844,-0.591992726766785,-0.524950881381893,-0.0569696960444136
-1.14343,-0.854969202289315,-0.581579911811996,-0.451735364734672,0.000272644344205403
-0.13841,-0.0260585708066672,-0.0794428174764787,-0.301768477250741,0.0252999271339348
0.977445,0.760897786930162,0.602395190601297,0.108969175067718,-0.0452299306037473
-0.467913,-0.335190811560121,-0.2894988440765,-0.301478849046504,0.563813963913949
2.08255,1.65380982635066,1.22288138363993,1.47695765280589,-0.0074795537820958
-0.4647,-0.34271145248817,-0.304562318995114,-0.248883332021213,0.738547526023595
2.04743,1.62687702355763,1.17171496330312,1.41034570055137,-0.0561881828591256
-0.826099,-0.603718521841727,-0.435649184383189,-0.245420267792358,0.471116089868147
-0.525393,-0.343097991498209,-0.130652636440244,-0.153079729474354,0.162947785912561
-0.63802,-0.449419382893395,-0.372628172428063,-0.258860086430961,0.219346094725885
1.58315,1.16999528599687,1.02391847640879,-0.332038156013446,-0.358148936155448
-0.305593,-0.171114928028141,-0.209461040942805,-0.298090534871725,0.0931507404580153
0.252731,0.188854049091762,0.260397830890752,-0.307802217230526,-0.295556377515614
-0.997823,-0.789128679065709,-0.64476193754122,-0.543341650289866,-0.0810147470506593
-1.15235,-0.874131802492038,-0.59040208795232,-0.469013863489249,-0.0402080086745316
-0.160389,-0.0213170655033806,-0.0506287324829562,-0.175967863980014,-0.0274946391394865
0.979039,0.721601165882141,0.64383512816077,0.487026642221461,-0.13762921165857
-0.165366,-0.0928820645164889,-0.152859509857035,-0.136243227611963,0.2924263240805
0.963482,0.739200233983165,0.691857959778591,0.814540146711437,0.0097513712699514
-0.494576,-0.340940905792236,-0.306508848569766,0.183235810702331,0.409602099930604
2.11624,1.67346699660854,1.34881337336569,-0.0639255042324759,-0.427095660999306
-1.00609,-0.814391161230219,-0.644637874764938,-0.62469694749842,0.109406694656489
-1.14209,-0.906446864362721,-0.592143479825764,-0.650896135871829,-0.170633341082582
-0.828785,-0.602926754691779,-0.49428290332379,-0.682444141266065,-0.284788837612769
-0.512243,-0.363953295870218,-0.0507252194961814,-0.694765941407044,-0.2903113240805
-0.646141,-0.442655952271405,-0.405008397115176,-0.530082313278789,-0.042344680777238
1.62283,1.20732146687073,1.06137474410393,-0.333777262618081,-0.522059077376822
-0.315598,-0.187979431300415,-0.252835561173184,-0.308941922058265,0.0178205811936156
0.281778,0.199689349743265,0.29392137520067,-0.335954506433544,-0.302738288688411
-1.00516,-0.798128721672863,-0.657746723081481,-0.515208903941111,-0.0551670794587092
-1.15231,-0.880711150221031,-0.620713482493833,-0.445418955790274,-0.0176822793199168
-0.162816,-0.029170947883332,-0.0660888587190939,-0.308640728274628,-0.0664572366412213
1.00144,0.781458443821558,0.710984002198697,0.138723190274742,-0.204058475017349
-0.498243,-0.346741616821357,-0.337278769205493,-0.200639766077674,0.384367313671062
2.099,1.63094577334971,1.39668312109745,0.0536395809894438,-0.311043440319223
-0.854043,-0.633712014492292,-0.551306178561519,-0.268592485719936,0.348109984038862
-0.526946,-0.390023315858539,-0.106131268115886,-0.154078254204134,0.123526547883414
-0.653847,-0.461637171791593,-0.42672558740876,-0.260093340896739,0.218666250173491
1.60825,1.18507166608546,1.11787850426237,-0.317857066151569,-0.333585337265788
-0.31566,-0.179221652445422,-0.242931131360164,-0.301470199392293,0.16695271165857
0.290174,0.195163350364711,0.310432669684762,-0.198471804931271,-0.197433250173491
-0.862168,-0.621849665208927,-0.549181232436504,-0.27490286466915,0.0241593063844553
-0.518587,-0.368271038194385,-0.0949123732910733,-0.16977540339347,-0.0876393102012492
-0.660644,-0.461994990419453,-0.417510518482619,-0.336082692847097,0.0833879493407356
1.64021,1.22248685486907,1.14687225337993,-0.324378784205468,-0.446387268910479
-0.331314,-0.189112893565693,-0.252529522572629,-0.291723530403092,0.0572558566967384
0.287347,0.196048281779161,0.312746950233948,-0.292180606150894,-0.309762656835531
-1.01343,-0.793191846524242,-0.652764854095941,-0.51334872636291,-0.0572691818181819
-1.15948,-0.894432111154159,-0.63000968790042,-0.454180206514511,-0.0246974875086746
-0.183519,-0.0291649699772333,-0.0524328857356607,-0.321990688943582,-0.0877759784871617
1.02833,0.774023470971363,0.797344583348616,0.117684524239319,-0.238274346287301
-0.513429,-0.359350423391547,-0.35535248758071,-0.169152123560287,0.329013329979181
2.13802,1.70230844719592,1.43453646947927,-0.0328488208285658,-0.428745945176961
-1.02402,-0.80570920082213,-0.660791163512183,-0.548846449239098,0.276377408049965
-1.16079,-0.915376222748385,-0.619875134269702,-0.471160731522584,0.188308964954892
-0.183817,-0.0493356057288171,-0.0636628065756898,-0.166717116954922,0.0538999767522553
1.01838,0.792204589145863,0.790853438847222,-0.171592484584746,-0.126891377862595
-0.509639,-0.35190345836526,-0.327793217495023,-0.24169167837943,0.445607257113116
2.15065,1.64033433657216,1.30497510735642,-0.0732922239895282,-0.316979250173491
-0.866079,-0.657011623621479,-0.571553431382977,-0.307547475011243,0.35712740111034
-0.525232,-0.388646007877153,-0.0422774656924481,-0.205577875491221,0.134595737682165
-0.671047,-0.476998794241704,-0.414192148146588,-0.307209994071789,0.315614573213046
1.63354,1.21409590317163,1.16411640242114,-0.326998139127807,-0.193852604094379
-0.335459,-0.205586592986146,-0.233526197819901,-0.330446932885841,0.354307992713394
0.29082,0.222724237145667,0.351347953979527,0.346517432395028,0.0950952761970853
-0.520597,-0.348987701686142,-0.31033762507947,-0.087333224574037,0.429308267869535
2.15738,1.66209904926894,1.43821665361072,-0.327902845295738,-0.285245872310895
-0.864366,-0.628674216241391,-0.547965462126692,-0.335106664558418,0.371229685634976
-0.52554,-0.399192396698502,-0.0756662572454625,-0.148148896348016,0.0820933435114504
-0.67927,-0.483052096548759,-0.43565219510811,-0.293708177029049,0.180814772727273
1.63719,1.20404715767978,1.16752569065232,-0.320411692826678,-0.368819100624566
-0.337487,-0.203742462492097,-0.260403967285398,-0.301177379699625,0.109991023594726
0.304479,0.211815604639499,0.372254558829262,-0.271250999183864,-0.323049460444136
-1.00892,-0.80310106306942,-0.675132667061077,-0.548174882765934,-0.148391708535739
-1.1601,-0.895192294029459,-0.630301811193864,-0.47904674152029,-0.167177962873005
-0.191861,-0.0351814005336317,-0.0286842742112272,-0.344701645920807,-0.245334895905621
1.03252,0.752966930035438,0.849555246377622,-0.720341294868442,-0.510135790770298
-0.874779,-0.659624257970983,-0.539071164633779,-0.578047795277252,-0.0117900638445524
-0.527354,-0.397537270507214,-0.0734966307685633,-0.0914286159618353,-0.126721131158917
-0.675809,-0.491313296658414,-0.422710753236453,-0.320887849427291,0.0663449011103401
1.6469,1.23921433515819,1.26842454634508,-0.327563619423191,-0.41501156870229
-0.343232,-0.204998414374084,-0.255148059001684,-0.296892068808414,0.078497571131159
0.296497,0.19627964409568,0.370536014469845,-0.283438882609847,-0.313117848369188
-1.01445,-0.805968278384682,-0.665723995838489,-0.521065310849235,-0.0562347359472588
-1.16006,-0.920197804203923,-0.652904554433326,-0.460297394369804,-0.0229418317140874
-0.182175,-0.0339683362392111,-0.031164761619089,-0.313564820780328,-0.0851797068008328
1.03922,0.77100120470194,0.790285025657392,0.13858742203551,-0.256510161346287
-0.5138,-0.373422411837508,-0.314624670842734,-0.165045952144969,0.258330905621096
2.14348,1.69293384967505,1.47862045977201,-0.0204028235986103,-0.555952829979181
-1.02778,-0.856328505928034,-0.693271133640881,-0.667862916474952,0.0512701318528799
-1.16267,-0.983382710479267,-0.652796004156911,-0.68450181674077,-0.173920786953505
-0.849673,-0.664202878296495,-0.525694371540015,-0.70427622782671,-0.286834301873699
-0.502347,-0.420595020902045,-0.0436296384783983,-0.702932080612369,-0.275687040249827
-0.663131,-0.480167768202341,-0.383752183579939,-0.543290226184896,0.0603317904233172
1.64619,1.22107049515342,1.17706875947935,-0.312745952153157,-0.370796534351145
-0.323718,-0.195380348652807,-0.2432935003923,-0.160335161626413,0.316280430256766
0.299792,0.239947078071161,0.329032571951207,0.437465529693242,0.189152581887578
-0.17882,-0.122396691315647,-0.170035321912664,-0.0787884238585376,0.419963096807773
1.01744,0.731758163877392,0.733899648496256,0.385295700173955,0.160077766828591
-0.513947,-0.360939085920829,-0.348465830804692,0.00777895307952872,0.616151245662734
2.14052,1.61141163047981,1.43183171579954,0.238092238512751,-0.159526446217904
-0.334871,-0.228702563148227,-0.257757568981796,-0.161205524711841,0.341462993407356
0.303687,0.191112622085688,0.307714426062353,-0.305898798273838,-0.141339429215822
-1.01396,-0.814954248064658,-0.677992261948401,-0.516577713587251,0.0381426370575989
-1.15902,-0.914020584939978,-0.673139735149413,-0.462219437506054,0.0141942647467037
-0.173755,-0.0343629217162597,-0.0700073474108473,-0.310759139311227,-0.0421498337959749
1.04447,0.782037455884632,0.781795059619478,0.145139409780157,-0.204677784871617
-0.51264,-0.369624182258097,-0.34507326591369,-0.204388541746413,0.402072868494101
2.15801,1.63832863136561,1.43231463580035,0.0629616878067971,-0.329997845940319
-0.868037,-0.664099077783236,-0.566306837062329,-0.287428443169855,0.31042675537821
-0.521956,-0.434780472920158,-0.113882681438672,-0.181551526747514,0.0464906929215823
-0.68476,-0.515100835770281,-0.428806723034608,-0.492078845555026,0.155321190145732
1.61536,1.28308128078555,1.14143339280075,-0.681450135460766,-0.445712293199167
-0.868922,-0.654108195568728,-0.554753811930658,-0.519993682053605,0.14734670333102
-0.526896,-0.421368144162218,-0.106588061694092,-0.250002923230768,-0.0736884236641222
-0.684893,-0.516617110272249,-0.423351173141382,-0.340507157269123,0.0786181884108259
1.55163,1.23826258792038,1.10335161423049,-0.354406976973233,-0.417192339000694
-0.370869,-0.219950984986489,-0.258409058463174,-0.321958011999831,0.0547515430256767
0.231604,0.180153425391034,0.253547861895824,-0.328691433194762,-0.339906374392783
-1.01027,-0.806975843643559,-0.679872088806644,-0.560908667270725,-0.104348778972935
-1.15332,-0.877421342288621,-0.605260189772226,-0.503396387358524,-0.0629949871616933
-0.195731,-0.0606990515615837,-0.1346489207869,-0.353140257133787,-0.046406757460097
0.862857,0.709729401918242,0.577951241859941,0.0146067582782459,-0.122301315058987
-0.525879,-0.384423147896332,-0.383607192157556,-0.392937786625316,0.452749820957668
1.86034,1.57611507831261,1.07166786831192,1.3351079378063,-0.0873734712005552
-0.51352,-0.408201848335385,-0.366226545180037,-0.368950032187402,0.604457179042332
1.81326,1.59306872383669,1.03900055653936,1.29373112951171,-0.134594461138099
-0.861261,-0.703492781235781,-0.552441510124604,-0.329315736929671,0.354574079805691
-0.565355,-0.424061073038704,-0.201373103449574,-0.267561624831779,0.0631536193615545
-0.667329,-0.491233460524127,-0.424073883597932,-0.345296378168385,0.114162685634976
1.34836,1.05084205564508,0.790484521693735,-0.38403830972281,-0.408546799097849
-0.351491,-0.227902656142733,-0.292417703246221,-0.358978440900306,-0.0017602380291464
0.140201,0.116213769364118,0.121703391024657,-0.361043615685137,-0.34860035981957
-1.00098,-0.801599945676803,-0.665023917666072,-0.565736308397805,-0.149328586051353
-1.12763,-0.868512562870644,-0.62565285763095,-0.507370471982672,-0.108283383414296
-0.16293,-0.0564604533378303,-0.147039098139913,-0.190984517318173,-0.111474253990285
0.771674,0.601519766459198,0.40072500434887,0.414920327236302,-0.185400959056211
-0.165781,-0.10805237738913,-0.207238166450668,-0.160912736004241,0.174093183900069
0.75237,0.59054907829668,0.380469983497686,0.649248156831918,-0.059208645038168
-0.490627,-0.359045652051098,-0.363019101254478,0.091902879864075,0.274115850451076
1.75777,1.44014182892087,0.935541108494447,-0.132200256054155,-0.456699927480916
-0.991388,-0.802333186201122,-0.651162781047742,-0.661815940760844,0.00689260895211657
-1.10957,-0.909395767534749,-0.6081267828541,-0.681447936702046,-0.239450702290076
-0.816085,-0.652701798316679,-0.522713144355469,-0.711336055031302,-0.344916292852186
-0.560069,-0.435326114932121,-0.229403357844273,-0.723780301478647,-0.339857250173491
-0.622831,-0.454649999021747,-0.403099443038678,-0.546965945223561,-0.133307585010409
1.3018,1.00040839899468,0.644658850380985,-0.364331701183016,-0.528326352185982
-0.282973,-0.179725649968673,-0.267742025509853,-0.333858506950019,-0.0838562529493407
0.122204,0.0863508149521931,0.022170833144683,-0.357425157073117,-0.333191147120055
-0.982183,-0.78386722964962,-0.652144134486486,-0.541585806522304,-0.123407430256766
-1.10392,-0.841791288193167,-0.634193674234236,-0.488241717427055,-0.0824847092297015
-0.105874,-0.0169640156042525,-0.126950202565811,-0.336643092064971,-0.15655146703678
0.727669,0.554523219655218,0.323036625287589,-0.00208955929013405,-0.22923133240805
-0.448196,-0.336182201030547,-0.352684748498369,-0.227107370985589,0.23948779111728
1.69202,1.34367856590202,0.841413458046611,-0.0470845634907255,-0.335859451422623
-0.809766,-0.615996473861624,-0.557182363116765,-0.312842673365103,0.215343172796669
-0.564923,-0.430299152257231,-0.322562724808813,-0.245925146098525,0.031931691186676
-0.605087,-0.455390285266478,-0.430183838294195,-0.309644774630262,0.0917712501734907
1.24859,0.941399382905041,0.610546405303678,-0.365506342527901,-0.355756422276197
-0.280961,-0.175229025432643,-0.272808605334455,-0.331482566199485,0.0371214122137405
0.100574,0.0504666826542236,-0.0317769929696712,-0.274804634183029,-0.238873615197779
-0.809817,-0.58962848062518,-0.544320134667983,-0.310898771210674,-0.0723716974323387
-0.570711,-0.401716288625743,-0.291841229847695,-0.258900084581597,-0.148044564538515
-0.593158,-0.414191803975885,-0.412450469227794,-0.346119449175133,-0.0228840058986814
1.26178,0.922984469878364,0.570197322600074,-0.353873222248451,-0.43236647147814
-0.244218,-0.153833436502026,-0.252430514769567,-0.319682457284777,-0.0468791197085357
0.106626,0.0527344831800019,-0.00996541937480692,-0.317534592459727,-0.307029818528799
-0.944008,-0.730533056029289,-0.626890043785767,-0.50077089311652,-0.102514259541985
-1.04928,-0.808300741656984,-0.623070795047926,-0.461482289226177,-0.0637074469118668
-0.0400558,0.000999419743630874,-0.113947358756144,-0.306876196619922,-0.163304574947953
0.705706,0.511611921836195,0.248304596041029,0.0144363573795048,-0.22065399739764
-0.39583,-0.290341022237699,-0.353775023624988,-0.125510547161232,0.19465132702984
1.69595,1.38263712621003,0.713129367370541,-0.117543463644195,-0.417039933553088
-0.992919,-0.847434205178008,-0.672310022252081,-0.560057544283368,0.190622727099237
-1.16347,-0.939273274852984,-0.664845317196389,-0.445144111906038,0.152768093580847
-0.0954725,0.000349734460055786,-0.0689091788182871,-0.183865875151846,0.0154867675225538
0.949106,0.654553064260678,0.340827282091399,0.0712815246542236,-0.105485540076336
-0.516018,-0.347434933555756,-0.351918385835874,-0.219249783737666,0.445747783657183
2.32768,1.54632153148139,0.974262132713822,-0.0152813520913235,-0.360184293719639
-0.894697,-0.663847159898707,-0.565868015593127,-0.341519256773427,0.33089549611381
-0.540692,-0.452804705701132,-0.340622486392495,-0.311387258181762,0.0507763497571131
-0.710994,-0.479877584279781,-0.370592527372762,-0.359548842859227,0.150870296148508
1.03778,0.734058886060833,0.491161747192778,-0.408086913548103,-0.266606084142956
-0.378518,-0.239921249810591,-0.210855842902293,-0.366890075020516,0.127252674358085
0.0997933,0.00940658379314773,-0.0488757184485157,0.0650138909673271,-0.0874017324774462
-0.552478,-0.396975604939877,-0.309776015053154,-0.17976245542328,0.180890808639834
1.5157,1.13917512396592,0.720869673277657,-0.383820670957109,-0.374087265267176
-0.907669,-0.712597104251997,-0.563501287506291,-0.403152154274828,0.167538762144344
-0.432575,-0.416605114182523,-0.286353474230552,-0.341622705437146,-0.103959598369188
-0.734736,-0.556514957035455,-0.413226385079416,-0.39721225493537,0.0298108880291465
1.1946,0.903390494729988,0.613374189169321,-0.339581798942966,-0.427486425052047
-0.420162,-0.306939655662341,-0.260119699154981,-0.363488153651192,-0.0224322557251909
0.260765,0.0921556339053056,0.0396932714459476,-0.35191751731406,-0.413627599583623
-1.09435,-0.908019668678438,-0.728481486597097,-0.558848408290016,-0.192586003122831
-0.961483,-0.80263099888835,-0.608081915010032,-0.622801681960451,-0.277782506592644
-0.313459,-0.17230688550837,-0.143387193386771,-0.37992600018102,-0.29681019777932
0.832074,0.505813669918129,0.313179797014531,-0.698029451579741,-0.560146130464955
-0.956678,-0.747406860724508,-0.592041338446604,-0.600239406292636,-0.0987068809854268
-0.427141,-0.386401865994037,-0.260196904761943,-0.334022462273538,-0.275357944136017
-0.800093,-0.600959861356631,-0.463038685326719,-0.460814508153986,-0.0585335690492713
1.23476,0.917735607193299,0.608871021083081,-0.416201173356154,-0.505530241151978
-0.510921,-0.363781214294522,-0.299760916155192,-0.400068401998443,-0.0725037342123525
0.174419,0.0365923075625287,-0.0281540062588202,-0.441405961040081,-0.444143797709924
-1.11458,-0.926315067659799,-0.73770923656873,-0.597298584570796,-0.175446278972935
-0.974093,-0.829329138570724,-0.636528676558364,-0.669703251554744,-0.226047174878557
-0.397381,-0.224705023024256,-0.152278641836311,-0.412654137989791,-0.219463227619709
0.728239,0.476537082985512,0.257000012705215,-0.0997739355739671,-0.409280967383761
-0.685927,-0.530699926761915,-0.412455683746295,-0.344116560362241,0.0469435843164471
1.58407,1.24129137095503,0.771065842419627,-0.192221151433361,-0.651112033657183
-1.1288,-0.980340307409281,-0.735073591398434,-0.693404320510243,-0.109339914295628
-0.962437,-0.886366768341308,-0.592546155959158,-0.793655662738978,-0.360347738376128
-0.971532,-0.783788644696267,-0.557274324135657,-0.748574585131558,-0.37277409056211
-0.424289,-0.431823102637563,-0.301873788109507,-0.781643913262156,-0.443383400416378
-0.832201,-0.645106065998145,-0.48404561119955,-0.646112475109448,-0.104738827897294
1.16562,0.87188242603792,0.571363773238278,-0.421652460188677,-0.501188434420541
-0.526381,-0.349802366232015,-0.290842165568916,-0.369927061793342,0.0868786859819571
0.169607,0.0586500055329351,0.00352561409921987,0.0864785896742184,-0.0724581356696738
-0.437803,-0.291671679648996,-0.224650839836179,-0.327110875541531,0.174982130117974
0.717243,0.48141295659963,0.273911486066345,0.116596169510153,-0.0963372574600971
-0.718163,-0.52814693593921,-0.406966275060859,-0.248751849744101,0.327358207841777
1.63297,1.2464963772361,0.821704843837509,0.00240212990061639,-0.361379408743928
-0.591715,-0.439797979021915,-0.324447239790928,-0.361278459654706,0.104422185287994
0.168328,0.0363418186346977,0.00220792295382549,-0.485785074399083,-0.360023393129771
-1.1387,-0.961061523887759,-0.736684650058156,-0.652900806959224,-0.154110965301874
-1.04978,-0.872831136831443,-0.621989271215875,-0.698843732127773,-0.2435185055517
-0.47824,-0.275602227219439,-0.181503512920645,-0.461035093243566,-0.233848205412908
0.693896,0.479678076861853,0.329412199264934,-0.160302091380118,-0.42899603851492
-0.748461,-0.581540355722265,-0.415714718441855,-0.470631970365795,0.108079983691881
1.53513,1.19859638570797,0.871077640360232,-0.177570324986483,-0.523253077723803
-1.01913,-0.82152548694229,-0.59511947708738,-0.522839156286938,0.0373621901457322
-0.517558,-0.488436904008287,-0.269408386176349,-0.50463317220114,-0.231786394864677
-0.877753,-0.702518478399396,-0.487537195417958,-0.686470865024619,-0.0764001870229008
1.12465,0.878947435461596,0.692113141520173,-0.765990743795429,-0.602635237682165
-1.01447,-0.786109653188613,-0.579700829806322,-0.647052115248829,-0.072248740111034
-0.507398,-0.469041085164997,-0.267350385820304,-0.516481738030245,-0.305380810201249
-0.85993,-0.634566427699363,-0.443381042562395,-0.486521762412652,-0.113995337612769
1.14407,0.870622595693963,0.627575267221292,-0.478149827964857,-0.571047846287301
-0.593519,-0.380355710940922,-0.256902177299914,-0.462030008219295,-0.131155757807078
0.123761,0.027279976111484,0.0367428214687661,-0.503963258783932,-0.517826199167245
-1.14357,-0.935995427184478,-0.737183069398418,-0.654217316389874,-0.255535039208883
-1.10556,-0.914322094773755,-0.63779465350589,-0.679328844830147,-0.27006404129077
-0.48655,-0.276849016839362,-0.170891238071198,-0.466613012093831,-0.189277739417071
0.683751,0.498745416940534,0.348984580031002,-0.172241636426889,-0.316300924358085
-0.738436,-0.546678711136882,-0.386126367324518,-0.548601881676063,0.25723016759195
1.57799,1.35394128610096,0.905294742487285,1.00851211967509,-0.273472216516308
-0.746302,-0.58935026459275,-0.379096908886886,-0.4981111075211,0.414776013185288
1.59502,1.35010801589515,0.855523220409263,0.925307549063153,-0.307487070437196
-1.01066,-0.825041553244679,-0.582524127207739,-0.482630385334471,0.20699246426093
-0.484733,-0.439091020576087,-0.234802327203095,-0.481537236538261,-0.122798707841777
-0.870788,-0.664791010116433,-0.470643988518563,-0.490732556168318,0.004250990631506
1.18736,0.942946433529489,0.670794277134756,-0.476312074435404,-0.542152472935461
-0.606937,-0.405328766908454,-0.285494775977212,-0.445459218211754,-0.09828063462873
0.161351,0.0623288762612277,0.0682042411481257,-0.527604670516132,-0.506475253296322
-1.13472,-0.953867452418713,-0.739424975174267,-0.636505623166542,-0.259339108258154
-1.10314,-0.865596803628139,-0.571195853258122,-0.634865406598047,-0.286998515267176
-0.50469,-0.280450123655812,-0.147618969257499,-0.437283785059041,-0.217792774115198
0.722511,0.499287162290505,0.351268225970524,0.295928598505641,-0.391894108952117
-0.536575,-0.351887577665062,-0.216414537731942,-0.403332188721626,0.0508776165857044
0.711103,0.52884165305374,0.316712053870885,0.523123917098553,-0.272765711658571
-0.770558,-0.617643581733759,-0.417140395331061,-0.124979051420588,0.139408823386537
1.61029,1.3665522232455,0.999083129916783,-0.251690418889766,-0.614718230395559
-1.14761,-1.01618129340071,-0.746785089503107,-0.776737628727873,-0.114260830673144
-1.11389,-0.979602773539683,-0.6447617060348,-0.817550076523077,-0.385558350798057
-0.999681,-0.786202307986704,-0.549716371769961,-0.801911571129262,-0.422472009021513
-0.457041,-0.458089784929777,-0.22464116177798,-0.83036288782051,-0.499617631158918
-0.876775,-0.669227722407615,-0.471080304280434,-0.695139600670601,-0.209090831020125
1.22722,0.967393998325551,0.757630557814703,-0.457489171196877,-0.677246716863289
-0.606812,-0.411434103716396,-0.282806406708914,-0.450992446733421,-0.163205188063845
0.164417,0.039125017097988,0.0309586081903094,-0.490914518428562,-0.505897186675919
-1.13626,-0.917899482233493,-0.716283413019151,-0.649453959157649,-0.238982000693963
-1.11119,-0.888630147644979,-0.616726445508482,-0.662795690071712,-0.26239136537127
-0.505188,-0.303461172128529,-0.194594312633477,-0.475089797026358,-0.238178941360167
0.752988,0.559567338966705,0.386635760200737,-0.178934840684814,-0.429099594031922
-0.742271,-0.539587189603295,-0.384391737217444,-0.462022333498245,0.137542410478834
1.60533,1.32140272780682,0.92540710474634,-0.163677650290517,-0.492248224149896
-1.01439,-0.800229636818636,-0.586517398883326,-0.476600244803419,0.117730187716863
-0.454839,-0.399015098638066,-0.225282881764721,-0.456089808772347,-0.141638555863983
-0.864823,-0.648198273356994,-0.449511263028693,-0.490313632428309,0.024732672796669
1.25278,0.972216755301445,0.739385397943643,-0.463823690333852,-0.509352970506593
-0.634287,-0.436138328871325,-0.315248111064302,-0.467261920737855,-0.0112406124219293
0.190611,0.0688620289480222,0.0706201480223115,-0.396612911957477,-0.399184734906315
-1.01513,-0.778074632611477,-0.615012479798593,-0.425616613100734,-0.135680463566967
-0.456905,-0.383075298870131,-0.233188397581603,-0.374880899775338,-0.309160884108258
-0.866635,-0.610247918533357,-0.437353639133107,-0.473815611183452,-0.0931717852185982
1.2286,0.988126143160373,0.817155862106893,-0.439070315264556,-0.597707819916724
-0.626321,-0.438987426633757,-0.326792641718295,-0.435343128910251,-0.112619141915337
0.223263,0.0863519456331004,0.0516591558139874,-0.460468918527095,-0.509607783830673
-1.14421,-0.954981269848916,-0.73815738871545,-0.659364335903565,-0.222824115197779
-1.10847,-0.907951649112946,-0.638474841231552,-0.671063545113694,-0.253399675572519
-0.502975,-0.297644215264582,-0.189704023120656,-0.464619197974773,-0.247272642262318
0.787632,0.566163258125171,0.385812108439715,-0.136899018790264,-0.450240894864677
-0.758233,-0.578632734968811,-0.412826404369873,-0.400645346483773,0.100107256072172
1.69476,1.37785648390851,0.973983579508067,-0.227634412300408,-0.604819466342817
-1.14598,-0.986432891455225,-0.764997269120527,-0.661753696922159,0.0378974913254685
-1.11742,-0.953827048546578,-0.625734229472112,-0.668025247541291,-0.0852204996530187
-0.524223,-0.336247690619634,-0.172598386542157,-0.380182873164978,-0.12978663185288
0.782119,0.546215550270096,0.389608735336349,-0.150892379606269,-0.359500016655101
-0.758372,-0.584350696070216,-0.415940822882921,-0.476644956945752,0.205224927133935
1.68121,1.32364576676667,0.976135771873495,-0.144242441829353,-0.484079050659264
-1.0108,-0.812432408316424,-0.583958870410742,-0.489868302114033,0.15132578834143
-0.431135,-0.40895716376417,-0.243261652944257,-0.438864720140326,-0.101560031575295
-0.861425,-0.670187661789038,-0.457170117141641,-0.490872741218149,0.148617156141568
1.35383,1.04008114797052,0.834757383442524,-0.408947813417827,-0.355307009715475
-0.596574,-0.405988557727121,-0.28345322168439,-0.473383928445208,0.201045707841777
0.289852,0.183910914699801,0.142184319300075,0.0436679977726124,-0.108688053782096
-0.717118,-0.562219048407428,-0.403649569363458,-0.325534533632093,0.271592989243581
1.81168,1.42598075681933,1.04574303435537,-0.405679519636559,-0.407908105135323
-1.00117,-0.796903803967882,-0.601661142096891,-0.468412371890647,0.231648572866065
-0.38418,-0.360719629794705,-0.180310938787273,-0.404274142121225,-0.101342359125607
-0.842241,-0.649988233157264,-0.476893294306625,-0.467424925697249,0.0742687133934768
1.42189,1.0861711689062,0.813901225811982,-0.38547056923078,-0.486387141221374
-0.586439,-0.389088244904938,-0.253044075202035,-0.385902647455338,0.0101424916724497
0.309727,0.150504624608368,0.123503381197127,-0.416774277558138,-0.465043551353227
-1.1339,-0.947655871037121,-0.745473478845045,-0.602988402220444,-0.234335759195004
-1.1121,-0.904476642639118,-0.628099065365117,-0.612240711623676,-0.306820221721027
-0.455418,-0.260152354982584,-0.164907498885809,-0.403003535529368,-0.311638903539209
0.920731,0.614906007301949,0.427983458229373,-0.75714642842712,-0.615983946911867
-0.99483,-0.765508242625389,-0.580598951258922,-0.636638353233612,-0.0920469888965997
-0.384478,-0.350220056248391,-0.18888349217786,-0.316054511433685,-0.277062621443442
-0.844413,-0.632889901715041,-0.44307500452661,-0.471139660729473,-0.0222277793199167
1.41416,1.09034505688185,0.825113675110283,-0.379099616718397,-0.519308649895906
-0.589466,-0.390027709171726,-0.285162310806822,-0.388605727846005,-0.0136143691880638
0.328421,0.151104602895979,0.115027308984185,-0.42076187486776,-0.46117498091603
-1.13346,-0.938550526890915,-0.733481710125164,-0.617477818152979,-0.161653680777238
-1.11088,-0.903640001284704,-0.64657949206148,-0.628672858593194,-0.197663989590562
-0.469476,-0.268314233877788,-0.159312909132956,-0.420477662427074,-0.197575227272727
0.900127,0.63734286508301,0.437598921819404,-0.0672575329489323,-0.433919979875087
-0.733505,-0.552364251123675,-0.402982720358058,-0.367809263828665,0.0941375315752951
1.77409,1.43731073976384,1.00490235324987,-0.154991878604108,-0.676918702290076
-1.14674,-1.02014259745834,-0.751190580547093,-0.737759401807828,-0.0978730256766135
-1.12103,-0.980546626252712,-0.640485770264602,-0.787204164085194,-0.331101138792505
-0.982766,-0.78295030701699,-0.55470437233189,-0.777830404421949,-0.375402582581541
-0.4041,-0.401163372161511,-0.168510877522422,-0.800813752315238,-0.441363214781402
-0.86174,-0.636904172121437,-0.46627360344966,-0.674611363587541,-0.0636088088133241
1.37603,1.04634678827611,0.84187347932166,-0.409274267920301,-0.513801044760583
-0.584716,-0.379571051946228,-0.27521941144853,-0.393112162065391,0.150590539555864
0.256155,0.15064731999831,0.0875650450626662,0.141765069559431,-0.0493110222068009
-0.492705,-0.336774577766493,-0.198896370998904,-0.333239698957255,0.2416416648161
0.854933,0.619396750887807,0.423942507360579,0.1659945415732,-0.0760417314365024
-0.746546,-0.558026952864684,-0.405021709090257,-0.263427533693558,0.395523790770298
1.78551,1.44384975513334,1.03540764198768,0.0606638572211889,-0.347735200208189
-0.62172,-0.454732682214172,-0.301793973563629,-0.351176195780483,0.1671673351839
0.282188,0.13403705448623,0.123695619147191,-0.473264389117761,-0.347073134281749
-1.14636,-0.97222522211398,-0.741850371122471,-0.626305165041007,-0.114094858431645
-1.12788,-0.924036915766315,-0.635364895393391,-0.636220931167984,-0.189974538861902
-0.488796,-0.289320672278581,-0.140767965718337,-0.43328555566862,-0.172902339000694
0.894715,0.655910702352375,0.44241672949581,-0.0631013227700058,-0.398054265787648
-0.742808,-0.576643048889553,-0.409565074624431,-0.4562566004558,0.21805582685635
1.78941,1.41875434103903,1.04874837686694,-0.073377605384413,-0.473591210617627
-1.01232,-0.809234063644155,-0.575400317470965,-0.479939244666906,0.15173786259542
-0.423196,-0.393874428369956,-0.186257868552524,-0.431586466728133,-0.145706448993754
-0.869324,-0.683374006495627,-0.469902530084441,-0.655181785829743,0.0438966030534351
1.38308,1.07069967739853,0.835617368871189,-0.712064299627049,-0.547099767869535
-0.997214,-0.770516252278082,-0.583795487214777,-0.611726258204457,0.0459417220680084
-0.401975,-0.37704836130227,-0.181720388229621,-0.436936305036952,-0.223782040249827
-0.85191,-0.639751800993454,-0.440286167050643,-0.43737001861247,-0.0045590496183206
1.3679,1.08229502674299,0.873708226532987,-0.408896397693041,-0.520644846634281
-0.584368,-0.405124348453864,-0.299998617299461,-0.424865800141345,-0.0281088514920195
0.280598,0.12488339547293,0.120107254501419,-0.469120176828199,-0.475547988202637
-1.14229,-0.957631694524419,-0.750517835711386,-0.587921366535051,-0.186637973629424
-1.13864,-0.874995339578965,-0.579021137708402,-0.576290580146209,-0.204569751561416
-0.475359,-0.259025717112079,-0.124933983425543,-0.393479003718357,-0.121260650589868
0.86309,0.679074300317907,0.508123840704477,-0.0612388499230716,-0.282025190145732
-0.742978,-0.574090489287908,-0.401007189773201,-0.561321750377165,0.350077799097849
1.74914,1.50895772236034,1.05446424917022,1.37942563798345,-0.229212538167939
-0.747719,-0.597818652452624,-0.396542034324201,-0.505158557352805,0.50730366759195
1.75385,1.46757184318141,1.10718471465041,1.34473344171916,-0.263942191880638
-1.01652,-0.83553051253597,-0.604229304359127,-0.479815214719382,0.286274151630812
-0.429341,-0.405956696445651,-0.211658649101407,-0.435378439246664,-0.0712798154059681
-0.86891,-0.680693896517441,-0.476980796828427,-0.495836230281047,0.0713537942401111
1.3408,1.05356461978575,0.834586822469818,-0.437691563136959,-0.518729242539903
-0.608678,-0.39513058089455,-0.281037623528615,-0.357251702636596,-0.0374659111727966
0.256625,0.109352827243225,0.136327304102687,-0.508920248018144,-0.487455965995836
-1.14736,-0.929938913828445,-0.703482324911682,-0.596643669583015,-0.223034237335184
-1.14534,-0.924356656214018,-0.623380971403645,-0.597732248677135,-0.250874255725191
-0.511448,-0.285230687827986,-0.144866317560714,-0.443460956285911,-0.178396056557946
0.842604,0.603639226293898,0.472270941481831,0.421116936442478,-0.375020590909091
-0.536959,-0.365872962550611,-0.242762564052156,-0.433194287947613,0.108179139486468
0.814969,0.6049647652978,0.438296112441016,0.618427888168572,-0.242186445176961
-0.75746,-0.595139969973054,-0.412629406009501,-0.150652742003895,0.195778616238723
1.74577,1.43464242352666,0.951760329547284,-0.272278634740328,-0.598489019777932
-1.16175,-1.03994917850717,-0.766504920672443,-0.780789234909765,-0.0728093965995837
-1.14227,-0.974755243239467,-0.62581114580832,-0.822699066736443,-0.356811202290077
-1.00465,-0.807228690410754,-0.561757874461698,-0.805422819776845,-0.398307505204719
-0.423968,-0.420340356299406,-0.169083031782422,-0.824254875381245,-0.481182617973629
-0.874417,-0.654413191561776,-0.45529666583013,-0.701907638261618,-0.174089642609299
1.33428,1.03420451074927,0.8286425971191,-0.427911429358391,-0.667105666204025
-0.610966,-0.413576073576946,-0.300033460079487,-0.42602304974481,-0.120800462526024
0.250036,0.0986459750262541,0.113699753181548,-0.473095042137205,-0.49326768424705
-1.15523,-0.959725389976621,-0.746656670765124,-0.661480009267238,-0.203687209576683
-1.14417,-0.930787010489021,-0.637264534321,-0.662805331060826,-0.225337668979875
-0.497105,-0.292986989039932,-0.145423698946391,-0.438028149498927,-0.19783629944483
0.874877,0.626915754906834,0.478525967540654,-0.106625673563589,-0.405839764052741
-0.739751,-0.562252012447913,-0.391976785063568,-0.461140775649911,0.20570658778626
1.7596,1.41924054366537,1.08252161760679,-0.0905706592377463,-0.463290211311589
-1.00606,-0.812009199337057,-0.596764671991646,-0.477767072665588,0.183399798056905
-0.409685,-0.378632554233135,-0.16429721709214,-0.427002819423838,-0.0918035062456627
-0.864819,-0.670848097662321,-0.477866164499196,-0.493647887866926,0.088898171408744
1.38341,1.08912403795406,0.937567713135697,-0.409597947534304,-0.480177667244969
-0.627264,-0.426701844077626,-0.307604864813465,-0.446180568740124,0.0512835114503818
0.283063,0.140733239740963,0.153540225834522,-0.335911328161943,-0.369112774115198
-1.0171,-0.779868922663293,-0.599494110022597,-0.465032211767911,-0.0855788337959751
-0.409462,-0.362777962216449,-0.206017870982255,-0.375798783999271,-0.278812111034004
-0.876231,-0.645289544021745,-0.480794705024673,-0.534967833594661,-0.048626932685635
1.33164,1.04444162298456,0.843403512816142,-0.41984589005945,-0.587929721027065
-0.64843,-0.440668517266974,-0.314287123102734,-0.441289346645582,-0.0724722730742539
0.280971,0.128759445206521,0.149269990459367,-0.472341953254001,-0.498954356002776
-1.1522,-0.955234374588499,-0.758289835503656,-0.637516875036809,-0.197146303608605
-1.11934,-0.914018541573458,-0.63571403756461,-0.646023395981293,-0.226595642262318
-0.512567,-0.3024578743085,-0.173110272652781,-0.450320427290406,-0.211015629770992
0.882371,0.627947040952678,0.454446489948616,-0.0950199602573883,-0.42531656592644
-0.755349,-0.567387553660954,-0.390818976491337,-0.393126512040468,0.165374656141568
1.8081,1.48776038510932,1.05849884837143,-0.175860006437113,-0.553028427827897
-1.06003,-0.912999781903635,-0.702229979821729,-0.611370773473028,0.105148322345593
-1.13546,-0.932472595193546,-0.662521366048735,-0.573576454945785,0.021671079111728
-0.320608,-0.113066519822402,-0.0504351053446393,-0.213375758726517,-0.0707802144344205
0.841848,0.528826882709475,0.427674093647693,0.000916020266378714,-0.256448718598196
-0.568564,-0.385388109414219,-0.293446388586112,-0.308450214016341,0.262360728660652
1.66409,1.17432374578432,0.917024634917884,-0.029340195591934,-0.386037346981263
-0.898143,-0.684720989718167,-0.52276910320202,-0.371715667990812,0.196383849410132
-0.484589,-0.42733749631121,-0.26233264086365,-0.327534287195847,-0.0156976734906316
-0.722108,-0.529401363073951,-0.379655984935335,-0.375522138412799,0.180097802914643
1.30355,0.963666071428312,0.745258175622819,-0.361615717772425,-0.266153609299098
-0.395784,-0.239142725895648,-0.206470371777628,-0.360291193944467,0.223467227619709
0.231639,0.114744354740267,0.0525668756987564,0.104870612113669,-0.0121285412907703
-0.585457,-0.442822481657097,-0.318522532796157,-0.156679987430578,0.321858615891742
1.89479,1.44406593051924,1.06805643542238,-0.356269389523199,-0.335798499306037
-0.914828,-0.734040874256743,-0.542399952332489,-0.392767113448329,0.296585256766135
-0.40073,-0.370217492103809,-0.209698825533832,-0.351312049397057,-0.00764661138098544
-0.746643,-0.585998090322641,-0.43392195977865,-0.374795860226372,0.143699576335878
1.5365,1.12748457921813,0.864331569234143,-0.320369511079382,-0.40701618667592
-0.426592,-0.291973591721092,-0.22813154049354,-0.305055771417537,0.075740952463567
0.347045,0.18403268751432,0.132776976341558,-0.335015224940216,-0.379855836571825
-1.09512,-0.922693289429918,-0.732509824915152,-0.568134291432139,-0.161788731436503
-1.09851,-0.894053171748755,-0.639171052067786,-0.564183153899268,-0.225094996530187
-0.338943,-0.168111964727989,-0.088593941634416,-0.329270501718565,-0.247704347675226
1.04742,0.697051168162161,0.487445120518391,-0.700808862894879,-0.552175638445524
-0.948963,-0.732310528016746,-0.549333611870129,-0.605897591418452,-0.01506706870229
-0.364814,-0.339615774215935,-0.214390858867281,-0.298063145289019,-0.195374212352533
-0.784672,-0.602811519265934,-0.445347685623211,-0.426734035920582,0.0564241533657183
1.57581,1.21098352614853,0.873070553478509,-0.337420578529367,-0.458488207147814
-0.490873,-0.34177029969846,-0.230505458248641,-0.325622767286334,0.0597244083969466
0.369253,0.1917618485096,0.127738146658423,-0.383685888342083,-0.385874858778626
-1.10364,-0.931559628769128,-0.720881433325686,-0.577450836182813,-0.0839006485079807
-1.103,-0.894295792939025,-0.624493945194536,-0.572335801929865,-0.10384129666898
-0.358255,-0.193381666109826,-0.111737144413144,-0.336303037445993,-0.110573289382373
1.06753,0.753270870683231,0.510412304972191,0.0604457775621312,-0.346057322345593
-0.66255,-0.526911387730774,-0.387310900965028,-0.320146966235782,0.217395029840389
2.04181,1.62096657160713,1.09991140844158,-0.0444181334508383,-0.609609820610687
-1.10716,-0.986926211235587,-0.718724983522792,-0.709280282631498,0.0127863306731437
-1.09355,-0.950637891392749,-0.620029119126949,-0.751570027856159,-0.237198242192922
-0.94342,-0.767356929840127,-0.540850482768174,-0.744881596712912,-0.28910409333796
-0.328482,-0.348421946133615,-0.158700873246918,-0.756675042481647,-0.359409634975711
-0.809228,-0.618462827807605,-0.451695846066063,-0.622533124830207,0.0420886988202637
1.56906,1.20404709801488,0.873653888140621,-0.31931080456582,-0.434113544760583
-0.497059,-0.334739228849566,-0.239736413094697,-0.319862318208571,0.271705039902845
0.393198,0.240597475320793,0.138318847758274,0.215359482957693,0.0621388119361554
-0.405433,-0.288951897183239,-0.196436239304165,-0.278751966370837,0.37203880222068
1.01865,0.738530161734234,0.485726786932437,0.297069479154608,0.0354990759888966
-0.687296,-0.536481613155276,-0.397398248375231,-0.159168666246781,0.537719314712006
2.04416,1.64320486780032,1.11216046173854,0.178961277776612,-0.264040441013185
-0.564584,-0.437280486023016,-0.286156291927508,-0.25294577029717,0.293159353920888
0.407915,0.225409787869471,0.170220901842585,-0.408830004360879,-0.261154045801527
-1.12617,-0.967892562968026,-0.743125184774695,-0.598987771586373,-0.00831882026370574
-1.09878,-0.895729524987381,-0.630355199045015,-0.610434424249796,-0.0879981061762665
-0.412042,-0.254005153308389,-0.122947586185867,-0.365925709107313,-0.0640960194309508
1.09787,0.800751299155823,0.503988482327279,0.0572541493502672,-0.307102693615545
-0.691127,-0.5512448206101,-0.374694632858748,-0.411390539021708,0.369101162387231
2.10704,1.64339024758981,1.13961941293309,0.0470854959550694,-0.391586229007634
-0.976586,-0.803836998205323,-0.571615226505795,-0.427387203152537,0.297837004857738
-0.321648,-0.324003351825153,-0.185290385089029,-0.395831903643505,-0.0327414056210966
-0.820759,-0.67312939455828,-0.443610057217044,-0.61254396630507,0.173682834836919
1.6149,1.25772603958958,0.894903473159366,-0.649431296299634,-0.469460017696045
-0.967782,-0.773108302553252,-0.575523996454311,-0.56688599645635,0.172476458015267
-0.316572,-0.318085568944019,-0.198596529048994,-0.431585383564304,-0.122163100624566
-0.809789,-0.633135222830147,-0.442856036754304,-0.427028834223757,0.119213493060375
1.63272,1.23443444499712,0.886579292242488,-0.317699897783968,-0.449388248438584
-0.527964,-0.370660535495314,-0.253389484846209,-0.328688377652859,0.0952188358778626
0.426302,0.231280946734503,0.172329337346471,-0.365131620686633,-0.395565191186676
-1.11743,-0.942223416714485,-0.737024283482519,-0.592277174130385,-0.0819640794587093
-1.10711,-0.899690127467977,-0.631260915527882,-0.595002461664423,-0.104374677307425
-0.408488,-0.24757051482904,-0.125617389643045,-0.351574733871114,-0.00816309680777239
1.05626,0.754385568387817,0.49723159806993,-0.0397323483304275,-0.185985308119362
-0.692674,-0.542360428733173,-0.380981797491376,-0.513005232482268,0.50529987092297
2.02356,1.70215522177032,1.09388068100662,1.34076234134916,-0.122304831020125
-0.696681,-0.571849234681052,-0.376404722299356,-0.468290899763913,0.687386533657182
2.08521,1.7212749869976,1.15410975869425,1.19482114995851,-0.162412880985427
-0.982299,-0.814002764820241,-0.579669009268742,-0.421739041751395,0.452965095419847
-0.312524,-0.316011562410783,-0.165406007775558,-0.389389646207383,0.0543881804302567
-0.828363,-0.653810878301097,-0.469736262655465,-0.436252856498763,0.218477291811242
1.61101,1.2358724365024,0.895871478628881,-0.324386406479427,-0.434796376821652
-0.55692,-0.395885911434006,-0.274418521329105,-0.343505056754504,0.101679089174185
0.429235,0.232835139460471,0.169798740339008,-0.375664884500612,-0.399844851145038
-1.11892,-0.949746312980762,-0.746174298414905,-0.586154319278412,-0.103753962179042
-1.10182,-0.897868296357178,-0.62993163166957,-0.590659162607064,-0.137586402498265
-0.427162,-0.250925298726205,-0.133268504458779,-0.340406369654755,-0.051687097501735
1.08296,0.758605766482965,0.494939309296693,0.323948517495432,-0.2752538462873
-0.467267,-0.324725871303716,-0.218784928745762,-0.342727554452174,0.263339253990285
1.0427,0.769547751942865,0.479971916328471,0.691457766618728,-0.130081691186676
-0.716139,-0.571979147708325,-0.394113191699866,-0.0670540670216778,0.360959851145038
2.07199,1.68239934806093,1.14285052485894,-0.118757697286667,-0.519486820610687
-1.13284,-0.997007970595695,-0.743262003384906,-0.730774745162329,0.0655465423317142
-1.11018,-0.954619711821432,-0.62633555998622,-0.768891817197942,-0.24412503296322
-0.964444,-0.769218973077882,-0.544126000179758,-0.756394087534683,-0.283001183900069
-0.285384,-0.306924466750388,-0.134488011863885,-0.762374148898039,-0.380644179042332
-0.829405,-0.630335132510347,-0.450789930308093,-0.629670998323912,-0.0259316828591257
1.66577,1.26211362373375,0.905976864494308,-0.308858320070255,-0.585320936502429
-0.528278,-0.369389873603932,-0.268515981078356,-0.308358552162827,0.0273644500346982
0.432118,0.246826670842338,0.201134202383087,-0.353279427199672,-0.391098401457321
-1.11732,-0.929033687857419,-0.719256098242045,-0.580920276159266,-0.0775433202637057
-1.10125,-0.888835747378967,-0.593108576412538,-0.587978105881329,-0.111809173490632
-0.428004,-0.264153399007432,-0.141523134083516,-0.348534334317382,-0.0809986075641915
1.08153,0.79411772363971,0.50747569097873,0.0566003292658753,-0.320033951422623
-0.701044,-0.552955219402584,-0.373215814218854,-0.417231112291146,0.34824679666898
2.03602,1.61412438387105,1.10350064793964,0.0488619909520128,-0.386665306037474
-0.987493,-0.801181977919103,-0.579727703788226,-0.431557727583512,0.321430981956974
-0.306862,-0.306430601173842,-0.179994533659205,-0.399773280229226,0.0141105846634283
-0.836515,-0.646261073199381,-0.448761496937017,-0.441050889317762,0.221447927480916
1.62446,1.25641877219426,0.927762580730378,-0.323073487335968,-0.399990723802915
-0.557382,-0.400193568987833,-0.293101691532674,-0.381510532567845,0.182815291464261
0.439575,0.258660847721799,0.154865609249128,-0.247092922736027,-0.270829132199861
-0.982016,-0.764544159266089,-0.570480285269516,-0.394218909951679,0.047828688757807
-0.288363,-0.273350175439163,-0.118374353383596,-0.323697504035907,-0.164039306037474
-0.831662,-0.616487755736269,-0.441497078247232,-0.450917046350667,0.104208122831367
1.64685,1.25226785999162,0.888266658782754,-0.290997262176276,-0.495923279319917
-0.555726,-0.388433561810302,-0.242312829059801,-0.333877890126321,0.081609141221374
0.506048,0.284687674981696,0.188582782068591,-0.352949912702444,-0.400260082581541
-1.12387,-0.941585121920085,-0.730035615734923,-0.583129484866831,-0.0623213560027759
-1.10433,-0.905770163940297,-0.627709402457031,-0.589455634881949,-0.0905889809160306
-0.432729,-0.274220857530359,-0.132352225203772,-0.357676363612388,-0.0744142158223455
1.13212,0.841928289045779,0.577352608024781,0.0275148598962405,-0.295373396252602
-0.705222,-0.515177780198844,-0.390538515528766,-0.265031387069931,0.371835591950035
2.10562,1.61587055396648,1.17747845490878,-0.0156810257283372,-0.373006457009021
-0.716316,-0.50328968533959,-0.429091630466014,-0.220390495250998,0.28039362647467
-1.1755,-0.92893059609291,-0.6582689382045,-0.148727463607792,0.313314940492713
0.418533,0.65925062547208,0.698851766111472,0.207682631755044,-0.00558817366412218
0.569468,0.394880197842459,0.631851167804612,0.146458318959938,0.0474735123178349
-0.0474311,0.249801463315755,0.294887439769481,0.155789675074275,0.300523896252602
1.30485,0.950113515070964,1.20287344499882,0.0848761467199726,-0.128614663254684
-0.47732,-0.203695432775868,-0.140651229590663,0.0258581665397356,0.23018497463567
-0.621534,-0.430957165416019,-0.199802765734589,0.183690177723463,0.196853431956974
-0.225763,0.0600485618300813,0.11088101412924,0.100375782075621,0.199558571651631
0.958819,0.668757114201814,0.97130103445925,-0.212707658088165,0.00172775881332406
0.255889,0.439361457097544,0.49740939866726,0.00950869149826468,0.217221492366412
-0.0114526,-0.00455910366240637,0.213991364876882,0.536773974465413,0.239961436155448
0.0215594,0.270586354130076,0.319293086198699,0.310265403736404,0.298505420194309
1.40386,1.01363398471088,1.28568630447599,-0.141427662499825,-0.0702218154059681
-0.44157,-0.168852441781348,-0.112009047711895,-0.0407847504286305,0.287139067834837
-0.582239,-0.427085032349998,-0.19927735391328,0.224379134751248,0.190347811762665
-0.203936,0.0868725406416685,0.164311302799333,0.137505436826499,0.125985361172797
1.02829,0.70729173958588,0.9948209475704,-0.161277400086984,-0.113692401839001
0.260486,0.491738760955906,0.500643710228089,-0.0522269067578399,0.0535901799097849
0.0771545,0.0331993208322116,0.255846441757607,-0.132110960977192,-0.0982321519777932
-0.655427,-0.393494742291262,-0.421074392143571,-0.203404165537607,-0.0608725279319917
-1.16684,-0.834937626058104,-0.65820865481789,-0.0502131058679998,0.0712970695697432
0.487429,0.730207975221223,0.727098110012068,-0.202374865224182,-0.198073489764053
0.733881,0.48267932894697,0.761640958557016,-0.475611754955974,-0.187473492539903
-0.404952,-0.129168827877175,-0.124597134797443,-0.206147960390517,0.0845442246703677
-0.518229,-0.371368314669709,-0.13264921138971,0.27323480189015,0.111837028105482
-0.166617,0.0994964096626064,0.104753292552124,0.139151051939884,0.141942820957668
1.24286,0.838805834654607,1.0550119909711,-0.111791590587555,-0.0892811204024983
0.317441,0.508432761211083,0.443413057114184,0.027321489131559,0.109480022553782
0.133871,0.0439753660081228,0.233811832402431,-0.107448774152686,-0.0303604123178349
-0.620843,-0.375732997724188,-0.402611603885687,-0.132271166818818,0.0587369450034697
-1.15701,-0.823811793317093,-0.645267659513261,-0.000830550088719503,0.218457748612075
0.506242,0.726587146610495,0.74339461475805,-0.0556822383338347,-0.0579348967730742
0.668794,0.451792132486399,0.609151408735678,0.260128490683096,0.0290707052394171
0.0739877,0.357799539379937,0.336421657000664,0.30650750350576,0.225993676266482
1.53358,1.11152192087281,1.22401464772253,0.107716583825398,-0.269089751387925
-0.607079,-0.422609705884189,-0.387142663775244,-0.18908795843149,0.070924801353227
-1.15444,-0.863984586003703,-0.643829380521388,-0.282897382727525,0.021806261797363
-0.391716,-0.0884895915536013,-0.0235996402497753,-0.286239626180917,-0.203658899548924
-0.511456,-0.393544673692637,-0.174004011824534,-0.460976048553147,-0.0332706409784872
-0.129068,0.143544166845295,0.164120739950582,-0.102812162002174,0.1215453407356
1.16036,0.777584185686131,0.928852779156311,-0.0916547448769626,-0.0133770905621096
0.348737,0.552311665333449,0.525929647109315,0.368374889314209,0.368065865718251
0.159488,0.0800575298114061,0.165111795447898,0.622152641645164,0.508350885843164
0.629059,0.727648231562453,0.704627004446433,0.405836738651091,0.472346106523248
0.710157,0.486116538156597,0.520190098244944,0.55785924912938,0.499581301526718
0.146809,0.350663311611639,0.319883049594241,0.592807383004172,0.653149158570437
1.60776,1.21126444430567,1.17696992053671,0.442818037160474,0.220643309160305
0.397989,0.570406183741165,0.489501836371872,0.337535755742028,0.385406081540597
0.175805,0.0572967706875492,0.221634112934267,-0.0350444134449479,0.18047835981957
-0.565226,-0.36252865869012,-0.369254799326975,-0.0230263940480157,0.198245283483692
-1.13172,-0.818262281325792,-0.653013442445757,0.0937425796573692,0.338545146079112
0.639515,0.833086147825901,0.779691524231156,0.0344735659123514,0.0611199583622485
0.785114,0.51279170140504,0.571532540325425,0.352175146582871,0.186795279007634
0.202574,0.415072700179267,0.360840430164791,0.391515272862662,0.473743375607217
1.68691,1.19778427149131,1.1728374479703,0.283701208125174,0.0603635671408743
-0.282553,-0.0894033168674976,-0.0232964501035797,0.279405083081964,0.430549426960444
-0.446325,-0.331328737695923,-0.196088248168385,0.463333873617497,0.355398565683553
-0.0138829,0.181404095869408,0.226384464150014,0.14868131912693,0.283108609299098
1.30188,0.825304824619187,0.910836865405679,-0.281639835446799,-0.0318857413254685
-0.259836,-0.0774987663844107,-0.0185802933720479,0.0134803722943145,0.325935045281055
-0.425214,-0.293596076157128,-0.192550832141628,0.410014367796007,0.299094354094379
0.0152048,0.216536025865952,0.213713609153529,0.3609073818522,0.285419458188758
1.32984,0.880498151832233,0.919788334465183,0.0373734229890976,0.0672904941360166
0.524572,0.655836707243402,0.556178034522567,0.16741137189627,0.247485610340042
0.281848,0.108988698549609,0.197920845889143,0.0286979764712501,0.108972905968078
-0.516351,-0.343081333735027,-0.369710320124488,0.0310932810858391,0.202858238723109
-1.11967,-0.800264322673057,-0.642924489456721,0.171858224138519,0.408762945107564
0.759274,0.912697638466051,0.813709942795113,0.0847649991048167,0.18169596981263
0.846924,0.531530554654695,0.56147407043915,0.386670238368442,0.373213596460791
0.246496,0.440966267252683,0.407575439149488,0.335746313350675,0.688587362248439
1.68117,1.30532928830422,1.14125278322277,1.4467860327769,0.398371326578765
0.268274,0.423173538729357,0.374401445702826,0.344995797695888,0.810118968424705
1.71456,1.24510777432766,1.1004376041627,1.3365068805933,0.324490563844552
-0.243892,-0.0910945672190753,-0.00989494992301224,0.39537332396322,0.615013450034698
-0.431205,-0.307580565415833,-0.199260834028039,0.507315853090253,0.488212221374046
0.0129632,0.219994462484596,0.230324181234568,0.403834573557504,0.384574005898682
1.28839,0.822819782705545,0.879368698304357,0.0385484725843801,0.099776992019431
0.531596,0.661204176588669,0.62237289479364,0.161080469609269,0.257280862248439
0.285354,0.106128138736116,0.200329161800504,0.0419943000694089,0.132458259195003
-0.495874,-0.322046454522331,-0.343077258902978,0.0672934879568287,0.217064954198473
-1.11996,-0.802729693175892,-0.643772669284041,0.205220739229448,0.440637640596808
0.819112,0.991300383313398,0.817378578046084,0.608728506028615,0.210965237682165
0.88226,0.548429784707341,0.563336635776193,0.688733351663974,0.413125563497571
0.83831,0.919903433088658,0.725073280888193,0.647293987068954,0.513270837612769
0.892641,0.623877513188489,0.552017239351226,0.933358321952821,0.494243270298404
0.324946,0.500405537815088,0.411109842948776,0.814268230767892,0.583456066620403
1.76678,1.24810471238336,1.1840883033452,0.307227194835864,0.02003869833449
-0.514257,-0.381600223440744,-0.356842191652215,-0.00208429050605891,0.290642878556558
-1.12801,-0.834916716469941,-0.644529211489769,-0.131976596895896,0.184837927827897
-0.258846,-0.00249762430633871,0.0281927975954356,-0.147194874268429,-0.0718457366412214
-0.392136,-0.303283401941422,-0.0963101387590848,-0.347031875150396,0.0779706828591256
0.0177786,0.238079937921881,0.223812124326908,0.0551546827455283,0.162040012144344
1.40698,0.921057567836128,0.969034737927564,0.0496710308276111,-0.0469524233171409
0.554763,0.682727811344398,0.609740002937584,0.193229754307114,0.203775023941707
0.296921,0.134379702312074,0.238776840011373,0.0361867995105591,0.131164292158223
-0.534188,-0.349525996816043,-0.358018532340699,0.0678124797746471,0.232490477099237
-1.14594,-0.821444565554667,-0.645528464134746,0.192335163622988,0.433269900971547
0.859518,0.992615232613076,0.913632461244276,0.106711812584666,0.117345028452464
0.893089,0.59025446625901,0.665244561338173,0.438106420624783,0.281883052532963
0.286571,0.493188606721229,0.411955271822934,0.494650523920175,0.564900763358779
1.77135,1.27278815684265,1.26383341697451,0.384294437627342,0.163207969465649
-0.255752,-0.0818336871215439,-0.0180427147431672,0.363887116157862,0.579389528799445
-0.377978,-0.272116665375778,-0.12853178412358,0.534807442524087,0.527374339347675
0.0653824,0.261392331368719,0.270098519091049,0.46156488264058,0.468113240458015
1.46268,0.98397065866359,1.02881058077199,0.0988873931163103,0.186457639555864
0.621526,0.716029931370941,0.61632629172349,0.246744756280971,0.400287844205413
0.367812,0.20192857354024,0.269882966052488,0.181615462698827,0.300718038861901
-0.222862,-0.0304116270659414,-0.0101056323023848,0.310495977717199,0.350288401804303
-0.348815,-0.244893876662395,-0.12723613127089,0.368576317343126,0.367570822484386
0.0530752,0.254129641123233,0.235290880012587,0.292634707496956,0.358422364677307
1.43256,0.957076446543137,1.03450967185376,0.105367189899634,0.097240080499653
0.635795,0.740883407243625,0.622028969310681,0.225954186685577,0.278755286953505
0.360628,0.188251117890386,0.295462825441682,0.104905271774763,0.165195961138099
-0.543499,-0.375406508740336,-0.366188533233612,0.0815107569844391,0.280099662387231
-1.13737,-0.826051430096256,-0.639104023597184,0.220203801064601,0.46700572630118
0.879631,1.02816802997744,0.888953483223824,0.155024921215539,0.130414394517696
1.0182,0.682013047177557,0.706032535997155,0.486317136021239,0.274426979875087
0.315302,0.532364281149678,0.420944085000124,0.592592551688297,0.544997284177654
1.87072,1.38524269463509,1.34762225061016,0.357943490254773,0.0579777630117974
-0.561373,-0.412631333171716,-0.384004144780559,0.165230565441959,0.553844061415684
-1.13862,-0.861654171331923,-0.656814150539126,0.345123901802025,0.654670354961832
0.878826,1.06201758283464,0.916826389451747,0.462829799167045,0.268960048230396
1.02936,0.686993636994881,0.738397409508365,0.517975934047005,0.391440786745316
0.357972,0.53118644393505,0.406815101908721,0.562036978956141,0.680907629770993
1.91565,1.39410954193859,1.37631046978738,0.467852364202469,0.212790092643997
-0.222033,-0.0664823802712722,-0.025934328969215,0.422642962230512,0.646474433379598
-0.336951,-0.252765781939341,-0.0951099020500313,0.577111927708896,0.591947477793199
0.0915484,0.275265497243447,0.267664514320326,0.494338332556372,0.597103768216516
1.47344,0.995986173180701,1.10435898879991,0.133166562454472,0.359280371616933
0.62447,0.71981947697285,0.647952529947062,0.377516492570288,0.614146424705066
0.420192,0.275053801331382,0.322971415162821,0.945319552858179,0.605438799791811
0.35448,0.51688449089023,0.457764903896897,0.71610079742473,0.684321192921582
1.90753,1.3571013734461,1.33441867076912,0.188657293842888,0.250282778070784
-0.224771,-0.0564585593864964,0.0122911682740671,0.315223559511994,0.652864633240805
-0.358519,-0.258036679233384,-0.0888443642473591,0.576287788246477,0.527969851145038
0.086609,0.264868668411053,0.289077913420814,0.489438136232848,0.446583850451076
1.48006,1.00274828395346,1.0823194261507,0.119108218577302,0.172842941013185
0.629491,0.745132089920347,0.663908344412064,0.255090546064078,0.348116868494101
0.392908,0.194096641405881,0.319280091955473,0.0905217583402481,0.166032776197085
-0.544814,-0.376591437927163,-0.366906213029393,0.104574479184162,0.219669453504511
-1.13108,-0.818448557137674,-0.632156797397828,0.242759296645777,0.371000519083969
0.954296,1.08224590542978,0.933926081862998,0.00973805385974535,0.0127678712699514
1.06986,0.667171233975018,0.748028995945558,-0.300803565004493,0.0635021370575988
-0.213733,-0.015548598752293,0.00755431084618326,0.0866186960634264,0.358786451422623
-0.333401,-0.24354606632859,-0.0975190913433037,0.597548032195416,0.381448502428869
0.116042,0.275957641790381,0.272936997083265,0.442539436285671,0.393193828938237
1.55054,1.05118065933942,1.11267357878649,0.132050167875136,0.169134041637752
0.647668,0.75662989253915,0.648027048586893,0.288420265489027,0.35171932685635
0.39839,0.2012341275006,0.326239943559124,0.125458265640988,0.206667691533657
-0.489597,-0.33506147679249,-0.341907161601596,0.149411643170154,0.314657785912561
-1.13242,-0.811227927665928,-0.642646885791779,0.278529504144442,0.511765202984039
0.927797,1.06824194361834,0.924050279172789,0.190168038000502,0.161245492713394
1.0174,0.677479329804741,0.723464952920286,0.540576640317799,0.287812900416378
0.372045,0.554282659568392,0.44679358319912,0.62524761787925,0.489777045454546
1.95235,1.39425350701487,1.36354481308859,0.379936437727601,-0.0747921213852196
-0.513752,-0.376841266878747,-0.330026856767709,0.0540254325706269,0.284218051387847
-1.13469,-0.832967071494797,-0.640210826487749,0.065781942313527,0.18372083449406
-0.218584,0.0221892471859228,0.0514534776261059,-0.125460450945878,-0.258247652468538
-0.325785,-0.320142313005328,-0.0680653102588131,-0.696642057121239,-0.26649205759889
