1000
-0.201974,-0.264785933139082,0.0913632869851151,-0.110750090747262,0.206386275503123
-0.638173,-0.736938368824601,-0.226297761901801,-0.155412941981599,0.509068121006776
1.91939,1.13000707236913,0.647934407431647,0.32318028974288,-0.230169641130684
-0.630823,-0.533095355518909,-0.178689736323089,-0.123459908665945,0.553749931357839
1.15845,0.620861412725344,0.30340436050828,0.375912626767686,-0.0524029003927169
-0.468717,-0.423192259285754,-0.148298582803097,-0.0618646214440852,0.319133782442748
0.216468,0.0153484016842473,0.0493697718588773,0.0540385902016872,0.043368947258848
-0.631629,-0.506644706611111,-0.19904351272983,0.128028015265275,0.316571030534351
0.614072,0.30812935771565,0.153043920809488,0.241246945654892,0.0282957515267176
-0.375834,-0.257429922592417,-0.120993684138981,0.124929933617711,0.44539240055517
1.4452,0.572955910378205,0.277950212290726,0.614708565300537,0.0192838743927827
-0.345926,-0.321420357957523,-0.144121934951539,0.411837601683017,0.557583006592644
1.24131,0.515241533290519,0.172848333949998,0.670407024200615,0.0907734975711311
-0.0183831,0.0502840505421076,-0.0147621749676875,0.381401806155342,0.381798764573213
0.0874449,-0.0530458633644528,-0.0374458710410065,0.245988855866183,0.221409272900763
-0.566686,-0.432379894644387,-0.161151338419286,0.416762203744994,0.395415034351145
0.766842,0.314205228584622,0.0664141360102501,0.334455454937475,0.0742376755725191
-0.106591,0.0147977905305508,-0.0220005713546451,0.278069502311194,0.463024852185982
1.60222,0.572375352952164,0.255521675101925,0.077595097345273,0.000766252394170649
-0.350989,-0.246430656174066,-0.129552621951501,0.31246715768882,0.436367724670368
-0.126541,-0.339522662750481,-0.0389213512635625,0.0518513586781442,0.28535797258848
-0.472078,-0.551760637706982,-0.186908014295105,0.190970867831565,0.493357215475364
2.12796,0.774086846252357,0.423673345587689,-0.226093072661566,-0.140335245315753
-0.194886,-0.0821878436896219,-0.0923903783083568,0.143912111688113,0.416541630811936
-0.0405924,-0.10370153488113,-0.0206252128350715,0.168400852162862,0.181452453851492
-0.571713,-0.457810064078563,-0.174190441225941,0.320851952046523,0.306605603747398
0.663733,0.226391417317589,0.109259297906792,0.178839363673876,0.0210152373351839
-0.180006,-0.046494227209505,-0.0414531054222914,0.150897828911055,0.373193322345593
1.33736,0.597149387664816,0.281016955816981,0.0178464044793931,-0.0678688223455933
-0.408964,-0.277703634429754,-0.140554302223538,0.17421430969019,0.363774686190146
-0.194414,-0.352977705729132,-0.0320734873171382,-0.0228333287946448,0.271701962526024
-0.528663,-0.593100428450932,-0.196493154402754,0.111856473014139,0.510414167938931
2.1087,0.941627254017916,0.481036383249849,0.227216252405726,-0.0758719798750867
-0.238401,-0.237557379430558,-0.102453518689903,0.393663730336008,0.544486680117974
1.09462,0.518589260391904,0.197193309322996,0.523299674734765,0.00244391793893128
-0.248616,0.0120034607700743,-0.0213552128030277,0.370749048378685,0.188058554302568
-0.317866,-0.331777863931203,-0.0352353499088318,-0.181620506072946,0.00436201856349748
-0.641,-0.601764584111428,-0.196462607271331,-0.192926773951343,0.0490652073213046
0.0900891,-0.0257645456634625,0.00209400185496483,-0.111444717246026,-0.17398662352533
-0.614193,-0.461830840330127,-0.160095081862927,-0.158226107585766,0.176983560895212
0.760425,0.272283863332875,0.121921503641993,0.121670739388646,-0.0645208863636363
-0.350137,-0.113287725878321,-0.0386590140031508,0.132572682941734,0.435125949514226
1.21707,0.72899836376127,0.285351275146392,0.725358247920461,0.156298489521166
-0.505453,-0.350347879153542,-0.138512068222965,0.448913708974373,0.810034879458709
1.98748,0.843009415615194,0.358759774984211,0.730973039316327,0.247281466516308
-0.255996,-0.166701880601597,-0.0988459690209834,0.532876142898853,0.89884570870923
1.44882,0.501721049992566,0.152750047936151,1.18082078990665,0.39747413202637
-0.0655257,0.0938706159295044,-0.0212341244158317,0.750227579417977,0.836528462873005
1.80693,0.509216795583296,0.23335360205573,0.686893387680871,0.221249781575295
-0.178483,-0.246076612701666,-0.145659458560538,0.494874105116257,0.618055304476058
-0.16948,-0.334190161659199,-0.0332767815226637,0.119198294311674,0.442003391082582
-0.439632,-0.550864261024372,-0.194306299736329,0.195031235720802,0.600588767349063
1.96191,0.785112441157419,0.395165249301769,0.305903146647964,0.0353889584663428
-0.312529,-0.143310280567972,-0.101541094247422,0.524223003151668,0.674233279666898
1.18042,0.488054071161562,0.132270116989327,0.580812585473243,0.168992820610687
-0.0282564,0.102389256158994,-0.0135889681434135,0.465892920473778,0.410175763011797
0.221111,-0.0461825917145989,-0.0462120038694513,0.428972039032542,0.222552875086745
-0.357685,-0.38746874665773,-0.174122726111289,0.468221075292037,0.36839792852186
0.852427,0.178085910556922,0.0795927990436207,0.107889674308972,0.00140018112421927
-0.209248,-0.0477942933241896,-0.0483930086854374,0.106428957541152,0.320005081887578
0.316059,-0.0194924105476224,-0.0247648042694818,0.342581298204332,0.14285351165857
-0.422502,-0.317647221748418,-0.160894292310553,0.46552335161554,0.407160647501735
1.03003,0.244373261565721,0.0798825178439225,0.425253278972225,0.100019693095073
-0.182044,-0.0250933134476741,-0.0435620773383097,0.368858601221216,0.569393171235253
1.67643,0.558792473586436,0.211873547549979,0.180739623929296,0.0590940876127689
-0.392766,-0.245395930220729,-0.141493495028453,0.414276349415096,0.573344303088133
-0.0830379,-0.340820474594061,-0.0392524052639981,0.210243298470906,0.458724662526024
-0.253423,-0.548626043695541,-0.194537717371978,0.237733361840308,0.719553687196392
2.42177,0.706333428757508,0.360322201618735,0.389414484284094,0.163315450693962
-0.322609,-0.0948987440248361,-0.0951696799870103,0.718022252056695,0.949905244101319
1.45855,0.330392110354809,0.119531805660921,1.23581781323569,0.393526976231783
0.0110974,0.0622398462865913,-0.0314558081041381,0.472338348095845,0.766382342158224
1.41465,0.367326568157242,0.127387445610378,1.00132020197715,0.280231712005552
-0.0221816,0.0446865359234736,-0.0223532910103065,0.303643222263778,0.530976948299792
0.295227,-0.043542123998046,-0.0329740784171823,0.384571598918435,0.21069710444136
-0.551092,-0.392066885118454,-0.167206467473588,0.440866521094394,0.35574873907009
0.571255,0.233677652447122,0.0921553270313621,0.321878869041358,-0.00249261332408056
-0.371103,-0.0988395713044041,-0.035308671652126,0.147181594341946,0.316999871269951
1.29484,0.663799813253379,0.288907326123245,-0.0751199491983003,-0.178438480777238
-0.540301,-0.349581163929576,-0.139456864755519,0.089037117212394,0.260582767869535
-0.310333,-0.362250053673509,-0.0293127772358505,-0.116620037670358,0.133996761623872
-0.623581,-0.633401174110072,-0.196559295429411,-0.0108066000979474,0.387393270298404
1.63638,0.924587396461932,0.428150338131697,1.08246652709961,-0.0572288251214434
-0.458602,-0.202383031436623,-0.0908788160390637,-0.258240560862005,0.599957165857044
1.53539,0.859946058702952,0.347847133847029,1.22740044317853,0.0278651582234559
-0.477501,-0.273151591165292,-0.102758428332908,-0.145689120277941,0.52501330222068
1.15759,0.514402450041217,0.183482785250279,0.313535789795097,-0.0464991099930604
-0.246651,-0.00633426804002278,-0.0159379027456675,0.189420634351124,0.16343707147814
-0.366053,-0.336234191570056,-0.0448356639078483,-0.183098756691015,-0.0425494330326163
-0.635658,-0.585243144740212,-0.199758147104546,-0.20199826607558,-0.00825317314365025
0.046375,-0.0447894455322163,-0.011867735647723,-0.150587510879241,-0.208631375086745
-0.621854,-0.454392541837675,-0.16122458960429,-0.190103931417977,0.0612939600971548
0.631695,0.236388530347575,0.102862007340009,0.0715095703268039,-0.212201386190146
-0.379334,-0.101926205030317,-0.0299478364132643,0.0743022702347188,0.18485429111728
1.11629,0.594340376360162,0.278656793129212,-0.0615168304919151,-0.205020271339348
-0.523407,-0.312177287667679,-0.137064417204063,0.0703706616719024,0.20115949167245
-0.310282,-0.375729621726599,-0.0329329423628571,-0.137411245554678,0.0985160225537821
-0.614169,-0.613456365939234,-0.197507464094292,-0.0310358766790142,0.316458269292158
1.57393,0.841716428900034,0.419907166810579,0.175051156695998,-0.148850574774462
-0.448554,-0.20094332995749,-0.0882454550896155,0.315495735241774,0.463103212179042
1.14856,0.444240424937158,0.185955572878507,0.35339585060424,-0.0306787600624567
-0.217454,-0.0055605033339296,-0.00367487521390882,0.251198200034197,0.290832298924358
0.0808141,-0.0305119693180424,-0.0363514486455546,0.241832131842654,0.101942219986121
-0.534926,-0.400775310081006,-0.163859643112714,0.307405957915276,0.260564358223456
0.605575,0.293094045412439,0.0992566809054213,0.235021858841159,-0.0517755229007634
-0.390277,-0.125164546092019,-0.0234643378890734,0.105119670994551,0.295420827550312
1.3453,0.68832611446516,0.279999324280809,-0.0206715493201196,-0.203716100277585
-0.609593,-0.36519095427918,-0.133484871702226,0.0748770033461777,0.2701201351839
0.0505609,-0.0405134045455959,-0.033171863012508,0.112467120647791,0.00283955551700209
-0.558282,-0.452547322348482,-0.16333612893974,0.0633363733949034,0.188431212873005
0.5362,0.290782580588792,0.0917053957201945,0.163433761243923,-0.0631740248091603
-0.345103,-0.0767068611446068,-0.0311434483626921,0.153054803756426,0.312052691707148
1.44619,0.658170118616594,0.296705751502238,-0.0748440015836813,-0.174906082755031
-0.440195,-0.299297803048007,-0.129728893299597,0.122135287261744,0.282724248056905
-0.378752,-0.37853948191857,-0.0489838999863014,-0.00888137689138171,0.197121993754337
-0.511145,-0.618366655398557,-0.198647151828789,-0.00207940700410858,0.376175833795975
1.86351,0.86160258191758,0.441228069627407,0.0664730255149465,-0.117320350451076
-0.502624,-0.213247346423727,-0.0866168645438395,0.272368483531632,0.601731625607217
0.83886,0.287918147274952,0.181721090901948,0.581772538983905,0.592696143303262
-0.347137,0.045137810964737,0.00413043240084969,0.495637816201869,1.26366167002082
0.563038,-0.1439915704676,-0.165912570131996,0.719074820630268,1.97282938237335
0.701298,-0.01066453172871,-0.0720185141978618,1.37646289788462,3.09754872172103
2.1384,0.3938580604056,-0.00950505230418298,1.06250618453094,4.37745488757807
13.3903,4.15052473033165,0.115935893866968,6.56234943655552,2.69034975253296
1.02157,-0.0880943980368402,-0.21122343671973,1.2981072062215,6.47764338167939
13.581,6.18720146224749,2.25263938630488,6.88543521131063,2.66223494795281
0.153441,-0.440596628907322,-0.201460263240563,1.01288695859038,5.02904324184594
1.77137,0.644437904090698,0.0042364736025806,1.51530142263515,3.24137973421235
0.0162728,-0.176538485708931,-0.143168199907713,0.901617551333794,3.08191125954199
4.26699,2.50834303134831,1.23665817643944,0.907067136324983,1.35171444482998
0.634897,0.170601073667316,-0.00215034133617793,0.632230874621336,1.9591699388619
1.29864,0.807241944080266,0.208871389714544,1.25318669473301,1.15420440641915
0.168724,-0.00703247284337334,-0.0560109769349627,0.703384977747795,1.37848351786954
2.70671,1.92948612456394,0.664553613505363,0.486323272862619,0.541774409195004
-0.20579,-0.43296409965004,-0.153729949162383,0.259101278822265,1.15725335791117
-0.0262552,-0.0670050915574229,-0.109542857873191,0.371667924229967,0.895196853747398
0.0449213,-0.276072736572762,-0.128951985042418,0.247493186590108,1.02822092921582
2.50152,1.85756850972106,0.313170457146778,1.14836012489263,0.574246575815406
0.486293,0.0160653802644085,-0.0717929691149534,0.28950568077194,1.31007796235253
2.8121,1.21437581143616,0.162759191891365,0.82408799635799,0.566917814885496
-0.325202,-0.666246981578915,-0.163739673343754,0.388685627652596,1.24786095985427
-0.181407,-0.485797946559323,-0.153991377106182,0.429999644334072,1.15100427456627
0.532945,0.219245166201389,-0.0200766787170776,0.5222379351639,1.30652993407356
4.23521,2.16449761761786,0.568105609499883,0.246181639429795,0.482882006245663
-0.227493,-0.420642126356867,-0.180341499042906,0.233817501912427,1.60945349063151
0.999352,0.391717987262351,-0.0192813326155281,0.865563529686006,1.1078832130465
0.125029,-0.237604011942544,-0.16556557225546,0.422733651790211,1.45119951492019
3.65833,2.27012430998142,0.797771533490581,0.650725557824037,0.566004397293546
0.323089,0.0673804121130477,-0.0609503996303788,0.608562984183653,1.29304302394171
1.36174,0.717119413788513,0.1391155391671,0.610403327782894,0.596765438376128
-0.354683,-0.680606682032061,-0.138906793038291,0.117358590432505,0.848730163428175
-0.410221,-0.603245095977777,-0.175453316339637,0.143146390309645,0.754338656141568
0.459123,0.107265233516977,-0.0156844238555987,0.267580733611289,0.663154030881332
2.07716,1.15063343488885,0.433004971661643,0.738242681874409,0.287577131158917
-0.0833706,-0.201726819148126,-0.0824892065064944,0.263487630769317,0.861317702984039
2.23401,1.7870350948349,0.673115000522825,0.823361569770203,0.0524798822692575
-0.498622,-0.735232912080429,-0.13891118932187,-0.221714755089102,0.534057374566273
-0.592943,-0.718835770527726,-0.186343190570868,-0.232556668860487,0.322074544934074
-0.344852,-0.442005243402775,-0.128287844063721,-0.201464633696656,0.23878210981957
0.15428,-0.0215101169349933,-0.0762178312027696,-0.128908471397968,0.204244989555864
-0.0496123,-0.277999745120799,-0.132951408640457,-0.0679520292372464,0.520463507980569
1.85111,1.36394459910141,0.548752146119024,0.227808231975158,0.168148753122831
0.274038,0.00801587459046565,-0.0208182298693136,0.312943099385569,0.716131668806384
0.676299,0.393178760606589,0.0443837519901211,0.725993838601379,0.623386708015267
0.342646,0.0630852024238596,0.00922935046257251,0.3394818157868,0.768673796842471
1.16678,0.869249063577067,0.220309959707282,0.787657750544593,0.566556356592644
-0.045824,-0.220614839754036,-0.0816282488297822,0.373126894738018,0.915087192921582
2.19635,1.63768446165588,0.579112225744732,0.588321150651937,0.254778519430951
0.142412,-0.0709584734876777,-0.0272600801119676,0.146554736750618,0.661906453504511
0.519878,0.311798257038881,0.0323532608679203,0.185185072447377,0.296584459333796
-0.490219,-0.711198001011458,-0.129877493209727,-0.0572552080116705,0.420317657182512
-0.45021,-0.631990555620044,-0.190370745780636,-0.0765352784157151,0.371558358084663
0.270275,0.0657963773932835,0.0229874242633359,0.0727409234052933,0.338378240458015
1.38562,0.848488627146156,0.29782962916814,0.440932435158853,0.135380822692575
-0.0678582,-0.20392159827784,-0.0612924724458333,0.0892020331172665,0.594922414295628
1.57963,1.38945727040948,0.546547777375507,0.507610172016992,0.0757528029146426
-0.359083,-0.492741932532218,-0.138051264936633,-0.0118034730089218,0.437737867106176
-0.261596,-0.221284634813978,-0.110832795403311,0.0476732521760379,0.281158791464261
-0.187481,-0.305668052178818,-0.101327421721697,-0.212160385569823,0.313246215475364
1.28548,1.09656426028046,0.421107554351515,-0.278494601938966,-0.0577239653712699
-0.346093,-0.421247401509568,-0.142340751654008,-0.109081721522398,0.354821647814018
-0.256217,-0.199587435113893,-0.10938958727519,0.0875660790572403,0.295459414642609
-0.046133,-0.290399821832171,-0.104997802876384,0.00765677783857824,0.388115074600972
1.63796,1.09354810153557,0.447482734398535,0.0890475902654203,0.0794348650242887
0.291341,0.0332539450437914,-0.00762178003980393,0.0635011642724984,0.436629266134629
0.474384,0.216497995860084,-0.00377071820715663,0.268669791030493,0.228749331714087
-0.279554,-0.612491874828822,-0.125321549721018,-0.0150939849587747,0.372405976058293
-0.447409,-0.601948056572958,-0.200792548659593,0.0778172761332276,0.454892414295628
0.452847,0.122488770385196,0.0269427284063909,0.181368475799824,0.437011962179042
1.23535,0.69053633841727,0.227917203334756,0.490921538188798,0.387846729701596
0.120642,-0.130082812323402,-0.0697827575446376,0.282181269971528,0.810413770992366
1.74746,1.30577182922081,0.294108223645954,1.20974480084871,0.428361862074948
0.191981,-0.0984854695224604,-0.0900002664298507,0.23149700064679,0.862336540076336
1.58962,1.31444503701144,0.388165344388093,1.13609189310978,0.391012064018043
-0.132231,-0.405605394674463,-0.139277241391664,0.207359627003005,0.68263154944483
-0.126986,-0.238077796526733,-0.127708259749038,0.286609224936786,0.544530487335184
0.0967205,-0.223757449769966,-0.111966986951504,0.183817827679943,0.536657790076336
1.4394,0.891256843141873,0.343846116119976,0.258904202586337,0.236675599410132
0.434529,0.0552939315033484,-0.0319234615594977,0.178549858377395,0.498531874566274
0.652838,0.208869751860171,-0.020795517605302,0.360306915131652,0.296696702463567
-0.236155,-0.529752130996389,-0.118047515498067,0.101188251838859,0.462564514746704
-0.334649,-0.545099645060783,-0.19753694077547,0.155446542747019,0.516951149028452
0.627024,0.152962466248169,0.0241129309938606,0.357001590066761,0.465100513532269
1.10765,0.616038915755674,0.215734712644299,0.915578302130608,0.469667912907703
0.39868,0.057732313649107,0.0103118422881054,0.490710893249231,0.741538837265788
1.31458,0.602608332535424,0.0825786033569389,1.00250302553402,0.508038223455933
0.225721,-0.134847421119775,-0.0686870821754113,0.519588871180222,0.781506973941707
1.82658,1.23651391891771,0.367532129014834,0.550262172076278,0.228518675052047
-0.278109,-0.612103861169256,-0.13748007540533,0.0370295055224125,0.558473607737682
-0.193789,-0.605629371373886,-0.197028597273178,-0.0594939704319117,0.3124564037127
-0.178505,-0.341856407651221,-0.115178062437861,0.0200393747731908,0.261433652151284
0.0592809,-0.130188203611054,-0.101190436847986,0.02200982737805,0.22547064295628
0.162626,-0.215552620649781,-0.104832590430334,0.0297781901244288,0.307975823907009
1.1939,0.775326196067931,0.342692296110214,0.169075594983533,0.0884786226578765
0.251473,0.052238051120384,-0.021171850574772,0.186528424328079,0.339637842990979
0.374263,0.0881138585874014,-0.0309840672961534,0.21749320172625,0.205652056037474
-0.305123,-0.535162905464612,-0.119381669323225,0.0465357041812726,0.342227147085357
-0.405408,-0.600116370265623,-0.210356376977271,0.111020760643749,0.42068026814712
0.565917,0.1838176565817,0.0318168476835199,0.208907334626547,0.338601397640527
1.15365,0.595940738802142,0.152693784423289,0.478531196641938,0.311021325121443
0.213914,-0.0735245992733818,-0.0747597741030544,0.335413899283732,0.668138226231784
1.42481,1.02629471852508,0.2581855121943,0.566003053416775,0.347531607911173
0.0620528,-0.339783558292169,-0.135668553007265,0.257464533153532,0.641486777550312
-0.017555,-0.209742082364903,-0.125918091135843,0.400841352931529,0.616532076509368
0.158756,-0.206075544866036,-0.110496734255508,0.354427656611763,0.641176590041638
2.01431,0.878003175578361,0.297706530041446,0.13236059005704,0.182773200381679
0.586827,0.0513705788527,-0.0181212854199089,0.143259584558868,0.425879464087439
-0.0752361,0.109154169655349,-0.00695917964338403,0.266574392276919,0.310565853400416
-0.276814,-0.440335118868339,-0.126804565169533,0.0151903333238844,0.171380020645385
-0.395545,-0.282372773512671,-0.119819216478367,0.0264516558965739,0.11651181315059
-0.153048,-0.182922923603972,-0.0872021109229878,-0.129270475632083,0.0650139068355309
0.61182,0.572579958521029,0.26031379439166,-0.118727851249839,-0.129751670888272
0.0953017,0.0249422076988779,-0.00731653016496323,-0.160320943232991,-0.0122217024982651
0.0213975,0.0522213186559555,-0.0173181706781823,-0.0553215469865514,-0.0779082782095767
-0.468233,-0.565951994605438,-0.132240132262598,-0.250117514717556,0.0111570331367106
-0.577658,-0.60192606891132,-0.209537837707414,-0.180226035184056,0.0669643284177654
0.132046,0.105814809621598,0.0741255023472863,-0.0673192651097813,-0.00623414382373351
0.57537,0.456521354300359,0.188324800120544,0.164407758685493,-0.0138173318181818
-0.0171523,-0.172214689522229,-0.0533879473095793,-0.0475849630400291,0.171876982477446
1.01803,0.965203144789321,0.372315537431906,0.074590080360374,-0.162983955412908
-0.56662,-0.579146609304727,-0.0930466526594109,-0.299829510886558,0.0997907718598196
-0.670592,-0.61883269696962,-0.211303904962486,-0.331028481761622,0.0153725778972935
0.444372,0.312301091193667,0.132862494443953,-0.144510884645042,-0.344743753469813
-0.681679,-0.3370952918543,-0.137180295786288,-0.252234751423425,-0.109923389486468
0.112216,0.102157839969208,-0.00709930146160902,-0.202658315574129,-0.400358526023595
-0.64228,-0.23294043100273,-0.0718892180749308,-0.310070406355985,-0.262758360166551
-0.351544,-0.255327649290944,-0.0955451176359681,-0.264771334287993,-0.377053940319223
-0.732782,-0.519471950324355,-0.190739351489201,-0.216899199708255,-0.230747935114504
-0.0354562,0.0390543748981876,-0.0249598665163915,-0.214918674263014,-0.373953073560028
-0.57519,-0.248428377757462,-0.0908573900784063,-0.294293237603493,-0.129927104788341
0.553136,0.330949998812737,0.0789214691217518,-0.0297939053422165,-0.39486292297016
-0.661614,-0.439718130473549,-0.165975639887994,-0.0231245926785214,-0.0507685858084663
0.358729,0.266975314515111,0.0412535667669018,0.0932143584967421,-0.367589196911867
-0.627564,-0.24633925977692,-0.064267988706917,-0.163355855579971,-0.126211212942401
-0.177512,-0.191956553104063,-0.0895328112153857,-0.178189531562438,-0.307183506072172
-0.699934,-0.50122313144036,-0.187865751818226,-0.0948159649469271,-0.160593837092297
0.0569337,0.108000121218436,-0.0107737071277712,-0.0885903360809349,-0.353019270645385
-0.631556,-0.247302461980901,-0.0814223809079597,-0.199598994502834,-0.0658687971894518
0.766619,0.419660991267668,0.13151912997296,-0.36315305667557,-0.428023569222762
-0.643252,-0.414953152365974,-0.158474695884187,-0.181571000764281,-0.0853034262664816
-0.458647,-0.418285460663527,-0.0737641138080877,-0.280130372405519,-0.185381531054823
-0.655829,-0.624868721968553,-0.220115396884769,-0.203333511347611,-0.042869503573907
1.06762,0.624345302497256,0.250636506660884,-0.497282760340015,-0.457239848022207
-0.62286,-0.245687497850726,-0.120184582982586,-0.173906526259561,-0.024940402498265
-0.19292,-0.23393466364918,-0.0695920778417557,-0.180200652008801,-0.244918392435808
-0.652928,-0.503298757592542,-0.186394580289168,-0.0478645455446637,-0.122241718251214
0.127721,0.105686858798282,0.00564009269293964,-0.0954590832739174,-0.315053865024289
-0.644276,-0.226025373808797,-0.0697397202949657,-0.16966975206286,-0.0264719136016655
0.720946,0.380726719879416,0.134528705297045,-0.301185260940812,-0.404195894517696
-0.58671,-0.402097089363614,-0.158560202748173,-0.172297068436557,-0.0682472650936849
-0.418635,-0.396502419420199,-0.0669555950173522,-0.291125059262854,-0.152978087092297
-0.710865,-0.620983674349674,-0.222488096003025,-0.169756937303358,0.0142993383067316
1.10285,0.610416978129232,0.26629393202432,-0.16601465597454,-0.407652138792505
-0.641593,-0.365580634041998,-0.126937019987604,-0.0538222347540976,0.0529059816099931
0.445102,0.278273364247969,0.0684706195224423,0.0746064229778283,-0.356983894170715
-0.604264,-0.216742426804159,-0.0592096562334567,-0.137721612383728,-0.173969798750868
-0.369918,-0.412946902552946,-0.0750477787291991,-0.436171162246924,-0.357796132893824
-0.823773,-0.624010829899795,-0.220137162313032,-0.310924715666379,-0.250604981956974
-0.152822,-0.157089992141904,-0.0467467465336453,-0.361736024441503,-0.444010835530881
-0.679663,-0.526823342171976,-0.180743647630361,-0.371894854725659,-0.19537087369882
0.111305,0.0863375157390525,0.0196336202157629,-0.16563023006124,-0.332852667938931
-0.70739,-0.221903337131761,-0.0754341323759611,-0.18285658048618,0.0462798240804997
0.660887,0.42097315418212,0.138493882894103,0.243001232639636,-0.185803054476058
-0.558385,-0.362285641484665,-0.1625051622765,0.101397357042122,0.324146054129077
1.14212,0.447011586415174,0.154802896721155,0.410030706353433,-0.0237718344899375
-0.335975,-0.270013476893937,-0.136083108388342,0.187007767023548,0.450428495801527
0.974861,0.270540482239815,0.0219498108140342,0.839850908024723,0.105604020992366
-0.372105,-0.126418607566047,-0.0711276715004584,0.356879802882872,0.542454448126301
1.34014,0.343956824234671,0.0906574057095151,0.465670752645173,0.0635864131505898
-0.258604,-0.250765792991287,-0.167800729819133,0.359853072956412,0.46164180482304
-0.0602721,-0.320934981812164,-0.0786359280468504,0.161270513623192,0.357944518806384
-0.295168,-0.477551951018019,-0.216658590362724,0.280674038277956,0.564082911207495
1.94725,0.367779506575193,0.233398415553883,0.242689736491855,0.0744153232130465
0.0574042,-0.0708346608176591,-0.125028300984047,0.476533712058328,0.591210959923664
0.844222,0.123177674636635,0.0313060213382389,0.598790660300972,0.231255759368494
-0.0323728,0.139897951558037,-0.0555411467279581,0.445145667917455,0.341961291776544
0.0732716,-0.135745146908871,-0.076115720099153,0.360083045050698,0.182001087439278
-0.322397,-0.300094122931473,-0.179020725939196,0.32333118003676,0.257016211311589
0.604774,0.0311786776579018,-0.00596400893373624,0.0226417942188453,-0.0463972986814712
-0.252714,-0.0228088242051061,-0.081764291790017,0.0441857592575944,0.205985495836225
0.198913,-0.0697509877026711,-0.0711766169778586,0.27296748837301,0.0707699001387925
-0.234493,-0.245568305144263,-0.162758945717497,0.303980230772134,0.241101580707842
0.683014,0.0941083426226465,-0.00614247722495625,0.362770430709757,0.046829168979875
-0.33486,-0.049770755599778,-0.0801302004606224,0.284016573306723,0.430613644691187
1.37296,0.246178492177651,0.114496005829528,0.113519021547915,-0.0188113091603054
-0.236957,-0.22138219188918,-0.153870976253193,0.255455019013371,0.382687339000694
-0.141009,-0.322298020096205,-0.0693626575088903,0.158135666282411,0.308391790076336
-0.308188,-0.490540614596278,-0.218164148600589,0.203710779597038,0.49137891221374
1.8092,0.513317565182372,0.218851417142118,0.221696979350226,0.0257958938237335
-0.353119,-0.152010623263926,-0.128989506051239,0.424712781059966,0.62726730499653
0.945013,0.255739474430857,0.0283911823219055,0.897598817501555,0.207955849063151
-0.121033,-0.0802838085465442,-0.0656202256479261,-0.026245323986282,0.486996553088133
0.981366,0.21026731037156,0.023385027733922,0.689638675438905,0.128013552741152
-0.296339,-0.058902562763604,-0.071651141895665,0.0388605944868302,0.415257206800833
0.235358,-0.0945926827383913,-0.0815755142882221,0.431633302093608,0.175613151977793
-0.102636,-0.246065506892616,-0.167624875384164,0.393598165159761,0.287085715822346
0.61656,0.0751650861170079,-0.0177108774240005,0.38358107455182,0.0892178993754337
-0.158223,-0.0261751552752316,-0.0651488462788003,0.215518761001206,0.35959834351145
1.12749,0.288066849085152,0.145514335811382,0.119491706848042,-0.0316220551700208
-0.396277,-0.244292607537939,-0.158613596826415,0.207321920689404,0.346177457668286
-0.19517,-0.344739253287418,-0.0847893895051803,0.0542601629530668,0.254110106870229
-0.387646,-0.51975351103721,-0.223619703499723,0.104619443711271,0.47952172796669
1.69418,0.582567141519977,0.276914292760974,1.07013952271778,0.0812295378209576
-0.355114,-0.126214154349423,-0.120599811109251,-0.0398808681476018,0.726387448299792
1.75926,0.477098293419734,0.176783764198913,1.16892070054033,0.134373713393477
-0.404326,-0.207433583442824,-0.125206597011396,0.105443570160856,0.668358528105482
1.276,0.206997312331053,0.0371373442180214,0.550357721956835,0.0867163108952117
-0.243514,0.0486795863448219,-0.0560366209517036,0.304146892732941,0.341797938931298
-0.198809,-0.25098430481612,-0.0752510132766483,0.108686077324141,0.131483845940319
-0.303776,-0.427818610258784,-0.224641250760415,0.0652958600535265,0.158266261276891
0.325303,-0.0866942963420114,-0.0586779833542179,0.0689844516238614,-0.0209139125607217
-0.288066,-0.27002438810097,-0.17033326978454,0.0629437607887514,0.20572417314365
0.71518,0.0651186921824925,0.0156711296357677,0.30469428687027,-0.0580559420541291
-0.357937,-0.147610705492657,-0.0699343306783499,0.196777060575071,0.314011119361555
1.09626,0.355819091943685,0.153026445104488,0.0915126108706751,-0.0930585440666205
-0.44679,-0.288422592272729,-0.152237570310546,0.152210823041669,0.270283445870923
-0.263628,-0.362030540466347,-0.074417781751582,0.010684222079114,0.169969605482304
-0.563216,-0.551036688855456,-0.219261835263885,0.105603607125791,0.391570196738376
2.07002,0.548171730945421,0.299471749893956,0.024440752526345,-0.213865718945177
-0.516008,-0.220513283849034,-0.113439907566161,0.251851792779464,0.460923284524636
0.734873,0.290208133301838,0.0776603896277459,0.523148964465272,-0.030648628036086
-0.518951,-0.102282544064138,-0.0452827723820412,0.217209719136877,0.242846298403886
0.111172,-0.0555307055607731,-0.0597244045409023,0.206186803288238,0.00886928417765437
-0.435575,-0.350062995766593,-0.174131861815496,0.228670806921314,0.180526359930604
0.564941,0.182776789527143,0.0213185595726353,0.249130584793222,-0.0946424204718945
-0.483781,-0.168019640822786,-0.0614627840275406,0.109838851274904,0.270438836571825
1.20717,0.402383067584619,0.160662991162621,0.0197116725637052,-0.187682147467037
-0.458492,-0.298924435297368,-0.150962579637332,0.094463615109292,0.233137391394865
0.00811172,-0.0748709694507554,-0.0704553527655255,0.230715526633757,0.0295916158917418
-0.38422,-0.339227745128889,-0.169836265775156,0.13488264219076,0.153078268563498
0.526852,0.112082416282193,0.0276301297637552,0.149377072734988,-0.0736547047189453
-0.327388,-0.113883203796877,-0.0586245951040325,0.0634316712924568,0.249245642609299
1.06411,0.37442417572372,0.16374723199007,-0.0211247438875832,-0.157055446148508
-0.498858,-0.290362233383228,-0.150877188010862,0.105469489342592,0.228623426204025
-0.279231,-0.351848345497757,-0.0770769694525434,0.00515990820045026,0.13584433795975
-0.497318,-0.571201287286951,-0.226653437836187,0.0602936606862156,0.326680665510063
1.81956,0.66846777270868,0.302145441929251,0.0829524394137763,-0.202183755725191
-0.498021,-0.259918650639531,-0.10393776119128,0.263127101210542,0.443907545107564
0.840875,0.316945526842537,0.0817575648979037,0.459516777976145,-0.0391113147120057
-0.432928,-0.114374204817023,-0.0370636863963212,0.153300131866921,0.238400199167245
-0.197979,-0.349946192228768,-0.0795180673479791,-0.107097808927176,0.123943810895212
-0.641736,-0.548528367644321,-0.22797110827043,0.117929291587872,0.355413331367106
1.73545,0.706071815654145,0.287341153651437,0.121105374825454,-0.211187704371964
-0.479796,-0.24061864805133,-0.104693495282039,0.33335156209956,0.407079658570437
0.8311,0.337686390286079,0.0733207758003137,0.440759834983015,-0.0512782078417765
-0.429609,-0.231581587666231,-0.09265241535312,0.27155361487283,0.234057146426093
0.090181,-0.109578546664907,-0.0709948308617197,0.251588086098505,0.0284325017349063
-0.449233,-0.389936425444753,-0.171153197674686,0.275493760576438,0.221370970853574
0.569131,0.159133561423611,0.0249456370760242,0.218393525593098,-0.0329911675919501
-0.414662,-0.109026266365876,-0.054404938491822,0.14482308678324,0.331128215128383
1.07725,0.364395819103885,0.154451539317126,0.45910877686766,-0.0351612005551701
-0.251219,-0.30932520402245,-0.142413375646997,0.385387997215382,0.348277937890354
0.879748,0.290640082228072,0.0723247034186943,0.526379535535862,-0.0273769240111034
-0.393179,-0.0909984668175796,-0.0386648883213971,0.234953115762303,0.261350205065926
0.166866,-0.056927034726763,-0.074727915123921,0.2156333110028,0.011536215128383
-0.479616,-0.372790223760692,-0.168283612509669,0.253343194184624,0.174729316793893
0.444991,0.168581524101515,0.0235743751478579,0.321671669685255,-0.0832370308813324
-0.518532,-0.170974133051961,-0.054941534324808,0.100820965113214,0.280105712352533
1.36442,0.397274094446754,0.150329078527887,-0.096989937935944,-0.22758163740458
-0.504651,-0.320830425159425,-0.140969283055384,0.0946651023567466,0.205037509611381
-0.334589,-0.356585428298774,-0.0730174339093405,-0.012743291586752,0.0705112635322693
-0.512529,-0.564359784542469,-0.21724504415643,0.0277857637173899,0.21165635721721
1.65718,0.677595101516555,0.313689105684118,-0.389953684690656,-0.335303391915337
-0.60454,-0.172312062372662,-0.0943302335154723,0.0151215203654418,0.204681251040944
-0.0768143,-0.157004641151611,-0.0693206973669752,0.0243832411854145,-0.101590643997224
-0.645837,-0.520541150303717,-0.174266825493239,0.145650741854088,0.0301762465301874
0.379693,0.198002757993962,0.0292961020474338,-0.0141868156023147,-0.243876198646773
-0.598696,-0.201063804225936,-0.0435677380997451,-0.102067257321027,0.0792799002428869
0.800438,0.480458198801614,0.175354134317652,-0.182758225859221,-0.343672866932686
-0.581645,-0.386750841884036,-0.14167812161475,-0.10025572663413,-0.00142503965995838
-0.361316,-0.384112160246744,-0.0664374229366627,-0.276335866262122,-0.11279030499653
-0.776693,-0.634097327045983,-0.225187339112082,-0.0995560626646515,0.0881148747397641
1.25954,0.733639902138953,0.335663892188258,-0.11818546245539,-0.387030040943789
-0.620672,-0.348419840353138,-0.0982652209602032,-0.00724955930749521,0.117794290388619
0.562789,0.367487695448726,0.101276048053545,0.113086567260412,-0.323193035218598
-0.606872,-0.218817449095764,-0.0271660558918196,-0.0737841111861047,-0.110791671235253
-0.386464,-0.376916072801998,-0.0859789977178854,-0.322809150905961,-0.287330439104788
-0.711057,-0.621659174263685,-0.227207408720524,-0.276691645654825,-0.195943144170715
-0.0334051,-0.101851643473091,-0.0415245133299625,-0.289034359377423,-0.38773754684247
-0.697364,-0.512378945145765,-0.167602728760408,-0.276699945858174,-0.0967820449340735
0.275032,0.154893979392741,0.0329979732811279,-0.060622729968221,-0.288574001214434
-0.62465,-0.234509449537478,-0.0447786999558197,-0.136819048685774,0.0959221486814712
0.794871,0.54159898236572,0.176868861693434,0.533850837804292,-0.193355706627342
-0.633663,-0.430347748070241,-0.139683343868528,0.0241876032849136,0.299646440631506
1.2462,0.701360934722898,0.269514547568307,0.424563688949724,-0.190216284177654
-0.682802,-0.413127175374869,-0.107486871813281,0.0120824900105704,0.29652240943789
0.660359,0.399508852593754,0.0957305787139398,0.536422812849064,-0.159425014226232
-0.713251,-0.352941182440075,-0.0319469844109955,0.0545353054638931,0.196142401457321
0.75163,0.511653933298351,0.17007109517799,0.162611960907434,-0.284057688410826
-0.644557,-0.413566162324096,-0.145352378806117,-0.0124880140045441,0.0334009295628037
-0.380573,-0.370975518807521,-0.0743286438559759,-0.244189264462342,-0.115737833448994
-0.664816,-0.618527450496008,-0.221616221643833,-0.132375436604506,0.0650876353226926
1.19374,0.68105654891578,0.311750964122362,-0.15170582464551,-0.366098414642609
-0.614755,-0.306772682275956,-0.0971295510873542,-0.000670996225053427,0.13526490111034
0.471379,0.330206148586046,0.0850433514928409,0.147231379965737,-0.24967063462873
-0.535659,-0.216870741406351,-0.0272781823771293,-0.0728386529538603,-0.0437323341429562
-0.104544,-0.112712702405904,-0.068670637375701,-0.0106239916116751,-0.23895046703678
-0.659885,-0.460583353409825,-0.175484765854322,0.0299970208434783,-0.0960556922276196
0.29236,0.167920573990864,0.0226337552858508,-0.269101060411445,-0.391862832061069
-0.577962,-0.167512617635137,-0.0483885797462056,-0.258799252200507,-0.142111404233171
-0.161599,-0.145613150079877,-0.0745665594685521,-0.076521878609001,-0.282560867453158
-0.555185,-0.434228403041578,-0.170224632076165,-0.0579842386703976,-0.138682741151978
0.18443,0.160713637277354,0.0186650819197171,-0.0316160706429488,-0.300454243927828
-0.607282,-0.219144413239637,-0.0501457132410901,-0.127773882516659,0.00218345940319226
0.771624,0.375732555494223,0.124196069544518,-0.260127406513295,-0.357275848022207
-0.573761,-0.332188955320816,-0.146854828385568,-0.0920375370774147,-0.00900044934073563
-0.418181,-0.361609887255823,-0.0842836049274379,-0.149706579562825,-0.0677385371269952
-0.475956,-0.547851289860523,-0.218934320759955,-0.14428312867555,0.0708095333102013
1.002,0.469398709236584,0.24662647797738,-0.0752933947295845,-0.227730197085357
-0.475222,-0.16942402843507,-0.114926367685638,0.113830358267069,0.208720278972936
0.550874,0.140885324250835,0.0399661363819879,0.316803388452635,-0.108950260582928
-0.185074,-0.222717949997172,-0.0575668534870299,-0.316444202238485,0.0652661105135323
0.333605,0.168456302083651,0.0474146298089675,0.376438552947925,-0.169871370402498
-0.504571,-0.135514140866676,-0.0616484319961933,-0.138580815498103,-0.0320933891394865
-0.23488,-0.166127784358534,-0.0887818111111292,-0.0677533922674091,-0.213435433900069
-0.579075,-0.450141375465537,-0.18911003804394,-0.0887961685807576,-0.12938514555864
0.0792565,0.0744047876907941,-0.0121680913711011,-0.079421413691534,-0.306266665163081
-0.583201,-0.182248572507616,-0.0764079727997518,-0.166895435705646,-0.0530688402151284
0.645745,0.269499036923832,0.102579993439733,-0.292814939479532,-0.371759571651631
-0.529061,-0.329582172633312,-0.158958089021398,-0.157405027223135,-0.0567575959403192
-0.447841,-0.392169340013318,-0.0945390079277742,-0.222208002201274,-0.0949781757460098
-0.58435,-0.574670289057245,-0.22799460758403,-0.174008533979723,0.0698594016308119
1.02562,0.448114894212622,0.220661710142383,0.497062233026037,-0.24752643407356
-0.520212,-0.191096819857546,-0.13109195152495,-0.25460566355631,0.222033521512838
0.856766,0.383154374824957,0.175287425447802,0.643064030625715,-0.192413529840389
-0.44194,-0.35172329288043,-0.143325679697864,-0.267576066031717,0.0916616370575989
0.340859,0.174949635131922,0.036264954324966,0.0755020644233325,-0.245662592297016
-0.541282,-0.149809082489012,-0.0743231858240962,-0.0961118348313278,-0.131378731783484
-0.437901,-0.366976601105967,-0.088696734586877,-0.349885946558028,-0.308298562456627
-0.616347,-0.585998716907675,-0.222671198250157,-0.357406883843857,-0.272390334489938
-0.248816,-0.189154055737467,-0.0581398153455241,-0.311192772729278,-0.384799055517002
-0.646551,-0.488181369859331,-0.189655556066375,-0.332411446471413,-0.222443152671756
0.204005,0.0320870165371862,0.0118705113232376,-0.179939764706547,-0.409701951769604
-0.687295,-0.24838379163395,-0.0906958670159387,-0.182000266209549,-0.0842053278972935
0.618035,0.313124206741793,0.0867031951726433,-0.289862353539521,-0.417571784177654
-0.607313,-0.371334327934355,-0.164409913956035,-0.148426254303031,-0.107001781401804
-0.460345,-0.383829269330232,-0.0836343107801159,-0.257506428140997,-0.179069542678695
-0.557208,-0.573067185773623,-0.224057166556799,-0.23801309068552,-0.0722146280360861
0.829696,0.460024385196018,0.218953256496588,-0.2172723070636,-0.394564252949341
-0.6893,-0.330569528230346,-0.139393452179451,-0.070530968006527,0.0176741069396253
0.341537,0.168836418437282,0.0471561765605552,-0.0249235120619149,-0.337563614850798
-0.527106,-0.25433826945815,-0.0817067562167889,-0.180516291426794,-0.143368522553782
-0.261988,-0.194135698003634,-0.0693213595308148,-0.147960941904738,-0.280363158917418
-0.625492,-0.477652339913937,-0.198107148167831,-0.12035760918987,-0.187623927480916
0.0546502,0.0363790587138928,-0.0111208349546228,-0.18401863032796,-0.385650579458709
-0.684277,-0.245660918209007,-0.102666235789882,-0.258105844099059,-0.142460084420541
0.445078,0.296697836966009,0.0796891077905032,-0.314081860329047,-0.458989794760583
-0.668011,-0.417260340817251,-0.171861943577688,-0.256082573522075,-0.17140205499653
-0.220175,-0.197611236903047,-0.0682860819399887,-0.217412742746043,-0.338694401977793
-0.65614,-0.474362540698823,-0.196845672984396,-0.219682245312244,-0.211744290874393
0.0336287,0.0220506258433828,-0.00436602804146835,-0.186833379193885,-0.401415743233865
-0.662537,-0.263241706540932,-0.104062449609363,-0.243743175573301,-0.153627876995142
0.535228,0.306439188483528,0.106290398638983,-0.364172903962529,-0.497916520645385
-0.666339,-0.413423251075803,-0.17081819762604,-0.316841724114113,-0.217487286086051
-0.461265,-0.427710856650049,-0.0742227766627334,-0.61885430192245,-0.348885087265788
-1.14829,-0.630731041051848,-0.222995848765376,-0.269739414846053,-0.120417589972242
0.742123,0.451625581647099,0.196829288125743,-0.28861222076208,-0.551941086745316
-0.672119,-0.357819255454181,-0.150329682649746,-0.19473869725327,-0.123220482303956
0.353579,0.159740052888827,0.0281428480143422,-0.191659024291723,-0.465505059680777
-0.607141,-0.26205016722613,-0.093238439320917,-0.226657587722268,-0.283161842123525
-0.641444,-0.455400626473766,-0.138804649144752,-0.437623787529632,-0.364507465995836
-0.71628,-0.55980990328448,-0.203423807134593,-0.410713062302324,-0.339069283830673
0.120507,0.257364141685085,0.047112832359755,-0.479531877858278,-0.582935812283137
-0.744428,-0.280297517644523,-0.0687105296697845,-0.40822205806081,-0.367200520124913
-0.206414,0.0170575504487391,-0.0231135999181593,-0.390159586066684,-0.578114393129771
-0.762232,-0.218995987674264,0.0178064106349574,-0.463022609619942,-0.459441794413602
-0.547659,-0.24606661205285,-0.0954828989429591,-0.466581963835764,-0.546722621963914
-0.745437,-0.480723924172816,-0.17271145880812,-0.449293938397634,-0.475407450208189
-0.353478,-0.0553426425247716,-0.0431029608132016,-0.482336678078927,-0.563572655968078
-0.640765,-0.0683471819547559,-0.0075328636039433,-0.516149903707965,-0.443607261797363
-0.0807375,0.100648437755809,0.0629681464298742,-0.469240611087352,-0.592179099236641
-0.729429,-0.299767788904003,-0.122204828692977,-0.396384621286367,-0.431444970333102
-0.332976,0.0418966309156484,-0.00880645651696804,-0.403941308558896,-0.574459739590562
-0.659894,-0.00986603858592322,0.0353747784177323,-0.512244693604074,-0.508483126821652
-0.582312,-0.294244660125339,-0.0997031287868552,-0.545950602918669,-0.565842852012491
-0.770152,-0.449306753437768,-0.166320179047297,-0.507730169542025,-0.514598864156836
-0.464058,-0.101649674751668,-0.0537150900476426,-0.489366251803141,-0.582880309160305
-0.62245,-0.060697712059109,0.0156936685287163,-0.543323310262069,-0.483752660270645
-0.114886,0.0906158331337831,0.0165821315344099,-0.596142487241135,-0.605379930777238
-0.686527,-0.299820393619303,-0.090285800057977,-0.489671018621612,-0.468150492539903
-0.614209,-0.485798800107273,-0.146078072965018,-0.562601328200442,-0.51075137630118
-0.717742,-0.590373109678403,-0.197565191024584,-0.503150705886694,-0.452605638272033
-0.0482889,0.179366922414658,0.0517042731435488,-0.626519585536846,-0.6087525055517
-0.603525,-0.0710211369483179,-0.0112819013339805,-0.516868136107918,-0.46981145333102
-0.531625,-0.406677735522647,-0.124643393707424,-0.549322630451569,-0.537665883587786
-0.746702,-0.411093665130202,-0.144531765449657,-0.450319879157085,-0.491867028972935
-0.477649,-0.164952600100435,-0.0843071676468288,-0.499581673821875,-0.554727371443442
-0.568616,0.0318663314259337,0.0516381452727678,-0.532429433273543,-0.492189650242887
-0.2218,0.0451041141340076,0.00417035689927002,-0.596040237896708,-0.589196526544067
-0.623877,-0.289671164371691,-0.0985675243990436,-0.523414672559911,-0.500096912387231
-0.686076,-0.517135179051057,-0.146407759905921,-0.591108088435172,-0.503968924878557
-0.749066,-0.636096145275802,-0.204063295374522,-0.556591780418711,-0.455495925572519
-0.0848631,0.118460650073308,0.0529996258804717,-0.5459713787394,-0.59767184351145
-0.588891,-0.144671714352252,-0.0254263877193416,-0.465645537570896,-0.459408887057599
-0.367829,-0.0853249955670407,-0.049256845083088,-0.446606756421304,-0.558816349236641
-0.546777,0.0685953778056107,0.0667399407708075,-0.494822624921804,-0.551607525503123
-0.668891,-0.544534332250356,-0.146498254253503,-0.631187133510232,-0.567251411693268
-0.757462,-0.661362153292016,-0.199665603253055,-0.616857191590299,-0.556003405655795
-0.565785,-0.350786123992224,-0.100236332367525,-0.606060882980264,-0.610039321998612
-0.735239,-0.515972478879388,-0.140803435123681,-0.59431355122868,-0.518204497918112
-0.42656,-0.235564618917105,-0.0834654680464331,-0.534661913189749,-0.54940561276891
-0.517509,0.0460174820181689,0.0402116713645687,-0.529105982448361,-0.460850832755031
-0.185159,0.0255017390069881,0.00260118889375598,-0.319030375490108,-0.510817164469119
-0.649175,-0.243232848393331,-0.101906980981906,-0.400554999837955,-0.359130196391395
-0.144774,0.0921547581142838,0.0218009035384321,-0.311955434267461,-0.494226525676613
-0.594919,-0.142037908048908,-0.0410253189918748,-0.432758885001304,-0.382406750867453
-0.371174,-0.0514484849120051,-0.0575045161894658,-0.294467836577745,-0.467787683206107
-0.513801,0.0118630115226106,0.084447746996568,-0.46184222112456,-0.432665936155448
-0.218586,0.0408987806302358,-0.0241583182505668,-0.479103281623847,-0.547728383761277
-0.734363,-0.292497073388701,-0.0986930006389045,-0.465518435323964,-0.446570542678695
-0.606371,-0.493361947078002,-0.150483811841529,-0.586188742311638,-0.507864265093685
-0.726954,-0.640762663981572,-0.213069115929795,-0.520723868358895,-0.439855446217904
-0.124439,0.0951763165119043,0.0406448463483095,-0.529898445857199,-0.563391616585704
-0.562012,-0.0992674874665728,-0.0188071137327275,-0.423974292489513,-0.426195348022207
-0.32975,-0.0907469089845903,-0.0562490503833036,-0.418636563577466,-0.49665625260236
-0.454768,0.0887113404975726,0.0854209642841724,-0.47201873481294,-0.476198319569743
-0.500852,-0.325614575711742,-0.130246464915746,-0.485387771926259,-0.495010446217904
-0.749988,-0.452414622401483,-0.157903711117573,-0.423255686850193,-0.429779348369188
-0.420532,-0.157857264961395,-0.090783662578755,-0.53308080771913,-0.494018497918112
-0.382277,0.0779304772818571,0.0507848147513521,-0.530173924435558,-0.455101651804303
-0.491316,-0.340275445247559,-0.129584760029662,-0.421384656049746,-0.395436754857738
-0.466872,-0.430668525622138,-0.149296275119716,-0.361487237669639,-0.356978230569049
-0.187018,-0.132937814212491,-0.0961653070685548,-0.344583333863495,-0.384782790596808
-0.263914,0.0701163638206028,0.0474429563192594,-0.347928785656445,-0.319243664295628
-0.0848505,0.0670237024767114,-0.0120785555868341,-0.350764152854801,-0.381859234212353
-0.457597,-0.248152863134121,-0.0956471101698021,-0.328211673876771,-0.322964099028452
-0.558356,-0.528237264496371,-0.153197401506503,-0.446053921250005,-0.325976484385843
-0.669997,-0.628454686175,-0.217462708708826,-0.397954189338213,-0.254022530499653
0.109009,0.133135437807276,0.0280043005438761,-0.337729195011668,-0.394108938410826
-0.391201,-0.155518339942922,-0.0222987309338908,-0.260705969487767,-0.214813692054129
-0.0663379,-0.0413628405113149,-0.0567603205816755,-0.134774884981214,-0.292105183379598
-0.300702,-0.0640658607800375,0.0616378643789194,-0.239014549126403,-0.220065603400416
-0.0933679,-0.0171475745040605,-0.0653381431733917,-0.159672955193199,-0.285438413428175
-0.274805,-0.0451876620177084,0.0798823470378824,-0.288969734111753,-0.257094921269951
-0.362535,-0.284936640914207,-0.132584450804358,-0.290038285660149,-0.282124683379598
-0.509964,-0.431888080488567,-0.157832269924722,-0.260119700419069,-0.254665309125607
-0.285133,-0.128882936373395,-0.0902383902189264,-0.252466323633427,-0.296001997918112
-0.263033,0.0388404589806987,0.0494853042557803,-0.274531486057114,-0.244723295766829
0.0810409,0.0458382122701463,-0.033724375790115,-0.357169674401204,-0.321631462179042
-0.297804,-0.203705108125536,-0.0952525934257397,-0.256716481924407,-0.231363071998612
-0.475536,-0.480064597565823,-0.149479635061042,-0.250864125332072,-0.206900092123525
-0.424672,-0.496306200973811,-0.217543442486132,-0.293093297219141,-0.18534228018737
0.194274,0.130063388136901,0.023469824072745,-0.0335946944762171,-0.302753176023595
-0.443214,-0.15647606115873,-0.0228208554083162,-0.342430152107457,-0.118533243268563
0.199359,0.0841806392119544,-0.00534698661241111,-0.0673654348806114,-0.320601089521166
-0.446784,-0.185022056613115,-0.0495239456460311,-0.302286206088451,-0.194365341082582
-0.304381,-0.0821437247210494,-0.0744924726912506,-0.171911176201988,-0.287064796321999
-0.0932178,0.144732777553714,0.098237504170945,-0.344553365610008,-0.398098271339348
-0.483117,-0.532415252768039,-0.150347103706752,-0.532623128112293,-0.385150707147814
-0.695901,-0.67919801949119,-0.217156890373991,-0.476456618774131,-0.385181445593338
-0.476232,-0.316184311844727,-0.0983848442655588,-0.496671707927528,-0.474266643650243
-0.674651,-0.466507456553563,-0.141132108790088,-0.472892648757502,-0.392472782442748
-0.359927,-0.229475631762721,-0.0914291160943342,-0.422979596413364,-0.416872290700902
-0.175004,0.115928130177438,0.0816656756983141,-0.451245839368642,-0.402522125329632
-0.0652642,0.0354835304759635,-0.0126997718327787,-0.467042199000129,-0.42287846148508
-0.588376,-0.256576450656452,-0.102168567129965,-0.299885986010011,-0.303451871877169
-0.516815,-0.452669872323898,-0.141658543702063,-0.34379154559441,-0.324188154840389
-0.442305,-0.556843816259746,-0.215593712144174,-0.405246325511125,-0.292488224757113
-0.0551022,0.0908913326575472,0.0246604556975554,-0.298954589076703,-0.344165926179736
-0.412738,-0.0853708609967442,-0.0314716868155816,-0.190117316199461,-0.208884290058987
-0.00622275,-0.0657113947676373,-0.0666480492710921,-0.246938150027422,-0.2928188407356
-0.10714,0.100582351857807,0.0610725396229716,-0.282283750793556,-0.261531466603053
-0.330333,-0.284375448970702,-0.134968514014152,-0.243153317209765,-0.247217229094379
-0.460162,-0.386566660849485,-0.150986515487545,-0.204817733397592,-0.245597305326162
-0.249225,-0.107467855758398,-0.0920234359027162,-0.285469614616898,-0.31808838315406
-0.250778,0.124517841044167,0.0763164590163576,-0.388868784105953,-0.319742409698126
-0.149963,0.0418980342883932,-0.0202923593998765,-0.383116974538848,-0.388059647467037
-0.608911,-0.225623574479172,-0.0878582601932221,-0.339165211181945,-0.312357939972242
-0.417787,-0.313292925984257,-0.128724685584962,-0.336985370084128,-0.385911432338654
-0.499971,-0.376241348245084,-0.155481724420211,-0.378953416009972,-0.355398495142262
-0.250762,-0.142471258264442,-0.0860838617393302,-0.389152165442732,-0.410494497571131
-0.343169,0.142169199656225,0.0659721062527073,-0.378838829497956,-0.374068166551006
-0.199225,0.0105670656274101,-0.0446881512112304,-0.403146816631489,-0.439754275850104
-0.461996,-0.232230518929999,-0.0902816466208637,-0.396947416911589,-0.4109970111034
-0.671683,-0.499870127258953,-0.147090756340288,-0.482754032698635,-0.394861396946565
-0.648319,-0.629012489548222,-0.213715237986674,-0.507282887743974,-0.38654077758501
-0.112113,0.102426207359291,0.0474600206656109,-0.433882854394524,-0.499756119708536
-0.481522,-0.0534939333039766,-0.00256987176635709,-0.391508602282051,-0.379033495836225
-0.251589,-0.0632931086516128,-0.0595202633916831,-0.379707445253783,-0.454972468771686
-0.41261,0.182055577048692,0.109380478697259,-0.422886450878184,-0.438281700208189
-0.574614,-0.460639698627483,-0.151846499124509,-0.534890764619314,-0.426727470506593
-0.726768,-0.558175643785948,-0.217668180165804,-0.45285830439324,-0.380870091603053
-0.12562,0.139721410143136,0.0403706949274774,-0.484463604054868,-0.525735329285219
-0.499054,-0.0429183243705008,-0.00810340348443918,-0.429702225469031,-0.418343420888272
-0.380872,-0.0710032041805218,-0.0589000601162045,-0.410950113423395,-0.47137264018043
-0.451451,0.172742067890134,0.0971911642678377,-0.448168240310795,-0.467827042331714
-0.503841,-0.286911513058104,-0.129159236742229,-0.484119346637595,-0.484079300485774
-0.683002,-0.37388345354505,-0.153286479916809,-0.453341480522527,-0.437154678348369
-0.44861,-0.121484746975243,-0.0787406080864995,-0.437515374397627,-0.485603105482304
-0.489229,0.123030632628957,0.0566904069720762,-0.520779502964823,-0.436538519777932
-0.150072,0.0508504390281968,-0.0131069924501479,-0.418340873637445,-0.517283889659958
-0.698486,-0.201290571724362,-0.0876225414834164,-0.348476609125323,-0.374408913601666
-0.253548,-0.000494787746134311,-0.050039371784783,-0.349368465181754,-0.499425292158224
-0.454821,0.15468478351018,0.0953971489879698,-0.478118551317884,-0.451426814365024
-0.521727,-0.308672601311568,-0.125446089569153,-0.448521583742745,-0.468276178348369
-0.668539,-0.381003619316114,-0.139722084202229,-0.409061745736735,-0.440171249132547
-0.384818,-0.116778769707258,-0.0777565923442522,-0.455727053011013,-0.513781082234559
-0.47245,0.126146270966197,0.0873483879904213,-0.520986093302273,-0.46236913740458
-0.213784,0.0646090977999273,-0.0144430276678092,-0.533503351468942,-0.552540962526024
-0.689827,-0.243061173578652,-0.0862268770918423,-0.467962692200307,-0.46788742852186
-0.611463,-0.492846066881347,-0.14560677169813,-0.570702637009594,-0.524252094725885
-0.751638,-0.625324912910617,-0.216676122424014,-0.510049139726875,-0.469732765440666
-0.131571,0.150097024885294,0.0477285409545122,-0.635242119287253,-0.615197963566967
-0.590358,0.0380516882411744,0.00161452715537176,-0.545532373015174,-0.497540671755725
-0.558527,-0.394830312892095,-0.121795357963214,-0.561369189949997,-0.543051498265094
-0.738713,-0.368032685997051,-0.144757177727018,-0.466257308279588,-0.496664113462873
-0.504407,-0.140496768612625,-0.0754427839515797,-0.492054536660739,-0.536521578764747
-0.479766,0.167879786215654,0.0789738039420311,-0.543514244794155,-0.494294635669674
-0.215272,0.0486273797205687,-0.00654197216485614,-0.587558920947908,-0.563831283830673
-0.634101,-0.213502220192706,-0.0821241724993094,-0.48617192846433,-0.466392160305344
-0.631022,-0.473237624276328,-0.143626100836155,-0.529623446502976,-0.477660340041638
-0.681422,-0.620169354217013,-0.218568829433467,-0.510941983502711,-0.427848267175573
-0.122919,0.146862341053035,0.0499251372518525,-0.472873681075598,-0.534782049271339
-0.539067,-0.0410449246038022,0.000740460792624048,-0.402950998135976,-0.405578286606523
-0.257699,-0.0359558294682208,-0.0456451923999769,-0.409005540286823,-0.502083431644691
-0.439952,0.175179868442702,0.11190007049511,-0.443601029623814,-0.485225680430257
-0.623089,-0.500503101930009,-0.149596170630408,-0.522785622073584,-0.48237913462873
-0.63536,-0.661487549532478,-0.219244934179857,-0.552663789218786,-0.492372144344205
-0.48748,-0.29451917588675,-0.0972990650390485,-0.544169081151907,-0.540713562803609
-0.700354,-0.437951081433214,-0.131307501264305,-0.52030423974022,-0.44840929111728
-0.401549,-0.177007777134492,-0.0726779573196708,-0.447609985842849,-0.48204418667592
-0.417734,0.149223627184821,0.0891762815862962,-0.490357277630416,-0.412537204024983
-0.121491,0.0567726156830792,-0.00246855987679769,-0.294424926382925,-0.451447030881332
-0.635081,-0.189078867714065,-0.0891246157990723,-0.340681918061583,-0.287175775156142
-0.101588,0.127090836382789,0.0214777751289363,-0.247894824944807,-0.420866860860514
-0.527969,-0.0555620752525449,-0.0185344072449038,-0.358305153304653,-0.297951014920194
-0.261533,-0.0194483606542564,-0.0583791341268529,-0.201267492471078,-0.374893749826509
-0.313963,0.113661701140728,0.117714454054088,-0.385293763894005,-0.356121231436502
-0.098339,0.0855216100219317,-0.0111733237371772,-0.382315852230951,-0.456363142262318
-0.661144,-0.256436828275763,-0.0891249483178425,-0.372740881274034,-0.362409965301874
-0.595271,-0.482249426929341,-0.146939196797777,-0.510588339984762,-0.422712419153366
-0.703873,-0.628335235353152,-0.212928345820126,-0.455804849712694,-0.363999340388619
-0.100138,0.128475305404213,0.0452552599221842,-0.449037546925507,-0.477260138098543
-0.35378,2.7041480416351e-05,0.00744819716603894,-0.366082352826622,-0.379107498265094
-0.254692,-0.0557021279780392,-0.0496564434407621,-0.385880449605115,-0.415975641568355
-0.345613,0.198034478838216,0.124644496943819,-0.38003417952685,-0.418718176613463
-0.545186,-0.288237645652742,-0.128443415636731,-0.399869435878551,-0.411427832061069
-0.702065,-0.405751760298617,-0.148263116208978,-0.377480550775671,-0.373069182859126
-0.353831,-0.111450719928805,-0.0800011002796707,-0.47773875291401,-0.439751900763359
-0.26799,0.137427203447387,0.0889707875996639,-0.508075248500337,-0.42091275537821
-0.361959,-0.307354050370897,-0.11227535868094,-0.394103171600631,-0.392889502081888
-0.536359,-0.387755173416951,-0.140923708085854,-0.311829205964443,-0.342543052394171
-0.199657,-0.0913971924313958,-0.0816764283823237,-0.32318306501059,-0.420361028452464
-0.400793,0.134722428074271,0.076682773153283,-0.410323117874601,-0.35229150111034
-0.151954,0.0941701386471064,-0.00134554402118973,-0.405688091565478,-0.450483765440666
-0.639257,-0.206957459826917,-0.0857427198041254,-0.361975161332421,-0.36466873907009
-0.572411,-0.478232254674957,-0.15222358826364,-0.437904440616961,-0.400165323039556
-0.580279,-0.549938800496736,-0.207205135837581,-0.437793082870514,-0.353392019430951
-0.0158192,0.135044544228188,0.0375047324189034,-0.465186682778154,-0.45559814295628
-0.429465,0.0102129270121055,0.0131554769555942,-0.355355577345014,-0.329237018736988
-0.273557,-0.0314845567801093,-0.0441861301599207,-0.327133137295373,-0.390963438584316
-0.419932,0.0624569911899553,0.0955019403396051,-0.334556160624291,-0.361799768563498
-0.337668,0.00881393337814216,-0.0567401594142746,-0.335577730474441,-0.396233029840389
-0.34352,0.133235600211139,0.122926504005338,-0.425862926226615,-0.409290828070784
-0.532974,-0.244350673626705,-0.126303255992465,-0.435950327917052,-0.396700918285913
-0.672398,-0.392800048384367,-0.149338767409727,-0.392407380440405,-0.351293567487856
-0.393417,-0.117867604358116,-0.0766192461520818,-0.399851303667718,-0.373172088653713
-0.150226,0.163929644423584,0.0752486021745046,-0.413453411061342,-0.360045394691187
0.0470077,0.0707110872010101,-0.026864234336528,-0.45387600176936,-0.402089868494101
-0.500371,-0.206009235073717,-0.0872752929677047,-0.297820516116022,-0.29296739278279
-0.450387,-0.469314083127766,-0.138569465944982,-0.38351150449019,-0.347158890700902
-0.602805,-0.57052977508318,-0.218204754160504,-0.345422070632568,-0.291973635669674
-0.061672,0.126268053584459,0.056230884846868,-0.212327033695467,-0.409715895905621
-0.503091,0.0204298905316755,0.00819539125544262,-0.45150685053266,-0.283592502012491
-0.0688445,0.082497891389748,0.0148754306950086,-0.194901626370617,-0.415856320610687
-0.514345,-0.0658188320422965,-0.0240751243158869,-0.415054635578186,-0.315660096287301
-0.230071,-0.0217535688930472,-0.0529107484766296,-0.309299324062173,-0.430901097675226
-0.366808,0.16620690252575,0.0985756984795385,-0.412812011046902,-0.443419981089521
-0.622777,-0.523687043657076,-0.15463076377009,-0.514496647840164,-0.445980051873699
-0.612675,-0.641821600083591,-0.216486009070776,-0.54616290782925,-0.474241267349063
-0.520073,-0.301277852008619,-0.104008683280936,-0.508454956696783,-0.508273519777932
-0.658866,-0.430108265168342,-0.135219199693161,-0.507226340666849,-0.443290374739764
-0.344541,-0.189211815010437,-0.0773403449252552,-0.454857563054558,-0.491438435808466
-0.386466,0.156766476199276,0.100565121244498,-0.462048797385383,-0.43260844000694
-0.140503,0.0720923731900698,-0.00856593533072238,-0.480606059170221,-0.49286821426093
-0.570504,-0.243986423182006,-0.091868022941717,-0.41421505258596,-0.40520544222762
-0.562844,-0.492707459218142,-0.143649948123631,-0.533401414916768,-0.433706745489244
-0.731994,-0.627465992296742,-0.221410591757395,-0.448305668862709,-0.362941735773768
-0.0861691,0.137022775281627,0.0555055401783159,-0.438881237371536,-0.495104320263706
-0.46491,-0.0287154203013977,0.00158081392942649,-0.362690733446177,-0.367554033136711
-0.222744,-0.0431790458576566,-0.0377978103690619,-0.393750432613056,-0.441517901630812
-0.362572,0.175260800143581,0.102951205144528,-0.405105027543423,-0.421973051526718
-0.510199,-0.29680189938686,-0.128952186858626,-0.423977664305372,-0.429018559507287
-0.680735,-0.386667779401872,-0.139175603858914,-0.394313313233972,-0.401890044101319
-0.420063,-0.1140236363682,-0.08116254701287,-0.426192084592023,-0.467138560721721
-0.430531,0.156289390359125,0.0990412890699558,-0.497210624614301,-0.432711512838307
-0.147983,0.0586856702165407,-0.0124024223167227,-0.51963591198793,-0.508702864677307
-0.628836,-0.216340413572663,-0.0823327340925823,-0.428349447126411,-0.399416388619015
-0.51075,-0.302219892812951,-0.126081000942584,-0.39574040076643,-0.446361668632894
-0.557872,-0.3932305726937,-0.145424362368357,-0.426316065427093,-0.416746389312977
-0.357296,-0.163389755906685,-0.0773842709701315,-0.417216571127463,-0.446774248091603
-0.367354,0.102586616063986,0.0653242362676089,-0.440603922443689,-0.414690714781402
-0.136233,0.0326763444794478,-0.0158226103613995,-0.474248453544872,-0.496350811936155
-0.561464,-0.25875099634601,-0.081150406397545,-0.417253156706405,-0.427148110340042
-0.655186,-0.503548217411384,-0.149532270916607,-0.505157220893524,-0.446297112074948
-0.686422,-0.631689527895341,-0.215751752994601,-0.506594692910601,-0.430672875086745
-0.185802,0.105881780213841,0.0494277643123208,-0.496851434538788,-0.543345111380985
-0.559934,-0.0495058805843016,-0.00100825436346057,-0.445466369917941,-0.423615089382373
-0.330449,-0.0627111388862235,-0.0444722916069043,-0.432906442726938,-0.495886982303956
-0.479795,0.200366482754275,0.117686082366582,-0.477385236399127,-0.459585717210271
-0.577135,-0.411050247374136,-0.126518658538154,-0.527338889300114,-0.441705522553782
-0.703597,-0.541312814760432,-0.213182395354077,-0.460929724007194,-0.376396435114504
-0.0219766,0.228330537594485,0.0394581367389535,-0.424704429179983,-0.527020853920888
-0.537833,-0.10511161474572,0.016781656044905,-0.393939838019131,-0.374383972241499
-0.226756,0.0137809334557551,-0.017672456734583,-0.375856532921578,-0.482274463219986
-0.529909,0.0217680353987705,0.0938636756279971,-0.420028147736353,-0.425435640631506
-0.508264,-0.247890472517293,-0.104341241690093,-0.445938732470812,-0.46781584056211
-0.688357,-0.43547119897638,-0.16188300275336,-0.416260191595987,-0.416182474705066
-0.398399,-0.0759614038269311,-0.0583485017205915,-0.421552009599192,-0.473948663601665
-0.493653,0.0510206393849779,0.0816691154137389,-0.481147820690136,-0.4032519148161
-0.0485873,0.136024848476626,0.0431567952875371,-0.428943505638535,-0.513986407356003
-0.664124,-0.263496908977379,-0.091643108447677,-0.321778274160981,-0.361929547015961
-0.283225,0.0188451168447821,-0.0328879506572302,-0.330637027826284,-0.485181789208883
-0.460188,0.11001889142527,0.121480823728765,-0.460029419651506,-0.455682187543373
-0.56185,-0.312660940049585,-0.122859337402668,-0.482236609649767,-0.467389298577377
-0.694797,-0.405197830418438,-0.135778497078436,-0.432053376851547,-0.441622756523248
-0.420453,-0.133690111927933,-0.0801999408503035,-0.477250384932999,-0.50106844240111
-0.407182,0.100957198084205,0.112847868986484,-0.498827714044278,-0.459884659611381
-0.198663,0.0762691106817379,-0.0020818080691835,-0.540604498402079,-0.518116506592644
-0.57855,-0.228615539618834,-0.0698028744507461,-0.445619041133829,-0.452729613809854
-0.659658,-0.488316623752288,-0.152988884123797,-0.513568009055099,-0.462648753296322
-0.683342,-0.615534827215965,-0.209001236486285,-0.502149243456339,-0.431713512491326
-0.108369,0.153671403993322,0.040641391344533,-0.573835587190146,-0.547598844552394
-0.422859,0.072317925798674,0.0508784742205739,-0.512268253291736,-0.462720142609299
-0.543102,-0.396906317009444,-0.135157628892665,-0.519001626300787,-0.470156363636364
-0.6965,-0.362070527429284,-0.123733667494633,-0.405627109386214,-0.438287612074948
-0.477805,-0.181388528207223,-0.0920610629606248,-0.467932955733085,-0.470494207494795
-0.303433,0.15178759819171,0.143063457083095,-0.513326217513441,-0.474441321998612
-0.220503,0.0292997145396642,-0.0132961687401311,-0.555912872613547,-0.507380792158224
-0.590955,-0.227608702376972,-0.0568493293414064,-0.45037473853271,-0.447332665510062
-0.65753,-0.514822708294593,-0.153431980547631,-0.535553768484745,-0.449795652671756
-0.713569,-0.64030358395332,-0.20998785276786,-0.504936800772519,-0.403181073213047
-0.194616,0.0848341948404218,0.0295279272875329,-0.475351881366556,-0.486041097154754
-0.326164,-0.0383143387571736,0.0486169399722542,-0.376268556809295,-0.418303265440666
-0.31754,-0.110893704183858,-0.0509467833842234,-0.415302947373637,-0.433191534698126
-0.245266,0.206121296018842,0.177406245628477,-0.391690941342971,-0.492385477793199
-0.637293,-0.558532157550113,-0.152796152928527,-0.548058380455612,-0.450905914989591
-0.700689,-0.670079290702769,-0.210270785749671,-0.554956466483699,-0.472222998265094
-0.522488,-0.361188452347144,-0.102180952815595,-0.569538034107973,-0.533380840388619
-0.666303,-0.442767830321078,-0.11659714268167,-0.541953632592731,-0.463779081887578
-0.448437,-0.234279241149988,-0.0982681949561433,-0.500230828757217,-0.470056936155448
-0.313113,0.189519438436269,0.152118628957231,-0.505402401781682,-0.447959210617627
-0.244865,0.0153307498699531,-0.0129895021605478,-0.300092052863187,-0.426702947605829
-0.588958,-0.181938378507182,-0.0567513895100109,-0.335654512183152,-0.309197864677307
-0.157789,0.0719764497904634,0.00517536754379991,-0.302312459788093,-0.406449260582929
-0.462204,-0.0631804888102074,0.0256531286352128,-0.348262786944676,-0.31155287647467
-0.312447,-0.0952123533848348,-0.0664803475027846,-0.275574183605671,-0.351112426092991
-0.188181,0.128716413475696,0.189068136253811,-0.379873293865599,-0.387737761970854
-0.244813,-0.0251140525330113,-0.0350155068729913,-0.394761418832682,-0.419439375086745
-0.556396,-0.239748742049346,-0.0543941423559449,-0.395600093589373,-0.401335597501735
-0.601063,-0.501006453784812,-0.156607158573026,-0.537133312487735,-0.439085350798057
-0.705834,-0.60499207766253,-0.209002819414742,-0.488013965609305,-0.40684256037474
-0.269445,0.0711279454236139,0.0135726995822116,-0.497694770432496,-0.491521838653713
-0.403786,0.0698582402434175,0.0593600176722125,-0.390527145120286,-0.426688115544761
-0.396368,-0.0900180762228465,-0.0702787853840231,-0.443541776419892,-0.41506593962526
-0.214597,0.2934119485585,0.195339591668024,-0.441340518573059,-0.470717917765441
-0.548587,-0.324267524044208,-0.134676584505897,-0.410482058626409,-0.418952772380291
-0.656688,-0.371115578854709,-0.129582250431011,-0.398662302677951,-0.408102588827203
-0.322876,-0.169880351732726,-0.0923623570949525,-0.554968982494437,-0.491164873351839
-0.328412,0.178860236253571,0.135715132496453,-0.569321318634845,-0.492667265787647
-0.577196,-0.372332769733286,-0.132747727361967,-0.47689483068483,-0.460241953157529
-0.702946,-0.393744726582452,-0.127811718781009,-0.427270577745944,-0.442051715128383
-0.463866,-0.168896616984978,-0.0954874092233235,-0.483894625161465,-0.476635705412908
-0.276489,0.225762660011606,0.150934886169938,-0.534940461120652,-0.484234424011103
-0.262407,0.0107440757800853,-0.0249547274615783,-0.545619497241708,-0.497731727272727
-0.616777,-0.192409936656452,-0.0557041788468794,-0.437504085708236,-0.440310665510062
-0.598141,-0.505845159307954,-0.147477400681781,-0.538069830140251,-0.459220447258848
-0.697155,-0.618809822673247,-0.209757793589576,-0.487483558084432,-0.394438447952811
-0.218414,0.0738421986627221,0.0240162619831522,-0.45794189309188,-0.451809256766135
-0.356636,-0.0363397099285613,0.0512257152900312,-0.375214089990466,-0.362134784871617
-0.280332,-0.121446109720684,-0.0600665654810629,-0.348964038851659,-0.357966691186676
-0.272833,0.0885686386442334,0.129698908669906,-0.194530132439647,-0.341801690839695
-0.340086,-0.0674071666807134,-0.0616506181952525,-0.305786913849403,-0.318359827203331
-0.125594,0.22571723427667,0.180153253600793,-0.322411156265905,-0.389986739764053
-0.439933,-0.297284243418926,-0.12837432888618,-0.441383124306992,-0.366722403539209
-0.661567,-0.383890987486832,-0.129010059654009,-0.377365926217787,-0.352973357390701
-0.450247,-0.156383534043547,-0.0884709583614146,-0.396742261996705,-0.413632987508675
-0.278547,0.201662798615993,0.13586047991146,-0.488025862789381,-0.437736962873005
-0.224795,0.0286563044045981,-0.0363975912289872,-0.515536492717936,-0.46484890111034
-0.585226,-0.178973733172487,-0.0619222060699303,-0.41308646479369,-0.407994557251909
-0.539639,-0.48673730124014,-0.152508268892776,-0.510808657042879,-0.441969012491325
-0.672212,-0.589157502108134,-0.211906681000918,-0.446087346874945,-0.375242926092991
-0.203146,0.0979488259802972,0.0196429568913878,-0.339007077237337,-0.442780144344205
-0.389384,0.100223147103968,0.0518184383354189,-0.400826448781986,-0.356309768216516
-0.209976,0.0517583333451173,-0.00805773906863456,-0.288395719945299,-0.396852697432339
-0.424402,-0.0225662595338267,0.00850193035686805,-0.307878373129745,-0.338366902845246
-0.278261,-0.06039460431772,-0.0676574454503376,-0.346252570295041,-0.393587475711312
-0.170964,0.310629475248368,0.173887401297529,-0.429822802827169,-0.465022336224844
-0.655947,-0.547427528897324,-0.163790617200987,-0.52727230185109,-0.411036631158917
-0.692143,-0.677435135565562,-0.212928812327483,-0.530861482648771,-0.439258333448994
-0.47778,-0.337602538085289,-0.110630386465498,-0.548668561632268,-0.49407353851492
-0.589833,-0.409118856224953,-0.109953086545478,-0.517206799400523,-0.430777273768217
-0.422417,-0.219579805349298,-0.0905165696130645,-0.441337709655607,-0.42830753851492
-0.204127,0.194302611741869,0.145042127869674,-0.438760582889518,-0.432434596842471
-0.154966,0.0370889041011073,-0.0297985390065495,-0.478183472999869,-0.430991541811242
-0.506676,-0.202849543658464,-0.0674773633734594,-0.375251175043166,-0.366538403018737
-0.571602,-0.483521738580127,-0.147995433500549,-0.451616095706701,-0.367976018216516
-0.636742,-0.603004542202115,-0.211384104546413,-0.417207392108965,-0.317189302741152
-0.0688781,0.107008073462167,0.020103241962108,-0.424737339400348,-0.412068996877169
-0.237862,0.0154562162456886,0.0365732361470962,-0.30517406811769,-0.340186880117974
-0.3204,-0.0844569837842111,-0.0638886589094668,-0.342407831673072,-0.324130665683553
-0.178084,0.235169373369341,0.144656280032277,-0.311338763800348,-0.381162509195003
-0.516866,-0.320375303796877,-0.133189503236965,-0.379703613863432,-0.33057117574601
-0.557432,-0.378243309750306,-0.12689745507153,-0.370127958791927,-0.335953257841776
-0.3759,-0.155215319668854,-0.0848679343680579,-0.400750594646456,-0.376762705412908
-0.208415,0.214346855472533,0.1394611527244,-0.447248589306554,-0.400645899722415
-0.203862,0.0139440104087107,-0.0443450264718054,-0.442425444139534,-0.417827052394171
-0.531948,-0.204781652672596,-0.056718568891146,-0.403636591867018,-0.375086894864677
-0.467148,-0.332535711102753,-0.125910913122515,-0.382718961027835,-0.42689613185288
-0.63654,-0.37874917278213,-0.123236348903048,-0.384279930170692,-0.387893312977099
-0.326703,-0.170154048942695,-0.0808610273494772,-0.446111027755514,-0.457915775850104
-0.350091,0.161219897961771,0.114543432131198,-0.45813954833813,-0.435731726578765
-0.27523,0.0255054342636597,-0.0333390839147669,-0.477037122159315,-0.474841649895906
-0.522585,-0.174627592906967,-0.0606584234155734,-0.428847143150044,-0.442444992366412
-0.667388,-0.486329584383073,-0.148563709292209,-0.498918847382976,-0.42041379666898
-0.653171,-0.607383379260507,-0.210604050806405,-0.509763644270415,-0.384330117973629
-0.162029,0.0993058318946253,0.0157629378962107,-0.443409706156604,-0.459343671755725
-0.395992,0.0467386388070673,0.0521876329095741,-0.327432408133197,-0.266839177654407
-0.27866,-0.0836146807826808,-0.059573441319899,-0.317721001069878,-0.220602823386537
-0.143957,0.2766237864822,0.174614141261454,-0.360143980824308,-0.108509449340736
-0.333367,-0.299766582386428,0.0276323204671782,-0.143398655354097,0.0921344892435808
-0.652391,-0.699239322179087,-0.219468933811142,-0.0642486969570234,0.465141246703678
2.60998,1.73799929595917,0.674991930306891,0.365364863239531,-0.180868952463567
-0.477837,-0.127488966752843,0.0490608437306964,0.295781120904406,0.701963423317141
1.4678,1.04130309514879,0.389324788701396,0.600039788510476,0.0548771970853573
-0.466131,0.0130475686678888,0.109583031290046,0.366965479810884,0.458765127689105
0.157792,0.177338734831002,0.0538965125696762,0.257990763049744,0.145920522206801
-0.674344,-0.464358481133275,-0.168889832180188,0.262884702699136,0.403395978487162
0.820226,0.628030634496879,0.215986182511018,0.266349822574098,0.0238428712699513
-0.559611,-0.0305425812091982,0.0706371179148933,0.154114543658145,0.54632437647467
1.93902,1.27076339614268,0.494921058481977,0.609453645032227,-0.0839074236641223
-0.648339,-0.404280464153628,-0.0964554118388073,0.418906386497348,0.62696123351839
1.35889,0.970033782576495,0.318157879213393,0.68206253138542,-0.0136673646773075
-0.475433,0.0663161823933415,0.108642009715324,0.384488492295766,0.418316920888272
0.159878,0.205627791363973,0.063004264638443,0.209880792571359,0.122644631505899
-0.622839,-0.458235164209448,-0.154122043029628,0.288233555324746,0.358476437196391
0.934138,0.714766563971468,0.208889095449798,0.311704165436817,-0.0337977952810548
-0.497341,-0.00835563337239285,0.0747502221113069,0.215476652895673,0.518630881332408
2.01038,1.33747135833264,0.454128302839603,-0.00501165775641382,-0.164942946911867
-0.618101,-0.302698721510621,-0.0772960119992918,0.105588081287381,0.436462000069396
-0.370588,-0.331011500571725,0.0209024206327697,0.0417930133346646,0.259090044413602
-0.567897,-0.75648925321542,-0.218414416823892,0.0827337108374016,0.470025879597502
2.44336,1.55981741417631,0.538940310401559,-0.37403387157673,-0.247752964954892
-0.42663,0.0142627323256313,0.0431787785991706,0.0487580954395813,0.485174184594032
0.0156652,0.155732677327884,0.040195798413958,0.245008574642743,0.174409303608605
-0.64304,-0.475212157752532,-0.130404839437309,0.289557659925747,0.368846996183206
0.905337,0.658415508911259,0.206688746265426,0.239795214564079,0.0293307748091603
-0.357149,0.0982304269105089,0.119813036147358,0.238310417462334,0.532141096460791
2.02447,1.33334611291216,0.482756391531336,-0.0125034945522538,-0.152014460444136
-0.612871,-0.283406277639149,-0.0722720136545835,0.142885772971478,0.483820541707148
-0.426329,-0.302046475964921,0.0428143038179331,0.0853886721362104,0.35449608258154
-0.590285,-0.775249097040784,-0.222176081713165,0.0513026492428449,0.577545353573907
2.53381,1.69437743692299,0.634078683815288,0.350835444154886,-0.10954070055517
-0.538212,-0.113116659983537,0.0144524092659379,0.353311810364248,0.72810014295628
1.66929,1.06593000019351,0.315687285877281,0.519397281194845,-0.0586994486467732
-0.36737,0.13954560752317,0.123014414177521,0.379449301303314,0.296939028452464
-0.341383,-0.229678546186009,0.0300140352828174,-0.076076742192881,0.0528325
-0.6695,-0.690105017443146,-0.224060951434436,-0.190347307222853,0.117423284177654
0.153592,0.268328079624125,0.103236108129783,-0.00941420449704822,-0.123306734559334
-0.684315,-0.447894115674783,-0.142354219032018,-0.192082785835342,0.320685173490632
0.995884,0.709223825372443,0.22527640795802,0.315917544568896,0.03612773629424
-0.455565,0.0273425256336641,0.0851802634656182,0.270753563168097,0.705610800485774
2.21509,1.58563185358902,0.508470186260194,1.20225784784652,0.165187239764053
-0.621102,-0.398085600224614,-0.0820225617259871,0.305685175837392,1.08776814954892
2.5227,1.80556353406667,0.567738972848066,1.18612193038209,0.242231674531575
-0.568469,-0.19777808767827,-0.00836932657783196,0.349834915859356,1.00021529701596
1.34389,1.0930952962794,0.264671870773126,1.25674140866177,0.332736625260236
-0.45107,0.144449787172982,0.11789153142838,0.621619284238629,0.825387937196391
2.12628,1.36345748260407,0.452913590167266,0.441883438547794,-0.0213302786259543
-0.680169,-0.325701375026424,-0.0802208395936036,0.158485251237924,0.582010451075642
-0.445488,-0.293366527646635,0.0464318982092628,0.0567599489244355,0.34120953573907
-0.696521,-0.80951732674059,-0.221801800748573,0.0418539420727821,0.584914486155448
2.58315,1.84016333616172,0.612109937302949,0.265013749444871,-0.148809042505205
-0.564296,-0.175113408299323,0.00187929859716728,0.293377984480838,0.735068308986815
1.50872,1.09361599475313,0.292944841225096,0.519820307345538,0.0156571389659959
-0.405409,0.079461105060627,0.115814265668752,0.366792305250368,0.385344842262318
0.0648611,0.242522521164464,0.0794800197257254,0.281757191147688,0.0811139932338653
-0.673844,-0.489341305648721,-0.153142839469928,0.28316768006905,0.255626112421929
0.870074,0.617578644929831,0.227241019109381,-0.157437277360624,-0.225905183900069
-0.440839,0.026171772788072,0.0663646646564184,-0.0605037403495249,0.163912159958362
0.0497639,0.240600197326001,0.0730651253642613,0.237132238503556,-0.0226742173837613
-0.698937,-0.425152632338833,-0.144866471704567,0.187098844728319,0.266676656696738
0.992166,0.74695943570805,0.217558576066325,0.271494948170565,-0.0764171209229701
-0.503704,0.0158386691816544,0.0815988196350589,0.230606425523029,0.517345342297016
2.16027,1.54209288080891,0.531497677893291,-0.00938717917030235,-0.199977053955586
-0.665844,-0.343595854877499,-0.0783617272338536,0.0840761381008646,0.471312939243581
-0.427947,-0.302146485288676,0.0403555016528173,0.0237531374644701,0.301854161346287
-0.659856,-0.78590506991904,-0.217536006997521,0.0201984455864243,0.569834618667592
2.41628,1.77127225252022,0.659538557406278,0.23772782120921,-0.0895772574600971
-0.597877,-0.180912353236786,0.00103773186297149,0.205024729402239,0.775743410201249
1.43328,1.09126994497308,0.307513040198873,1.33500891539482,0.129325774115198
-0.502045,-0.0322470769092553,0.0885547659065007,-0.171013818101127,0.639472287994449
1.48534,1.11010344772277,0.31590422230321,1.14454512568194,0.0088925510062457
-0.464947,0.0290819093295133,0.103733603296445,-0.272700915990671,0.441608110687023
0.0640972,0.24244438274276,0.0658365229945671,0.308779776606489,0.115394785565579
-0.577847,-0.431208651907358,-0.154705049976329,0.22104188016411,0.304244443442054
0.753696,0.697191623737535,0.218322376807205,0.287004652375885,-0.0256313355308814
-0.512082,0.0539939408465981,0.0690497908353555,0.161794048175747,0.485615641915337
2.11521,1.36152088057205,0.500905896433358,-0.0817694909797015,-0.227227961138099
-0.713136,-0.32268642068627,-0.0860232941454593,0.0254088972135098,0.482041408119362
-0.371264,-0.268210286006495,0.0549847771931811,0.00670913378791468,0.309933814018043
-0.673704,-0.806586520785153,-0.223411080255994,0.0374444630052574,0.616253317487856
2.38413,1.75748916886191,0.638043291309839,1.49232953295887,0.00512248056904918
-0.540404,-0.0896408762158407,0.00595916153377327,-0.373624718952307,0.893992573907009
2.268,1.60783106185795,0.523252963477807,1.58908494853883,0.0430105763358778
-0.636571,-0.143935457156945,-0.0153057158780621,-0.205970475773101,0.697336506523248
1.18364,1.00954765336111,0.291407596559407,0.345259913496549,-0.0172649385843165
-0.467624,0.201895596995397,0.107252021484209,0.218204534591524,0.21376504406662
-0.425377,-0.184545483322391,0.042876771970886,-0.195887188205251,-0.0638698448993754
-0.694303,-0.63946570312934,-0.223163969455476,-0.248270952956032,0.02088003296322
0.0554718,0.273617845788337,0.107110486720608,-0.0348328294483446,-0.164671671061763
-0.587487,-0.413369581671839,-0.139651524452395,-0.245616572757774,0.168123649895906
0.958072,0.698847033773573,0.214029741005153,0.251718557952407,-0.127051860513532
-0.479869,0.0925229743760118,0.0940116680180027,0.237828547076099,0.476976746356697
2.12543,1.47457107980367,0.503399249575748,-0.0130448432878081,-0.18347860166551
-0.681505,-0.336089267892779,-0.0801651377659601,0.0695560670941092,0.500599205690493
-0.393486,-0.305676663090869,0.0409950761379372,0.0274829628768873,0.338435339000694
-0.727448,-0.807094001866242,-0.225874018883185,0.0650837601504316,0.628456420541291
2.78735,1.9131687522314,0.642934273585631,0.25472150074535,-0.149116858431645
-0.571955,-0.148342896653641,0.0181058928327762,0.294505762793432,0.781312232477446
1.51009,1.19803680353177,0.321961313913357,0.559957806160308,0.0426994309507286
-0.435571,0.0902811658075793,0.116735966528606,0.390958907197716,0.467119095766829
0.161512,0.265163362000717,0.0734423502485252,0.2393218151247,0.160017343164469
-0.677532,-0.434291933513354,-0.146423641017306,0.291944316107965,0.383727775850104
0.808374,0.698769586097383,0.222098152872408,0.267436451727478,-0.0219297713393477
-0.466015,0.144876209019896,0.10002881685689,0.199281943459939,0.453124119708536
1.90118,1.28790274721267,0.468953801128014,0.0148972566059052,-0.199366982650937
-0.654934,-0.240096182753121,-0.0643077618407091,0.0322669153487659,0.439270849063151
0.125165,0.228737980512517,0.0720100162718897,0.172949938050683,0.109963764746704
-0.630391,-0.476115079147706,-0.138608385807961,0.0236199029657865,0.343496123872311
0.854228,0.717553945645412,0.209745844891924,0.238520451189132,-0.00275980152671756
-0.390378,0.140632736841556,0.0996144284230571,0.201325631416353,0.5026268407356
2.06994,1.43097509876552,0.478756907623682,-0.038481659766294,-0.186538048577377
-0.667138,-0.24740010481531,-0.0684405255119366,0.0822585867531377,0.468847782789729
-0.446635,-0.308497312212071,0.0214040978032034,0.0294119585108579,0.316467528452464
-0.670218,-0.80049326765635,-0.220786780302196,0.0381386794150458,0.547046739764053
2.52802,1.78950519258251,0.647807358046833,0.233476882746966,-0.163862531922276
-0.518467,-0.000847797543201252,0.0291679155320087,0.293674533307445,0.722615676613463
1.46085,1.05076923136641,0.318213956789292,0.432456343013235,0.0309232369882026
-0.411257,0.306676423557055,0.144088729481635,0.355478347769651,0.434642980569049
-0.433019,-0.322961635958502,0.0173118732492425,0.0824143912706561,0.357255841429563
-0.696039,-0.736779940429142,-0.22136482818204,0.147332262584242,0.594862760478834
2.58486,1.85280648554722,0.639084902050886,0.234175837788599,-0.169122266308119
-0.526438,-0.0900218610796449,0.0401697600017667,0.278502642056706,0.697562701769604
1.39524,1.08978932443646,0.299531944096966,0.482891500800451,0.0184907649201943
-0.440972,0.201107623647476,0.140834645700951,0.358997658954147,0.413269950902151
0.0402947,0.247330230725035,0.0827645432782039,0.23465502900118,0.150988549271339
-0.655584,-0.422738296129563,-0.140451211957675,0.240930040151084,0.396968940839695
0.780864,0.686335592833341,0.208591362900263,0.262771904214632,0.0677230529146425
-0.444981,0.152920107520354,0.10292189823819,0.204768938071105,0.58408405777238
2.0854,1.4408522738408,0.488155509015577,0.705124854280417,-0.0330470962873005
-0.630607,-0.280517354428151,-0.0590425705037302,0.53483867533058,0.71580197074948
1.56489,1.1180817279625,0.328405742050106,0.739974576959633,0.0253718934767522
-0.370066,0.214341065052015,0.132625716137071,0.465123832302957,0.463404329979181
0.117852,0.255797702895584,0.0636966805730258,0.212423926097657,0.167757308119361
-0.710084,-0.428871513412131,-0.137049103004416,0.321812014551071,0.386597041637752
0.815344,0.756812488069022,0.189540280637219,0.335417271338151,0.00373732512144337
-0.372509,0.148889931390362,0.123276112576309,0.231044412635386,0.519569477793199
2.23482,1.5237985230179,0.494895286450528,-0.0679609088327637,-0.19077247258848
-0.685217,-0.273768773580118,-0.0677311517701948,0.0958503762405175,0.459642168043026
-0.454631,-0.319893235197949,0.024070496874697,0.0444282943893062,0.258722022380291
-0.694167,-0.803382629719247,-0.217979537111665,0.0578371849486842,0.475978206280361
2.55525,1.8233419366414,0.648539106729696,-0.421137833281651,-0.2991209259195
-0.48064,0.0432267160690782,0.0337990622220913,-0.0132468140439673,0.478754090041638
0.0603973,0.200917189448611,0.0693647699115427,0.14383582081473,0.125051849757113
-0.707088,-0.462425857283911,-0.138802388849952,0.215756501148724,0.333173690319223
0.732809,0.714869205302171,0.180286515804993,0.251881123537342,0.0141291205759889
-0.458797,0.1847520489525,0.123841544046014,0.195296176594805,0.525439669500347
2.23817,1.44836983189297,0.49337922921077,-0.115760791844349,-0.217076940492713
-0.693222,-0.233378301698464,-0.0684825810508501,0.0581408576226231,0.493523744378904
-0.464881,-0.299048446415424,0.0240176781258091,0.0737064187293857,0.346439053088133
-0.671825,-0.806131877994448,-0.22208981992093,0.0841120357056382,0.590087246356697
2.74306,1.78565022230243,0.651172784588933,0.180138191309051,-0.167649683900069
-0.436498,-0.00460690903325042,0.0277885362441632,0.279395121961779,0.66190811814712
1.30166,1.09227368931171,0.300845526858732,0.515181148644202,-0.054682131332408
-0.398856,0.292312206819615,0.144038036629224,0.362207586746562,0.172044447161728
-0.489155,-0.201216384807815,0.0337408709029562,-0.139752178985492,-0.0482350009377344
-0.709797,-0.632152890018521,-0.223041066279042,-0.0442506870709107,-0.0962633889799263
0.0487465,0.245063645567385,0.109221473412417,-0.534469189304689,-0.493824945788964
-0.710098,-0.388365990417379,-0.129654422361067,-0.439284211197278,-0.204148707494795
