1000
-1.19988,-0.601758103315815,0.130394473062277,-0.515941700645357,-1.03847967288453
-1.27979,-0.816010253276705,0.0241699818331159,-0.505151210783165,-0.373408103486005
0.460729,0.337036181084488,-0.260368499757488,-0.0742853993289707,-0.838347139266726
-0.47654,-0.402605331890399,0.0683800774104083,-0.359847199280395,0.0630835278656594
-0.0576403,-0.0159067185330722,0.0495758515524344,-0.199067603406298,-0.288836072175385
-0.100108,-0.166825254383721,0.0577923383775443,-0.243736936974743,-0.446519656756951
-0.813084,-0.425238606222672,0.0849557632277559,-0.43677043612408,-0.37274878857832
-0.711965,-0.63167080811538,0.0560824065723135,-0.522895401100421,-0.484790308799231
-0.461654,-0.205294472228897,0.0020963146478079,-0.292714085303971,0.0749539933854353
1.0014,0.229136029583033,-0.136184459131396,-0.000684405805501574,-0.216959025903858
0.0260031,0.0665436642834507,-0.160514755540099,-0.125864998535097,0.531688449338809
0.342906,-0.010918291434296,-0.132305164011667,-0.0658864853489741,0.0541277291109919
-0.242274,-0.0693089612793229,-0.106889681299577,-0.193553480215548,0.741862568589583
1.51424,0.981283598566349,-0.329890648707846,0.352811481335417,-0.465559708680222
-0.871645,-0.454576045217283,-0.0713446032995107,-0.509687139134151,0.528049030854687
-0.187066,-0.302458997902722,-0.0135969469509042,-0.317361389476723,-0.436891890487512
-0.553734,-0.230980391488959,-0.0255139198340482,-0.338485355603481,0.37372587245844
1.16853,0.798163391406703,-0.0777645425269052,0.347327943563807,-0.267191413439521
-0.047961,0.0632662014209458,-0.355125985691305,-0.113732177400711,0.503395381856966
0.318019,0.0826582070772529,-0.0609463193957961,-0.00842386404861448,-0.554624056247709
-1.28959,-0.643119627149826,-0.0199681855584134,-0.664148889124949,-0.223396509015997
-0.917066,-0.660141511191701,-0.00778773190494876,-0.585522823731448,-0.367301566291753
0.294496,0.280899369459894,-0.245934829214692,-0.0348210128418285,-0.240081212351438
0.678797,0.38093374590106,-0.0622835715619691,0.203709948948799,-0.343965967707907
-0.894317,-0.455171257144893,-0.00473392054981824,-0.489133597768915,0.172337724998805
-0.227481,-0.350914301983246,-0.0308913338588409,-0.332563439066552,-0.520626622002858
-0.585104,-0.235340617652241,-0.00290304214312828,-0.335943999169989,0.277314274581476
1.00523,0.656797137776733,-0.0488005056334475,0.296610064512102,-0.290336293112883
-0.0558029,0.0843521549006366,-0.162320891459441,-0.126873203508671,0.414041756549482
0.278421,0.0387555835833485,-0.0996357634935139,-0.033575258403577,-0.572055131489047
-1.29611,-0.663841121278747,-0.0015689993042688,-0.634881972235202,-0.245688109671609
-0.926582,-0.685801198827165,-0.0718221308818015,-0.571682460318395,-0.368408482857917
0.287112,0.286772852455175,-0.206579914359817,-0.0420035096096881,-0.194425349862661
0.681702,0.34708349409381,-0.273137415868825,0.186573298196839,-0.019299599781374
-0.334991,-0.0823661942654759,-0.10785951842489,-0.225570086084305,0.77822689778505
1.34988,0.953313742659008,0.00729579351214987,0.386565884894,-0.717282085330542
-1.29884,-0.680450351387445,0.0629134433023684,-0.607460300374249,0.109674504752392
-0.919057,-0.705537432631032,0.0176631177707474,-0.575813913766063,-0.86026209687681
-0.881586,-0.43365333473973,0.0196501724169445,-0.46425090359217,-0.576848723418216
-0.205605,-0.320640361724238,0.071547027896203,-0.307069813798128,-0.634470901312818
-0.606796,-0.237140375398502,-0.0385938551690175,-0.337886939356567,0.294802715549806
1.06162,0.709385998779595,-0.0793432152037016,0.348489133621554,-0.297548674597946
-0.0918645,0.0730818406917956,-0.119758149864369,-0.123830358808392,0.559682944578448
0.308407,0.0563826320055313,0.0343539802547164,-0.0325503629194781,0.152273499014456
0.201339,0.218968055071347,-0.354079974212933,-0.0401002758115684,0.430180743115805
0.718347,0.424459178479931,-0.158282216391518,0.234784198197781,0.0414465327301417
-0.356883,-0.084593252761668,-0.307660807792962,-0.192249394374104,0.903551123408121
1.3847,1.00384732232506,-0.164567316023507,0.452246284834645,-0.144786269009569
-0.111678,0.047696519610523,-0.274081990054453,-0.101435252935341,0.614644133324656
0.312065,0.0666812445309847,-0.19705368765672,0.0172484972055974,-0.568322387974774
-1.29875,-0.651422563505134,-0.0256175142299245,-0.644491801430061,-0.226546608356666
-0.908032,-0.675716124115394,-0.100784770499262,-0.5691679272802,-0.391517882226213
0.224166,0.261166043955426,-0.343216209427475,-0.0326515823320618,-0.169144120082244
0.72557,0.440846558746277,-0.0537140204906673,0.263410450278684,-0.0541601117914579
-0.372973,-0.10552343550378,-0.245147178409655,-0.185994416031325,0.838944222921459
1.38659,1.10783691944067,-0.0522913383879217,0.307979692988224,-0.529267533370347
-0.943458,-0.470741587593803,-0.0269174427392637,-0.467049977525398,0.462176963986484
-0.187952,-0.311395011226849,-0.144659128994325,-0.215514838698493,-0.519004608083051
-0.622705,-0.258600843084035,-0.102591748382694,-0.319750835910829,0.278024881495689
1.1,0.772429665498164,-0.246436451908823,0.43041803337367,-0.699499626556017
-0.939807,-0.441524399955216,-0.047332100509051,-0.404324540888179,0.316488391797408
-0.185711,-0.281263201124786,-0.0913017382587636,-0.267034047052161,-0.533096825720828
-0.628222,-0.276624362648277,-0.154616921843522,-0.264634660796086,0.334964722004984
1.10657,0.784381654785451,-0.225796997627894,0.407274604020921,-0.32701342750012
-0.114247,0.0472941555052054,-0.311958816982534,-0.0943490226498362,0.480506637885783
0.337695,0.0991679274975661,-0.155085954235824,0.0432796372025674,-0.587324347923452
-1.28999,-0.668531721780998,-0.0211681173423954,-0.610947728558059,-0.217475619062166
-0.900947,-0.684107988187588,-0.0574970622563256,-0.578054774310226,-0.396036992429113
0.19821,0.240767276033859,-0.26036964789189,-0.0535773337041552,-0.154128406553998
0.751839,0.462969972929685,-0.0346849967463665,0.3005125090738,-0.0640305544917942
-0.396614,-0.141730569127424,-0.156611920048557,-0.201483431415051,0.919188903028886
1.43744,1.0697369105627,-0.312680574623302,0.329892476402483,-0.210909224297501
-0.404362,-0.1141033739167,-0.255178910544993,-0.204686604536762,1.13501094033875
1.42347,1.07231245972344,-0.46683305933673,0.394974363947463,-0.502676511555565
-0.951727,-0.460119651654185,-0.0424611079303318,-0.452183225208752,0.490876849387157
-0.167801,-0.309876813212098,-0.0526014830463405,-0.283488246024324,-0.518481284776938
-0.642863,-0.269291368173975,0.0174180497015231,-0.367231092920683,0.350538051211076
1.12253,0.810245152937901,0.0331364141907874,0.427675624653684,-0.343829151683393
-0.144993,0.090009196645946,-0.0868676166895549,-0.153245297108454,0.492824163119418
0.354318,0.0756263234245712,0.000442103203528585,0.0195853125743713,-0.604860156217957
-1.30219,-0.744424717322779,0.0776083249933288,-0.745388410908793,-0.213602614785279
-0.901806,-0.780747523731938,-0.0251784963582657,-0.612079846367097,-0.407119568873824
0.172524,0.296668822870004,-0.120820259427269,-0.0496610948755707,-0.126922188703705
0.757523,0.470075671703516,0.0125207466694542,0.299739275775308,0.0969210686294303
0.11108,0.24025970038561,-0.113111828150713,-0.0516063754797604,0.628031907690959
0.751906,0.466810051736093,0.0541677413799013,0.292950399469775,0.00133766472391497
-0.402043,-0.100762248868182,-0.028461326966749,-0.231898906692148,0.844825322812014
1.42155,1.11371836353053,-0.00853186388031905,0.496788438630023,-0.743185085171155
-1.30697,-0.768922260603002,0.0723520365213553,-0.673956128059223,0.140173629332009
-0.906523,-0.785657166397989,0.004132456670671,-0.587903010238512,-0.87171862638866
-0.915286,-0.505215683850742,-0.00866943993090675,-0.468996754377585,-0.555881412366314
-0.164544,-0.341516801013178,0.0786946247617681,-0.259561200585328,-0.660963702278173
-0.644856,-0.276593877356203,-0.023500580958611,-0.332843185630211,0.33119914138433
1.12585,0.817479965163735,-0.00281064715885534,0.472807441418838,-0.353507102021029
-0.158475,0.0786786578572675,-0.0486415529597959,-0.141764132727746,0.4928919958825
0.3527,0.0824054661432212,0.065607408488502,0.013505499647512,-0.611233421451379
-1.30313,-0.761052135286631,0.069970711558773,-0.720951477577902,-0.217961917304658
-0.905649,-0.793562153952982,0.0386084809950496,-0.613950826092571,-0.415924445824324
0.160871,0.299141106616152,-0.144943998302137,-0.0185298515729542,-0.150486212269088
0.770617,0.471328747864354,-0.0350563869184417,0.261272209321684,-0.0908314708906021
-0.404332,-0.103060026949643,-0.034164678019411,-0.230656092338237,0.876768569660134
1.44351,1.1365968756249,-0.114052414964499,0.500125033507169,-0.550191232176537
-0.971779,-0.553058032702402,0.00282191854902633,-0.492906031728392,0.499319273641092
-0.152289,-0.347206990898255,0.058493356120534,-0.292449882297507,-0.531395923403871
-0.65923,-0.293795146478309,0.0114290005143498,-0.366587647955581,0.370220197889715
1.1564,0.843384161608036,0.0880368400414466,0.463844842309755,-0.350649544110381
-0.159993,0.0824193791490616,-0.114492526128021,-0.114637960216618,0.544291768293655
0.376497,0.0896010304880187,0.0208275326358906,0.0152251829962162,-0.418844411008867
-0.951189,-0.54000788469703,0.0185351172331533,-0.486567572024011,0.0696494797392427
-0.139063,-0.347888775219473,0.0933591547866378,-0.300199168748756,-0.588228476737452
-0.660412,-0.289843240327034,-0.0258175075085894,-0.321708504563705,0.368766776199255
1.16227,0.87368371635374,0.0535331267667413,0.463869593706587,-0.358826572290021
-0.16741,0.0740523162109556,-0.114224494675193,-0.112813720256275,0.519331039703328
0.379981,0.102897811562068,0.0233311177902578,-0.002153432658515,-0.613579421825939
-1.30555,-0.793827391988299,0.0604452706855615,-0.757451156981993,-0.204742425162442
-0.901694,-0.813748669403858,0.020488886705903,-0.665581026628899,-0.414135809452718
0.159527,0.299894462963551,-0.118506715924085,0.0275227343748806,-0.137610976360236
0.798391,0.508148825036891,0.0830169696198214,0.253486530194661,-0.0957141441603221
-0.408562,-0.117928043881388,-0.0535034999308156,-0.20416136525643,0.870771389087828
1.47845,1.18424601907973,0.135026325050062,0.491543089767718,-0.76769224556771
-1.41181,-0.963875237559897,-0.0314490142506228,-0.569155550445525,0.312462312404036
-0.828393,-0.633410486901643,0.000581845140667215,-0.372353890877596,-0.145130102786087
0.133714,-0.106243515915348,-0.207744787163774,-0.130616617322127,1.61554474841808
4.75903,2.71119266526105,-2.4208780990615,0.322380197202405,0.133603395702392
-0.554516,-0.539486296147863,-0.139931290330306,-0.371846551651332,4.53374580004357
6.05908,4.59982985676445,-1.71743765183116,0.302779454596673,-0.353862645273376
-1.06298,-0.812986129223033,-0.0452520770130525,-0.609693174443188,2.78852265891957
0.538953,0.140719290370368,-0.241430739683319,0.00244474795535961,-0.237579026181988
-0.756773,-0.612407157903711,-0.0433803886874184,-0.504887612698609,1.20689089849167
2.35043,1.98943476191753,-0.145922480944247,0.596651339750713,-0.366392152007481
-0.315122,-0.294276522794411,0.0147328638224877,-0.298060631995618,1.33191980702738
0.909962,0.568797808775095,-0.124633397166076,0.185346707769137,-0.0611870730125757
-0.541648,-0.440814157855098,0.0542536101464577,-0.413395841898855,1.45421360122675
2.66034,2.01730387715421,-0.316471462756064,0.865101394855059,-0.603407195105753
-1.02549,-0.760932154376974,0.0133895426536816,-0.667691852168282,1.13507334572125
0.116957,-0.0969440022173273,-0.0768359589179407,-0.205437708808703,-0.401112811806334
-0.748239,-0.602448663242188,-0.0102121604593049,-0.541515910674118,1.25641327477008
2.96176,1.91772511811964,-0.716690795645676,0.655749454643786,-0.394194642486758
-0.382367,-0.388295746271168,-0.0798564061662599,-0.354399219736823,1.77853941927309
1.56924,0.930572683782879,-0.465746928431321,0.38033878180817,-0.646449305417568
-1.4353,-0.997763885063555,-0.0574081320399593,-0.728923477785771,0.299944572988667
-0.889741,-0.761713543083482,-0.108395473641172,-0.580358636898122,-0.454830220469555
-0.204859,-0.270514605961572,-0.140757522773896,-0.262197711504588,0.491385689535174
2.38019,1.67258442947161,-0.690056420988552,0.591570841752313,-0.593382191182174
-1.06972,-0.819782513887993,-0.0492279361686422,-0.655451884065599,1.09949552512738
0.327448,0.050846537818037,-0.197737417233074,-0.0632582009243081,-0.493748647919201
-0.816415,-0.664826307129012,-0.0806981183127979,-0.50487091280775,1.15781185236504
2.54586,1.95921085401098,-0.585948690174224,0.810381847406406,-0.449788057111056
-0.386606,-0.376547167817343,-0.00897870626474524,-0.343255528323584,1.34926086366558
0.98127,0.615051385773315,-0.153742723024866,0.281735956451513,-0.675989656358748
-1.42248,-1.00940021503579,-0.0261719288249367,-0.740686825717007,0.00413636097459907
-0.973711,-0.841092001634349,-0.00388019735235827,-0.656101002857489,-0.527062552438357
-0.197196,-0.236268441815617,-0.103514422346675,-0.26581807463542,0.164693834109903
1.59289,1.17548519347026,-0.191121529127673,0.595337700577654,-0.272821786851627
-0.617899,-0.527233359418311,0.023167835634992,-0.478728595309511,1.63985294822363
2.56067,2.00705562173535,-0.222293867802892,0.993963366831582,-0.843700375489451
-1.42395,-1.02088279305153,-0.00421139069781657,-0.763075715968974,0.572039860214854
-1.00452,-0.877853083166526,0.0160983681760986,-0.681848783095523,-0.877189909146695
-1.017,-0.780852419213789,0.00683281880769533,-0.661016297774245,-0.488923428714118
0.0851292,-0.0862281424455495,0.0238069830399047,-0.193180070723295,-0.715191684713714
-0.779458,-0.646626630371001,-0.0210371379184241,-0.533149708214106,0.777096042976076
1.96049,1.57768931798952,-0.133687152894958,0.826116616533656,-0.446951751749273
-0.378663,-0.353429454905987,0.0747224247762222,-0.351134243274797,1.12547774754145
0.814198,0.488235560142284,-0.0634881462007666,0.191739559196677,-0.06559367767943
-0.261238,-0.277930797041876,-0.0041356060426098,-0.299879171339462,0.932694106218753
1.43426,1.03235303946561,-0.103844802831905,0.58886523214173,-0.170275944761743
-0.629222,-0.535956369423384,-0.00289033761422699,-0.480170777189686,1.64883799894805
2.52152,1.99072714364163,-0.136048100578627,1.03593977005532,-0.334164358767087
-0.444701,-0.398705180385239,0.0120652318784791,-0.386170978483777,1.2604806078971
0.742088,0.445993634996959,-0.058553155231674,0.15011506552992,-0.699463123801276
-1.41722,-1.04928164329065,0.00191578119692024,-0.775783742466079,-0.121119068860542
-1.01287,-0.884980376324163,0.000702145843138582,-0.707866151515445,-0.564021678484335
-0.21936,-0.242200593290891,0.0717611790028247,-0.294588343468912,0.0530477963646459
1.37948,1.09850732650413,-0.130029537039572,0.610636598308063,-0.300033816521536
-0.628412,-0.541690473557382,-0.011363512227517,-0.469957829369526,1.47755121736682
2.31638,1.9029221629764,-0.140545869466594,0.970951020957459,-0.634981801499302
-1.04411,-0.837602813455832,0.02432219895802,-0.660282445492674,0.902463514833361
-0.0467089,-0.161668286622988,0.021933796774376,-0.278110213477445,-0.532447601447235
-0.799332,-0.666635030087505,0.00342138558090093,-0.556125139126055,0.651993115752228
1.84356,1.52877489012504,-0.112171888109518,0.847346598540699,-0.79431457172154
-1.0283,-0.823944295842982,0.0302848151180501,-0.675133873458047,0.679720916040187
-0.0433911,-0.151154319372704,0.0103454633301922,-0.270514136879231,-0.547776559884391
-0.77823,-0.652212902674166,0.0219589523698505,-0.568887800777053,0.668628947166097
1.78204,1.49585733054988,-0.227327897078098,0.838071870848354,-0.482725273667657
-0.390956,-0.355868325770101,-0.0797173124274821,-0.352915350758122,0.868855529351135
0.618296,0.411787468779076,-0.221504425060807,0.122099644159577,-0.72878387427014
-1.41668,-1.05719539865795,-0.0162653335777999,-0.772294705742266,-0.18817675362765
-1.03597,-0.896378555278943,-0.0342706655784906,-0.726638403332543,-0.575148841069806
-0.190738,-0.204206334440154,0.037222179125302,-0.288865403009797,-0.0578689458136977
1.1413,0.95289675400204,-0.237907344939514,0.530041050156063,-0.280437709915472
-0.618184,-0.500545046530647,-0.0338879156673312,-0.423326132409798,1.40892118183943
2.27675,1.8462523527797,-0.722014740144747,0.839797558874364,-0.32639380328975
-0.61,-0.504838915512696,-0.0711321979659172,-0.433793359846606,1.78222390192912
2.1437,1.8128763463777,-0.314488128219295,0.890951512988393,-0.569290963827097
-1.0308,-0.800937617303874,-0.0721280432035016,-0.616333278614485,0.808603614819813
-0.116682,-0.182994397704171,-0.0876307796764227,-0.268258752973164,-0.539029159296784
-0.792298,-0.631949833553273,-0.0601597471552444,-0.495421145440362,0.58375062012209
1.6503,1.39240308566104,-0.146374550170433,0.782355821755752,-0.501038456482008
-0.406667,-0.350211101417087,-0.0312988592343772,-0.342689232097138,0.801790202209105
0.59541,0.392415916936259,-0.253245605078439,0.117362106722789,-0.742745014079194
-1.41268,-0.998916109587486,-0.0637927246568989,-0.692169867579322,-0.202735870072946
-1.04181,-0.861167410362373,-0.0821609010236594,-0.690369203689608,-0.575603341064493
-0.198435,-0.200310323618047,-0.135770901088171,-0.258510115112839,-0.0409102442076071
1.1617,0.930577100861778,-0.233967180772702,0.496644233222626,-0.212263065510756
-0.28191,-0.285658020887233,-0.102214507067427,-0.319567862191928,0.942770441714793
1.16636,0.886905416752954,-0.281438653044507,0.483932029274411,-0.197788130309583
-0.635259,-0.498505478739937,-0.060422758897108,-0.415913828655785,1.29948117648934
2.14839,1.76059046592122,-0.502970067807246,0.848676920223362,-0.877034543342666
-1.41808,-0.979713192722422,-0.0673553775865335,-0.659091361911112,0.366705607503945
-1.05999,-0.844850105580866,-0.111995316657406,-0.642807243863959,-0.912965531035326
-1.01267,-0.738474601643665,-0.0723096560940533,-0.569769236397106,-0.603126923101035
-0.10765,-0.156375438493451,-0.084276253674747,-0.245259189638936,-0.751036907993795
-0.78893,-0.61742229238865,-0.0812752462032836,-0.473603866407827,0.497059122813076
1.5122,1.28638735024416,-0.195474700517979,0.67495598201737,-0.511397238267781
-0.405404,-0.336077025364041,-0.0745486257506578,-0.341612994305014,0.687329296359067
0.465354,0.292971940271945,-0.26893088059781,0.0207120340720947,-0.751859651949039
-1.4111,-0.960376221408064,-0.0658242352991375,-0.662727453265528,-0.269497401219843
-1.06008,-0.870193167106408,-0.151069955888743,-0.665518347959344,-0.600062702806807
-0.217048,-0.193464556779785,-0.0673026773716719,-0.283527821927157,-0.108631044198044
1.05469,0.834389284959435,-0.241603271822705,0.383334511529805,-0.310056495696548
-0.612909,-0.497759591821487,-0.0714070479272469,-0.444376826824548,1.24405071446332
2.096,1.61485909010556,-0.735532710298352,0.703956191806588,-0.658555809952131
-1.04664,-0.764676673680085,-0.0800701197380525,-0.589950676325913,0.751193066254562
-0.17198,-0.212669149763719,-0.0611002932602271,-0.285455220290645,-0.562835931745129
-0.802069,-0.613236462890133,-0.0771826269385232,-0.518670829275153,0.50411339395976
1.52944,1.26978281717707,-0.319072040946903,0.550500058927252,-0.529280131289814
-0.43951,-0.36501215871555,-0.137129943868303,-0.341167799589013,0.70674453336769
0.425087,0.259640656315653,0.00871051753267323,-0.0872061535711339,-0.565281858110944
-1.04931,-0.794817217996863,0.0424907539451377,-0.635699711118005,0.0204990657737447
-0.250501,-0.296698739048366,0.0256837463436085,-0.389701336220712,-0.682199186671519
-0.823494,-0.645063593054362,0.0810755828092586,-0.552699916079735,0.422715032010243
1.45839,1.16247337473509,0.020529631110498,0.332672098009528,-0.559174413439521
-0.457111,-0.406107447026703,0.0622668223154942,-0.430439888256084,0.634526701226218
0.404258,0.21842006650954,0.0417479314606086,-0.133558693921565,-0.782231548419146
-1.41516,-0.998125444500416,-0.0237629070144345,-0.750700854148247,-0.317357899546278
-1.09196,-0.900252572134844,0.0250361234801876,-0.704823897616211,-0.635986023063314
-0.275294,-0.263068513795651,0.11711909275836,-0.362133293427811,-0.156423992354732
0.990496,0.725007288847289,0.0296854469070126,0.0988928777147553,-0.377046130692112
-0.67574,-0.546259487896453,0.0734254096040098,-0.494312350644882,1.12350547423242
1.93932,1.51164134220645,-0.0232429673742864,0.397643453582859,-0.840857083731358
-1.27288,-0.833158237665302,0.0662066406593479,-0.767692155499768,0.315181247602552
-1.10538,-0.806432008648096,-0.00272705783480563,-0.686789763541732,-0.456239245684594
-0.180539,-0.0658455860319061,-0.0039658679337839,-0.271341400237368,-0.246778879245674
0.736053,0.445109147770245,0.0512272181962586,0.0732607820882947,-0.33318886450768
-0.613454,-0.394280562414193,0.0224227218368559,-0.452196515159727,0.85156375500077
1.48829,1.18192956115038,0.0445293321887466,0.384610790720518,-0.686579143020704
-1.04535,-0.702712051954421,0.0743002069857581,-0.658040900562689,0.434241361126017
-0.294277,-0.384496304192938,0.0893070262080068,-0.425425095307193,-0.625627703189336
-0.804973,-0.520034732702671,0.081131457245476,-0.52711453398899,0.294004326570893
1.16716,0.913472966768021,0.18249714061258,0.402876915579255,-0.528214287629967
-0.415117,-0.248491189629863,0.024601767910866,-0.343018270588821,0.554834098705777
0.326885,0.103905326910653,0.131948608021385,-0.0580569559330129,-0.276332335238895
-0.594705,-0.380287011697267,0.0828812697862532,-0.43089572715513,0.701387694818857
1.52667,1.29297950391699,0.0826397698621669,0.46253047485931,-0.70055507548042
-1.04229,-0.691026960868792,0.0605635847191073,-0.655343574611737,0.459486833376722
-0.270505,-0.35298687767347,0.0771984393740045,-0.405094750962688,-0.61319952129943
-0.786352,-0.504713787205631,0.051253683767246,-0.541275998366832,0.312208042739652
1.18455,0.966135385267124,0.173071210135297,0.438679378547172,-0.517121107004532
-0.391431,-0.209438528147779,0.0302823386245482,-0.334955921609611,0.507280776175347
0.35729,0.138393371026292,0.130903137095675,-0.0322512696862866,-0.726963571732166
-1.31302,-0.848596898503167,0.0859664915377172,-0.782615264462246,-0.329039917982053
-1.08936,-0.842276779931292,0.0184456313982965,-0.682708092687024,-0.558165354553955
-0.154618,-0.0466816957590593,0.0421319099498161,-0.262454582866931,-0.242923345189963
0.870395,0.598356368992273,0.180675975170938,0.208302103905546,-0.60907752698955
-1.03758,-0.677085240335706,0.0538603450015248,-0.639469774582818,0.209447394708879
-0.23502,-0.334456507737593,0.126011313136508,-0.374268589834713,-0.645955383963532
-0.788327,-0.486696301691207,0.0666179287655334,-0.505645947573548,0.361230633457478
1.27406,1.0185721935091,0.268499668129093,0.464079222845133,-0.506196709450593
-0.369584,-0.210081916568554,0.00378271470451126,-0.347399046492093,0.552178695618448
0.373109,0.155717705173232,0.141984019891113,-0.0268487607982099,-0.711501940057167
-1.31209,-0.825373369633932,0.0722904899071087,-0.753179587214922,-0.31939844161916
-1.0918,-0.836386979579288,0.014004010927645,-0.684546464316881,-0.545196499691852
-0.138061,-0.044101231338567,0.0289399076215349,-0.262947153717921,-0.216269557461707
0.828601,0.598871839409354,0.11715200318281,0.241378745571909,-0.301009996158771
-0.581559,-0.357263789810384,0.0502428679904285,-0.424914253525296,0.908093400266176
1.5833,1.33604562973474,0.245633198101492,0.476504556476989,-0.837673336391795
-1.31785,-0.846173717344895,0.0577414378704482,-0.760070374583612,0.110151993640455
-1.09365,-0.835136169512045,-0.000305505631455927,-0.687273142200137,-0.919528593475223
-1.02213,-0.637599949660718,0.0956634685377623,-0.599580172222374,-0.677639887015795
-0.245966,-0.315902089306169,0.103757448792329,-0.357258679795374,-0.772830287815918
-0.783328,-0.486339719534554,0.0554033643842133,-0.50074620531615,0.316658472099287
1.22065,1.01196028412353,0.157072180489699,0.475422099627318,-0.496638598833286
-0.373064,-0.223573055269827,0.00547439904305767,-0.356502684181146,0.612994209997822
0.356511,0.169623161169852,0.046184786863006,-0.0283724188845235,-0.11125753163834
-0.167907,-0.121191181882184,-0.146523968228252,-0.269085999695678,0.464413857635439
0.821314,0.63399736180327,-0.110129788126119,0.315813789887532,-0.203650889374724
-0.593172,-0.341372359617268,-0.10201990937244,-0.412610789893866,1.001869607403
1.60793,1.37335837086786,-0.0436394925312371,0.599114630466573,-0.354755537881002
-0.383355,-0.214521569874508,-0.128673402360195,-0.327294432281008,0.714223501259158
0.365302,0.193643142193971,-0.114493030673781,-0.000577345061492146,-0.693989628444754
-1.31541,-0.797390589077134,-0.0954236752290415,-0.652945974467744,-0.320406875338033
-1.09354,-0.788135754221498,-0.13981444663087,-0.631488911039103,-0.545141273827044
-0.138187,-0.0366804815563513,-0.105298687264988,-0.238196642989213,-0.206202780383167
0.85183,0.649092993987743,-0.0983503931129566,0.313976001572305,-0.293383516052938
-0.577884,-0.347258497215809,-0.107629670451781,-0.416864068249101,0.960086663209737
1.61964,1.39143455938793,-0.0836475138407086,0.618807633155179,-0.656650314019158
-1.03827,-0.633610903449975,-0.0296430609756801,-0.583714732736042,0.52009932384803
-0.235643,-0.274673446406203,-0.0210802549121474,-0.307903175843164,-0.602631257869738
-0.773255,-0.45894159135132,-0.133047627965533,-0.487755866789011,0.304763136499115
1.23531,1.04654836396451,-0.0030593585817836,0.558227186946392,-0.809996832401804
-1.0299,-0.6114552973804,-0.0657339051427007,-0.575990821391834,0.333475806302166
-0.238452,-0.273760801023646,0.007782463275493,-0.322761272534792,-0.617409071809203
-0.771908,-0.440654417017419,-0.0440458238626923,-0.497241254474791,0.360854000023908
1.26688,1.06829371095617,0.00767541449428097,0.528111740603253,-0.493246962894682
-0.358259,-0.188216151736401,-0.182373881053462,-0.305114995688032,0.556320693758932
0.387816,0.218275150845868,-0.0888969925593644,0.0256666974869418,-0.708059555171846
-1.31616,-0.776080886573292,-0.107809594934239,-0.626348520424103,-0.308051951461314
-1.08574,-0.791883127915955,-0.184543334084924,-0.641713706597332,-0.533435401950367
-0.113671,-0.0257559884069587,-0.161903088903083,-0.252657007614372,-0.199314015359604
0.85563,0.663696221003791,-0.0287681583853478,0.305713608334294,-0.270303611921624
-0.561048,-0.327481639571952,-0.123308548218278,-0.398182017011153,0.996200865580886
1.58694,1.37701823406015,-0.111544954777438,0.556011595187855,-0.337243760308361
-0.571193,-0.327064207950955,-0.124831385386836,-0.411740558899191,1.26260107161263
1.61223,1.36262527045905,-0.102547242090739,0.670179238095825,-0.606944492931182
-1.03614,-0.619243100106172,-0.0422800106431038,-0.596764759323391,0.524878525650698
-0.236455,-0.273780597970963,-0.0468764743338226,-0.322180021640176,-0.594592503487921
-0.776318,-0.457895205140643,-0.0481704255385053,-0.498587763888658,0.356676681958974
1.2456,1.07288350415508,-0.0171310239418384,0.534467479071166,-0.493603244866407
-0.354297,-0.188958575570667,-0.090100668166673,-0.335621369024231,0.541635348311294
0.375583,0.201528143774929,0.0793624394650659,0.00723033716851232,-0.709358598554359
-1.31833,-0.802981023923663,-0.0659319417863267,-0.722682654162367,-0.317786424498329
-1.09821,-0.81880248188517,-0.0955838948265531,-0.681596304916526,-0.530318983014648
-0.109591,-0.0216695924916503,-0.020367520931108,-0.246823524999902,-0.184348514777841
0.857579,0.667299922776626,0.023537897470174,0.34240413622394,-0.138185372771901
-0.143417,-0.0792197586744096,-0.0460239273086313,-0.259580329592808,0.688377307933227
0.862224,0.655962308827877,0.0917693680688538,0.328704482171008,-0.164706470824191
-0.573326,-0.345008460882119,-0.0547602659409534,-0.421622121612066,0.952854876382019
1.60842,1.41645620472256,0.0206030230030945,0.70113695696193,-0.828460818396991
-1.31526,-0.80320574163928,-0.057314594997492,-0.708675684101333,0.11853030753476
-1.10347,-0.813599365211571,-0.172238331014075,-0.603284232850624,-0.912579191492979
-1.01696,-0.603117795832503,-0.027049705106232,-0.569038847492633,-0.668554986316617
-0.218475,-0.249641171743938,-0.0113454278241611,-0.283655740621823,-0.763779047571738
-0.773648,-0.454745445803041,-0.063409202061434,-0.495389685463357,0.35019525751643
1.27043,1.10169491351764,0.0658439673537923,0.581986010838404,-0.487634018378927
-0.339827,-0.201529228881551,-0.0195933477877447,-0.360678163693202,0.561377046811992
0.397757,0.218622004203023,0.0738445274410871,0.0439341661980311,-0.701806287082738
-1.3192,-0.806386121626156,0.00612204252633016,-0.730547965519248,-0.306145941326951
-1.09649,-0.826829380330247,-0.0393942461363103,-0.684891725684561,-0.527086971825673
-0.0987986,-0.0263333621642192,-0.0862548569275004,-0.246356516858633,-0.200987037540976
0.86537,0.691353831830993,0.157988282538994,0.344565947101507,-0.272437035808969
-0.564742,-0.340937168036163,-0.0864193232311845,-0.43373582434251,0.96025544874642
1.60063,1.41447830338371,0.0221863813784716,0.656408083284737,-0.649619899134528
-1.03956,-0.650808216906071,0.0165721385686822,-0.616928894343099,0.518235781111034
-0.226956,-0.281667124646441,0.0905623141260333,-0.324605424420858,-0.594287826057135
-0.775027,-0.465081433030245,0.0578014896634105,-0.550501135090771,0.379252323465501
1.2859,1.08880911046967,0.151262942338689,0.586642296337516,-0.480077240477949
-0.33931,-0.185642067465982,-0.000484771158262393,-0.336199685915086,0.599355362552531
0.409287,0.227220334662187,0.198628607431795,0.0769920769061492,-0.526434983893933
-1.02991,-0.650895863386942,0.036478211491293,-0.650380332378068,0.0402625995584977
-0.20174,-0.281027957759035,0.07921929259346,-0.317707315695568,-0.663206250065083
-0.775618,-0.475787907124835,0.0231115947465807,-0.524153375853153,0.383220637203075
1.29568,1.12915947577287,0.191388827365144,0.604871941816713,-0.483757035981107
-0.339047,-0.192507370739598,-0.00577685258006469,-0.342212018946581,0.579521338570085
0.414579,0.225115724346089,0.168446495699347,0.0443360710325896,-0.700391813915557
-1.31866,-0.810809428521056,0.0140638831272925,-0.815949665963786,-0.303751113372047
-1.10939,-0.844925678095782,-0.0485893171434726,-0.705862994642269,-0.522896795118504
-0.0964248,-0.0208146634911012,0.0412518967841374,-0.228172349262941,-0.194218613093119
0.895559,0.702894075147561,0.0668271944837432,0.367424800277357,-0.277288754251651
-0.575564,-0.350303808983669,-0.00799689771401467,-0.414375421961403,0.969917155782299
1.6534,1.46353279822447,0.0972153499354629,0.600971098344331,-0.823213660903937
-1.32269,-0.806768302703338,0.032148401057157,-0.799796019367436,0.20330516984821
-1.11165,-0.833784918107391,-0.0492706757100955,-0.713221016687075,-0.450895924043545
-0.104001,-0.0281918765688515,-0.0113131022583703,-0.230335082825551,-0.179536505544015
0.904558,0.699984752286592,0.198840301639473,0.382761540721385,-0.274758539891936
-0.573078,-0.33429788526549,-0.0187628770512702,-0.421016386270937,0.994581975470325
1.64365,1.36367475592587,-0.833401923977632,0.188607312181249,-0.653426980772602
-1.04749,-0.65515364459321,0.00219322231917373,-0.663274553092934,0.540890546615415
-0.214819,-0.280138790992358,0.0768818717493357,-0.307131589813191,-0.598983372644391
-0.78493,-0.469854825119155,0.0194850041623495,-0.518013028787554,0.385818185611595
1.28901,1.12304680593551,0.224553142175495,0.631361775685727,-0.482365148065306
-0.354326,-0.19950784952221,-0.122379452676765,-0.312489504095648,0.650140286089225
0.417859,0.231052148332086,0.173815787818298,0.105774657855747,-0.22387891121607
-0.569944,-0.333508705462303,0.0119879465893126,-0.416760285273621,0.798618800694396
1.65091,1.47642199765292,0.193153112099101,0.678515974942533,-0.678985671543027
-1.04175,-0.64608570448671,0.0169047917251976,-0.672093680447708,0.543238192446645
-0.207754,-0.290109754988507,0.0859297080421579,-0.312440507343181,-0.593256176478714
-0.780506,-0.475792096589282,0.0133576961389216,-0.556635478208486,0.399669782433947
1.31675,1.11222929237882,0.249513415949899,0.674654735082376,-0.488277187967868
-0.349877,-0.2104747049121,-0.00388016143785367,-0.331680874586011,0.59453147268902
0.429371,0.236804779285308,0.168935903777776,0.081102847829849,-0.704566781708736
-1.31938,-0.811505136207749,0.0289416540082453,-0.803200960544909,-0.302036055222318
-1.11658,-0.840392989414401,-0.0137019705697856,-0.727507500253421,-0.529009451971353
-0.097209,-0.0320553492240365,0.0153088309107144,-0.224468068226389,-0.238948300986606
0.906632,0.724330872239028,0.304367961748946,0.393341841093499,-0.587884613770514
-1.04601,-0.66130568028512,0.0560333249439352,-0.671180745168128,0.241995620679945
-0.204706,-0.303106571228466,0.131563105441852,-0.30300627630416,-0.64101633797504
-0.781453,-0.488418691587172,0.0724737222410531,-0.525026214726761,0.392538811211289
1.31273,1.15079910950374,0.392173281976489,0.621627700321691,-0.487334846322939
-0.34508,-0.20857710811667,0.048548333476597,-0.344070211013577,0.593414341492182
0.431269,0.229431277872362,0.197962993587458,0.0728562299920211,-0.702804308886893
-1.31978,-0.809628213672257,0.0646635724416941,-0.772147923438022,-0.299525379649455
-1.11619,-0.863071596938867,0.019713578691704,-0.74726251701173,-0.520657625193257
-0.0945305,-0.029490107395054,0.0623214155205266,-0.24116012402661,-0.191156516701112
0.907578,0.696602159055413,0.324479500328238,0.404401650055005,-0.272030392012581
-0.564236,-0.350753240495828,0.0757442027450032,-0.452930572898278,0.975249321316431
1.65708,1.46353992807834,0.387714720203686,0.706713477753999,-0.826986840947609
-1.31985,-0.831338321977551,0.075618402445986,-0.790474800832592,0.135169296332503
-1.11559,-0.868071194405386,0.0189303326924618,-0.776091293194804,-0.908266818533798
-1.01521,-0.636822490559097,0.0798032502474625,-0.64493869546679,-0.658472966085081
-0.184854,-0.290433843484168,0.230303663320854,-0.312964194494008,-0.758537385666318
-0.76544,-0.470770887760924,0.0980504441992583,-0.511741289635136,0.376608623878313
1.29251,1.11968677598541,0.379610121353066,0.56070211393888,-0.463842531856169
-0.335292,-0.194203488196902,0.0533864276044666,-0.3393556878117,0.680004748487151
0.429963,0.225166432815346,0.270387922169409,0.0516532681998769,-0.0668998568544424
-0.125919,-0.0778179212065339,0.0157779481393711,-0.259072060729287,0.536219572332524
0.90297,0.672107717716138,0.287605988995539,0.372180665455035,-0.162350577937637
-0.561967,-0.351376486166714,0.080786594202452,-0.457362285140238,1.07361996543956
1.6803,1.46721606600204,0.325071813651891,0.638066002275402,-0.316859925375489
-0.349624,-0.212503775017007,0.0300189188454887,-0.352845927908918,0.778343281913283
0.438222,0.208544277424646,0.202659651760723,0.0341774971542371,-0.677810506781921
-1.3213,-0.810485295908841,0.0642577302496431,-0.827786068755604,-0.291116143921242
-1.1126,-0.865002591838478,0.0263111868285944,-0.743505906283848,-0.519273823183917
-0.0945802,-0.0308200175918768,0.0413987034670524,-0.253376483832373,-0.182214491812816
0.924695,0.706035211248521,0.291112128515976,0.374287475004094,-0.271122907680333
-0.573735,-0.346389125860985,0.0574924799094797,-0.45844996152157,1.01449455119779
1.66906,1.45798796357595,0.386009433955972,0.698713005363746,-0.651005822012422
-1.04562,-0.662473379978033,0.063725092002333,-0.675967031874828,0.555271147616366
-0.202907,-0.306333272886213,0.181937784281697,-0.337065050019375,-0.60757208039273
-0.796249,-0.484713710263262,0.0701671412862834,-0.552407247056183,0.349725895078126
1.31072,1.13291871730989,0.316085004036512,0.608963433527259,-0.824549025068935
-1.04963,-0.643887889686028,0.0602603188860951,-0.66904457896719,0.374501477893009
-0.209661,-0.286359956193574,0.0708911148258011,-0.332453816080532,-0.635231671492554
-0.810771,-0.478907351708773,0.0638906898892955,-0.568202900966716,0.388848378934869
1.31274,1.11432531631456,0.264869613365654,0.588821576930414,-0.529177045582055
-0.41116,-0.208267075350269,0.0334640977255221,-0.348658364965262,0.582414341585158
0.409801,0.202209998655382,0.124853982475617,0.0321118744616242,-0.731487686026001
-1.32242,-0.799874158879239,0.0170872891670288,-0.696654993156955,-0.307505076667853
-1.08861,-0.812750758162513,-0.0607653442340132,-0.689935237278503,-0.565781217109143
-0.184304,-0.0499597392749433,-0.0567880030520289,-0.280679772768036,-0.20490871212564
0.854015,0.626936321883946,0.108761766318668,0.313110187268852,-0.32344231746192
-0.613193,-0.349988125812641,0.0147446728947024,-0.446098793185281,0.986100828770435
1.58463,1.3262284441193,-0.0838414141546417,0.544677462587339,-0.386179015457893
-0.62708,-0.355183177896093,-0.0234586539751831,-0.464992987135477,1.24327402043343
1.58065,1.30813592837654,0.152838962977106,0.625139090732571,-0.641248196835103
-1.05645,-0.645119469053997,0.00338378338491079,-0.658089480705904,0.499426578213908
-0.248937,-0.332823413566789,0.0986849121023188,-0.375768846493014,-0.62621302727379
-0.816977,-0.469579151319229,0.0700866489754783,-0.547036250292926,0.328733942997859
1.20715,0.960645764002712,0.172334694734739,0.475985868287802,-0.542732498366282
-0.420669,-0.226146875873965,-0.00158960255109467,-0.364655298026681,0.505260868989114
0.334941,0.138831788439732,0.0885726841343702,-0.0153423384826086,-0.740511313078774
-1.31812,-0.773919790363661,0.0216395086713757,-0.780793047836597,-0.340867024657185
-1.08686,-0.789516407777823,-0.0384727212076658,-0.687647199844526,-0.573328315883988
-0.19067,-0.0535948535346061,-0.133927617804189,-0.260345682009273,-0.215669901711286
0.783474,0.542578120346337,0.143935083259015,0.292519618133779,-0.199792081088189
-0.195408,-0.0821224995741383,-0.0379833023303412,-0.268245899056704,0.613809576697074
0.779221,0.517489951250606,0.025040782538749,0.290951756955318,-0.210441285775764
-0.605011,-0.332389539988423,-0.0137218231374476,-0.428357211023543,0.882183186714022
1.53491,1.22181421538299,0.00669227926437668,0.619852132018528,-0.847922401039204
-1.31714,-0.749205530541346,0.0429807636512068,-0.661946327741303,0.0891415261155768
-1.08915,-0.774412495387752,-0.0164190503511192,-0.65807133030171,-0.927354181233762
-1.02698,-0.592926296512288,0.0585685185518013,-0.626922337575883,-0.694025868051386
-0.284007,-0.330175765719518,0.135232358137383,-0.346732044779431,-0.786039543119524
-0.800242,-0.42806268524441,0.0395509761728498,-0.50747999572985,0.27194924973834
1.16318,0.890525947285782,0.146100930993115,0.456051594028078,-0.531791039339394
-0.391264,-0.187991865249895,-0.00560829561762732,-0.342431725415583,0.468512514015439
0.290738,0.0923968504262506,0.0843101038536571,-0.0347854974900432,-0.72726205495136
-1.30972,-0.755453889947174,-0.00262586124516797,-0.757675596966657,-0.358913745004543
-1.08944,-0.777616635179982,-0.0435566694464656,-0.70071351050551,-0.570001667194415
-0.170611,-0.0279281492953715,-0.0154712561285102,-0.246746521207339,-0.258170708334883
0.732411,0.484612374027841,0.0170448103576582,0.258557474454609,-0.323604294462361
-0.59487,-0.317370370974035,0.029629405092923,-0.416170197414872,0.84442466445827
1.47345,1.16598275753799,-0.0344476513556637,0.568570064660277,-0.676541191200769
-1.0378,-0.607515749927959,0.0746417221145693,-0.624689221260751,0.422772761740188
-0.309847,-0.362989623766548,0.0769425487838507,-0.381638640274391,-0.62135796136191
-0.795612,-0.44551836694727,0.0645347444214259,-0.523897948130981,0.273046971711446
1.13304,0.844928170874894,0.132030519434917,0.410278636446216,-0.526469914804937
-0.393938,-0.188912297198092,0.0122720505436618,-0.321994166286069,0.47243281161507
0.271475,0.0560069804467663,-0.0597424182973467,-0.0606663591825262,-0.568040985304509
-1.03264,-0.606696315844319,0.0587498268381884,-0.618112114820946,-0.071110559318567
-0.308886,-0.360530134631104,0.0538059882244258,-0.387462083254462,-0.689002291407441
-0.784639,-0.433511224974196,0.0376783095260598,-0.497345935921142,0.260952470048507
1.12848,0.830026115954108,0.0195025430353045,0.386065373231886,-0.521732440487512
-0.38021,-0.180257031030521,0.0237931497994374,-0.321946987482382,0.442922505448382
0.261436,0.0643775565410181,0.0879295063267562,-0.0731752583889749,-0.720849396693249
-1.30025,-0.753157585700453,0.0453242059344975,-0.758246158096705,-0.372387424798508
-1.09339,-0.770691051200952,-0.00524749812801648,-0.722677836870062,-0.566062802314832
-0.163164,-0.0317217646542976,-0.087243597466698,-0.221724149289493,-0.26930133579675
0.708001,0.432290513771813,0.0614080185085218,0.216833567577353,-0.316507758986776
-0.57205,-0.305651591740693,0.00332388071596373,-0.369150913165283,0.79738553616759
1.45246,1.11320622470056,-0.01167875958711,0.46506552594181,-0.856242370325309
-1.38367,-0.828881475155127,0.0526235395581185,-0.753911660551889,0.14280512214365
-1.08433,-0.840225354655698,-0.00086545954092227,-0.698194735465175,-0.390135262258197
0.0866415,0.0268959405500858,0.0706187199683642,-0.224641610761112,-0.0490859426525202
1.15588,0.544178812179054,-0.0361231632849074,0.177234177209403,-0.073722771476084
-0.38812,-0.30620906129302,0.0409557657591763,-0.365064469281676,1.38381588544849
2.26094,1.30947281382406,-0.270231126896756,0.263651155095724,-0.505144051186637
-0.892571,-0.616218632522404,0.0534463987624026,-0.587015046864068,0.724020614676364
-0.465965,-0.432310943530283,-0.00641030674332085,-0.42192060553681,-0.404681663617503
-0.57199,-0.425996625594331,0.0910342689290479,-0.444708295425505,0.27134568950861
1.19749,0.672304333041698,-0.155395340936126,0.364969482230084,-0.304949604069153
-0.0816228,-0.145208865109853,-0.10161810695936,-0.2433785827088,0.520102212457696
0.140702,-0.0274339012162295,-0.0626041671609169,-0.0938755554800153,-0.0111715761259371
-0.343617,-0.301918096863584,0.0924037754376782,-0.354971013747716,0.729153020026989
1.70575,1.01761242328739,-0.315279647135409,0.531470627794828,-0.542799875523985
-0.886135,-0.635540678608151,0.054773665177694,-0.62700887735068,0.505330895944129
-0.415998,-0.382685192327863,-0.0226424189270648,-0.407974880206698,-0.420849452868702
-0.580669,-0.456918956479363,0.0202079418204318,-0.483705036741342,0.428576820737325
1.53699,0.841023583431267,-0.254795810359915,0.507421333852695,-0.327653222486333
-0.139312,-0.20290956953218,0.040722169992761,-0.274337224311097,0.684810809104723
0.406593,0.106077290070585,-0.118288724433312,-0.0231798725469725,-0.630243667518502
-1.39399,-0.88539673418128,0.0258564921974373,-0.847607877934965,-0.290315500887255
-1.12593,-0.792590526133286,0.0456161664141897,-0.750398155820251,-0.495752121840815
0.0422938,-0.0809922384324448,0.0840456516234292,-0.224533549816974,-0.215827922814139
0.969579,0.486766792665284,-0.150862998629354,0.254124710876134,-0.4967585691315
-0.942133,-0.683451477580294,0.0532356962028918,-0.622965971142178,0.20392089878122
-0.397907,-0.369191061020346,-0.00787524425942883,-0.379468219967673,-0.534264584690337
-0.660801,-0.518975056722122,0.0376776344001516,-0.482847879160037,0.357851110508392
1.39151,0.831615292294489,-0.266621853004712,0.574672602806525,-0.403757170477099
-0.208309,-0.260533107518774,0.0151936729267204,-0.294374670312464,0.535330017530987
0.213126,0.0286309782187921,-0.051714262492076,-0.0491284763452887,-0.671116361768878
-1.39312,-0.912608332579563,0.0350778966122733,-0.800330046927149,-0.390578745907736
-1.14538,-0.825106524768437,0.005079785299683,-0.752297190060123,-0.534530561310906
-0.00487934,-0.122757068865981,0.0654208997569403,-0.218092175604667,-0.265752818601538
0.762104,0.414367260278998,-0.106761719057897,0.255085984148335,-0.195485693054973
-0.47864,-0.421655762233547,0.043930032724308,-0.420884566984426,0.951351027454429
1.7461,1.09001460315402,-0.231482798995401,0.641597871951417,-0.833644051511255
-1.39688,-0.927590279207822,0.0124890971271089,-0.837916688295384,0.165032119546703
-1.15119,-0.824196887901961,0.0549989878530511,-0.747948106549725,-0.914882251734769
-0.935596,-0.677567848037886,0.0632294468084564,-0.594884279845855,-0.771078545698939
-0.420209,-0.383999902906638,0.0302704462185667,-0.374012807463483,-0.684034618199351
-0.659235,-0.543300170339823,0.0722356916368425,-0.47751986090267,0.270412217119769
1.25507,0.787426337762003,-0.172426095625995,0.527488152114362,-0.398958917304658
-0.220461,-0.261726920032249,0.0584780089941264,-0.281119535935562,0.570381067123222
0.195336,0.015546839121601,-0.0412232294153758,-0.0401533180897365,-0.0105273113095776
-0.0826882,-0.180667555765538,0.0737748439344788,-0.235983039725427,0.382730249204393
0.749765,0.414158274110115,-0.092185505873966,0.269051491014718,-0.129302538651373
-0.504208,-0.445352128553915,0.0671189585725941,-0.427292576057113,1.03593727655256
1.73982,1.14775299608374,-0.231264042560579,0.69105603770976,-0.292188452402229
-0.290148,-0.316298716232252,0.054440977615899,-0.31693668078467,0.702549080070768
0.20662,0.0291314015431851,-0.0301861429447494,-0.0263781883545597,-0.68093578348909
-1.39482,-0.960755803374165,-0.015406908175904,-0.820729249259532,-0.393770355738733
-1.13187,-0.874755932135427,0.0131412094281113,-0.754748358037702,-0.567517080378916
-0.0700022,-0.155576661756066,0.0803457125194983,-0.236101264625712,-0.286209579597919
0.7094,0.429250303112893,-0.0362591404056291,0.218074912939716,-0.246199776581784
-0.528924,-0.466744411440578,0.0880554857659692,-0.428979901553502,0.908729365426812
1.62806,1.11621392432337,-0.146463404867532,0.638069062593973,-0.63253551626811
-0.979604,-0.749896740088787,0.0392539894360858,-0.608673613092528,0.437957720671445
-0.448863,-0.4364533704598,0.0298271690260745,-0.414211021007738,-0.556488062905308
-0.716848,-0.587052904534512,0.0447945607699913,-0.496468137179761,0.194099724579085
1.17348,0.828535333158679,-0.099361684966929,0.49151846984688,-0.78314097763002
-0.965075,-0.736183519286129,0.0124669015029374,-0.596991395961213,0.231050425699045
-0.432797,-0.413880125679262,0.00317547623566134,-0.396549366571342,-0.561475374729706
-0.684178,-0.548641253645797,-0.000522578965307245,-0.473447247606612,0.24707557617641
1.1794,0.838339026012332,-0.339221106975082,0.487048059958364,-0.451599765341274
-0.286497,-0.278807499970307,0.0602052898921774,-0.29369107258333,0.42761749047662
0.176751,0.0442640168229009,-0.0387941524662132,-0.0586005238617525,-0.720062704947907
-1.39781,-0.995387309688249,-0.0567597901889749,-0.776511284172887,-0.412572098987361
-1.13193,-0.920845314840441,-0.0181103195238788,-0.762405921450133,-0.574345582942392
-0.0740886,-0.137388044787835,0.000704515751970036,-0.250795654708183,-0.293769378151216
0.689494,0.451539102349202,-0.26561643961536,0.265150676237322,-0.237946140855696
-0.527041,-0.439079630128672,-0.00014974762878492,-0.379993006021018,0.961420548668852
1.65833,1.21157921931225,-0.333541784391681,0.550739523644659,-0.309269195283736
-0.520036,-0.449585024071682,-0.0334970325511956,-0.384263293410964,1.3073813596145
1.63897,1.20679414470591,-0.427292905965591,0.538448433479518,-0.564236348876055
-0.973119,-0.759975165543055,0.0419139503903969,-0.577778255307942,0.470374038303377
-0.409069,-0.393778967699337,-0.0397015045465022,-0.374157131358167,-0.541924838516956
-0.708901,-0.57429173971319,0.0261472666295436,-0.455250049706418,0.253822972649173
1.16129,0.90206326155127,-0.283655461939182,0.468149776263186,-0.462067930074221
-0.293267,-0.292695561574031,-0.0350892796613066,-0.295150668383051,0.423805213775296
0.189593,0.0819530939066362,-0.00486400979243592,-0.0443693632186145,-0.726306868657057
-1.40256,-1.03811669617165,-0.0133470371022919,-0.737039716203053,-0.407878527629754
-1.12862,-0.901077464576971,-0.145484946096096,-0.621599057103857,-0.585891258847312
-0.104857,-0.142754396047106,-0.166122681142437,-0.238670375504771,-0.273696459720223
0.702434,0.494835081625302,-0.230690255612356,0.282754528123881,-0.161868423972352
-0.175752,-0.211852571344817,-0.0223034440012089,-0.267548189928128,0.562589091820254
0.717631,0.495795476308746,-0.170912683852314,0.286291129765446,-0.176610580171713
-0.552262,-0.501420301537406,-0.0378014150843786,-0.420647937017416,0.906447941459773
1.66568,1.29988969191249,-0.123119624254219,0.701946164566148,-0.86752519526514
-1.40285,-1.0590710065453,-0.0395087972394467,-0.770386402605886,0.13579967706579
-1.12633,-0.944521125498617,-0.0262660108737801,-0.695092320316926,-0.927705928331589
-0.951981,-0.754292716012159,0.0699239333863983,-0.578015477687292,-0.74438061226165
-0.371601,-0.369640497164436,0.0140773811260747,-0.356931732090445,-0.711641401363291
-0.698039,-0.601172553202335,0.0672558327236922,-0.484443394709582,0.252862084278587
1.18242,0.96188236301652,-0.0525182213522314,0.573318509234107,-0.455709849268679
-0.285421,-0.300056647898369,0.0484216366951379,-0.332243470347583,0.433091753754895
0.188028,0.0740981254586322,-0.107955824371341,-0.0384969989768026,-0.718306101625217
-1.39711,-1.05929764067963,0.0234115517236216,-0.751379570764375,-0.402013000332057
-1.11775,-0.936701530372543,-0.072488374120175,-0.71713083281033,-0.575759528153076
-0.0841164,-0.146517012778507,0.0136093544174098,-0.256809753120172,-0.27588751775838
0.718653,0.540537769246675,-0.175491668970525,0.270390944413903,-0.245847139434495
-0.521527,-0.451102606293716,-0.0430589953133689,-0.360300705362813,0.927602411521563
1.66225,1.32711576671473,-0.345464920255451,0.55144810884662,-0.620904844111444
-0.972298,-0.786505414648167,-0.0530367584071727,-0.543564482420718,0.485882852436763
-0.37592,-0.354043746096448,-0.0493445446109169,-0.351497010981268,-0.53886716514204
-0.713522,-0.586469872442383,0.0488070257711756,-0.461574764265389,0.297846857114775
1.23081,0.984744518685255,-0.0686866801050324,0.549832664299172,-0.459903341840177
-0.304217,-0.318060243474617,0.097977739430986,-0.324591119203582,0.49768101553493
0.213083,0.093709533602195,0.00997790690198208,-0.029757303908705,-0.4977859991765
-0.964432,-0.790290482918553,0.0288802116487383,-0.628144723846579,-0.114558740802036
-0.382287,-0.364536596325339,-0.0379356416237536,-0.348453664467004,-0.624010249339872
-0.707582,-0.585532446987352,0.0182162848160183,-0.453756396728423,0.273402524133864
1.211,0.998275924502234,-0.00872973363945967,0.554342596602446,-0.462161328816657
-0.302244,-0.322435778687788,0.0156380120671875,-0.313778748844955,0.467460876995659
0.241255,0.116554560920971,-0.182513399353099,-0.0345866278206897,-0.723485537288613
-1.3985,-1.08109372832309,0.01377614509203,-0.931722999775152,-0.374535693113415
-1.10504,-0.946236662137036,0.0234296504773638,-0.804388674088078,-0.571389329091866
-0.0883134,-0.144322723609005,0.101676346044945,-0.242551063044376,-0.247086217372132
0.773771,0.563034001526475,0.0112510903683614,0.278912778085912,-0.249496648575876
-0.523476,-0.476981558059492,0.0855975029738761,-0.422264771878382,0.938073858009999
1.71078,1.33479683409337,-0.200405409285515,0.714504164227723,-0.841261081760271
-1.39848,-1.0784623508145,0.0242288742076162,-0.868589518144728,0.228030694752445
-1.11348,-0.946890139889225,0.00938343657818505,-0.752692856996709,-0.48613211118685
-0.0970632,-0.147285690072769,0.118568556742615,-0.242277174997596,-0.250944024388883
0.74093,0.539600116638707,0.0213343087045535,0.291739668757637,-0.251520822944836
-0.52808,-0.47611365610955,0.0853700796053764,-0.426892807696276,0.938107011146471
1.66307,1.30410746190115,-0.0310500000286465,0.747565614468615,-0.614732992158155
-0.960634,-0.786268955682963,0.0749141040524936,-0.636651123925181,0.504008625142784
-0.34008,-0.360245238601141,0.0277157405033052,-0.359105554326002,-0.51534198761881
-0.681675,-0.589004790710745,0.0773085111547036,-0.495800512302246,0.347715021676646
1.29801,1.02633960854357,0.028707826924255,0.632741080696264,-0.408515285425112
-0.251714,-0.280515573578319,0.0816177563553747,-0.289674558771169,0.615910875975582
0.297314,0.157642184183219,0.0147674508462483,0.0218117640992431,-0.127726155508684
-0.473824,-0.442304154715451,0.0887858077048088,-0.417853980612144,0.822697694970274
1.79902,1.40778661769557,-0.116650668811684,0.838352191587274,-0.607354054977925
-0.943116,-0.7825661976283,0.057292389985349,-0.651916052781865,0.581447977478602
-0.296416,-0.322982189407647,0.0257501353750072,-0.353687008971189,-0.489018668304812
-0.658798,-0.573017126237962,0.0918019929962472,-0.51629492147141,0.372302288225012
1.30999,1.05065735489454,0.058315435720988,0.673375931941359,-0.405188102482985
-0.246769,-0.274820403878744,0.0715725170500564,-0.297683797249056,0.545471508149994
0.314508,0.166418324510551,0.00564930477672081,0.0439488519919184,-0.689767049978482
-1.39538,-1.06449313537177,0.0241742002529199,-0.913115892485274,-0.326539014289054
-1.08389,-0.928333304062536,-0.00813692785143701,-0.756834346991436,-0.542550239670388
-0.0310189,-0.101715679516884,0.153797513877824,-0.222490251765638,-0.251190153808555
0.844337,0.618603155498941,0.0347390573127495,0.362711061583331,-0.517591803706813
-0.938172,-0.768575926499066,0.0245428809203068,-0.635615018526587,0.187296118100531
-0.298441,-0.326471577327587,0.0404265099080684,-0.329483861841206,-0.550376466387916
-0.669624,-0.573754729324918,0.0850877041814942,-0.483476866703036,0.362967853331987
1.30995,1.06228412882494,0.0927828049631074,0.699146010717057,-0.411018305837818
-0.247042,-0.282212178357363,0.106591383077252,-0.306572734320291,0.546164816749991
0.318662,0.167313469790459,0.0229262720731221,0.0473979859637239,-0.690877357622157
-1.39602,-1.05769186786034,0.0182794320568788,-0.862959004612082,-0.328471731026294
-1.09086,-0.930152105587863,0.014899279274483,-0.747368371894952,-0.547400348723044
-0.0564313,-0.116073368478016,0.12472841204887,-0.226240311656845,-0.214917819292215
0.828272,0.60449262635519,-0.0227272583799034,0.375535850310405,-0.221886955698355
-0.491506,-0.447710227304791,0.0907794704806146,-0.424653022688994,0.959334975751909
1.70455,1.33430158276936,-0.0249445114326125,0.877020296553242,-0.833529199411861
-1.40133,-1.06210501916502,0.0132098424469265,-0.874498609889791,0.171599322838578
-1.098,-0.935563092568132,0.00855703442389041,-0.77267548550081,-0.907004197162644
-0.924055,-0.737084746476545,0.0672058798477596,-0.594799986873158,-0.698787681900532
-0.30058,-0.314271531465548,0.0765985829494168,-0.316973117854525,-0.679035380727974
-0.666185,-0.56826350251586,0.0730012773788902,-0.479830344375632,0.320905931083673
1.25355,1.01325668914081,0.0819266072107454,0.64483641867947,-0.400337473342507
-0.247893,-0.266548195084117,0.115537139284657,-0.287659812050024,0.606609006991781
0.285838,0.135195901444791,-0.000445172689802213,0.0632712699773972,-0.037655155009271
-0.123846,-0.178590994636425,0.105874152339349,-0.23664365079198,0.432894888421058
0.781879,0.572503759573978,0.0189557343441716,0.419132321301773,-0.142648902739333
-0.50487,-0.461501298042058,0.0726894543348719,-0.440641156925262,1.04062662643913
1.72411,1.36287212090819,-0.0940370591723687,0.927082899994951,-0.293923807672364
-0.309847,-0.31382771936613,0.0684802417231602,-0.315936778964962,0.73039487352899
0.286887,0.145470984969282,0.0278449823130467,0.0587245061160028,-0.689062870763624
-1.39804,-1.04997908770857,0.0160602243356733,-0.838021418710073,-0.343806256955919
-1.09362,-0.925736656071173,0.0254514831277254,-0.767776891334513,-0.557369766872453
-0.0723308,-0.126644338004205,0.106564904120473,-0.222167631050144,-0.218731505079136
0.823175,0.613297185835393,0.0465099751688619,0.387769412974937,-0.229118249653333
-0.50395,-0.456930473372417,0.0779598427061469,-0.428653501488472,0.990258354320187
1.69922,1.34989831439682,-0.137455938053673,0.914821642961314,-0.596660071764043
-0.957831,-0.768907374790871,0.0648372771665864,-0.649860651449996,0.529052662468587
-0.319225,-0.335812343771071,-0.00114820333608286,-0.333490097107823,-0.521864499271601
-0.685289,-0.579461776683172,0.0914647353976099,-0.510807826263178,0.298128950422642
1.27803,1.02477306354974,-0.194546260294866,0.641494647398861,-0.745391569474182
-0.946415,-0.750135105316547,0.0670252409326141,-0.638430104628751,0.330963381694923
-0.314243,-0.319536855476006,0.017235407210802,-0.317521248504823,-0.534464660109658
-0.66872,-0.556149919659216,-0.0371978021997777,-0.456117816437379,0.335409937161634
1.25938,1.03709017644396,0.0552989559911768,0.620427083039226,-0.425878319138141
-0.272366,-0.285233983598421,0.10846494714702,-0.301827722612029,0.498809003057576
0.258332,0.135941597874042,0.0265120198313709,0.0557000475448831,-0.706270105413317
-1.39705,-1.0515159467637,-0.0275878720778346,-0.769747025855501,-0.362557620358515
-1.10335,-0.900744521666216,-0.121892137006999,-0.640136147561258,-0.558704926907731
-0.064284,-0.106086746613986,0.0248608545761504,-0.236304254712894,-0.242776671306602
0.775439,0.610721643499737,0.0746751790980666,0.332650796353499,-0.222161588414683
-0.511887,-0.451839030196324,0.0965841355148849,-0.42612489512784,1.0203935577672
1.70614,1.3382640323916,-0.0107426270525229,0.830996133274801,-0.289172289672778
-0.505775,-0.446862450335116,0.0850997935105601,-0.422253152738733,1.34272835021066
1.66666,1.33172184902502,0.0322803573429707,0.896103046299916,-0.545197731326473
-0.9607,-0.771849112417216,0.0613179714365951,-0.643073855285516,0.5127672728415
-0.344299,-0.357168861998235,0.044668975842492,-0.350720664321193,-0.523417587747913
-0.694039,-0.577016083501613,0.067112669138545,-0.507181765534418,0.315365708475675
1.23698,0.994740782021511,-0.0736405015155519,0.58240362458944,-0.446420124728378
-0.292272,-0.284975929508306,-0.0668438055100955,-0.266539890656947,0.488362440763783
0.260704,0.11907390492252,0.0497709914541807,0.0469328350750772,-0.717011180221654
-1.39688,-1.00574182273985,-0.0926896915610218,-0.69597433446967,-0.367518556173328
-1.11121,-0.924895658690232,0.0188129374891573,-0.803285500037421,-0.566063408711036
-0.085578,-0.135765737542552,0.139271169096231,-0.23037918865867,-0.234802497994379
0.772506,0.568605671012151,0.0777601998557952,0.397897472691433,-0.148065484834317
-0.173785,-0.215020614740217,0.0860765213751806,-0.258869663820779,0.617167703162771
0.769176,0.531686554424327,0.0145546172218068,0.354706784227909,-0.161305748351672
-0.532143,-0.463306597836025,0.0754321693475304,-0.421350874463023,0.937456969007178
1.68517,1.27442651384013,-0.247094559207442,0.600398694400229,-0.855632241219099
-1.40477,-1.01112660238172,-0.0228274997561239,-0.787479443491029,0.150867314316681
-1.11671,-0.900271329077,-0.0224217076613665,-0.674044216139855,-0.921004394111178
-0.944761,-0.722665621010087,0.070770802212396,-0.561681395985618,-0.720581075174927
-0.325163,-0.329365417411317,0.0906859974189135,-0.315947223171958,-0.708818544405247
-0.702271,-0.567888409359021,0.0668637640289484,-0.476704649889815,0.279326421547011
1.19679,0.963119527540139,0.0327540624067432,0.659751830018745,-0.454030073059064
-0.291343,-0.299708061370544,0.125144582801494,-0.304787354061728,0.459084025568348
0.234643,0.0917510325344603,0.0541358633472014,0.00489231013220394,-0.720642735709618
-1.40073,-0.988100760505901,-0.00806669839563942,-0.847845975688741,-0.377257625113563
-1.10759,-0.910532164611685,-0.00621463651551161,-0.798106592687774,-0.56862405158298
-0.0813925,-0.142405429532981,0.135311116506701,-0.217200003536232,-0.24080372151354
0.786913,0.55780313402368,0.0191979111402426,0.380026080300022,-0.233717649284618
-0.505475,-0.442226364920516,0.0906751189183099,-0.422475911517751,0.980035253141254
1.71293,1.30296325059397,-0.0187838898381121,0.888072665266483,-0.598998679119227
-0.957275,-0.739433771880724,0.0762627864163495,-0.617344851610545,0.537826628513821
-0.312884,-0.329925240869146,0.0825728830976578,-0.330811810641632,-0.516141286539493
-0.689289,-0.565966780450576,0.0967293569577595,-0.515626698623664,0.343179350662253
1.27014,0.997412740534264,0.119843447333864,0.636228355985581,-0.443077416783993
-0.306435,-0.30751741663601,0.115455066284165,-0.297418616647218,0.538121993852971
0.262451,0.11662022537721,0.00745789878083472,0.0549430278987178,-0.492160416061438
-0.961555,-0.736370817657286,0.0583342363803302,-0.596581453983813,-0.0765364704283794
-0.342151,-0.336124486421,0.0523393158110172,-0.323661182888202,-0.621619331102799
-0.718594,-0.570365009505933,0.0642557955607704,-0.490060932564843,0.308862730221389
1.25634,0.964344478066864,0.0580005293379957,0.642242073834639,-0.474397024635933
-0.330068,-0.329361100545556,0.0505939562414427,-0.309907496774356,0.497198552193964
0.266943,0.115332052415923,0.0490713609168075,0.0437818846863055,-0.733454924028137
-1.40185,-0.97848713253113,0.0362961512657961,-0.883606877808445,-0.362040471522838
-1.09395,-0.894444172810719,-0.00537694487314604,-0.813678988531957,-0.58330179834875
-0.123013,-0.164532747442128,0.137848916380014,-0.216133275821603,-0.223537125427025
0.816854,0.551206469261778,-0.0221318166259272,0.379961438075265,-0.260009652738005
-0.523296,-0.452807812417689,0.0961050700439706,-0.413230218298609,0.977328002980539
1.76125,1.30230654012408,-0.0332756294926943,0.871135441178861,-0.828074993555448
-1.37686,-0.926314704113926,0.0306286950466047,-0.832036188350938,0.259817548174752
-1.12859,-0.902732160023917,0.00880691614362583,-0.785061139526167,-0.364443732729079
0.136632,0.0106827589989882,0.0457441771212654,-0.153119712359657,-0.18951853831666
0.868635,0.535223794583322,-0.0709049152853169,0.315928374650548,-0.0748660283443399
-0.362854,-0.312254851489763,0.0491987611476916,-0.290743945962417,1.05908411665011
1.7752,1.16878106389985,-0.279049046004242,0.65341204033984,-0.505830520353733
-0.892503,-0.653312129844677,0.0844544948983471,-0.558009089587333,0.559474877603987
-0.366115,-0.388048008973598,-0.0146285128629787,-0.333183532270721,-0.432159135513572
-0.581686,-0.456956115785815,0.0527412271523412,-0.408227816841708,0.360831783023679
1.32023,0.915680573598967,-0.117458567641865,0.598079519439973,-0.306435583396646
-0.110843,-0.147686189558167,0.0542153882277121,-0.180569926928784,0.635064320915307
0.281205,0.0816567077693397,-0.0417783140785045,0.0454298722407828,0.00323285573607626
-0.365443,-0.329822235394343,0.0805177619601194,-0.311282077891102,0.976367359367446
2.14821,1.40647474787973,-0.218158875577833,0.767777332059617,-0.542438320474336
-0.906031,-0.687019879136927,0.0597003618457206,-0.615393008940873,0.75495201718193
-0.268466,-0.318901807013261,0.036539216482832,-0.307322969541242,-0.408318427149468
-0.605798,-0.501764693172554,0.0674193533570814,-0.455406291276296,0.517403125195913
1.59017,1.08012971808693,-0.154984147749613,0.738187795537811,-0.324780192223769
-0.13647,-0.200265257171762,0.040132171219169,-0.21536071496058,0.723981991159329
0.445082,0.186933762039307,-0.0304123861808707,0.118105686799487,-0.623453273683595
-1.39525,-0.946757459449391,0.0350401741882677,-0.830860884852476,-0.254836826201646
-1.08893,-0.877172229612202,0.00110315864480038,-0.790646947252908,-0.475676532387459
0.0665699,-0.0574163957013468,0.0507324108036824,-0.15504094537697,-0.148147735428034
1.0863,0.682845070624387,-0.0587563596330453,0.507936743141941,-0.470430069904527
-0.933061,-0.70224432028316,0.0670501916807154,-0.573345222517105,0.320490151101631
-0.253883,-0.3066242201192,0.0695871656684617,-0.279145347715004,-0.49710851977197
-0.631987,-0.523984684896403,0.0604349544649259,-0.438247338285488,0.509662902826996
1.59359,1.12641959968686,-0.130777223298425,0.852234035902715,-0.362265196632682
-0.189185,-0.24279804129686,0.0522111136102267,-0.235679388642184,0.702365291178986
0.395199,0.183090204706041,-0.0370318734497278,0.123517539654282,-0.646242216495502
-1.39705,-0.95163286475972,0.0179685991614977,-0.823537973577213,-0.276247971541433
-1.07935,-0.874761067971877,0.000987189748871657,-0.719765113129206,-0.486415074107034
0.0414233,-0.0823391374419516,0.117913763980782,-0.158610882045469,-0.115985554799943
1.0318,0.670698381984779,-0.0397693106930009,0.502202015291927,-0.134619868038104
-0.436301,-0.415096234581838,0.0515873334458466,-0.380489261161521,1.19466135084024
2.03874,1.43030929243066,-0.129270122285096,0.934760831483721,-0.793360792555028
-1.39858,-0.95869037095949,0.00999782561682116,-0.828974830470796,0.330023017442262
-1.07751,-0.869303337625546,0.00163106373538327,-0.790690680478711,-0.869914221061146
-0.906919,-0.685090863809829,0.0657801624783139,-0.566954484332025,-0.643284213578719
-0.211146,-0.273195497109401,0.0147213586199338,-0.246730435311056,-0.634662751054877
-0.623581,-0.534828673110931,0.086497722429089,-0.440687593007103,0.474714273476392
1.51164,1.10725640098519,0.030159809347892,0.864724560942343,-0.344761320899368
-0.196332,-0.253713845810573,0.0629643099834607,-0.224940059539786,0.78435979970354
0.423532,0.19594669724266,0.000656215053882516,0.15612966075791,0.0407917620934965
-0.0671436,-0.171977928292643,0.0665275264960373,-0.178516954713953,0.600200782611929
1.01294,0.644908234227735,-0.0482191724922171,0.558076571238377,-0.0773144418821491
-0.482062,-0.442986879599931,0.0560003932737562,-0.387281587792374,1.28982800341088
2.05817,1.46437670766155,-0.12747239266981,1.00792964752448,-0.242430868935108
-0.268015,-0.311959057955704,0.0796628316693838,-0.269106866673663,0.933115898226553
0.419354,0.198036821503139,-0.0215207098043944,0.140846255929001,-0.645034948067963
-1.39423,-0.962619099628467,0.0366694543080948,-0.819160080322576,-0.263025856015004
-1.0653,-0.869676009948095,0.0102781765334577,-0.770311589304911,-0.503107410281
-0.00610607,-0.134295063338222,0.0888878611459005,-0.167250054497052,-0.103924695498908
1.04849,0.709043784059363,-0.0326695927110073,0.548524248363605,-0.16317733175363
-0.472277,-0.438131996646493,0.0707720372218522,-0.371849842107246,1.23921225228322
2.04451,1.48481403827951,-0.109830164250041,1.0449402209379,-0.555477848340515
-0.945599,-0.7298025919882,0.0323394408182264,-0.613573710564793,0.729985784341811
-0.211393,-0.283592283895997,0.0340068092474676,-0.25625707465484,-0.466894295104345
-0.663645,-0.558413372564021,0.0651991661056594,-0.473455082741741,0.4676406875694
1.55358,1.12740397915085,-0.0652511607777384,0.921719803156555,-0.712776713990469
-0.925863,-0.716034390859913,0.0697059754641895,-0.62490920673446,0.498527046721673
-0.212133,-0.278971396648893,0.0387306647238683,-0.262788414575473,-0.47751030036234
-0.636746,-0.539080064671218,0.0855380818351195,-0.475896565585705,0.494131007079444
1.50804,1.12232378161014,-0.0140384015806193,0.883477081553602,-0.367618224166007
-0.208251,-0.267501260477576,0.0724448244126359,-0.239263150762762,0.676387431777007
0.418852,0.208325013600378,-0.0103596070043256,0.163571113760737,-0.65896521809203
-1.39483,-0.971333023279263,0.0509686503600989,-0.869731531103498,-0.269065313283321
-1.0713,-0.88475528444959,0.00215136056932755,-0.751690907512221,-0.512471853374491
-0.0105765,-0.118502001679831,0.100293288535903,-0.183716293729151,-0.152259494689753
0.937503,0.652385017309178,-0.0122767329556665,0.518212855483825,-0.155752690366643
-0.460846,-0.428809551345335,0.0889926541343113,-0.364603802992315,1.22359689130862
1.99979,1.44020223115796,-0.397609025347437,0.854786831263069,-0.218298929742165
-0.460642,-0.425828628459873,0.0522659184013974,-0.364956514589642,1.59983887430202
1.96068,1.46741612858395,-0.166121273918822,0.968709178024216,-0.490255302611026
-0.943136,-0.727125713443522,0.0491159723898531,-0.627990742613269,0.702495718517062
-0.216894,-0.280584839731322,0.0526838766390868,-0.260893158824328,-0.464240230595948
-0.65712,-0.546272670702468,0.0574449435052412,-0.473284238238188,0.482996055434835
1.48213,1.09606760397991,-0.0413522374275016,0.894431966659541,-0.387174038077048
-0.231829,-0.273973536247606,0.0721931805186282,-0.241348292770727,0.657210336893864
0.402667,0.197649663070173,-0.0145478779053389,0.159251004355257,-0.670790291120279
-1.39634,-0.959016293703373,0.0310870704114752,-0.82533738260849,-0.273314869153814
-1.06001,-0.873194406476631,0.00556021138006687,-0.714665845256213,-0.517002825173599
-0.0273758,-0.126575526946772,0.127759250697394,-0.167981056840207,-0.117414764239909
0.977893,0.664869229825697,-0.0332603411866833,0.517919603679015,-0.0745169042481976
-0.0967819,-0.189858859356392,0.0538227845305344,-0.195951038451295,0.792679133802817
0.952986,0.617572933712521,-0.0654000995733996,0.423718435670203,-0.0757897939948252
-0.484274,-0.433210875408715,0.0726312266836784,-0.356925586129157,1.14736045980523
1.97641,1.42948513314951,-0.0532622410779862,1.03119101037495,-0.81568772207352
-1.3975,-0.942613889266409,0.0476678283944725,-0.801840189474267,0.304652074680828
-1.06554,-0.864889313768275,0.000919392470765203,-0.713985543618109,-0.87669084255981
-0.917731,-0.674107631514593,0.0706065619371612,-0.523575534514685,-0.625911277437161
-0.175068,-0.24936913361211,0.0603712310637472,-0.209366792468453,-0.655110528086664
-0.654853,-0.536338011340985,0.0570505319730562,-0.38782294343467,0.467451532507
1.46821,1.09356430864155,-0.149713740517712,0.856067142548296,-0.379411806056311
-0.212981,-0.248886557356392,0.0820004502459949,-0.215252904705646,0.654022902821683
0.409293,0.18954264761492,-0.105806585103739,0.145638658874703,-0.663772142744433
-1.39604,-0.923196472554562,0.0132292057628093,-0.671380864436057,-0.271342111342518
-1.06581,-0.845289841201372,-0.011893130540198,-0.692009166512661,-0.512783586783622
-0.00983945,-0.108049348152697,0.0222026014916786,-0.151641427820189,-0.146543322174465
0.950607,0.631705951572667,-0.0950180632082044,0.473231621489822,-0.168409366866609
-0.463148,-0.40327986200681,0.0893601225845107,-0.341063111184375,1.14752437746851
1.92597,1.35656145756675,-0.141541533044979,0.977407794476165,-0.554083183640508
-0.937243,-0.686796151374176,0.0232512107901859,-0.560894611556407,0.680983395986633
-0.207656,-0.278974994987278,0.0427727644346937,-0.233973197386617,-0.470003760532698
-0.666921,-0.515878693754356,0.0606414443182991,-0.451939539788099,0.483869905095606
1.47351,1.04523661555781,-0.231384041439732,0.839906514179391,-0.385568979237173
-0.236876,-0.263346344399773,0.0625728173662773,-0.226365417340974,0.701929037275331
0.430905,0.19044146265864,0.00831089090015283,0.164227445677249,-0.427486427040553
-0.932947,-0.677253527146209,0.0351350984857579,-0.585094505284254,0.0656385546378991
-0.206013,-0.266709235454476,0.0682147611529503,-0.223464051016485,-0.555896565927819
-0.659154,-0.507497288842752,0.073517793356279,-0.423975870113444,0.48096671545683
1.49706,1.0378656144775,-0.114048304910915,0.810398606487475,-0.384240082249935
-0.229445,-0.246151608017544,0.0581121656301972,-0.229291285178167,0.690827789892733
0.468081,0.218228752061219,-0.0431425008494392,0.155614966866875,-0.670179548791049
-1.40121,-0.919034942007438,0.015385513774325,-0.763256848515489,-0.240207534953592
-1.05157,-0.840446254990969,-0.0275628055261923,-0.741979382891427,-0.505556871241785
-0.00723193,-0.106142479919415,0.0972100604435423,-0.133732350947569,-0.109247060025183
1.023,0.660085812624713,-0.0145779281943112,0.49216932155482,-0.164268886163074
-0.460551,-0.394796837232116,0.0499685686745512,-0.305885908658943,1.18501299977951
2.0172,1.37839907470849,-0.0937680448133116,0.848201939221665,-0.763978781217292
-1.33825,-0.61213782820248,0.195719519435587,-0.517586493683835,0.41941048012124
-1.15353,-0.879566786889453,0.00956779157901153,-0.71760196298724,0.0376557611920829
1.02746,0.84494857134412,0.00661566808822038,0.442819956887551,-0.262969081587602
0.623462,0.445908878659209,0.107491119321482,0.345591160851198,0.545104462087121
0.234999,0.359309753713333,0.115586046971637,0.207854316183673,0.931980894613247
1.55091,1.04501060147174,0.0107997885052026,0.653015018049951,-0.153563076511123
-0.637239,-0.197781111147964,0.213750561598532,-0.174918193149719,0.479844385563513
-0.480931,-0.407445566874852,0.0699570233633912,-0.272553596235695,-0.149212390918123
-0.134152,0.13327047815132,0.153231115007194,0.0583184387648109,0.280051516015747
1.08261,0.763537127215091,0.140746025155288,0.540169029242846,0.239316452066985
0.751242,0.67100572225712,0.00119994589384691,0.450421478568481,0.523070931266968
0.0949363,0.01295913722016,0.0967686386916835,0.0607250998559312,0.628243265435313
0.328916,0.400088446084823,0.0796305577221529,0.270000783343245,0.780095151707302
1.70839,1.1251367436044,0.0890889503988962,0.714139129341694,-0.140806200386779
-0.62787,-0.18650958477506,0.21036152508981,-0.194252420419505,0.559346381989789
-0.459182,-0.403198698603245,0.0838083325204628,-0.266822380994027,-0.120100675153144
-0.118174,0.142258194085078,0.166104225564767,0.0567625813884583,0.345591930842733
1.21375,0.814721554283832,0.0578958512433512,0.643893258824905,0.237774991382471
0.752546,0.65795399771502,0.0309977824694105,0.495337289338591,0.509659756137732
0.239199,0.0898735040904826,0.0679953376622636,0.124118436913273,-0.241033793970917
-1.35562,-0.604384046904982,0.196814769941922,-0.591761485221801,-0.240202601513646
-1.14045,-0.857562012745157,0.019801734199853,-0.688501201151518,0.00489324172913769
1.18271,0.901497481438283,-0.0160472662811211,0.567964202652042,-0.205735775816726
0.95353,0.582679520989511,0.0448791318524754,0.480088552668439,0.12775924821088
-0.62992,-0.182891727649682,0.202677241878091,-0.153796819857663,0.321094255609098
-0.362657,-0.334534594970018,0.10133122974744,-0.195194980145065,-0.148850017293501
-0.115383,0.139473574913152,0.151451287370429,0.117381271654387,0.467708754124141
1.41531,0.922445435306691,0.087254950460804,0.761789744577954,0.256291323895846
0.781909,0.649355331248237,0.0327152669936838,0.513226926226562,0.593655969735046
0.231711,0.0840968316236892,0.0830086977198,0.156859862278667,-0.211501027581938
-1.34793,-0.57768913814166,0.217528671396266,-0.619596920003839,-0.233987851746086
-1.13913,-0.852665361236861,0.00541815092020544,-0.672286190045732,0.0414026733653523
1.25984,0.93930740222592,-0.0435268373800993,0.635549624874758,-0.202786389377381
0.768309,0.470911958651491,0.0720798211488138,0.478802689705771,0.697799910161459
0.359215,0.421731487582658,0.0619549868963535,0.340689523157814,1.02510986709772
1.71465,1.10394412359451,0.0266071704093352,0.876464891689135,-0.440032728844815
-1.34881,-0.568255933205755,0.247358323909155,-0.657705930594686,0.237322413832675
-1.13836,-0.848348545109899,0.00517775207742832,-0.595073642742602,-0.721846480860265
-0.562548,-0.100638461119893,0.257264686859673,-0.0742782750694937,-0.70993103757551
-0.393801,-0.364137640541581,0.0929586401231858,-0.17618949160615,-0.253735008195154
-0.0452178,0.194902207553547,0.132686029899504,0.175006333107099,0.367954270378969
1.23285,0.812762713030475,0.103967082371342,0.756571379014998,0.346128157325697
0.870472,0.719095534184604,0.0164445363607275,0.596694768980578,0.701869871108962
0.213624,0.0617012748552039,0.102898192474495,0.176116962955384,1.07947260223089
1.35687,0.959160627145212,-0.0558276059370225,0.714164142876369,0.526638774796649
0.756,0.440017211150992,0.0486298252456661,0.517576857714931,0.915994873866891
0.45581,0.450009778608083,0.108828361693828,0.392173741003949,1.22344515070051
1.7745,1.1242865971067,0.0555803351679712,0.956220038826799,0.641283198718527
0.908177,0.713303938072307,0.0191045966686127,0.609101233708727,0.791849342844316
0.219575,0.0590727418179344,0.0612640332645686,0.186948860902076,-0.121544145539021
-1.34095,-0.546164753230199,0.25090972539571,-0.686331605875836,-0.207073688483219
-1.11491,-0.841762414993829,-0.00378677271208168,-0.656387710184902,0.107175398199457
1.3961,1.01433399257388,-0.0831005882009724,0.766845506134347,-0.166273929460581
0.800975,0.472632322683196,0.11334352906651,0.543854341639848,0.835781773686252
0.514195,0.495436392974916,0.0292681196423799,0.450272447969344,1.13211798613067
1.76506,1.12873436986744,0.0416645109640038,1.01737026221307,0.0476457684955451
-0.502481,-0.0713437994852117,0.23228680561301,-0.14458194408666,0.659926976907465
-0.348974,-0.351621182154583,0.0897974446220009,-0.17358535266907,0.0109411284351906
0.064533,0.266119845984781,0.205491860651401,0.214411349897614,0.358948361078201
1.30574,0.838581297770994,0.00133451167666463,0.811913392988494,-0.2198416460039
-0.482786,-0.0596365020811468,0.253917136720252,-0.135478559683975,0.437752276260353
-0.321689,-0.331401494212575,0.0518030037964317,-0.160142880091738,0.00485560558864312
0.0766584,0.276987870018421,0.158187498784245,0.203372156351442,0.472874764362106
1.32113,0.863028651109365,0.0252945199410473,0.820016350977324,0.452035611629414
1.03126,0.808929734613344,-0.00311281911349905,0.687056019377086,0.592249485376233
0.28786,0.0928703137149695,0.0291187806978278,0.23590281551405,-0.0973110439855276
-1.3304,-0.533534909027882,0.266997931598748,-0.691979195967539,-0.162610376931904
-1.10048,-0.82820616866637,-0.00386980784834791,-0.70578766058911,0.160495614026596
1.50054,1.1015420034292,-0.0629409701364117,0.826692733129531,-0.160644209333709
0.783154,0.468908942586661,0.11014031017539,0.532375611918107,0.918975757877708
0.578226,0.538448818323694,0.03021430601895,0.50023453427007,1.20063623545194
1.72372,1.09590036266711,0.0665052389792842,1.00539095350852,0.653785583535312
0.567605,0.538058664223828,0.0679264144694231,0.508578125746225,1.47487626303122
1.71632,1.10612002527303,0.0194366411974623,1.02858119377003,0.134867050090054
-0.481173,-0.067382998704827,0.210091282565702,-0.104506240115734,0.658280921193703
-0.339574,-0.337981255567037,0.0639938959525113,-0.141747373570233,0.0423122579467754
0.0949012,0.287391879089978,0.175364061727524,0.259149499412526,0.435964917570303
1.23964,0.814481560840995,0.0755196520555999,0.812647368032157,0.460245564270193
1.03565,0.831976495056196,-0.00470561990527791,0.759804615999725,0.552156972574793
0.272262,0.0935671678176443,0.0365410062813102,0.255565481280154,-0.0996802086988168
-1.33118,-0.523038853097373,0.275670743507578,-0.712691777344784,-0.162291368521578
-1.09492,-0.838466662791724,-0.0234728032063742,-0.667774700198552,0.192866383942812
1.5555,1.14008293715516,-0.0261304278599167,0.918196971156649,-0.0890838546442746
0.82057,0.509462940872871,0.0294578275458733,0.600578555219961,1.29917263713932
1.54933,1.06370774845198,-0.168679971887841,0.842616154377859,0.845002204674292
0.830337,0.498535491188984,0.059213295399125,0.584141857145841,1.10018771844799
0.647367,0.566591894066851,0.0354016683766789,0.549392994551993,1.13605657351996
1.81357,1.17667021265285,0.072139833839984,1.0901194486262,-0.297620979744555
-1.33546,-0.536146942071532,0.230684010582644,-0.736617775912384,0.326536915009484
-1.09649,-0.842610602573927,-0.0196129269922398,-0.577274276043546,-0.643087076521748
-0.431752,-0.025692986535501,0.217269367627168,-0.0114887155311598,-0.634703465126102
-0.289071,-0.294027477200484,0.0680148996712022,-0.100202279409282,-0.124424197679855
0.113943,0.289868639334246,0.171029736613205,0.287784096413599,0.441305408748227
1.25257,0.902027743618393,0.1912780998198,0.923604067550535,0.49984632750862
1.11083,0.852096048215902,-0.0881000616367251,0.797307148769268,0.560849925592787
0.275784,0.120852189801465,0.0974253375730747,0.267508835891405,-0.0632498738371382
-1.32091,-0.541359292896778,0.274945208965621,-0.76664856482724,-0.162166522893301
-1.10789,-0.844872368781695,-0.039282270188205,-0.622886142163259,0.192532825747393
1.56148,1.17783300227319,-0.0107063099849765,0.933212111338256,-0.148959690541969
0.81306,0.554685635437497,0.165141585967546,0.608051717766722,0.954860749592235
0.630445,0.572412593919133,0.0582401140174258,0.559718214126608,1.13867808492145
1.73342,1.20631834407694,0.0769107185702361,1.09320209908656,0.127906266197714
-0.447753,-0.0644552905358566,0.215415695495328,-0.107349983059153,0.689209580099989
-0.288617,-0.28667590832771,0.112445511081639,-0.138962854456886,0.0953203655038492
0.161848,0.319631637538223,0.157768292091961,0.262047836766738,0.525009548589159
1.37022,0.974376025797127,0.111190425237029,0.950507907749541,0.556657726860977
1.15177,0.880561096564786,-0.0735888550696072,0.818070260887063,0.712550742000096
0.354282,0.173950191641422,0.104159046054446,0.304193078911799,0.393460718615351
-0.404809,-0.0381207827863418,0.207568218628121,-0.0466482059625924,0.154582447306624
-0.25521,-0.272265568940575,0.107779514457433,-0.130138344375212,0.0350526653986537
0.17817,0.320939075915744,0.148991893811485,0.297276784118939,0.509348350476302
1.32982,0.94929129749789,0.162460750216714,0.955774044258327,0.543867910275687
1.12461,0.889843536668207,0.00215160574614887,0.844449358210791,0.637360139413243
0.367806,0.187620654105115,0.111186793653136,0.29767180341148,-0.0531592027032053
-1.32746,-0.567672244523236,0.252836340001929,-0.765643448446568,-0.11181842979795
-1.09067,-0.842158471584385,-0.0283997225385281,-0.710453102299356,0.210349292029051
1.58203,1.20442326350083,-0.0470456869356796,1.0353973782296,-0.103030106125246
0.897499,0.624110841692283,0.149267295644398,0.664034273339294,0.979887485588749
0.670085,0.592583132422115,0.0835412471044363,0.567109448550955,1.16444809172728
1.85176,1.28825900630231,0.120917528378803,1.08664663232433,-0.262428511502436
-1.32838,-0.57542961608814,0.22480744376165,-0.711640876000708,0.486591715430265
-1.09403,-0.842561008788836,-0.00340187342689982,-0.738780241628192,0.30268745299143
1.5844,1.19955776736419,-0.0143222918969065,1.01823169599236,-0.079038118908092
0.91986,0.620283351454678,0.178004391729781,0.626368900756526,0.999257880560618
0.684493,0.60631755125403,0.0724701462942679,0.570727255296696,1.2440337022702
1.86479,1.2943694174092,0.1247701948965,1.03194210486802,0.172612938194994
-0.420631,-0.0511011932850015,0.189735343149131,-0.0911622746707849,0.770622231948082
-0.243977,-0.268285797391846,0.11234067250718,-0.148839108806784,0.130134138688032
0.191049,0.334073784158556,0.159856828837826,0.279522669722959,0.559683251443781
1.39593,0.979991273766902,0.172170969715892,0.955739397507207,0.583489795532911
1.14326,0.889344733857546,-0.029569363725859,0.861990102869704,0.823707478344605
0.374349,0.193743224274621,0.124256432041026,0.306485246379637,0.987253359465734
0.699696,0.622481752196733,-0.00324242671705078,0.58319199350026,1.00289489401555
1.84982,1.27836568792928,0.0711369453896503,1.08826075051958,0.141760675479888
-0.423083,-0.0452091711002052,0.202903261197118,-0.0880719674713721,0.752091567816556
-0.258107,-0.268604113231162,0.0831204762531308,-0.148364893842746,0.114852405417036
0.162815,0.320923335567939,0.141082310918487,0.265977475541675,0.54896506125512
1.39487,0.992595996234059,0.128847352148663,0.95697112839654,0.545216708140962
1.14083,0.89644768539889,-0.00677721913173534,0.821532137315277,0.659595363224614
0.356082,0.178573010951195,0.125598074252702,0.300391596031208,-0.0406277670504355
-1.3252,-0.55218901530167,0.267151005579422,-0.76169792669449,-0.111052479895973
-1.09012,-0.834653387577458,-0.00158063754613678,-0.739051529620064,0.2370170060939
1.66387,1.23969363683249,-0.109270248524988,0.975117891930222,-0.159356599954309
0.963883,0.655347852974095,0.111880376242258,0.641040632820712,0.448997356724276
-0.391521,-0.0353258847079131,0.213326438081854,-0.0319117406002036,0.434426196484452
-0.23013,-0.263843857578359,0.0892567930189656,-0.115281590072381,0.100335740167144
0.211553,0.344579330568135,0.157484698991953,0.326622668794363,0.563781926485355
1.40751,1.01897614356866,0.203637361584381,0.960986023681385,0.586587489971895
1.18525,0.91680654469412,-0.0197870184383813,0.833878494067093,0.673208982018478
0.367415,0.186404030591257,0.108099125011035,0.305928452674714,-0.0188972107177202
-1.3234,-0.528063648443228,0.273338780868842,-0.705763316382721,-0.0976579602169789
-1.07811,-0.828924610292045,0.000121121756019282,-0.732943247978415,0.241590313894305
1.64781,1.23849408625485,-0.0486708012785241,0.990444764781823,-0.0914448281275734
0.909346,0.614712851991474,0.145286734867328,0.67498665972653,1.013960501995
0.690444,0.613646352712753,0.04587946553828,0.595377801426336,1.15095088529707
1.80349,1.27630428538196,0.0613057841640495,1.08877462265391,-0.268149687348051
-1.31725,-0.534272769957473,0.275437011342417,-0.786751962213366,0.331391968224234
-1.0923,-0.839760323474002,0.00488453709094173,-0.804271230311286,-0.618773068016044
-0.378618,0.0102180740618357,0.24225716751817,0.0330659949653818,-0.675658444533787
-0.223972,-0.245008660555159,0.116336810678564,-0.129199649256079,-0.480851602297299
