1000
0.827236,0.343355290964019,-0.33020908720389,0.336847893242223,0.610899577140702
0.736791,0.21435037664035,-0.372982322013908,0.355241131827671,0.324689444820961
-0.188151,-0.0491028808371114,0.0533592130506439,-0.0463437068776613,0.563786866807622
0.420076,0.0505669298862369,-0.162750321269765,0.279938010370924,0.0619188808076185
0.161888,0.105030112030623,-0.0748987201361968,0.053446208078787,0.295494481190931
0.166669,0.00507550060097689,-0.0267658658979353,0.204718924117056,0.427063917049638
0.684705,0.217104496017167,-0.249945465894762,0.268341541531502,0.358548891120013
0.56625,0.17362616295169,-0.227223336618792,0.346631982641651,0.522469337949007
0.502384,0.13362524616775,-0.180755742114818,0.121626131948843,0.320530657854331
0.0883955,-0.191791023160605,0.223797430224332,0.00157617680843272,0.234666656236552
-0.071044,-0.0827541615455134,-0.113066793433077,-0.111320069241139,0.132214726218116
0.1615,-0.0441078127910159,0.0561629280085927,0.0802889529246914,-0.101808853191195
-0.0275888,-0.0447009259847061,-0.174228323183565,-0.0205724691396601,-0.409573361349159
-1.20862,-0.381659837759307,0.449783661118078,-0.271416682034915,0.253556552831512
0.517379,0.111014726251288,-0.283134110250455,0.293003788857436,-0.277160539846776
0.527378,0.0787173500397123,-0.0930141463388075,0.245400803889896,0.227496291519012
0.300502,0.0460824099156496,-0.200004601990288,0.136011533266645,-0.0411543651585104
-0.613143,-0.165424130914325,0.383579283917232,-0.282366546682595,-0.00970292562678977
-0.414153,-0.133734512913827,-0.122367106636899,-0.143047137196112,-0.224157315618342
-0.0654765,-0.0320949231909522,0.0941599358828779,0.0266180533655049,0.0527035382635307
0.551646,0.180065520849518,-0.339117735698444,0.321203942471983,0.137976068528485
0.536043,0.144357114677195,-0.288229354230138,0.323178252740557,0.0235653293415718
-0.458376,-0.127755965358744,-0.0420995520744757,-0.212916997665331,0.214034878605469
-0.209126,-0.0985481471968183,0.250510725924437,-0.149187533516964,0.119500975850197
0.567012,0.114421420442082,-0.29336368596483,0.242469821716082,0.114858795288491
0.481931,0.0704847256155196,-0.108720821688638,0.235336080534369,0.3724604948162
0.425446,0.0820851747943165,-0.208468217766438,0.0946113771560749,0.0216448382805319
-0.474865,-0.145195146424959,0.347034411723384,-0.269361205185329,0.116720644673017
-0.248766,-0.0447087154570068,-0.115157825822787,-0.154538702618336,-0.130326000908506
0.00866929,-0.0293183218480878,0.0893345602863549,0.0216371654781218,0.104346141679249
0.483467,0.179960489002627,-0.361852961060871,0.307791328482405,0.183736766170619
0.546145,0.110379304565481,-0.293814269905785,0.308043444101881,-0.0126887879407717
-0.385682,-0.0597277843849909,-0.0226317588346068,-0.201267896227977,-0.0828164724154054
-0.800388,-0.197082767999636,0.241926391893995,-0.123929379484063,-0.159080520043991
0.00344042,0.0141415832124751,-0.161233582449106,-0.025290747610384,-0.598865889469055
-0.703987,-0.221987346341041,0.482666546994661,-0.351105520795465,0.342453162101997
0.794412,0.206631313580981,-0.376575200935853,0.315235404710156,0.073925233698684
0.795832,0.146760270892401,-0.290676888641567,0.341074549604887,0.576570483830178
0.587983,0.14536365624111,-0.27386996413605,0.226739262085592,0.615962761609491
0.516104,0.0893106016308114,-0.0650808384032829,0.232595029539783,0.404399968329836
0.316681,0.0907134523575425,-0.216518878973424,0.134131793540169,0.0158331247708811
-0.547581,-0.147861944973921,0.393588767523017,-0.24449206010053,0.0619009880778446
-0.271056,-0.0329296263790815,-0.126453159239498,-0.101642337197065,-0.189023292400954
0.163587,-0.00181924782537773,0.120630020070763,0.0560140739908917,-0.492733523498972
-0.786116,-0.203782081303521,-0.0759009212282743,-0.174298150914869,-0.0350297334197566
-0.136298,-0.113511244799329,0.278343330532049,-0.140310316928524,-0.491403080636592
-0.218138,-0.0542374427223042,-0.173387363677362,-0.0489266692097967,-0.584744777405284
-1.01613,-0.316760976009441,0.519390093433489,-0.383586462649406,-0.414672132307235
-0.707956,-0.141231126973873,-0.147552185944869,-0.126516186563644,-0.481743055246226
-0.165472,-0.101922545872225,0.129028619977744,0.0149488995976113,-0.123032695496252
0.503138,0.18775711894772,-0.364689548848792,0.331704899521914,0.0825591868388756
0.611485,0.129557082761737,-0.284524226112272,0.341773861946748,-0.150319098070885
-0.745054,-0.168391080172488,-0.0386716874243576,-0.161918119309821,0.0979634518783769
-0.35915,-0.138224573419177,0.306139439555627,-0.140014656920822,-0.530193394971868
-0.414882,-0.0684556259090628,-0.182175353883632,-0.0524325932014891,-0.731092939927001
-1.32365,-0.268196189041228,0.539085806473715,-0.259427506303663,-0.0378737998576142
0.425102,0.0914865789989316,-0.304198573027158,0.240424900993312,-0.681215249563014
-0.225918,-0.0110514815032138,-0.0629123444785502,0.16266100152466,0.146432588175602
0.267766,0.0497785748260986,-0.216903936596244,0.110178729893538,-0.476006093050191
-0.96502,-0.298531133635815,0.431490817428898,-0.30560356068792,0.21069398574548
0.216476,0.0990905499928868,-0.290108696596426,0.190606391257569,-0.280314956513885
0.327739,0.0379393252199139,-0.0435542555055121,0.202763920742535,-0.131678469286105
-0.195688,-0.015388291828714,-0.24179271664142,0.0774556620994687,-0.39782019123796
-1.14073,-0.284310693847684,0.42948582771505,-0.271125825291162,-0.442903536305726
-0.862696,-0.148842297187863,-0.142951343384247,-0.124814779339468,-0.592127547967549
-0.29365,-0.115114808056422,0.145766005224902,-0.00141763907656797,-0.262362942822533
0.376483,0.17036238928326,-0.382805076763985,0.332362703505552,-0.0687600909595635
0.410228,0.118712534861912,-0.277634367603757,0.370466137490424,-0.21661073469751
-0.75238,-0.168474831240659,-0.06097562816241,-0.14046841257595,0.00578434327200469
-0.359072,-0.117206140408632,0.311058729469206,-0.117995178395079,-0.528381979258425
-0.319418,-0.0628202318250225,-0.197362884439523,-0.0181919437284426,-0.875976797387114
-1.53018,-0.438469792083367,0.546803769366035,-0.248841871459086,-0.361193393380654
-0.231823,-0.0506526977690792,-0.191790343285573,-0.0282130640006666,-1.325135553485
-1.57806,-0.403520212424238,0.534917836801219,-0.268919322291999,-0.0614256680537772
0.26154,0.115758144488492,-0.304018537068408,0.240816750839848,-0.519077574377992
0.372628,0.057252854806677,-0.0495514554989324,0.262468210006165,0.161021064982122
0.433966,0.0994925427290466,-0.222681814537037,0.164100267344714,-0.0372093971395328
-0.485093,-0.111645916770395,0.454679300262143,-0.227742085673548,0.272787429534961
0.0956265,-0.0741164630009612,-0.132332369638543,-0.0613668623829515,-0.0166182064700538
0.246948,0.027256473918482,0.156565586521705,0.0803477030534495,0.369974761519703
0.727522,0.271103484832273,-0.377563441019103,0.431243427141936,0.415755717555161
0.783882,0.208414772704395,-0.27857712381922,0.43659838623139,0.161739865719022
-0.357628,-0.146667376516533,-0.0568091856539605,-0.123529881934075,0.304863351623889
-0.1485,-0.0353892520883884,0.318330951373036,-0.0838137554500535,-0.187698308731491
-0.218364,-0.202086455822477,-0.109792313193395,-0.136211361387227,-0.0784356079289771
-0.0311521,-0.0364625551356083,0.313970200135314,-0.0980589655945365,-0.0234154676895777
0.313119,-0.00492313512650963,-0.191044547198425,0.0428848483702942,-0.376050218684419
-0.936265,-0.197194279463993,0.580291818257528,-0.322285094264271,0.467612942687054
0.664858,0.270163999780712,-0.391635017036372,0.39403269080205,-0.00331859273672974
0.775132,0.237547253374891,-0.277871025631634,0.423652249851119,0.531441334461351
0.64407,0.159549119926652,-0.281909963307838,0.27053862539682,0.576016041190675
0.441176,0.177796028705402,-0.0329467301679205,0.278459242004727,0.496222898834349
0.440679,0.0878588734741612,-0.231906874634804,0.163111366935127,0.108042142494727
-0.303967,-0.130295087559419,0.469400045645557,-0.26366758794091,0.226103334970593
-0.0558787,-0.0834971765739752,-0.143675303703065,-0.0497841676568572,0.0842575397306889
0.282856,0.0703355023144159,0.168414803159129,0.088887277605596,0.360736766282721
0.820904,0.292780138123323,-0.380963381776327,0.402839666139148,0.447488190680105
0.81899,0.265929368369555,-0.278165728760263,0.417565626917355,0.265590072677863
-0.229755,-0.172099686545428,-0.0697916310410211,-0.135227940240406,0.384283831644716
-0.0650447,-0.0384895809361446,0.34249207345158,-0.0911775931784805,0.0224923190911216
0.213121,-0.0210180549161439,-0.189317093877156,0.0590293741294778,-0.23924880382901
-0.58206,-0.209767424836225,0.612931628031054,-0.346971936805943,0.361362110067421
0.55104,0.165862171681439,-0.327016183319286,0.298876741889,0.042546926785534
0.581417,0.160321930131307,-0.0228679530366685,0.276378114349718,0.399211067282609
0.506098,0.0895205722220313,-0.23607349124523,0.201727179436689,0.177816777528278
-0.226467,-0.130647849610038,0.495771578724983,-0.263100445697579,0.237379789988896
-0.100126,-0.113074905796633,-0.144577257267051,-0.0247862794701937,0.0973126473214997
0.238443,0.0563146878854807,0.168327632193218,0.109196293281496,0.307023355612551
0.747823,0.179286173847234,-0.325499345979813,0.300443828958722,0.362874952555772
0.582067,0.192490729354167,-0.0146715282558753,0.294561722651449,0.477573711567785
0.424562,0.0691970248870822,-0.238768869253162,0.182684524989392,0.0656179933535578
-0.566877,-0.12038613626579,0.504660689270312,-0.226501068586324,0.287660898798487
0.0951135,-0.120451317085682,-0.142644351109034,-0.034258508297998,-0.0591894790153596
0.217263,0.0398929028457967,0.194199798700297,0.132526369228584,0.38039566869531
0.760992,0.321691042207157,-0.390455489442507,0.466667931851931,0.411018564588967
0.758361,0.284948191159402,-0.271235760606564,0.475784466820256,0.304107764965121
-0.0772085,-0.1652180892157,-0.0673590409776575,-0.1260728877997,0.369282606042896
-0.0425725,-0.0321505532967251,0.372135045884675,-0.0547265649420292,0.119415885604688
0.272062,-0.0287080171932945,-0.202503171438484,0.110659312261396,-0.145561347551548
-0.422416,-0.201242437580575,0.638025742228705,-0.32523626138472,0.437567044716052
0.728397,0.279511956828574,-0.436370124202052,0.390036827689266,-0.0681897164742511
0.417271,0.112324646365794,-0.265969520921302,0.298325938375877,-0.267982793225783
0.0217513,-0.22927826735251,-0.0774767207794904,0.0959079467856894,-3.52942339961933
-8.62128,-4.08971451757284,0.287637520220618,-0.538852276486073,-0.525801778831799
0.449275,-0.00698128754161847,-0.250566486247781,0.305683475694365,-8.71867634019584
-11.9786,-3.91644656551253,1.29357258932733,-0.466172387878769,-0.153563556412409
0.566311,0.169863688631203,-0.378831453418439,0.4427598356515,-5.38870096090766
-0.635887,-0.401465687535631,0.0247183601666309,-0.0248434222627567,-0.353952051276691
0.769291,0.150688783916793,-0.279896924784677,0.399238576546838,-1.34968780486768
-2.42188,-0.871595199012118,0.69473761113566,-0.740593777310644,0.472394487456235
0.57052,0.0753184864436879,-0.135896974667,0.290675458682176,-1.28721829806345
-0.731859,-0.356621944092925,0.204138631336854,-0.19916844810068,0.174959019915419
0.622878,0.152329095673538,-0.189245660744642,0.371373036385236,-1.52709783628554
-3.00478,-1.02806825749742,0.714546859140899,-1.01792469378874,0.53307646016385
0.726212,0.241493278656842,-0.357010592072463,0.491830135247862,-1.21662987201216
0.0229484,-0.102970096250362,-0.0106802850147441,0.196214341138628,0.240523004000616
0.733188,0.161592888755322,-0.269912786368731,0.438365720745183,-1.26005191236897
-3.04654,-1.43752953489972,0.599069850618894,-0.840022583877356,0.361056646758332
0.359366,0.064970561178849,-0.17493353849205,0.329827655090093,-1.96533963170953
-1.81284,-0.908981745263366,0.24683863333049,-0.478370069979168,0.31716101944257
0.771452,0.268575691572441,-0.455056954265626,0.469071129510521,-0.618726177970577
0.420943,0.179666122591561,-0.282948781510505,0.412357693706634,0.06526198335733
0.233001,-0.0331896017421277,-0.104626281925865,0.247214159670308,-1.42550887934928
-3.94492,-1.3983080059483,0.459544924923032,-0.747339891432073,0.401412419690151
0.702933,0.204627408672334,-0.377679377413626,0.451704535007192,-1.84459123878313
-0.443408,-0.249008896857324,0.0100429848136387,0.00992943373138958,0.057078817687718
0.518751,0.117075052845082,-0.30754759480679,0.388908130715413,-1.60525707168966
-3.3982,-1.2870928877733,0.633543642082773,-1.06425702136101,0.326999658244829
0.473287,0.0494784537257071,-0.168969592297907,0.295460302718511,-1.86576757612062
-1.21453,-0.468267447107622,0.194816534115022,-0.383456803519739,0.427779870774249
0.934776,0.313542942069208,-0.445540582863029,0.435696837442963,-0.242055547436259
0.631376,0.253043071668992,-0.3013874704755,0.397530166326578,0.369684895635981
0.438588,0.0251417549536071,-0.0788957775456499,0.209799561345352,-0.592753319332062
-2.15671,-0.598004844755257,0.406155144890534,-0.797847984193626,0.2850193751388
0.601381,0.164409313250787,-0.229607711805494,0.370888271457518,-2.24523735852269
-3.35202,-0.994032941689301,0.71876597223361,-1.29692039126816,0.530709514817688
0.873292,0.337526628009539,-0.455311508445688,0.433223632116672,-1.16576742168515
0.445784,0.29368509903599,-0.313667918992261,0.409990828325681,0.500327516318583
0.758289,0.258634955336101,-0.341358910685389,0.419598027748888,0.332123184575579
0.202273,-0.00592238008124081,0.0117192437571134,0.0753224702170999,0.57224769033211
0.756181,0.170730366744447,-0.280814377250335,0.359626417220894,-0.551447452223716
-1.70967,-0.641775870198306,0.572092161392289,-1.23956641932593,0.583218197462026
0.62167,0.116560134216572,-0.149610740180383,0.259582188904941,-0.83179584402378
-0.432422,-0.303481978923706,0.170425020994117,-0.384685454162131,0.345282176359173
0.606823,0.0828325355900152,-0.109130123632793,0.219403460681364,-0.663159987952992
-1.22629,-0.533848506566211,0.342256560890092,-0.890204058963751,0.350407048227881
0.636717,0.165218529933851,-0.229108560480968,0.330590611127993,-1.51414288828824
-2.50886,-0.872012830999381,0.714929019632424,-1.53056963192028,0.453485083112405
0.649084,0.154910747671517,-0.160211270961746,0.259131169265939,-1.17132410098236
-0.458758,-0.267227274245971,0.167925726676649,-0.378293809458573,0.522969964329166
0.830668,0.335478089929614,-0.449706720873707,0.393256002375257,0.152594452850638
0.712637,0.281769665787885,-0.312538296908626,0.335403253885335,0.50438146580881
0.582527,0.110032479592592,-0.0871673556211158,0.175634155407536,-0.113226089490546
-1.13604,-0.497513351260289,0.344085989490115,-0.973226355164224,0.419063389996334
0.668129,0.22401493018846,-0.225870573414913,0.305131869388902,-1.54074714202453
-2.71593,-0.931773587143015,0.671485780295404,-1.4723127517447,0.561276424038763
0.767475,0.319601591103358,-0.358714930912859,0.374077380910694,-1.00989989531189
0.21542,0.0410077578102727,-0.0265247183402379,0.0612270513088516,0.292584440492825
0.649933,0.258139127267257,-0.277773900605187,0.338766558681313,-0.829314678224003
-2.34758,-0.724317257878288,0.555211921616887,-1.34710918642468,0.648658109307675
0.80233,0.278190180383232,-0.351612727224602,0.375751219612491,-0.860088464727634
0.183472,0.0234563546390714,-0.0183988070796009,0.0489694690133344,0.30295279557807
0.661501,0.223446542656053,-0.273678992120844,0.356501815773953,-1.06716580839279
-2.81146,-0.738003933180311,0.55555582950177,-1.32403685041289,0.431607505783095
0.407735,0.123118290401327,-0.147147736481803,0.224459516824219,-1.41084870410316
-0.733789,-0.34722513088807,0.141901601154739,-0.372252196103829,0.343706710784131
0.719818,0.318287987507557,-0.445034596841404,0.381715891989764,-0.0663577995229013
0.571637,0.266040808628151,-0.318039375887434,0.352520723895541,0.27567174532863
0.391019,0.0760367771169987,-0.0735046391885763,0.136538024359154,-0.716880345816885
-2.31075,-0.555970917951424,0.339184547130823,-0.906444497650141,0.0982865555039022
0.340531,0.152293897422464,-0.216935562957483,0.255872363133799,-2.65098332250121
-3.97088,-1.26919330310855,0.589966245112894,-1.41286227095633,-0.0801899663932292
0.303254,0.132905050555535,-0.213290431141007,0.248310481034856,-3.09605770066305
-3.37734,-1.09850360471529,0.641382609370461,-1.49065982433,0.0549772456713119
0.456092,0.216234940303858,-0.343217202109816,0.340258165396134,-1.55195567359646
-0.22518,-0.0635425287189053,-0.0280204088079634,0.0344891529589442,-0.0381777983673448
0.329593,0.133182454053844,-0.274461393150563,0.290724032111263,-1.12641238574867
-2.41963,-0.732334175930936,0.536332360844885,-1.24525274280842,0.134388165380059
0.198896,0.0726537144723292,-0.13836178726241,0.217328530742222,-1.51303972412749
-1.29271,-0.446634356988212,0.147021133313718,-0.345214516522844,0.240225513013957
0.653936,0.283991145110197,-0.439355284711808,0.343105350295741,-0.366142279873128
0.467844,0.204710258186128,-0.307576757167457,0.340692008581159,0.157356704605225
0.134978,0.00555291332170521,-0.0559805998733419,0.118612457615316,-0.399937675232838
-1.49629,-0.483245526742141,0.347034129050386,-0.852253811127712,0.145710946424682
0.505078,0.0906288253119805,-0.104880432103335,0.22135594222716,-1.69283685718119
-2.48048,-0.601106096388799,0.326643689462771,-0.784202132024876,0.0126895290243916
0.376402,0.123078799031312,-0.206766425111634,0.248582282257098,-2.82733061551049
-4.31483,-1.06382394051924,0.606643529066183,-1.34253017194669,0.289379367073812
0.602078,0.24351956756747,-0.428156967820036,0.344064936344851,-1.64103793240393
0.380239,0.160593609071149,-0.307613047418018,0.338107018437337,0.185089164936431
0.526129,0.175617170455367,-0.325198168565421,0.331134616910657,0.0285349002768022
-0.311668,-0.0699823309867009,-0.0168813961455986,0.0726807857926558,0.262721083877463
0.451242,0.117974306540747,-0.264871011180384,0.285216532277673,-1.27248062008224
-2.78106,-0.662741265110171,0.485942895714908,-1.03500631473304,0.210430854437071
0.234189,0.0635933478659415,-0.135233713738334,0.211122567738988,-1.60070929333337
-1.14693,-0.352403508946842,0.129433726711657,-0.18269804063953,0.207526434048273
0.591295,0.22434568688144,-0.43600744746847,0.37050959706357,-0.29933235029035
0.479825,0.115999867532149,-0.327468707807282,0.360468604669021,0.145289637014467
0.203388,0.0477216099316543,-0.0571513885374965,0.147223452597803,-0.554369654796755
-1.81234,-0.540916044799105,0.298248572074031,-0.700550743793407,0.0246923345960334
0.265997,0.0966020255697534,-0.21502747704573,0.275670402887292,-2.14912133834694
-3.35976,-1.08070135113132,0.567200656558801,-1.20062890270727,0.207212507198984
0.557335,0.162838448677519,-0.332246340445371,0.3480611853466,-1.62765020900697
-0.477811,-0.0882220383192508,-0.0491677614139474,0.126333659645709,0.0456524923839529
0.436971,0.106235954347862,-0.267983953142624,0.313941050017678,-1.28455215626843
-2.59876,-0.741286945331145,0.477275320785575,-0.943122017847519,0.287302807532103
0.30904,0.0194854926215277,-0.158889898743693,0.204596600960944,-1.08061684262117
-0.140604,-0.0911347509897786,0.137531160188873,-0.0330219037027594,0.371670121474224
0.85207,0.25551683550065,-0.35758371534491,0.412552113196344,0.203784809811339
0.53495,0.083151941709692,-0.0579351768106287,0.235851260657956,0.624695993396061
0.778236,0.244511990259636,-0.283546352073645,0.373044809442643,-0.110236281485594
-1.02565,-0.372370707228472,0.486551049986251,-0.617628603082486,0.676139251321585
0.716833,0.201476586309024,-0.156695742634196,0.311336401656675,-0.389667001012108
-0.164174,-0.100682930441143,0.104817515044141,0.0246419939050488,0.648661981983944
0.819655,0.269481033408231,-0.455608407271921,0.465795262284283,0.317610272153479
0.727985,0.220040768269276,-0.347091404394839,0.455886082158396,0.615955199207315
0.705186,0.225798032341235,-0.0691537861506126,0.268835903860148,0.179515362042493
-0.502031,-0.196554388412902,0.299442510908098,-0.258572133782648,0.567175972460565
0.770132,0.227668065485434,-0.229652548409916,0.356747756891941,-0.920656890357612
-1.928,-0.540680887794911,0.596585373729233,-0.66910055845214,0.69754991201035
0.797864,0.279947020230957,-0.367666661439251,0.500763498629896,-0.406484735590078
0.821748,0.224926991328758,-0.297931669653681,0.448299968460956,0.344775665324273
0.273032,0.0679138292861256,-0.0631552053324018,0.198492726480614,0.421034485192938
0.025274,-0.116673152664453,0.256101717117334,-8.33788494563536e-05,0.357591562145032
0.491102,0.159431569016342,-0.227223415129788,0.352660168106125,-0.127400052701346
-0.52074,-0.28396723357806,0.582979834446811,-0.224217235126966,0.595726403398133
0.80048,0.21415914328906,-0.364628855629271,0.455314480222513,0.0854456266118021
0.547626,0.114559301252569,-0.0520479941708159,0.352836219192729,0.591278646176569
0.689305,0.200900289574571,-0.268772295866938,0.395350176389946,0.18929970910791
-0.309979,-0.177345097429863,0.501518950281275,-0.167098858274947,0.611913253861153
0.596584,0.12747943834092,-0.183361101541235,0.267070682667928,0.0748808351618576
0.278745,0.00331862112256744,0.171536957288102,0.179294846460993,0.494421590215757
0.639712,0.165616049278197,-0.225022298385285,0.332085896256781,0.0290764454603897
-0.422218,-0.25830370704811,0.670183226866905,-0.306292970544299,0.654389738137615
0.733728,0.212357738695803,-0.347199255871878,0.460509876638722,0.181218992596469
0.63657,0.123423913200229,-0.0267392332634543,0.354347464287347,0.597592878608126
0.730824,0.189014762524576,-0.27073976052544,0.405988083137522,0.283682738477641
-0.162564,-0.161841965139311,0.557458829575482,-0.185406699182809,0.614481764407266
0.524599,0.14165193069555,-0.163203130414918,0.243170329678079,0.209589236096132
0.37869,-0.009532750574115,0.188004719684144,0.164818882391578,0.648077922907115
0.872205,0.262049159972464,-0.403963395281151,0.510806997041771,0.572124968725594
0.826873,0.214642602181272,-0.317940704918238,0.459421440982884,0.577577417275437
0.384385,0.125575259126579,-0.101205078440554,0.177221577758161,0.507323919318248
0.0908525,-0.129473815424142,0.38598666296021,-0.0490442566690208,0.607285775702499
0.798777,0.202285289741542,-0.347180830061584,0.454198451939955,0.357021317732878
0.577607,0.101772402210091,-0.0280092613599654,0.355905257019133,0.611573521267552
0.66055,0.214008411127525,-0.265822996085682,0.389313880706909,0.16800384130623
-0.38394,-0.218078008480504,0.572503427142543,-0.227607086394784,0.546603770867757
0.455018,0.149475279543078,-0.171321511134376,0.269093271806121,0.0707710922080958
0.29538,-0.0268703479673126,0.198937932122886,0.174509842744786,0.573766792212346
0.805228,0.235360174490104,-0.406825190814334,0.509115034629127,0.520381660122941
0.816016,0.152344158312985,-0.332967089966734,0.482220882665593,0.509157595430372
0.330698,0.127963799237703,-0.0928445050952623,0.182460811741215,0.425594412127233
-0.0268995,-0.148705512940595,0.384668865414521,-0.0351359410133478,0.437396375890575
0.619247,0.172669427661139,-0.236514529424534,0.332078436454231,-0.158569312186207
-0.566487,-0.274390806899466,0.726574685662636,-0.272676598983367,0.689688224645497
0.851649,0.217947851253451,-0.418656502800794,0.508743032148994,0.21049389153442
0.82785,0.159498315662685,-0.317968054139812,0.478573822987846,0.728792850412547
0.818675,0.221653066217782,-0.315313876827701,0.423116115408332,0.728436407833079
0.674222,0.0738164737266551,-0.00616467666297191,0.32685393844014,0.676456564267537
0.663554,0.204102643697216,-0.268279587971885,0.38205258697709,0.255737796348442
-0.281739,-0.191228418252011,0.592307708407548,-0.231381218178258,0.518963310913766
0.401887,0.14831355734058,-0.179615637493781,0.250338127150944,0.0228573242624362
0.272177,-0.0798981482004468,0.204187778581422,0.124404537689229,0.00576191762077557
-0.254361,-0.00154590265040699,-0.177634490918474,0.143334367112419,-0.170153203335441
-0.70454,-0.295337698953,0.406190047526299,-0.230503090805938,-0.156494473191089
0.103078,0.0653701485388308,-0.228175201399936,0.187284425227132,-1.06667250462223
-1.75201,-0.516977089188742,0.727053172871936,-0.569675438508898,-0.0662273377147077
-0.106402,0.0432291082488884,-0.202557078095979,0.143632621081158,-0.864927766835263
-0.344072,-0.182497962455396,0.212167842679289,0.015543417751619,0.0193257334805892
0.378069,0.106187320590287,-0.409054535337157,0.361829676461293,-0.06598873168775
0.326514,0.045954969580586,-0.305159463585997,0.352383454735354,-0.0978957473209685
-0.412571,0.0296578209956644,-0.0965783729486011,0.0707907122736476,-0.226169057284522
-0.87106,-0.29328064395711,0.398722488493844,-0.232919757928689,-0.251411720865366
0.0716519,0.0661300381222794,-0.238466961592883,0.183248257158179,-1.26278140008819
-2.10534,-0.48982925628968,0.746405606514746,-0.591992293423441,0.13825898846303
0.384409,0.0948109055587097,-0.327913576933948,0.302480194478836,-0.876797592905069
0.0518317,-0.0555005306047831,-0.00295988701171727,0.179740655973659,0.030524325142253
0.227858,0.100924491697722,-0.268976431383364,0.233824448809886,-0.606161940686746
-1.54868,-0.362100308316991,0.603136811040824,-0.48511828647606,0.27249600524357
0.401706,0.112609492690492,-0.305682196644619,0.284652925727847,-0.637002362207193
0.00165923,-0.0276092677471569,0.0102930794610375,0.1895337595623,0.110485578774419
0.286472,0.121121490144225,-0.247118546952358,0.22039572101389,-0.558785473794901
-1.30155,-0.365602459049317,0.598925123605121,-0.498161496228115,0.00723956534339952
-0.201678,0.0254555103812093,-0.19971363621903,0.0930937034789558,-0.7387514704576
-0.545634,-0.183272332965045,0.229882469271838,-0.0188389244568529,0.0197207974362584
0.366918,0.13597014074794,-0.397445861872219,0.311794945360233,-0.0595644988348006
0.563986,0.042004620773152,-0.324893371366074,0.310320294579097,-0.165682870213738
-0.495521,0.00517307919241659,-0.107983874982794,0.0401735052613774,-0.226401723904347
-1.10149,-0.314353336789083,0.414081926967856,-0.272339212712829,-0.275555095225825
0.0101143,0.079677272568146,-0.228668767497744,0.137324659343936,-1.21314730449923
-1.67247,-0.502535751676394,0.738618227637708,-0.583197743690874,-0.125307965535195
0.121739,0.0723160164043919,-0.231983609498938,0.129111044094187,-1.43671189971895
-1.74674,-0.518382149090636,0.722441066279504,-0.700809609628184,0.123798215654789
0.410241,0.115003211691453,-0.331456069000221,0.261886985882114,-0.711534280285409
0.0890777,-0.0250885477545573,0.0132329322318874,0.129652920136447,0.0717647709243389
0.178322,0.115607253414651,-0.280119109012888,0.194050430045026,-0.391408767223105
-1.02888,-0.332856959548897,0.650348547280322,-0.541474982553499,0.0747102595502096
-0.00457508,0.105430929159966,-0.180886554527435,0.0713067308020682,-0.466774158011061
-0.194988,-0.127181938163844,0.250371349832366,-0.0536595923032079,0.207520313203628
0.566566,0.147622889289168,-0.410986222867279,0.333474826824817,0.122699031127504
0.539419,0.0705442312780403,-0.329506814569155,0.316360226037357,0.134688543775668
-0.0986814,0.109032931989601,-0.0879441251203795,-0.0101469946939215,-0.0720764637134008
-0.755234,-0.207081096961584,0.450541461304314,-0.306725494435073,-0.0981156926338719
-0.152256,0.0565726086707015,-0.151865011381926,0.00224991953922659,-0.527859079390716
-0.496498,-0.235690575627046,0.440443408030781,-0.329749341262362,-0.0826130322147901
0.247762,0.125544079366716,-0.237857134151139,0.147971205323472,-0.728034579026251
-1.28741,-0.424356438244362,0.803852896668701,-0.72583329713805,0.385417785880959
0.670335,0.150805602277827,-0.413562015915486,0.29180089210984,-0.34074970541013
0.388804,0.0432638213454157,-0.326412134099631,0.25103148101401,0.407974665515538
0.474021,0.156691880056973,-0.312319809741784,0.232042248911253,0.209565639625759
0.0168232,-0.0199769106427027,0.0484391941320155,0.101505634896927,0.274244976830428
0.308138,0.130713911419499,-0.263066764712558,0.165485417698406,-0.542109327001238
-1.41365,-0.406023493172431,0.645463666335914,-0.591308595598609,0.250365971679834
0.228332,0.131484223780859,-0.187836781685068,0.101651220279175,-0.473458108207905
0.15489,-0.120645154791767,0.260149726919397,-0.0717787811070396,0.283322678579967
0.549166,0.185580552313493,-0.410458376517643,0.339086559230172,0.333217676593473
0.636395,0.0997706150016207,-0.327632729186076,0.318724639752915,0.213068633701872
0.0070681,0.10648148227585,-0.100238740451647,0.0209540790688146,0.0841162825534877
-0.568888,-0.195122921422957,0.482507958595516,-0.294560700604215,0.175246678643722
0.419421,0.144409895298462,-0.233959476648259,0.188641797038492,-0.582054559578899
-0.928167,-0.382465980168595,0.828578467199867,-0.630054424275248,0.455650160061045
0.66901,0.152893045429642,-0.350228507904026,0.315980614946935,-0.185041380348898
0.388047,0.0324238729770699,0.0320670547669026,0.222087698125036,0.382391907465426
0.46133,0.181703707062384,-0.27707249764927,0.300547747845418,-0.0811560039474873
-0.655087,-0.280888445918155,0.674530975703146,-0.42174738335892,0.213354147682777
-0.0437083,0.131310845405556,-0.18586157652481,0.178077154649868,-0.205014020813299
-0.0200443,-0.097944355550419,0.274327616692486,0.0242129788619964,0.265183176978127
0.703156,0.166524097108673,-0.352737496462153,0.379685021623754,0.126803453445684
0.27259,0.0277338549553004,0.0321600092188654,0.275791024556842,0.481610655540561
0.545261,0.164895483577774,-0.278046916307324,0.30716065633536,-0.149365484725403
-0.757556,-0.257402991807245,0.712616889607219,-0.373053977702824,0.338015323365087
0.197518,0.11724319830831,-0.195216063349637,0.184363053774956,-0.295406222449408
-0.149705,-0.0865274977008642,0.283135589319556,0.0749146110518115,0.387034995231669
0.711983,0.198545392482278,-0.41332135531409,0.478971080124673,0.229024100711398
0.669548,0.101747235249499,-0.343218992234351,0.450138626094994,0.306719502555507
0.0937325,0.11758399442645,-0.0923580521128384,0.113478695086014,0.14808179451549
-0.441953,-0.21006083197408,0.520702232836527,-0.165372472726157,0.137543099348638
0.276339,0.125923644829202,-0.238381222362967,0.284364395219336,-0.635055535009377
-1.21127,-0.385918741153696,0.855491071257696,-0.399120088847417,0.453046862488777
0.74728,0.176529254681914,-0.421210033336994,0.49293904783352,-0.207278720870679
0.740247,0.103247942808138,-0.343145148233993,0.475170882933867,0.104232843010344
-0.263593,0.0995703623446108,-0.100019120877239,0.193573889640211,0.176716992657567
-0.437805,-0.150737015331294,0.513983449035579,-0.0798709301351649,0.0194636403058107
0.450086,0.12535577350354,-0.240640472841804,0.325456084109117,-0.944897067388867
-1.86922,-0.903505404403926,0.624390968104643,-0.0232397778540624,0.459332754347283
0.627296,0.149227585693867,-0.360219944566995,0.486700743537254,-0.566037946721673
0.417203,0.0330661624624055,0.0428967995961603,0.352490804259958,0.33001947199303
0.510405,0.161002729389061,-0.278052339720706,0.411631536823331,-0.0536218846329581
-0.637912,-0.220560481558904,0.704281140913236,-0.238282063754625,0.363884894799199
0.261172,0.0903746881746791,-0.189354877168999,0.275162415546306,-0.194494464175092
0.0544172,-0.073350472157213,0.293517360540708,0.159158021154186,0.185929828409157
0.494441,0.136235882483316,-0.23060834752722,0.356197309702198,-0.633461542750278
-1.68659,-0.306119754651029,0.854906241587791,-0.284484403597028,0.541316196816508
0.688642,0.154793333923404,-0.350921896321795,0.511759080782774,-0.462529289564926
0.463857,0.0194317858624725,0.0287425063013087,0.386693055080274,0.356113707649518
0.47669,0.15750303493491,-0.282141790859851,0.469837719600348,-0.0177027389419884
-0.612899,-0.22563366826854,0.708790601999853,-0.226247642407505,0.350795947350721
0.247937,0.106557778804871,-0.204550419436904,0.307369564051145,-0.165323927859803
0.0243416,-0.08463726108889,0.289406043324336,0.196996706521774,0.401041468887637
0.673171,0.190221268725557,-0.412095435574118,0.575934665374113,0.3095069582698
0.665994,0.122030366375568,-0.344781434551198,0.562772941725378,0.325187856931479
0.0714436,0.0957296359113306,-0.0880326174468904,0.234172743412911,0.363454010819728
-0.0450134,-0.0923523750890197,0.54173190079795,0.0110633894717758,0.45375267751473
0.766125,0.189022882933902,-0.353412381194384,0.542972650519598,0.317972737908097
0.646668,0.0570720686172385,0.0419792444897691,0.405380028732673,0.660438382781411
0.798569,0.20206308997162,-0.279829854049352,0.475255843294406,0.300226832356645
-0.14504,-0.144736165724961,0.748645593161984,-0.171746350820066,0.643734389339128
0.537428,0.148403757399731,-0.189025867707213,0.342665918707186,0.179119149147837
0.273154,-0.0396263388041611,0.299609714049327,0.241999821956475,0.671251749712837
0.90596,0.230036115455289,-0.412214055334706,0.594575230521617,0.538711932592538
0.854168,0.139355306399882,-0.352041760003968,0.603016513535673,0.577127208310975
0.384896,0.156710364499684,-0.0778131181802394,0.295848031650122,0.464035629571089
0.00148011,-0.0914820248793677,0.521820722457503,0.0406424303617088,0.489050433203521
0.662581,0.178266064246607,-0.23244221547465,0.451994383420888,-0.0970763554784004
-0.470175,-0.2196163973019,0.87627553402135,-0.24416151398116,0.740779788554412
0.916562,0.209149418813025,-0.426256114534037,0.599477473806914,0.272429463043444
0.860347,0.142272318693389,-0.356002799090048,0.615727227912828,0.790115214846909
0.867528,0.210560525008453,-0.316923602160571,0.535112125686043,0.789826168575531
0.747037,0.0909503345930306,0.0610323702631723,0.43374617824473,0.776834375882606
0.828823,0.202595073155623,-0.264980430607556,0.476356086693509,0.333943970024599
-0.191377,-0.131124931098709,0.718855915467091,-0.119243723686614,0.629905551880502
0.441692,0.149102614748879,-0.193740893703938,0.363565828453722,0.196902959683032
0.471882,-0.0150992246756802,0.290007105325341,0.258173268177027,0.29325794339367
0.214085,0.113011225111506,-0.148833946364432,0.316672729419726,0.345311151407123
0.187239,-0.101144395050998,0.49594962109891,0.0474755396169543,0.375296403586741
0.650679,0.174725686009976,-0.242430834039214,0.458248738219527,-0.0779386652684876
-0.505698,-0.223999282319232,0.853681726910933,-0.227374621471374,0.549152058614607
0.528379,0.134124192518096,-0.194141412379069,0.375796959012766,0.0504474098201051
0.363301,-0.027345368715093,0.2826495533958,0.285410976434297,0.647606990375675
0.919056,0.217815634653308,-0.409072639490569,0.619537093449348,0.57147341266118
0.851306,0.136506706548025,-0.358087747005034,0.602537270019639,0.587784474628229
0.395717,0.143628942165999,-0.0955308013935669,0.322645490141713,0.433578076088747
-0.0725145,-0.0752509856354553,0.531370318028544,0.0964982796846458,0.497701238020731
0.690876,0.184099308006556,-0.239028864611869,0.463514336445804,-0.181741673583181
-0.57865,-0.232471639639258,0.858535655022734,-0.19504949701464,0.696082272897285
0.836199,0.204678260618333,-0.361634480121705,0.560017195877668,0.107907390822491
0.633777,0.0902612319571887,0.026413355422349,0.473872779127211,0.594404927513402
0.702304,0.202202994157695,-0.28103813178284,0.512376240412839,0.123321266592197
-0.569428,-0.203128756703509,0.69983501789837,-0.118773215430554,0.661026864308977
0.651478,0.17837646098454,-0.359081202272941,0.559679368311866,0.0626150771008548
0.50353,0.0624298681789303,0.036830563809162,0.458355714837256,0.506645820174157
0.680196,0.196445815704106,-0.271810034498226,0.521152540247275,0.0456542151938413
-0.504407,-0.169535104909003,0.684390566891421,-0.0871144008874081,0.385456770769468
0.0945022,0.109026155504842,-0.184248579344225,0.37850479371197,-0.0419987858687394
0.162776,-0.0378149881974917,0.250901955701627,0.278848348338841,0.376866021073631
0.748059,0.17353795114804,-0.414651051945664,0.557241806185476,0.361532792746293
0.646599,0.119335968501889,-0.328602976610406,0.563652092051766,0.430338286097194
0.273698,0.0859612585476397,-0.110960082870203,0.328412974855512,0.226225206169875
-0.261762,-0.139072574804947,0.420621903661639,0.10824659320166,0.254319780234937
0.351307,0.12702154299782,-0.249405406348885,0.448686607043319,-0.486130807587889
-0.990943,-0.348659318889069,0.700562727008084,-0.095792289666757,0.280261487065737
0.486779,0.127839283209948,-0.240672245654487,0.441593367099752,-0.820729328603078
-1.10702,-0.316074938780202,0.691426592505609,-0.158825071525866,0.483830966892642
0.702753,0.17075637981499,-0.348858895559698,0.546387903027825,-0.192614037907566
0.520874,0.0763356125608039,-0.0245754897762152,0.46769877431414,0.461655623809245
0.653715,0.184175448287618,-0.268768364444028,0.493791280767188,-0.061219215685285
-0.818897,-0.219319148986604,0.566483847258582,-0.036718530095307,0.521275981798259
0.421481,0.105295015126219,-0.208787272636134,0.361867024427446,-0.128388474553583
0.281624,-0.031069730994216,0.177719654551596,0.271469281394112,0.484372749962278
0.722651,0.223910400862781,-0.405714651694064,0.594296226840698,0.427314544992323
0.681232,0.154333469756933,-0.316526638729735,0.556590901619462,0.314726290791144
-0.0258869,0.0834120650935371,-0.111887698594081,0.306737282552015,0.322697951671174
-0.0412199,-0.136222889185566,0.341820725070993,0.0468142882635473,0.0498315601872267
0.0613503,0.0719887112827769,-0.14534265167474,0.299776236266535,-0.118601516480627
-0.29607,-0.172669082506667,0.324530493240427,0.0620335349608857,0.149784660369991
0.434303,0.143283176730731,-0.238810419260724,0.423516822972287,-0.516357177698025
-1.04558,-0.375700206259851,0.643773729031657,-0.21977439474973,0.501440779634313
0.666939,0.233638540200389,-0.407860532934559,0.528872378905513,-0.0746594070743967
0.694669,0.17355746485489,-0.318486853935991,0.530593384243755,0.550940771660176
0.674048,0.230240311026769,-0.319420117120626,0.5202190199936,0.621051769855648
0.604007,0.103127136789885,-0.0417287528181841,0.414224678763414,0.575863823149383
0.605332,0.218652892291729,-0.257271488762393,0.471062649683434,0.192718802537974
-0.306708,-0.270884459949028,0.474872657402926,-0.119388020297657,0.410119854318062
0.184231,0.12401703240467,-0.186414712727905,0.34926688691255,0.104622816221357
0.315018,-0.0339584460642127,0.135753503862328,0.23329067542785,0.436371466342757
0.772571,0.272511680725811,-0.400616690231815,0.56219446798729,0.426589370022474
0.659245,0.204517225823915,-0.316453932078574,0.543924161689427,0.367941384699369
0.0826442,0.102609864727147,-0.098416529124636,0.266017290610725,0.218800048852147
-0.338753,-0.174626430789668,0.312674100935709,0.0250461200937018,0.2859177347347
0.552965,0.176053561212082,-0.229446090266387,0.398264312595686,-0.35895414023143
-0.637957,-0.414400231039126,0.562610308591414,-0.281118355338817,0.504917351520287
0.629387,0.229852420813182,-0.345396904889741,0.521413556096753,-0.0916978387629435
0.271778,0.114136384715323,-0.067902991461268,0.422926417549754,0.442881671461208
0.545908,0.230919896970938,-0.266343431236482,0.480285042895557,0.0116910682017416
-0.367175,-0.289572749091331,0.453898196418835,-0.126821883572877,0.371322670735465
0.24807,0.130718247651236,-0.173608062093525,0.320015783850307,-0.0426004998990548
0.0756354,-0.0627529841704359,0.11144770395683,0.211622901457975,0.375473661607897
0.578932,0.264599518223159,-0.325103346944984,0.515585607865878,0.322906376041993
0.569549,0.139193069116586,-0.0663232211508566,0.397885779224854,0.489919962334171
0.608012,0.229651627286252,-0.258503821596002,0.458285116078042,0.137771114495726
-0.391846,-0.325583071191107,0.432750588400615,-0.135521868043763,0.462676949333496
0.327216,0.13544009527243,-0.175376630516855,0.316408811052436,0.0329137462674197
0.234872,-0.0426376759017222,0.110601756668061,0.21476314057309,0.484755135399344
0.748893,0.327815457042063,-0.391002976254733,0.56275539848755,0.421690072412218
0.695758,0.250719678350157,-0.312722975315279,0.554790575015634,0.389740598804065
0.143655,0.0783864652872125,-0.0852057231416602,0.248007164403443,0.297660592920025
-0.138175,-0.212638599991115,0.252818301210337,-0.00954914396549681,0.181651682920609
0.308988,0.1578208032784,-0.211127572131441,0.391324002181304,-0.459636915774542
-1.14923,-0.493191569898158,0.533910648923675,-0.205891538018983,0.595954333506888
0.974323,0.357877395591045,-0.41741209215962,0.5736746966394,-0.0917153573511989
0.865706,0.282424521114907,-0.335640337313655,0.545902707294546,0.410863746524033
0.214526,0.149385307318682,0.0270936577653943,0.302341318696129,0.259918107408313
-0.41794,-0.30649476019066,0.37044827910445,-0.0402279857616629,0.274688580357665
0.637081,0.237367289118514,-0.164220142411953,0.44935225960067,-1.15611115911615
-2.49319,-0.99929573777378,0.633029364593151,-0.145783528707326,0.635107534658726
0.815594,0.297889515170501,-0.308325486032752,0.540733283038937,-0.7504760386442
0.548964,0.0837912121798203,-0.174985257947289,0.413041905391255,0.451848761997864
0.768259,0.2863946271509,-0.183753400521878,0.505699951087753,-0.19089150139995
-1.13081,-0.5808749827384,0.264319093429306,-0.259398664292393,0.548973340336626
0.429439,0.180735655839947,-0.0405118060700359,0.379429206499237,-0.421997252968585
-0.0625213,-0.148797045017834,-0.017600023805201,0.179166970490406,0.321188143164153
0.70336,0.269497559581974,-0.113003767528871,0.460485240658048,-0.652437302415777
-1.65969,-0.770438682264397,0.413740823318046,-0.448271257866699,0.709553296762848
0.901662,0.314073424451312,-0.300035453443128,0.577017197791598,-0.469500447675871
0.369208,0.0820058424601173,-0.14903233584989,0.421103933136433,0.5135509199983
0.731795,0.289485624117862,-0.194603056778914,0.537963071282197,-0.34454645645624
-1.35984,-0.680940217064003,0.382416657168678,-0.470527221206964,0.567052021174577
0.542481,0.215085865770499,-0.0712780921383938,0.423114965579776,-0.557021931293533
-0.234914,-0.228079825433575,0.0742537882225096,0.0993749359356933,0.616314199616408
0.969609,0.357807958310521,-0.437840133615491,0.635361266763179,0.27364414076272
0.767484,0.295130221186828,-0.328169119799562,0.58781981765753,0.564540806509369
0.533635,0.211067797346528,0.0167895531392258,0.360376737546806,-0.0327702500783652
-1.13855,-0.460929307948342,0.229995171315775,-0.195984796424194,0.71750981976772
0.93279,0.324832731030959,-0.316554391336984,0.556591942501579,-0.19961792654114
0.476369,0.0814478264769512,-0.132431132468303,0.371167988259022,0.59135372220953
0.836909,0.28904315505946,-0.218494268035832,0.513924167696248,-0.378837844934944
-1.56884,-0.627733357101752,0.34740693732171,-0.57145346043215,0.633501280736475
0.580012,0.237656849001434,-0.0899576215849209,0.428914985893608,-0.651325299514932
-0.266089,-0.14364465847413,0.00649269691799948,0.101534224324666,0.6193673785975
0.956507,0.356151812122591,-0.433925573194402,0.595216272710359,0.292693889388007
0.833253,0.279364611703287,-0.344946162749055,0.569651249106198,0.582271852875078
0.525628,0.234459542930257,0.00794708155012731,0.355078471267221,0.185287896743721
-0.61117,-0.363240804453042,0.152444454542688,-0.2577617972524,0.498692068687872
0.728964,0.279154447583854,-0.175234354891355,0.486254134226241,-0.860652268290998
-1.6722,-0.755841292263544,0.412234321628156,-0.744439744640181,0.724529319879291
0.916731,0.35506705343315,-0.436948219429737,0.609111156237227,-0.285471966085081
0.768366,0.291858442836528,-0.332319950698732,0.56055392458569,0.67019191575329
0.824449,0.33077434119791,-0.294772453597351,0.531002044487729,0.573553333119046
0.381869,0.0839748610031669,-0.142808839430235,0.338236054518076,0.681377221914664
0.807927,0.298149239243528,-0.236070219881814,0.497322929268919,-0.229962711312765
-1.16345,-0.533130152171136,0.2929179539325,-0.637416857200818,0.652885032238698
0.622722,0.258061852383936,-0.0897940840516347,0.387992946278099,-0.363194227115997
0.100076,-0.135106951068351,0.00861964985784958,0.0139656034806244,0.414197538072266
0.601608,0.244164469457306,-0.0416229971153741,0.36103587945408,-0.197384255763438
-0.711272,-0.34374602070854,0.139485386370567,-0.320564258864134,0.483924128718368
0.789335,0.289577599702767,-0.175181090006638,0.482077095054592,-1.04958636714288
-1.95545,-0.763823586029125,0.434874833040111,-0.822040925527684,0.588981900667301
0.675158,0.2650318770545,-0.112908651433567,0.415654560253712,-0.747872733023945
-0.0677691,-0.134966749110776,-0.0020651173974038,0.00569445901760386,0.620149650984747
0.91989,0.358300721663862,-0.441047435067036,0.577636350758305,0.397573769048087
0.86011,0.277769380833772,-0.344076946192466,0.531893948073667,0.627196246261044
0.608609,0.267997254700215,-0.0247106982588809,0.349414425455291,0.277811281992976
-0.425821,-0.294572996341917,0.154221976255682,-0.331144013821675,0.553729138709283
0.784648,0.300516828590445,-0.192230674591336,0.466739109955886,-0.813774494788307
-1.74382,-0.664610193619481,0.425196006039047,-0.820551364973637,0.714183301610872
0.8358,0.330236264416735,-0.331991232295376,0.506982513548148,-0.391859167324581
0.603426,0.117715396072176,-0.152874296451769,0.313352562930432,0.556763518629696
0.86911,0.30996705173579,-0.247523723818205,0.470635843649943,-0.13114849674319
-1.12907,-0.492144447375894,0.310294644515898,-0.666642366902831,0.777777124826666
0.806535,0.318049669500939,-0.334855634721079,0.494851010592022,-0.274989834157719
0.300744,0.0838166271833167,-0.144339388324032,0.291562210670333,0.380804595722581
0.529851,0.270038365789056,-0.221852001555234,0.44813219034134,-0.660520521100196
-2.01317,-0.652185561619437,0.30516824932818,-0.691905286930855,0.419483635338246
0.414456,0.240286419285162,-0.0987978055369089,0.343781274082094,-0.867291253367052
-0.23997,-0.165655874874847,-0.00961896754221954,-0.0305283583635251,0.405563618448526
0.716543,0.289125103904313,-0.443056649446481,0.513858431686665,0.222356555336546
0.74227,0.254233616041503,-0.359513334938787,0.511174889503549,0.296282967004213
0.234024,0.158400877893246,-0.0459709331502497,0.246905052738064,-0.265770205954702
-1.49639,-0.445618593258952,0.13051225821073,-0.47300988193569,0.228237604850149
0.534681,0.220198985458575,-0.18329158794052,0.346892235355658,-1.6290256972867
-2.36994,-0.864639657829799,0.386971005041439,-0.82271995386998,0.0773917443298037
0.275814,0.2051914871525,-0.194974497562728,0.359663636528269,-2.15520619253431
-2.8549,-0.879214307928425,0.415490508889405,-0.761076622927887,0.270845484855569
0.674989,0.267848997070159,-0.328034474364037,0.438918624317414,-1.11943643145558
0.203392,0.0308911841939435,-0.142547529041125,0.244155870416315,0.185567945824324
0.544676,0.235848236370884,-0.252176237313331,0.386418357873519,-0.898960723017092
-2.3906,-0.655188232699245,0.307622473634858,-0.655222920604469,0.347330470130857
0.254586,0.169048184177668,-0.100832908025218,0.295331303289879,-1.03111770046913
-0.25212,-0.136891416121204,0.0159861945890951,-0.0419138188787758,0.328809887302692
0.794221,0.279917715157974,-0.440063561063838,0.485733203510479,0.0853401923589823
0.448466,0.203178855599903,-0.330304905632412,0.427383627383899,0.372016048618379
0.312423,0.145427530508023,-0.0283920693472378,0.232653361543186,-0.304328952029795
-1.27138,-0.406943215711455,0.137935367230684,-0.460898484768674,0.151239930674579
0.202847,0.154945872322558,-0.0685821567817623,0.267966545878952,-1.20591037504051
-1.66608,-0.446133805816912,0.134219065001787,-0.468912733219548,0.124563565906567
0.532778,0.234004756417078,-0.212175600147597,0.428204054654354,-1.44571654890528
-1.87172,-0.690276839187711,0.446177559623048,-0.870125277411396,0.498201864449238
0.761157,0.312427582250868,-0.448422088525606,0.518641809512821,-0.41593794693472
0.712279,0.233501398203734,-0.357575819862141,0.48100339173214,0.599115922516616
0.855996,0.340251186539866,-0.307716502165005,0.474297546287556,0.522711470080384
0.357611,0.0832505507481238,-0.12835306982171,0.275644675322349,0.660378841991595
0.765734,0.286290553637523,-0.24352697096166,0.444577848693196,-0.312653882616711
-1.30978,-0.46707158525414,0.355092462673782,-0.709872472689316,0.557501597106593
0.523737,0.250809562371365,-0.106221852842109,0.366994511273995,-0.654879800821906
-0.4864,-0.164041347823778,0.00708185454286929,-0.032132116735124,0.513415218291264
0.767499,0.319115083349513,-0.437474100823765,0.499305003285738,0.0819724757094055
0.6218,0.223198734133945,-0.339239047178446,0.490804573772609,0.314505759963022
0.196961,0.180743217295341,-0.0338833116634593,0.274974588240216,-0.142305824679499
-1.05216,-0.45334960192488,0.154383716164347,-0.478949548379814,0.102639115351103
0.306548,0.199242329859345,-0.181158804325168,0.322050233091964,-1.4797599970779
-2.56647,-0.906038337798331,0.397311709823439,-0.756131079450659,0.324781544006779
0.581998,0.244431278050034,-0.33501277905371,0.434248328907133,-1.00589289028323
0.122346,0.0276841343392047,-0.141088754874593,0.239327980854137,0.238977762837303
0.546804,0.28406547543985,-0.242437850599433,0.397268966798192,-0.459476180524756
-1.32444,-0.514837207179763,0.34800768778685,-0.696715703325948,0.500130175881012
0.60857,0.264284719801311,-0.119799769228762,0.37835555004861,-0.53144397264386
-0.130024,-0.112342557657389,0.022179056786537,-0.0300257022317128,0.516033806708603
0.775157,0.312688760719374,-0.324918638899146,0.515843825744145,0.0170234112107576
0.0463989,0.0181165179348381,-0.123727544272403,0.242535918004495,0.496229805199739
0.551675,0.256627907940186,-0.238789313859648,0.404927570499303,-0.354425697026368
-1.01774,-0.450464234622014,0.361557049835998,-0.699714182062579,0.309347510344223
0.189027,0.182119515100012,-0.140487139995933,0.345441243553244,-0.501312899376265
-0.406763,-0.206328581768571,0.018932385304611,-0.0316894561218583,0.47077373020545
0.915625,0.36627625333229,-0.442977245831952,0.628229515890871,0.234194968178099
0.8653,0.289429217226049,-0.343038412454575,0.575534312520257,0.605114506816455
0.674759,0.290307779435693,-0.0346295459665654,0.364158858005918,0.119954670839067
-0.796163,-0.278008696437463,0.195364037016003,-0.338132792699795,0.590527886758119
0.742803,0.315120056990309,-0.18496518671761,0.472005753893435,-0.788388139025401
-1.34182,-0.703125793744852,0.448196334903226,-0.834399022519759,0.725034960976724
0.9159,0.365693408505413,-0.446109969581117,0.605915412919305,-0.110433840644774
0.89456,0.280363129655521,-0.348585126209477,0.546450634763964,0.56848968732235
0.66478,0.276150177250563,-0.0292902900986105,0.390054841821694,0.267367844217702
-0.455688,-0.279438543695271,0.181755018847577,-0.33457366870002,0.575940985232785
0.764275,0.316100614007925,-0.18807492541545,0.517386218909525,-0.778497195769866
-1.6399,-0.672479105168887,0.451788790855994,-0.751782438196112,0.705324877473821
0.865736,0.369792962615484,-0.324745804982843,0.569672246655065,-0.426641804947376
0.430076,0.117540963039108,-0.125360004225195,0.371071657130078,0.550751914241769
0.81508,0.343541277173637,-0.238150241349047,0.544434078882065,-0.216356430573634
-1.13675,-0.478359578618535,0.381770015082763,-0.608501491761742,0.670075896358536
0.690546,0.293109358427034,-0.108603583246306,0.46853992613714,-0.448568158444063
-0.125098,-0.0934561677939013,0.0596550868055669,0.0136659617054197,0.435056573589026
0.711281,0.329976327389693,-0.179477069150856,0.551554460685002,-0.664935670419347
-1.66015,-0.748294912365423,0.495426731604221,-0.808364164835382,0.695870182195398
0.838742,0.384448329819687,-0.328659122783842,0.612984228284839,-0.394839279631391
0.540759,0.138590124119828,-0.0959114036800745,0.380917344639972,0.497893485883615
0.724839,0.357295472236741,-0.23458203176208,0.583193262010409,-0.182122437581354
-1.15766,-0.498329772297013,0.402832247820451,-0.613444906052874,0.625053053532815
0.651766,0.312959485211379,-0.0931671570249075,0.496398642896705,-0.442117968467918
-0.163593,-0.122871809184549,0.0566116719829231,0.033993923432881,0.659478227596814
0.931967,0.429566886262468,-0.448689062096063,0.668334776472361,0.310612302500784
0.76157,0.345028048498176,-0.338033874000519,0.60683767139551,0.556020097499748
0.500057,0.29592214697774,-0.00986214934749004,0.444401694783024,0.0690849655192567
-0.882716,-0.321503118314495,0.210350875499197,-0.280830200444584,0.683645495832027
0.879951,0.386985174134382,-0.322475194327075,0.602828753189359,-0.0698739257755511
0.523579,0.134089349510035,-0.0998230990298292,0.378468608348405,0.60602530819356
0.819804,0.363546308534083,-0.228934044915239,0.572511356386616,-0.170236311716015
-1.14835,-0.482256740427855,0.402415493394029,-0.613387806203859,0.701030163839316
0.707436,0.306458928686893,-0.0897731633213493,0.510070855326765,-0.354750896416978
0.0266302,-0.127630860815048,0.0504633872954677,0.0393137890449259,0.660889287491832
0.865072,0.427030263959149,-0.44150411229243,0.667183719968401,0.426079732917687
0.802795,0.350150091747039,-0.353903374436457,0.620410854885147,0.629132350120337
0.670939,0.304468805578921,-0.0140516332653088,0.430959183678447,0.192805656010753
-0.566913,-0.325972273513871,0.224733317717985,-0.286369353956839,0.587500784001254
0.789811,0.34474343559845,-0.183032334425037,0.583353576188819,-0.809218427395986
-1.62198,-0.74012223053452,0.482900011205586,-0.770394729537573,0.770368502111879
0.94262,0.425412381535562,-0.443809214458804,0.669535122690089,-0.227448970133513
0.82815,0.334244650898069,-0.347401336922345,0.632204134959861,0.730149139476998
0.911547,0.390827722762265,-0.30513194116865,0.611967301023576,0.654856596302219
0.502808,0.144619738108953,-0.0901787497934498,0.407304468032942,0.737619832383209
0.84402,0.354205393250891,-0.244888859283838,0.597231535847962,-0.174120060763677
-1.15387,-0.448024386024868,0.395615962847078,-0.563206283986311,0.638161960551692
0.559204,0.307407280903221,-0.0958897206102716,0.535597953689251,-0.433433095881969
-0.0814978,-0.122665102868392,0.0451907432678256,0.064547615348493,0.383482009847466
0.580023,0.28784640651458,-0.0395913635047436,0.502235744434752,-0.249767505344781
-0.654354,-0.312539399749771,0.198604049698378,-0.308329701598188,0.492468393247831
0.787974,0.342422551504656,-0.189936214676912,0.621885780425404,-0.825535796027011
-1.47977,-0.739965664989852,0.472226188275223,-0.861353732780406,0.597426529388325
0.720204,0.314645547042403,-0.108569251701213,0.539674746811162,-0.6338283454232
-0.287255,-0.116829807293697,0.053017141338439,0.0854083294207136,0.701458777896728
0.995891,0.426859365497716,-0.443551719564103,0.648498144531872,0.308177919456384
0.855162,0.355825108211849,-0.343647171793006,0.625614337897911,0.637062768556643
0.619864,0.295980660590042,-0.0119248194964257,0.474321971158564,0.183003849185266
-0.649586,-0.331612618216969,0.213518769904001,-0.291461619748197,0.555205428227987
0.776126,0.335076909129404,-0.183366407654837,0.608435630401409,-0.906813178271819
-1.74777,-0.75985281394847,0.4891248664528,-0.850697349384913,0.7165348523491
0.899067,0.390699429634153,-0.32553547484039,0.652037196261566,-0.441335955504434
0.510025,0.130111967070404,-0.0987851897084151,0.425598245478667,0.54680915361729
0.819169,0.351087999423511,-0.249660776893915,0.623769373334636,-0.266497572151885
-1.3764,-0.608880297534995,0.405499702942031,-0.603648349270387,0.788162037347055
0.897277,0.395302726140269,-0.318893612896202,0.647598872866687,-0.394713100223355
0.243896,0.0671249070100163,-0.106018054147943,0.401958640537677,0.493332018769957
0.603262,0.304404177013504,-0.227015500352613,0.578483221645684,-0.287220777025412
-1.12891,-0.511397470155582,0.400716628928934,-0.571276248333896,0.569537429418078
0.666497,0.314410002744054,-0.101192023198432,0.517874100833394,-0.388065300771434
-0.00175388,-0.108568634619908,0.052923487740981,0.0629330179460563,0.555919474269609
0.696338,0.387574841734036,-0.452170296866498,0.633249815561533,0.313736953889311
0.634178,0.296994888335019,-0.320760962353447,0.558154027663645,0.383060725965753
0.276436,0.169881208589426,-0.0132525793000948,0.390438346273265,0.0798972200817125
-0.637533,-0.295248449345638,0.251902353105488,-0.242990712965746,0.406453877691118
0.794796,0.346250096099353,-0.180158965020159,0.604542098963519,-0.886775490004516
-1.6049,-0.696426658095502,0.50409795097403,-0.770198103561544,0.578674305372408
0.813942,0.34075179536271,-0.183789533292787,0.595123341191282,-1.09175510124269
-1.20726,-0.683957591081173,0.502815669938561,-0.848099320217782,0.63972182367536
0.844344,0.391666342299227,-0.326778963712407,0.640082958539848,-0.27244523006333
0.394296,0.123735361512877,-0.114867694439364,0.405035606618947,0.524694036016172
0.835525,0.361268767677278,-0.241807366875818,0.610215300522488,-0.57571965679175
-1.88158,-0.644368195965245,0.385084099208958,-0.524938007785526,0.475704760664325
0.193492,0.185208233614166,-0.108467543458399,0.444332012155412,-0.697321187983806
-0.0432425,-0.0968931856682768,0.0651925940271805,0.0556055060441305,0.389822180120709
0.84998,0.359689646395882,-0.43655203231453,0.58295196784216,0.360686692603376
0.809938,0.337435431544109,-0.347796595977609,0.645868874101419,0.619294837759867
0.695132,0.3042663802601,-0.011719085621373,0.458254215318733,0.170586272387247
-0.620667,-0.308291800038638,0.220585403886187,-0.300984564865152,0.598661679708959
0.652005,0.282442912110604,-0.0734923776606477,0.48268435805981,-0.434755945469687
-0.589519,-0.316163244756818,0.209803123276493,-0.258711437667663,0.421332716556601
0.832371,0.332351780631468,-0.191446030648934,0.593343339574834,-1.40030154050026
-2.94789,-0.947594466219482,0.429944707586157,-0.522365709927687,0.764589188756834
0.895051,0.373342878158485,-0.456067006214699,0.616887588198702,-0.788548665443813
0.828438,0.32867995222021,-0.343915573553371,0.565773726703179,0.626897869124593
0.917386,0.381158221356622,-0.314019530212771,0.584479880116946,0.630339465555119
0.486953,0.14095074399427,-0.0905603221575323,0.384906791977375,0.722875783871088
0.839502,0.335174413552746,-0.242430080133076,0.583394382055394,-0.267031208802418
-1.36527,-0.463449492241416,0.394364032358323,-0.581505794920808,0.659625104443712
0.583784,0.298825090752003,-0.115479381788503,0.508168187983224,-0.430879845067766
0.0595115,-0.108676599140893,0.0457841197652747,0.069807693804111,0.599759239630541
0.878891,0.401309646972517,-0.449274141365929,0.642738128865024,0.425023398937951
0.803826,0.322920703635346,-0.350013927855298,0.633178119111005,0.598716832300859
0.606996,0.281411750260507,-0.0186592190202305,0.441579717735203,0.129357637179167
-0.721195,-0.307245492622529,0.225162652393454,-0.277660465571181,0.565296181116878
0.814979,0.340732416088123,-0.177278545745981,0.574963327508599,-0.918787917045654
-1.69939,-0.703837638203459,0.502095859664229,-0.803021592129809,0.723579342281148
0.889083,0.378984609476029,-0.32375814117534,0.610680413602937,-0.422019608494801
0.501345,0.143958152862009,-0.0884529784498074,0.390552891110219,0.550494350476302
0.788958,0.3646522829611,-0.239546363180703,0.600231012112236,-0.153903216049219
-1.07076,-0.434590232285435,0.433448061986792,-0.591896583209715,0.684843723872469
0.736476,0.311508617813939,-0.118983501054903,0.48167642769317,-0.410825293245706
-0.157287,-0.110106965302467,0.0622477244347589,0.0454028439754265,0.620886049949262
0.817406,0.361898055619121,-0.332489105748743,0.595440063922941,0.106040507908257
0.226119,0.116313249413139,-0.0940377939827895,0.374527133557705,0.602131883179879
0.781503,0.343041761879969,-0.247011083982698,0.582300266386708,-0.339645612104919
-1.24009,-0.505546258586511,0.416586117753929,-0.58036557210495,0.620386107631455
0.630832,0.277416476771492,-0.113121435062764,0.501430712072611,-0.487858071134464
-0.182107,-0.111310876012811,0.076481364163708,0.0603370421532634,0.62050757053145
0.86015,0.399291895183,-0.448531183402976,0.653298697164637,0.337724584847068
0.828968,0.320471717651105,-0.343944784249959,0.641162566467663,0.580321169215975
0.591793,0.316109928174881,-0.0195654017521304,0.44027663419391,0.208822706026426
-0.555067,-0.308487835639832,0.244406457591188,-0.285857427506029,0.570364758416967
0.7713,0.334601072051141,-0.179183846598628,0.570714013909667,-0.655582616025842
-1.25069,-0.669330308832299,0.558364584674944,-0.782123434331105,0.733413957223158
0.896319,0.416430354407632,-0.419014076856459,0.638461311286371,-0.133817364353606
0.796692,0.331798290302645,-0.360806780300608,0.634049262663195,0.403135418112219
0.363416,0.184885364503191,0.0268942886236166,0.349101770170149,-0.0101935780545211
-0.996915,-0.374971696228982,0.251545565589475,-0.20563127207691,0.40395064608625
0.642515,0.280889277126432,-0.130048642583571,0.488473819786939,-0.934432475547362
-1.4138,-0.805012523988341,0.483239161194394,-0.575418464548418,0.603734336402421
0.833852,0.363722413883668,-0.292137040942109,0.587739751246568,-0.335671793171325
0.453277,0.10002159741098,-0.138315972745745,0.401728573756659,0.538933228314056
0.804114,0.323172752681808,-0.187828337094685,0.552594453579336,-0.246783542630737
-1.19109,-0.558341064569962,0.383436209833404,-0.49906680796324,0.553357722193591
0.454545,0.259847108946847,-0.0582681055443456,0.441349424345811,-0.56030591040054
-0.318397,-0.157881213502853,0.0367044974321022,0.0739154806343968,0.291154902896064
0.633557,0.284065834136371,-0.125631173641632,0.513135420386841,-0.80946948686119
-1.77232,-0.905302176158258,0.59957956368373,-0.660053778917944,0.653965852790071
0.868103,0.357682810746427,-0.302812474215299,0.62754951106198,-0.494323855855617
0.434017,0.108402855677858,-0.104631836752824,0.392598409181581,0.506895540200084
0.762864,0.321598468630973,-0.209701254877741,0.575583049560585,-0.302953039790991
-1.29093,-0.673526821749271,0.465402927252773,-0.615451571763122,0.504750327917714
0.397762,0.233411330771632,-0.063805097297868,0.46701136496777,-0.642704228077632
-0.494756,-0.199708229210707,0.0678100309731192,0.00999455285034837,0.51251389794975
0.859099,0.436894927571014,-0.433736610986802,0.649884742515425,0.154043173859452
0.769152,0.341643395212337,-0.346887123188104,0.647799608445052,0.490634931104924
0.484745,0.223557162893022,0.0275596824999139,0.408110178125772,0.03613244042907
-0.945746,-0.448007893830247,0.281158155091331,-0.381756979547632,0.668527263958325
0.880169,0.376512638336491,-0.314637107691882,0.592762008438902,-0.150859435485413
0.425097,0.120496367851293,-0.0897427860111236,0.37685517910228,0.526890319425038
0.713691,0.333121306856463,-0.217325629098243,0.565030794040126,-0.412407823064376
-1.61075,-0.648932274481303,0.490746134161502,-0.710941308619329,0.628404739253324
0.694257,0.259657359370659,-0.0760971754386472,0.468126649314204,-0.662749420433958
-0.215257,-0.152569181976152,0.0723914393546712,-0.0117254139983207,0.618404537012342
0.850026,0.43614761330899,-0.433702128554013,0.646872899638886,0.318829124478671
0.829178,0.34812160243602,-0.343817690307261,0.604984044718413,0.538364093326462
0.556509,0.245059369295699,0.0236088956765621,0.405156718254821,0.0705994613326887
-0.856741,-0.437825581159281,0.27508464642301,-0.380533582302563,0.494431303223339
0.678553,0.316853072089322,-0.159288584593206,0.544285772949932,-0.92842213232583
-1.58454,-0.850109117221225,0.566212268561914,-0.794714167815683,0.671432000324087
0.873329,0.424232283390391,-0.439417719427801,0.650429552951202,-0.239375299599938
0.790493,0.354856704830787,-0.336840754544433,0.643591587815704,0.68952203856371
0.895511,0.389542002377212,-0.29297515887814,0.595282288052708,0.599589598631396
0.4419,0.108121062118276,-0.0738855556350833,0.353216750797723,0.667156191785189
0.75964,0.3374724984089,-0.219894683903871,0.568418815632725,-0.366509588257952
-1.54801,-0.565227233002661,0.473742947647608,-0.728190155812953,0.614832736652658
0.617392,0.263349486233622,-0.0776269136191221,0.482458906459634,-0.660973461401757
-0.205711,-0.167961764349561,0.0677563339717061,-0.0586467739190718,0.373972629122149
0.580695,0.245634626293486,-0.0332826246036028,0.441691965304022,-0.359403117462982
-0.786603,-0.444919567962752,0.244561827497799,-0.447035455631958,0.481868570167516
0.839842,0.313275020269471,-0.172162943600996,0.544124182821278,-1.0494622308855
-1.86471,-0.865310008564722,0.583874066175711,-0.862971574945379,0.591159814239644
0.659781,0.278133395615317,-0.102996623006299,0.469259999756949,-0.755796536467769
-0.176464,-0.171989110920412,0.0878848347014674,-0.0446243897223519,0.601772021820094
0.884131,0.446270365335094,-0.4401303754408,0.645298786741598,0.332641894626529
0.831991,0.36811441304967,-0.336747423941934,0.623782970077849,0.560231326384941
0.61404,0.24944853971664,0.00774733879156816,0.411775710183685,-0.0517523402011465
-1.14769,-0.431278827554525,0.275928472670648,-0.445061522936879,0.503909287303223
0.680323,0.333479803235694,-0.168373273234798,0.534928439609612,-1.15727084016661
-1.82936,-0.906741456612215,0.588508757518506,-0.961856048783974,0.621681173811636
0.855965,0.398925081291429,-0.318464224432248,0.616142905695523,-0.513193299953246
0.45302,0.113997465343153,-0.0822532714351962,0.350418394201791,0.507932522725944
0.79343,0.372388498791789,-0.226936293633725,0.57807929137523,-0.313109933376191
-1.42097,-0.679087721798984,0.442133130266518,-0.843802935508033,0.775248912214896
0.894401,0.413012365213488,-0.313767484965145,0.623757829532347,-0.393111939772926
0.272128,0.121983324348931,-0.0814453319630215,0.368551506191302,0.561059744653891
0.81376,0.366751537988938,-0.2206906306379,0.580522677857553,-0.391446304333735
-1.38667,-0.65000116239493,0.44785491610569,-0.81027800342085,0.62070886727039
0.620729,0.280334880548361,-0.0836160014365016,0.471166542940038,-0.620956371212564
-0.367672,-0.176155997481049,0.100351354788345,-0.0566133206108692,0.645498784444881
0.958752,0.486350087394892,-0.437595521728843,0.662157069579939,0.232225312260587
0.777884,0.405077846479068,-0.337393093829256,0.613148742540435,0.590521991406379
0.584583,0.26949788989027,0.00297169533146793,0.416841809744719,0.0808989949314902
-0.780522,-0.433710269798021,0.265231396125902,-0.440378709095106,0.465814331695188
0.676653,0.338009681082348,-0.168042893237574,0.520571319193366,-1.14314457010376
-2.06199,-1.08058795665797,0.563244053512734,-0.775140640580586,0.371652160367334
0.569409,0.324571345328578,-0.170211056456785,0.531033816802384,-1.60746342784811
-1.9436,-0.947134167906755,0.572897816927027,-0.884688678103604,0.505245690478214
0.855443,0.433128282568218,-0.318179248844202,0.619683830229805,-0.637991930918973
0.310833,0.117518209978662,-0.0768344235681987,0.352718081766721,0.499863386436689
0.800381,0.370120458362674,-0.233523248394243,0.583180233599664,-0.382278779859846
-1.39087,-0.641708589216613,0.445673787386654,-0.836093535635071,0.635287987262314
0.679312,0.294135023481674,-0.0918685049756394,0.463940293398839,-0.662989007762152
-0.467917,-0.160804035433724,0.100335463216019,-0.0498000803618324,0.690077268801037
0.999484,0.466884078738891,-0.448526111410721,0.648646237169453,0.211701052895267
0.830762,0.383967834464253,-0.339841745144706,0.596499514867746,0.57487261588505
0.559132,0.283472164775822,-0.00319668478176005,0.395816638300555,-0.003609387661313
-1.03616,-0.391983619789455,0.264765400515364,-0.410412229975684,0.45830499220597
0.462199,0.26913584563372,-0.0470185513133603,0.439462581547862,-0.647257406097088
-0.670999,-0.404881248792099,0.253232948616334,-0.333496789175256,0.360099212686151
0.797828,0.33181447944837,-0.173843014468344,0.517409425541464,-1.03888871331042
-1.97944,-0.824912771993312,0.575486320689446,-0.935900005066398,0.746848024009011
0.916064,0.442263741465977,-0.448583872927986,0.644960318182193,-0.409361951402872
0.768811,0.344925776713987,-0.336055910269816,0.602582975770123,0.67205890088513
0.877958,0.392741103601102,-0.297592520617618,0.556421843879746,0.560322549765967
0.366902,0.0986308447350672,-0.0547292653785401,0.315071948233301,0.676012335985358
0.818522,0.326108049715761,-0.238065791899556,0.506173933454327,-0.447388958110413
-1.63169,-0.645954130150497,0.469860474763129,-0.768614774174347,0.554200439169912
0.441268,0.241873428961829,-0.0819616515367048,0.408043957710876,-0.732258151983572
-0.369082,-0.239220557358692,0.0927355685666598,-0.0405238887996633,0.498986783948125
0.850795,0.416817251662767,-0.44006961201284,0.576733048571344,0.158476955472556
0.689731,0.325122952236099,-0.335872625237502,0.590759156767065,0.396363742374655
0.307618,0.196681818168156,-0.00441338941508981,0.35380310610812,-0.152605510283125
-1.22438,-0.445622889452384,0.27144045731042,-0.351679845389229,0.340202593557573
0.670845,0.311418492171482,-0.163679407075848,0.498859244263153,-1.34236695154101
-2.12157,-0.809791801987447,0.554039393681257,-0.872536958941313,0.560787739710234
0.763225,0.374925968520579,-0.321473732127265,0.573434021998381,-0.702089796507829
0.314128,0.0969840866831326,-0.0687677208432445,0.327740939095801,0.423907329620499
0.741496,0.336893678586415,-0.219073438832121,0.549102371774148,-0.404763877882914
-1.42427,-0.61221380034174,0.46467042139924,-0.765710119620966,0.593169192903555
0.615217,0.251559622690322,-0.0972165104618891,0.418933494388711,-0.607505803975114
-0.254448,-0.191224650186783,0.09207617638869,-0.0716635796192457,0.545760221401969
0.804319,0.36135505461685,-0.321211177182577,0.583821930410257,0.0885357265289208
0.323942,0.100989752677272,-0.0579063106082341,0.306606020483465,0.544940969522529
0.74839,0.323436657973177,-0.221660596127524,0.519133478289178,-0.497965989063388
-1.68959,-0.605510747901184,0.443565390263341,-0.717393978424266,0.566698871047864
0.57432,0.257163942103462,-0.0874489446491981,0.416720348700612,-0.823754375255683
-0.532482,-0.163283980345779,0.110835536295932,-0.0489262995851548,0.602912008954899
0.943113,0.39528531023062,-0.443716623723496,0.60891053900036,0.180770289850761
0.837615,0.312173745041095,-0.334976175446053,0.593475007001992,0.566877303223339
0.557018,0.261649392006689,0.00878928642610682,0.343874557140065,0.14497273930911
-0.696462,-0.344822482075261,0.303763347413637,-0.393280946906725,0.494999581802774
0.692156,0.271784793914616,-0.170734304063609,0.443439273506939,-0.902805322267441
-1.70629,-0.785153945990649,0.589600678840493,-0.77100493148667,0.747772933418694
1.03659,0.508137033173313,-0.290175282658776,0.465232870758783,-0.349272131736098
0.857241,0.326575253721683,-0.369148868401782,0.580443121554174,0.158726274063468
-0.368247,-0.085454284211401,0.30168848588222,-0.118098299127647,0.266445895139225
-0.356683,-0.20707297473389,0.237343778505602,-0.207456321747725,-0.0736133076463306
0.239649,0.140585542381845,0.0894251501851274,0.0718805439967926,-0.707407586812842
-1.40001,-0.591903963318415,0.491966435070043,-0.512935813931278,0.433070910763942
0.743043,0.361439408086491,-0.117738672964606,0.313990791868216,-0.315448323709894
0.57402,0.184045912696138,-0.131268727889938,0.328511622594323,0.388962804620632
0.489847,0.258112487554895,0.00604432558547458,0.1619003138959,-0.0387504933907482
-0.750085,-0.332962173699486,0.388648655785415,-0.395557371014044,0.26230138201901
-0.0039042,0.00205060585860097,0.197804228073919,-0.0990658371366283,-0.187766371738541
0.227013,-0.0206540732373797,0.043930308493902,0.0721832947110572,-0.0632464640263308
0.160304,0.113205517710132,0.0997170592000065,0.0432537713763142,-0.494103763682055
-1.48813,-0.623829282811939,0.551707318532101,-0.572827879306586,0.40495721705867
0.663601,0.364989966823661,-0.118997560423648,0.337330715605596,-0.34488275554003
0.60934,0.151377784936717,-0.127824291027136,0.339617893346826,0.298616997319109
0.406826,0.256042778732832,0.0266092882476362,0.188414125608877,-0.134678719128046
-0.980608,-0.395176789143308,0.437763054041425,-0.482706787610771,0.181031523002215
-0.123323,-0.00366237728996761,0.197088567196858,-0.0984446582850075,-0.26829497244197
0.115152,-0.0605745601103579,0.0876428986099861,0.0271207637416628,0.33782992300009
0.935645,0.488266261633279,-0.278478744376865,0.503857649150375,0.367029531991648
0.864221,0.29687520940661,-0.366857635349265,0.552708397690897,0.184535658826592
-0.417022,-0.173664768047972,0.28960996949533,-0.187216354268155,0.155849966666844
-0.756466,-0.279533758598371,0.344052143328087,-0.303881706313679,0.218138820150249
0.710393,0.336702218173512,-0.123382091731827,0.299928091032131,-0.143399697305189
0.428922,0.133335621326545,-0.094831999164151,0.298231705910404,0.336516885723697
0.374494,0.242990211307221,0.0150845866591821,0.146585136379396,-0.272004696558832
-1.13714,-0.469804990909573,0.478393770820682,-0.605591331522121,0.134427839202321
-0.158222,-0.0139126293777773,0.181742567718008,-0.115614716327821,-0.391009800173732
-0.00721216,-0.0611602779596066,0.0889786280498868,0.0241246746734405,0.308270403719564
0.938517,0.479438110961455,-0.269874241225695,0.516466299561719,0.27474838126989
0.819953,0.273965645899735,-0.361881798888335,0.558263523430061,0.0598320894028828
-0.701873,-0.147455732340719,0.305899207891313,-0.207216576234024,0.159778191689557
-0.588971,-0.216790640455413,0.263521299069134,-0.277568151507352,-0.221546732225416
0.230424,0.115837437835511,0.11647955674216,0.0104594890682641,-0.83492034670669
-1.44226,-0.564918533256021,0.541065997119895,-0.737114605813513,0.481690624406947
0.880025,0.497898502396379,-0.274239804033982,0.531387426640286,-0.254366881503658
0.690772,0.281557215791989,-0.359119297732504,0.513095426159873,0.662010742374655
0.798216,0.360967870995972,-0.0717187991956528,0.249081925782883,0.599066957552558
0.57241,0.132356970951812,-0.106512449062563,0.272307164379375,0.5206000837898
0.478856,0.215218694915314,0.0386285406162599,0.117111546078327,-0.182581839231542
-1.11142,-0.332268051532524,0.410744720212291,-0.550976208267983,0.169280495422137
-0.146386,-0.0199571628019429,0.214805561317673,-0.167208460328271,-0.551073024821885
-0.157114,-0.0412502626219111,0.0626968360592908,0.0121341776450039,-0.455612622162245
-0.695482,-0.196107780710601,0.299895333894779,-0.269843134476109,-0.302612908070832
-0.466564,-0.214771768452919,0.227768034312723,-0.315139052656879,-0.430833842413971
-0.0026233,0.07361166497418,0.11419893567704,-0.0113685579325904,-1.05247383728436
-1.8418,-0.561329861743441,0.548465288049497,-0.769859989915713,-0.20490417821072
-0.430288,-0.0385269345596112,0.214625178471115,-0.151854338962244,-0.683582722092646
0.09253,-0.0422892472340745,0.072090638332766,-0.00893886061002309,0.135991991056524
0.916918,0.49116673794063,-0.258849937839827,0.518012957769275,0.309970819425038
0.837085,0.253710974385164,-0.353585363049282,0.53151915579481,0.122385203956254
-0.548288,-0.159337075933315,0.341449539592069,-0.315492900241028,0.191294335810032
-0.476956,-0.205751779564048,0.248505941586368,-0.335704562824471,-0.304793879428969
-0.0670047,0.0532158188080945,0.132583049840531,-0.0581241192973466,-0.931590734349515
-1.77319,-0.524294237601249,0.54785227314901,-0.860377132127263,0.273474288400338
0.727355,0.335100975670886,-0.0604627261124837,0.336360158542956,-0.582612928127042
0.392701,0.124500012707245,-0.107869383520281,0.300157434503033,0.285264025039714
0.365188,0.218623472248399,0.0685490800823989,0.112526904904342,-0.234854641761546
-1.12579,-0.363154971367649,0.42757275788377,-0.617735137252854,0.501349746200743
0.667536,0.337475828094835,-0.066621512109851,0.332879439065387,-0.230987274010073
0.488305,0.117656242176669,-0.102421190260912,0.271424768998151,0.298115075392756
0.374942,0.20627285214273,0.0637071075004193,0.12142931616959,-0.275943066549429
-1.16496,-0.378608881764094,0.446009454461311,-0.6255164844745,0.0568933558715553
-0.33486,-0.0570056327153175,0.237346236762246,-0.244700352246253,-0.440120874817369
-0.0866409,-0.0689266336205732,0.0810045035551482,-0.0458739830409606,0.204873770304589
0.878842,0.501770857325835,-0.250404227298345,0.516250137929324,0.220961102732957
0.804721,0.272296547737779,-0.35055595359024,0.558717711576643,0.0138694699225909
-0.730537,-0.215907527908792,0.36004393114286,-0.358454511856818,0.13712751367807
-0.547388,-0.20805158531696,0.258546053369321,-0.33058886045057,-0.428967218591443
-0.127355,0.0343551789429055,0.152941285710541,-0.102500832811464,-1.0958710542312
-1.88945,-0.538014293307328,0.527225447421171,-0.836371627237374,-0.24458001623092
-0.0996334,0.0640689954382764,0.150409325055409,-0.0996615395641668,-1.5345855840767
-1.79626,-0.54493786585945,0.517888880871191,-0.864411313862779,0.142881117497516
0.662685,0.327613184121486,-0.0646770398891621,0.307750143612167,-0.613636629273567
0.375456,0.148228641553255,-0.107491728443464,0.25909424042599,0.263443498400816
0.386308,0.203077635049963,0.0718988347467236,0.082373147941854,-0.24373026835741
-0.952222,-0.375926239820013,0.420468721449825,-0.626711466416079,0.0376494558301146
-0.36067,-0.0860371364833104,0.252480811489181,-0.302428339313608,-0.382269659751037
-0.151349,-0.0595363485496001,0.0839866381337663,-0.0583505814806451,0.176815239890873
0.80648,0.521444006135878,-0.240648710615736,0.523965171004601,0.195177844759618
0.822605,0.266449475015042,-0.353077739348928,0.532756078970911,-0.0627051858613012
-0.777303,-0.225944584502328,0.363196392085039,-0.429039531033539,-0.0062564255635662
-0.784396,-0.231904907280378,0.275201461754982,-0.372058939106398,-0.748625724472827
-1.02935,-0.317580054994457,0.296503454213552,-0.367851494510758,-0.644479709814527
-0.590299,-0.21494912956304,0.263097370903736,-0.361250877561738,-0.624270117789726
-0.118064,0.0309042284090619,0.171073220996942,-0.137377361113963,-0.861467725253824
-1.40941,-0.546857239095065,0.551344071594319,-0.95435182493185,0.318042339361708
0.848118,0.507277955257834,-0.247481052624142,0.533277211312468,-0.237314067973287
0.766067,0.277318556884078,-0.350976973985842,0.489968933086121,0.60796415988386
0.715439,0.335511533944628,-0.0396345747714772,0.242037464126407,0.602286020759373
0.532525,0.134708167772924,-0.0620890116430546,0.261330386673739,0.426137247631773
0.326837,0.194119536212477,0.0708307523405071,0.0911143371364412,-0.198078210417541
-1.06448,-0.352548485614507,0.445822370750136,-0.712900533653571,0.00860839708109085
-0.435315,-0.148752123203128,0.243706975495428,-0.316556177047296,-0.341132901929115
0.0587297,-0.0295574410514931,0.0966893568351602,-0.0719077363672702,0.145939653572131
0.821599,0.524143729731906,-0.241348648446912,0.557517422794011,0.291097044312271
0.840904,0.272396137247975,-0.355755736391417,0.516487838633171,-0.0120282942790657
-0.776164,-0.260068384212346,0.399466763042415,-0.445344375801808,0.213178058588043
-0.404595,-0.19304500894917,0.301739986266083,-0.401664866379582,-0.430747515080676
-0.138969,0.0265897418925799,0.170681066208029,-0.13049375498635,-0.900794933042275
-1.73649,-0.527825238675547,0.57168051127676,-0.897865266218034,0.238874999731698
0.699808,0.310872102565318,-0.0622448728103391,0.337248487205501,-0.53619285490992
0.493191,0.143768522256425,-0.0693617383124973,0.303146828105237,0.224206716314864
0.296865,0.172785896192163,0.0932902129430729,0.112874576125325,-0.340060412969329
-1.26385,-0.371223306666562,0.493700183973304,-0.717880924135265,-0.106326828565888
-0.62523,-0.149914339518574,0.259416242046034,-0.327503362003226,-0.528970153835119
-0.149792,-0.033936827678035,0.124652511408338,-0.0757645556258656,-0.0253741326366345
0.674807,0.299201984642402,-0.0509954141257505,0.271342677429002,0.0877862745203777
0.451616,0.145987931702719,-0.0619519335370132,0.301531953438298,0.342511972123196
0.33845,0.168693461182125,0.0775970027281038,0.0725450932825758,-0.239971988776491
-1.05308,-0.356069327684775,0.471431216225447,-0.732291852756036,0.0135445813750856
-0.395946,-0.1232364791555,0.258306881408817,-0.35989390402888,-0.400348010224683
-0.100938,-0.0605128531660029,0.127697841651516,-0.0848750840373496,0.190686291587017
0.899665,0.514859746219204,-0.255688348728862,0.554238930523627,0.186682063531699
0.775871,0.29359323206376,-0.346775002927372,0.568898075686067,-0.0654518678760606
-0.909888,-0.25720190968548,0.392681485247891,-0.540812683047006,0.0558953454742032
-0.735333,-0.207902410489021,0.33404429428299,-0.437855399636033,-0.44196584077494
-0.0490174,0.0173634919741702,0.17657393679892,-0.15337481548275,-0.976937510346879
-1.59114,-0.569617510097222,0.622345520719939,-0.89376568628771,0.332896966321505
0.860303,0.507882433999632,-0.26307213371955,0.529325153409321,-0.405611335448754
0.811861,0.299467302922089,-0.360442222536223,0.5832936406961,-0.158010027263164
-0.875267,-0.292002333649002,0.388829474214932,-0.533972489266124,0.0613440151125539
-0.684252,-0.218909495731336,0.341291382711959,-0.400425798063305,-0.529579956379469
-0.268609,-0.00124370938456225,0.18103047115508,-0.132188811168999,-1.01211815086521
-1.69911,-0.549166674592246,0.648488065992128,-0.800210762001882,0.155331521108165
0.664105,0.314747670679172,-0.0509202712741388,0.316602049449679,-0.494404560601872
0.576326,0.156612495043872,-0.0560883521331991,0.312330486563272,0.220616215717162
0.27283,0.150743301631568,0.106984757344203,0.0939893014587202,-0.166841957092992
-0.968588,-0.38368860707966,0.507344306258216,-0.72832247649784,-0.0144764585301321
-0.396374,-0.162929371404681,0.265117472531105,-0.378741345821334,-0.405195299031458
0.00794811,-0.0496419070512085,0.141113284513023,-0.0834840545991744,-0.36246482169896
-0.0691234,-0.0165171145223854,0.186896652642717,-0.161058672747448,-0.740515634158782
-1.7773,-0.56073978840617,0.619063288714621,-0.849658354304343,0.269464269117155
0.641967,0.314785596313169,-0.0491501757869256,0.323487715012165,-0.556524855631412
0.453712,0.156774881585049,-0.0515190966874764,0.334234005280861,0.233340146945346
0.378165,0.171882347882379,0.0988208983817485,0.0950793870832717,-0.357827375619857
-1.28126,-0.37671279804988,0.51775150506661,-0.697923752172236,-0.00650230313142531
-0.478755,-0.130964085832159,0.265968715437206,-0.336053832992148,-0.49075634185346
-0.0901236,-0.0411606598292284,0.143516278067473,-0.0532281923433227,0.140303788448154
0.891295,0.518777207091651,-0.254605856642746,0.565425039968349,0.201265857130713
0.832686,0.304772731008667,-0.340921007282722,0.58241701181041,-0.114585562402707
-1.03104,-0.311158246211785,0.41473704385125,-0.500173387452683,0.12133433764564
-0.78932,-0.21898545784982,0.360626152842128,-0.400459923629901,-0.0576341729243815
0.681404,0.295884281329961,-0.043971771813548,0.255092615489782,-0.194722999720541
0.434418,0.139971961013246,-0.05838391508268,0.304040372065969,0.315236321919446
0.347593,0.141215675921995,0.0914627849918406,0.0518367088378331,-0.202752230481721
-0.899328,-0.343756697903753,0.532788766192813,-0.740090941868636,-0.0846232056996827
-0.636705,-0.158616195836078,0.274948538116406,-0.342668781749654,-0.319266716259078
-0.0633932,-0.0385371848309899,0.13356468218896,-0.0704404686039299,0.0947527275144643
0.894969,0.531480298732068,-0.244693125457752,0.544911824325924,0.178942282019541
0.792187,0.304860156999377,-0.345638622353992,0.582821755126351,-0.178881393322212
-1.17754,-0.29544598119172,0.406006711617914,-0.506107979659968,0.0759888917283407
-0.684282,-0.211148910408961,0.338055824834665,-0.453529816078071,-0.609653279612796
-0.177873,-0.00418497281737454,0.169505195666436,-0.150776265962981,-0.972919223445311
-1.59973,-0.546630026098091,0.632947333930073,-0.862057988477561,0.298153497968706
0.875462,0.533593453355143,-0.242775143461736,0.592035295231102,-0.332221697172324
0.758848,0.31220151007476,-0.346062869604581,0.636501920991514,0.574489811644158
0.623309,0.336582308641905,-0.0181952873436611,0.202757352932253,0.651119208025937
0.563857,0.172874941828748,-0.0378054663306427,0.317158207525417,0.638691714989294
