1000
-0.254762,-0.120074288344818,-0.151174361571852,0.0974413295769771,0.0703657278334959
0.21253,-0.496580983791063,-0.391890723398807,0.0554029818128908,-0.00526581730877395
0.0417724,-0.623502723597166,-0.574686506957231,0.0386340782630501,0.0262855209085236
-0.0422458,-0.679606965073073,-0.655684303970418,0.0451563675711725,0.0342745080753318
0.0312114,-0.673007557856862,-0.628016795418426,0.0426770573212664,0.0275344564656678
0.102271,-0.53860444938516,-0.474356569712561,0.0704793963280052,0.0267506602995786
0.110791,-0.512828095378157,-0.452568932558779,0.0787073416669277,0.0593946062003135
0.0274535,-0.615754152650627,-0.56994278364603,0.0553104848400141,0.0507775017790071
-0.00610842,-0.568340344803399,-0.514147136151596,0.071811802734963,0.0446048552055937
0.0460001,-0.433798240434002,-0.355430653195871,0.105576509587467,0.0469465268213527
0.0921639,-0.471028266638624,-0.411877746404259,0.0898301663600072,0.0526792398080289
0.10117,-0.565112714044999,-0.517943569218431,0.0603599244216883,0.10058697691612
0.0265302,-0.582800856741621,-0.539353605362424,0.0629858394152296,0.0831541429981426
-0.0622016,-0.613429677939651,-0.589370696949189,0.0632984073779354,0.114768321646035
0.043295,-0.477673914104553,-0.447049349678515,0.0810170264591414,0.103101352029313
0.146184,-0.297314335373555,-0.236617327213271,0.114560114894648,0.0588939489833883
0.618302,-0.34452118617744,-0.329894161810265,0.0671620503852778,-0.00293500952125724
-0.171343,-0.549391890922908,-0.523541843232349,0.0781832894231693,0.110420093439043
0.251227,-0.297156338823925,-0.224302950827919,0.0989066422175987,0.0936861956588181
-0.0281861,-0.502099559543929,-0.495021700953777,0.0763331491417071,0.132565233866582
-0.320897,-0.79130182613312,-0.802209263757404,0.0766375826613131,0.158146796616317
-0.0253839,-0.559639380451295,-0.538467579487043,0.0717769358867249,0.119020383477992
0.42699,0.128805735431316,0.188683056131142,0.0904470902019954,0.025801984651201
0.340007,0.0053290595215516,0.0964369780866853,0.0969652509239388,0.0591041708006759
0.0442669,-0.534821780001996,-0.461279701646165,0.0815402106082002,0.0906070049887866
-0.0105466,-0.654612854299837,-0.597505629867182,0.0661357581400454,0.11912018994679
0.0570308,-0.640950847334042,-0.595090219337954,0.0590817239753604,0.178275934172499
0.117659,-0.454635237228446,-0.395468621759529,0.0797200000613692,0.181275644407115
0.0737794,-0.461071538049237,-0.42834206142833,0.0797124518967321,0.154991972128841
0.250563,-0.452967135426016,-0.339133865575974,0.0699308656570189,0.11363893822912
0.210554,-0.433347018650997,-0.319192761596966,0.0781894500843838,0.120433989521964
0.38196,-0.553487303538734,-0.449557238055006,0.054267945873798,0.111125284333644
0.0701187,-0.613557215400805,-0.568525021343275,0.051433561850774,0.140970918479037
0.0872236,-0.503832991019751,-0.417490587851274,0.0707072235040459,0.129289407145018
0.0851017,-0.418766918776642,-0.314271859789415,0.086232147822498,0.129615133245036
0.0605781,-0.415724179631038,-0.292438346532502,0.0897471817945729,0.115314012825339
0.0872884,-0.596594637783007,-0.538291233188943,0.0656042308345623,0.0967105109355762
0.0347749,-0.569045421964635,-0.529968857214234,0.0706763020094702,0.0702903815830008
0.0317136,-0.481934651686193,-0.412683314772844,0.0785863969423515,0.0751965064123421
0.0940267,-0.520751206823687,-0.446006416144843,0.0822216562116096,0.0796578749652981
0.0861545,-0.553392931829741,-0.44370778370817,0.0907590934379145,0.0692123899313005
0.0542448,-0.560887740519576,-0.453071954726104,0.1048299893962,0.0782852730186525
0.0460163,-0.534833019861713,-0.422191210264592,0.0991236611620313,0.0779395480738891
0.11949,-0.570579400603971,-0.475208464169586,0.102084448209095,0.0768859539095005
0.202423,-0.479726910583861,-0.225812930584769,0.104792519625387,0.0756784556565563
-0.0394274,-0.399386816653428,-0.287796035479683,0.114861291682128,0.0969247932907799
0.118534,-0.689439287357574,-0.624409377037798,0.0948592057726424,0.073224984365144
0.0702158,-0.606044491932713,-0.488477741599966,0.116940779468223,0.0779477382066251
0.102838,-0.523054076264687,-0.390369616953848,0.150635957504924,0.0770258526997214
0.111958,-0.499263009442217,-0.36445721496965,0.144400077490593,0.0702857638913041
0.0467938,-0.651923145022363,-0.664647089918516,0.111534741385131,-0.0944410170292776
0.0143333,-0.704130661603001,-0.748885531377957,0.126833794679945,-0.048885641000856
0.0516531,-0.558462343641994,-0.472143206375207,0.152323680233632,-0.0479434250067773
0.0772457,-0.501813433415239,-0.385459822223899,0.14145024397732,-0.0617126951430702
0.0629754,-0.533494419979495,-0.438791466554031,0.11350479503931,-0.0679773799669495
-1.60581,-0.500029806027328,-0.475005053474039,0.16241308057187,0.107445875733894
0.453522,-0.567854402160027,-0.496173678066566,0.0966406233221337,-0.102224339129612
0.206909,-0.574368909747835,-0.482009947409391,0.100197519873261,-0.0431458696825161
-0.0137214,-0.5961148261973,-0.489229642484668,0.12010184209197,0.0070016005547567
0.0552976,-0.588780686941141,-0.455530240587687,0.115338211979151,-0.00475622198891753
0.0937675,-0.608591377184752,-0.456878765112492,0.118283548803169,0.020347059376132
0.11915,-0.63814993465274,-0.479435358890193,0.144268765831593,0.273583657501161
0.315597,-0.62763162510051,-0.438665752748904,0.180334052069139,0.297546057221166
0.291381,-0.615543921028475,-0.407060869169708,0.177146817301651,0.26951207442229
-0.0160377,-0.635538907722533,-0.469091918509306,0.11588944282412,0.341069454152425
0.325705,-0.627744051321198,-0.432296194025858,0.184896909304041,0.294846975025497
1.08663,-0.614778419694478,-0.639809908404007,0.0948936484758891,0.240460574163881
0.888078,-0.555400147743764,-0.349416456521375,0.131548589494366,0.266334677993326
-0.170452,-0.623868552023683,-0.447869137804036,0.124979659045653,0.352513568202176
0.356367,-0.649543878132637,-0.440107847787332,0.192110573428746,0.328595726163277
-0.0906288,-0.650839479743612,-0.443333026630673,0.149660775765504,0.38001739373155
0.356788,-0.663593218636897,-0.454938433870971,0.181566859161233,0.304225283203154
0.18467,-0.662136419864943,-0.443839419681586,0.225761545644542,0.297080815289694
0.0740547,-0.657602843715611,-0.439784837579593,0.148815307574214,0.231096342597774
0.674428,-0.664117315698394,-0.428348888404874,0.253358386704428,0.0785380334497318
0.052706,-0.656160746882917,-0.440114252144135,0.144011541159755,0.0722685759582114
0.0547793,-0.664432802520887,-0.457552080463575,0.104770589181788,0.155801566765411
0.822509,-0.67498803103441,-0.427640484708226,0.239063654532599,0.0919330478420302
0.0379335,-0.674311492242613,-0.437252716114048,0.274436633094694,0.143200758591697
-1.11675,0.343131270054651,0.109077398469253,0.141318223245371,0.124680750088488
-0.381672,0.63643910549416,0.583043494309864,-0.104700685490818,-0.00184993326141823
0.844635,0.513533505614147,0.195324032701007,0.0425511053643586,-0.00674938430325486
0.581533,0.387842622854793,0.141570937655707,0.143739568515556,0.087889899085408
-0.11836,0.366903222316135,0.235914255834197,0.172536693768791,0.159722843561156
-1.38471,0.405712021914584,0.30375830261751,0.0720015812494696,0.175021420563445
0.182985,0.493584361539848,0.59055266580744,0.033539320387127,-0.00229078507284064
1.37558,0.391665046832021,0.242495701873975,0.0965376946349459,0.0241939138457482
0.741908,0.293074901438556,-0.0487671525674904,0.180643684480371,0.0663598991225508
0.764196,0.334996831067116,0.222950847316084,0.0115106245213534,-0.0887311002316333
-1.29155,0.478945223372685,0.358529807285791,-0.111385910972764,0.173272012804196
-1.26653,0.593692792993163,0.375948599584856,-0.0160645505335786,0.38971520842606
1.24375,0.489861643053055,0.189017050147105,0.132264226094172,0.0403231480325733
0.579865,0.423432985797065,0.181452809123722,0.280423374040039,-0.0724469375474161
-1.00234,0.450093207126704,0.437218675547454,-0.0454371196153042,0.115672109967737
0.401915,0.414467067517037,0.18778980455395,0.127050085692178,-0.110955811694917
0.975724,0.4389924449438,-0.0607281080640928,0.229051037791164,-0.0988820103575129
-0.697951,0.66785802862792,0.548489350980356,-0.052560215157867,0.221759369489736
-0.573778,0.655796389598382,0.65148212223396,-0.0979051624720599,0.216750409246228
0.949176,0.374158571160823,0.00557192263839985,0.157503262770954,0.0269599335446547
-0.101643,0.296045654578231,-0.130730272699321,0.273258442777872,0.100054699176936
-0.526189,0.537676376318125,0.512258173931956,0.0419593321471034,0.0742643249869986
0.295155,0.623973734357096,0.717114037221764,-0.0427853245600804,-0.00397376242597236
1.33831,0.419471917847059,0.1698946124385,0.174089007524947,-0.02163448542001
0.235466,0.336673012029413,-0.147792536565697,0.23546672355037,0.127531170773603
-1.43338,0.490951546756555,0.323304444685851,-0.034828389918617,0.396680342315081
-0.337857,0.543788308947166,0.504179877859808,-0.127932878379024,0.387964228179683
1.05537,0.434079227433364,-0.0120961339501055,0.135680189114127,0.36436210514085
0.281744,0.391996239716225,-0.1096063939721,0.267563429603686,0.244395111686003
-0.194959,0.391819623862181,0.191918785890751,0.144436770636623,-0.136352764294031
1.94142,0.764616480687148,0.143571650904887,0.145206400834631,-0.299135910289312
0.977069,0.797620859708385,0.447731522881927,0.0997124582798826,-0.0685532043887936
0.700523,1.11589381940328,0.999785756234319,-0.110203207462249,-0.0292325874991038
-1.93151,1.01303945828843,0.864562812648749,0.0160527783351448,0.368793169828878
-3.26987,0.821089099545104,0.621174565436642,0.046541099165856,0.502499295278244
0.974072,1.003399855975,0.712567405377156,-0.05571694530261,0.202778412127604
0.0468747,1.13428573214016,0.913455340211765,-0.0125018247456418,0.324959876199136
-0.0246226,1.02994353690026,0.425796335982569,0.124978824383624,0.194631966602751
2.48057,0.910409870730981,0.189979847151172,0.0251997339861984,-0.176107604126581
0.205986,0.890996074631224,0.698516171574591,0.0174775551492909,0.204397032476547
1.32659,0.994287262990632,0.668337028674569,0.00822333714141939,0.396517549009641
1.98709,1.18268298705252,0.830786301353967,-0.0563129523390053,0.208425357429485
-0.741037,1.13764104192263,0.720752521308699,0.0978538961094935,0.521127735948012
-0.616605,1.14216880011939,1.03670629773662,-0.0285728014163012,0.505403050734284
-0.562132,1.12879015766463,0.970473287911389,-0.0871963585472764,0.214104513989367
0.0944478,1.17961311025348,0.597586994947487,-0.0226001423495654,0.138081514202974
-0.148423,1.48549921199667,1.01550595454364,-0.0762828638633426,0.25065553015079
0.460471,1.48475326206335,0.738625705838198,-0.102065740767261,-0.138255501831048
0.119182,1.23232159427153,1.1874403816418,-0.111321435185529,-0.130918576838197
-0.469334,1.04082209289192,0.918897530486626,-0.0872277759082639,-0.0427650324280605
0.185172,1.51683664046807,1.46786275226307,-0.172115894231142,-0.159532987520804
2.23454,1.30596039663175,0.867579186356918,-0.14761583541811,-0.450608731267682
-1.5427,0.986466045309682,0.314773104203776,-0.0450857990537233,-0.0938068457838523
-1.08783,1.28505570980101,1.06750689591128,-0.0560534953590007,-0.184162339369164
-0.340788,0.157065985180604,-0.193133178878021,-0.622446859844431,-0.41985810102099
-1.0341,0.128874381842909,-0.41474578188396,-0.329497515838527,-0.447087695896987
-0.588777,0.592227115575544,0.432032711416232,-0.272076271806456,-0.458139050901814
-0.488578,0.753052703944217,0.753716613984131,-0.32226193464259,-0.701592358893048
0.140595,0.644148350867391,0.500775710921902,-0.2610082750033,-0.919674131002592
-1.47009,0.52664196182357,0.411388983436796,-0.227476161593064,-0.79427045111922
-1.46931,0.747528993527299,0.712063221729907,-0.400608851693374,-0.749252111925997
0.629673,0.695104598812067,0.709909555705117,-0.262163479454334,-0.859916597410133
-0.271332,0.631405875233654,0.804913310113947,-0.178916750616288,-0.826664691497752
-3.15452,0.198809470397231,-0.0366410149227758,-0.249536713902561,-0.510802549724833
-1.50626,0.455028798541189,0.705776519587086,-0.276339304832525,-0.700273234808631
0.197369,0.625849143758973,0.514078671032263,-0.210325439820552,-0.923905422804633
0.195085,0.658339891132981,0.479948230287018,-0.365554249816629,-1.08813695829587
-1.20911,0.784020734014172,0.648491770275789,-0.237085179140366,-0.990917895403696
-0.354719,0.96642323745206,1.03264254305675,-0.268604467478707,-1.05549445710352
-0.0649228,0.990996083034446,1.12807049577045,-0.355535703918713,-0.838912325387387
-2.01693,0.654641102758435,0.401214956644056,-0.293754515785154,-0.47708370735858
-3.22624,-0.225694323561177,-1.34957369414978,-0.301160603842914,-0.420926982746851
0.118275,0.592815483661275,0.484347517560028,-0.305717647136152,-0.836436273013872
0.0261415,0.700675911299918,0.596293467986312,-0.404584077736935,-0.666935534671294
-0.46778,0.702587963768817,0.600526702980378,-0.316665631286373,-0.652247306677783
0.209339,0.604061494809387,0.556241461609783,-0.338752065354014,-0.68603452044072
-0.590251,0.570850172360632,0.25355173475771,-0.386509520844115,-0.381618936771832
-0.551522,1.02978658091313,0.825466967801191,-0.348522116917183,-0.0799143701109572
0.353921,0.690705531573881,0.187950281742407,-0.455650573963658,-0.180941119492251
-0.876208,-0.460022605772583,-0.534515717491255,-0.158535831988177,-0.0400039755735642
0.239224,-0.84683499688989,-0.740264077173705,-0.0374655031584643,-0.105473656126506
0.23362,-0.870711732468217,-0.742725182622137,-0.0224545963465257,-0.111294239217554
-0.00283646,-0.754690344633315,-0.611211179889375,-0.00127315806839759,-0.0162964322819379
0.0475389,-0.660555111246518,-0.448196595178318,0.035926513022289,0.0397181880012202
0.0923421,-0.575612881090116,-0.301342027735632,0.00960276149942388,0.00106163434769634
0.0545039,-0.543230747260727,-0.252615468877955,-0.00254806680012786,0.175428002401525
0.0904146,-0.6287134732776,-0.373275411968856,0.0276108138327076,0.157829946679222
0.118453,-0.709516024548838,-0.423275770757476,0.0514286940319063,0.145449344909919
0.084308,-0.737148182316913,-0.504000991828718,0.0146311345554546,0.161427973910734
-0.0239099,-0.75698708387855,-0.576128950259636,0.0108742533297062,0.177566922806686
0.927195,-0.238342044006085,0.288501458819717,-0.100263465146249,0.0763770483359995
0.0738442,-0.810337877997717,-0.600312896502454,0.0158986351646106,0.16772369701911
0.110516,-0.731686506216515,-0.470113842044515,0.035681982278669,0.153243887444361
0.105398,-0.692772242252025,-0.422827851455196,0.0262107408486713,0.139002797254163
0.0728399,-0.723948755716518,-0.463077458942365,0.0414785536912332,0.146633654234601
0.0812304,-0.745215831090086,-0.478695781504551,0.0490977848303758,0.167431874096859
0.0670411,-0.719284075778852,-0.450798905306433,0.0473626306310657,0.0866132474521238
0.000840455,-0.739654930310105,-0.522268675338999,0.0302785366824001,0.0359222702715685
-0.013932,-0.766940474981635,-0.564726778516784,0.0295996560473982,-0.0374920201035496
0.154704,-0.732537870809402,-0.426341923688572,0.0591240346073933,-0.0714251358270433
0.231903,-0.716466455429286,-0.371805348749074,0.0312521628374486,-0.0918981027698282
0.0590717,-0.716566650922693,-0.405811742574709,-0.00430760629549874,-0.0913473775697539
-0.535956,-0.078174391164591,1.02389943874607,0.0394805636857481,-0.0352741509118721
-0.669475,-0.418281753704877,0.270999558044712,0.0611477436946269,-0.0136217066492443
-0.034973,-0.638560995287925,-0.238878782484181,0.0272528960106248,-0.0751244674348455
-0.0211562,-0.727816001346134,-0.419236783131936,0.00132222505097181,-0.0842394974378364
-0.0633354,-0.693436157764294,-0.358995515545526,0.0144053549179253,-0.109191359954827
0.0306607,-0.691813566616284,-0.36541273157782,0.0343172137069099,-0.124235843309336
0.0954683,-0.728256959604329,-0.427813992401999,0.0538452661827595,0.137752123130875
0.0379011,-0.745794727941456,-0.455517382659425,0.0579504854307057,0.175395962478006
0.0447366,-0.736263153253221,-0.444145441854328,0.048495267712714,0.199887921102958
-0.116756,-0.697669800543377,-0.407714777075951,0.0396310629346507,0.213942301027911
-0.0312637,-0.69218289010447,-0.392133396981616,0.0249074748608804,0.209814545170162
2.27962,-1.01471221431176,-2.28114606657322,0.0534641715724447,-0.0297482227795208
-0.396639,-0.701650365958385,-0.457584900892531,0.0819623004563832,0.247387003940704
0.184751,-0.665736734302647,-0.369490212048376,0.0236994195427642,0.186348972311542
-0.106519,-0.647732773471622,-0.334863732559606,0.0486880532784532,0.222659875518658
-0.0628657,-0.671617423510245,-0.352597607002249,0.0390459285127404,0.225401029278553
0.0832713,-0.7236828472403,-0.410625101992031,0.0810361179392245,0.212676790314654
0.0407843,-0.660978598472919,-0.271275541065489,0.0454945701757682,0.0254208337037697
0.104199,-0.680276108119223,-0.314906289131724,0.0559891350715851,0.0831999234574
0.148306,-0.738303640285775,-0.429060879713188,0.0772340916325864,0.000477834505436245
0.00595897,-0.694642475010316,-0.377244214375949,0.0208696666547142,0.0358343197840904
0.040509,-0.725644578872218,-0.462925968846898,0.0446975709898965,0.0617378999740341
0.238787,-0.529756391405042,-0.252814076294254,0.0370471705662858,0.0288543933505305
0.27392,-0.651906227185207,-0.448137841002889,0.0326896235253037,-0.00449156332803369
-0.654865,-0.704938948383547,-0.40915436109472,0.0612185946962879,0.0762854411280042
0.115084,-0.748644911580773,-0.441399193043376,0.088793271227213,-0.00709065061892231
0.259504,-0.752159251266319,-0.451522703103102,0.0940593437353874,0.00502365168484084
-0.0346004,-0.742602131622057,-0.463572408201576,0.0400519764025384,0.0534272299347558
-0.254259,-0.729500954149535,-0.451303188432021,0.0618532116758479,0.0333843224271937
-0.0663158,-0.725275471515324,-0.449555307988588,0.0731561490729482,0.0370475729068281
0.14228,-0.732065894157941,-0.457665948522808,0.0505912049890035,0.126226426221829
0.296727,-0.731539633172164,-0.438780755694332,0.0726810513548186,0.124846990500563
0.220499,-0.739467812364521,-0.452082143166221,0.104544548806264,0.127102776360873
-0.232554,-0.611075564493151,-0.483804856694326,0.0649094100791197,0.193324000045419
0.501062,-0.704868334466192,-0.427783603133768,0.024003741147799,0.147354078530525
0.497531,-0.739058844163487,-0.452453069410852,0.0844973126209627,0.151082239053674
0.242253,-0.730540664493252,-0.445509791295299,0.0966226114902395,0.163809955103578
0.165589,-0.730245251080954,-0.449494662574857,0.10333261476474,0.143197393095579
0.12511,-0.742707204523617,-0.467401942194359,0.0640636899716373,0.128529095046069
0.0636233,-0.641735755139632,-0.440800824846279,0.101611690933119,0.160002002283646
-0.0362688,-0.671495654153291,-0.475704880106408,0.11524599550194,0.123251256029065
0.0057322,-0.67487633756994,-0.462982273996683,0.122707501894824,0.0332051342183927
0.0175242,-0.650551445662796,-0.420045833574554,0.106493231880215,-0.0784431119011131
0.0478304,-0.660609602790453,-0.46374971031374,0.0494369266302456,-0.117194520636599
0.0687094,-0.662956163036088,-0.458147002998743,0.0908124225970362,-0.0987598923001019
0.0268218,-0.663134167531303,-0.435979803467173,0.135205541231226,-0.15373351633912
-0.393626,0.198861083191455,-0.521598854828068,0.130271575043164,-0.0482912168693082
-0.907162,0.710547919701103,0.60006121796537,0.118998139203604,0.0725770639904289
-0.17306,0.625691673579444,0.454075765338256,0.126123692651439,-0.100837759928091
0.383758,0.400852667957044,0.159106608158186,0.270385382780666,-0.163795065188343
-0.530336,0.506094328229918,0.600865790852884,-0.0382654645085469,0.0543487490264168
0.647329,0.439642487372779,0.274968856310699,0.160901875062031,-0.135440655001154
0.706014,0.321985881652593,-0.0653399618369616,0.158374741236933,-0.190869843247893
-1.03608,0.469449128778385,0.261609021156038,0.185434748672937,0.157745041192218
-0.0268579,0.595755400053808,0.496069299037549,0.0463298256659378,0.208133126924676
1.30414,0.446149648591646,0.173473171698001,0.148465864744631,0.0258924275594517
-0.721,0.359210767100809,0.141592983111049,0.132989946626037,0.395319450136114
-0.932269,0.478507992358689,0.52255031638063,0.0716329107646339,0.349186703891787
0.852815,0.434691195720652,0.331601922587996,0.107900377071375,0.0908484963500582
1.49906,0.344769476071036,0.141132982076055,0.0979544351205081,0.0963468447140689
-0.0825623,0.232697422844824,0.125730770611908,0.138549618098958,0.189025833694536
1.08723,0.536519345545921,0.28882672294235,0.0980875928479928,0.100447722834253
-0.139903,0.69820234487308,0.526494892554324,0.0861934792756543,0.305135405682738
-0.115071,0.768352215521202,0.525777374124618,0.0476853391761855,0.3667580203384
-0.293636,0.382373021189027,0.0520153124529457,0.163612825209768,0.387203486196052
-0.809263,0.523430286092302,0.56617221032883,0.00741083772041915,0.185381741448588
1.72858,0.555108402438535,0.446053781530261,0.0306558951953293,-0.120957572484897
0.100506,0.44277789285312,0.135881942479256,0.17790803601991,0.035570858436703
-0.180867,0.628086250498726,0.418501101577856,0.0383200506408934,0.100491770411066
0.911095,0.57861522929293,0.165734016255706,0.0591239848501992,-0.0426958155471719
-1.25388,0.520144397031435,0.27517381559382,0.189271197998839,0.283069151871078
-0.470323,0.555056398106227,0.568803204105391,-0.0201581234562508,0.0489899782372361
0.917655,0.39461286613961,0.114435782847121,0.172732967708867,-0.222684792422417
0.245606,0.346508709814862,0.0600880461384517,0.228544261098247,-0.182424582750661
-0.373135,0.411528083900265,0.365076061618361,0.114355141105807,-0.0821878831818723
0.751595,1.01256920189907,0.8132976809564,0.0890215860987595,-0.204002591215398
-2.38086,1.20309835805209,0.829959404997103,0.124267071039314,0.215188257067811
0.438474,0.98499305074642,0.750769270242691,0.115874835614929,-0.0774035931796742
-0.206978,1.07444128060639,0.710708605532767,0.145255545851694,-0.107751772707255
0.230898,1.15377281961869,0.846363335513595,0.14190672276978,-0.131914839089845
0.91806,0.95925064767435,0.893341483054392,0.0467802425333946,-0.187140472889387
-0.341177,1.00611657248803,0.348167729420224,-0.0176815556955397,-0.152431568746358
-0.398712,0.987890104138408,0.191999792823809,0.051703666226508,0.0575447901479175
-0.182989,1.16041747478182,0.268794640816344,-0.023254007330984,0.0479724122855273
0.432497,1.49955072417602,1.00364664929118,0.00420495508513301,-0.112985061350055
-0.216502,1.4097645464945,1.12952637725374,0.165488223610361,-0.137183981287467
-0.321076,1.2831468424184,0.700427898752739,0.076553450840756,0.0144192622542953
-0.183685,1.17614379642114,0.777200815251571,0.0912790167654695,0.057753248259958
0.601149,1.23092825140236,0.410059680382102,-0.0431404932277078,-0.246777155988054
-1.20643,1.4918057169586,0.899763273382451,0.0626672451661421,-0.129255807865145
-0.716481,1.07201257489205,0.444094111673682,-0.0569886111914444,0.0751985056029525
2.42862,1.34800552315108,1.00953881910908,-0.121478488597733,-0.179293009978359
0.230218,1.08177242273386,0.705341634188841,0.0597888276789169,0.119004389731784
-2.76473,1.0187758033561,0.450397316578541,0.0526585896265613,0.356174060291903
-0.940271,1.38568202529475,1.07960117864243,0.00396191185555658,0.250965293989873
3.15484,1.37270039823833,0.830561983345144,-0.0696662577943256,-0.0520195028433899
0.574212,1.52893190494312,1.23583788764976,0.0483586207469079,0.267640630392563
0.344575,1.23336720333338,0.593734518243977,-0.00155554739412916,0.022490117288218
-1.0625,0.102531705066334,-1.72996898905019,-0.0304125851129517,0.18957983628423
1.45311,0.728381066759939,-0.0982870844750818,-0.11137632917581,0.172937670184863
0.0851827,1.08077135276962,1.19313393395893,-0.108773706069999,0.280396684749668
-0.267461,0.854731552653773,0.59531159667645,-0.0830464455178996,-0.107762096727909
-0.422296,0.555959271203261,0.0168060652585373,-0.02936688741323,-0.200987114010867
0.409561,0.713323269302055,0.372698286290828,-0.123325472263691,-0.259693383640991
-0.0530336,0.650098010174749,0.18249343262324,-0.0310279244750923,-0.0977217833738653
-1.23792,0.759430583438384,0.661092412696255,-0.0544874854917514,-0.130057679615053
-1.25885,0.247304652194546,-0.601113903121449,0.0951037351769491,-0.162855004976614
-0.500613,0.808205355629592,0.177428350443649,0.0083006968637721,-0.288698237052483
0.739527,0.928559846624738,0.55665005975663,-0.12615217092203,-0.469325671230552
0.218216,0.812757344198389,0.335810555222079,-0.0609865406256616,-0.290078339044417
-0.1849,0.93462659746574,0.42107919270639,-0.0288215052678269,-0.103106308498844
-0.300035,0.940262698830696,0.838492957174861,-0.104258542171277,0.00600490861518135
-0.804014,0.850667978829929,0.646377588184032,-0.0540037465665084,0.167256330528295
-0.982806,0.952675417846088,0.794523360383874,-0.0668936589071126,0.245823424690131
1.69786,0.492375158235109,-0.22858061958072,-0.0966624537814436,-0.143429876676397
1.42389,0.863135116014542,0.323011024842212,-0.0954698748419148,-0.246627537204583
-0.268773,0.960937333795841,0.66028644286507,-0.100358735719333,-0.167726022221459
-0.161397,1.08838583109305,0.95776496554303,-0.0892803505253288,-0.140899386919105
0.0640283,0.941725428726778,0.895158166096162,-0.120590082880856,-0.0452179261146099
-0.449719,0.848187228457612,0.608700976565675,-0.120691305327177,0.067241175906311
-1.21599,0.880520533534158,0.650616985941457,-0.0747379753981613,-0.037980102673649
-1.19407,0.733181584466503,1.63256424641469,0.035094728527732,-0.156471006287716
0.218329,-0.777970280251809,-1.16195311604366,0.0650026774564375,-0.286075336361097
0.581825,-0.735513034935206,-0.75922463246851,0.0241244566817878,-0.307032088152541
-0.248428,-0.450723994853468,0.20673428444726,-0.0232517557684368,-0.20428374448968
-0.216195,-0.482606519875145,0.0142786787045344,-0.00947096468515937,-0.147996093506595
0.165767,-0.695949746414194,-0.48975771663119,0.0730498592709613,-0.0599409686337684
-0.12526,-0.556991167407875,-0.231991849749409,0.0187380993294892,0.0976698006273298
-0.0457122,-0.538955973254361,-0.0804508137842264,0.00268596179434724,0.0867799818637007
0.159255,-0.727982931526224,-0.455845995201566,0.0819404006305396,0.0275282167917047
0.133371,-0.783167529362669,-0.561042185016732,0.11426283303807,0.0660074743418138
0.117319,-0.77855903507611,-0.54415908542185,0.117116945221835,0.0832850158405802
0.143527,-0.780060315508141,-0.562542598625304,0.098687720035123,0.16125031468311
0.183892,-0.761749245829379,-0.519423673576556,0.0952903893922067,0.169404872947727
0.157166,-0.750797260941775,-0.480483635612835,0.10031526402712,0.191778166823123
0.105981,-0.754556268066986,-0.473424585068241,0.105353872060002,0.187659066058734
-0.0639185,-0.72713337344551,-0.46796805996473,0.0711841368801287,0.18871223861558
1.00998,-0.0095060559055492,0.83998832328814,-0.0510169896335959,0.0640983775328583
-0.016799,-0.838171144449841,-0.745504119547333,0.0844194630057818,0.158508889520513
0.147463,-0.805190192092308,-0.651761469991606,0.0815165511016859,0.125214805876001
0.0450768,-0.776500404043345,-0.583473656995399,0.0788677672728039,0.128679750339254
-0.0613593,-0.730687969492611,-0.47950647272942,0.0605618703277997,0.131934920189668
0.00898797,-0.680139153275522,-0.400975152001467,0.0514075153350998,0.129491433943615
0.00495471,-0.653108635277958,-0.323922238653132,0.0523688082101749,0.0854545938311626
0.0496284,-0.755696873734185,-0.617959544852047,0.08784964119801,-0.0432989376734136
0.108961,-0.758656273840522,-0.614214274300207,0.0805441167078209,-0.0414545555295604
0.0471015,-0.681882914627819,-0.359035356937294,0.0456691708890922,-0.0273110677260169
0.0145438,-0.681627914591222,-0.348666814192137,0.0369733783150517,-0.0135531490278983
0.537977,-0.683942680041941,-0.4758322614444,0.0176754106346598,-0.0661767985330609
-1.34058,-0.126921770385041,0.585454224616591,0.0129669989016806,0.135446526890255
0.251956,-0.73716102277014,-0.545750831011466,0.0843378709614655,-0.0313408693842162
0.140126,-0.702027348286721,-0.431270970929077,0.0648715225993816,-0.0160293318607564
0.0639797,-0.697082380539124,-0.41830030419996,0.0715153717853407,-0.00580151010403231
0.0673164,-0.665424654250861,-0.405001474731546,0.0436793270707272,-0.006297171917512
0.0360384,-0.675456898450267,-0.401051058239264,0.0580050182997377,-0.0433141627183937
0.0710095,-0.711607076534355,-0.414091190966934,0.0613965287500819,0.103395246762266
0.117757,-0.726073105306977,-0.429373414719654,0.0562189919801008,0.0864990582561326
0.0471015,-0.67000782653294,-0.403940352085071,0.0545582077046275,0.0889756873528234
-0.00568728,-0.647503593571296,-0.398678405432355,0.0249857707892478,0.0929448479133107
0.0833199,-0.68078822618287,-0.441837370828138,0.0669498919870062,0.0760407638976811
0.253057,-0.670614059954621,-0.455283394146995,0.0579754417553044,0.0566154264807325
0.123879,-0.419378404316004,0.143022626068115,-0.016215090472888,0.0710068841776218
0.0819755,-0.61974070995514,-0.250316933303515,0.0372727426198753,0.0762660602254628
0.0402984,-0.584953121862804,-0.33197078710124,0.0362346447669516,0.0877238979966739
-0.0186132,-0.534979587006835,-0.257598035698506,0.0369074345069217,0.0875392650081469
0.0195004,-0.571375986354708,-0.262587130632973,0.0299807945330044,0.0680108619607485
0.0824614,-0.642707473627837,-0.387957368447002,0.0291359382581967,0.0442294204703685
0.134035,-0.691183426973932,-0.426166658468739,0.0654786311985589,0.0358405781537795
0.128609,-0.730371764432721,-0.527409805949511,0.0770763452491814,-0.312408788647237
-0.0680652,-0.548568453620474,-0.299724167329576,0.0345582082120979,-0.250094188375761
-0.0745605,-0.441444070024178,-0.0166466321787678,0.0234201647389372,-0.311956885228981
0.0746864,-0.581674153065246,-0.269638896681702,0.0401293953368212,-0.328086858643757
0.0942696,-0.725563681616666,-0.59719801942995,0.0765519407424318,-0.340979864749364
-3.59394,-0.109347621557089,0.0760046560662449,0.0954887480583936,0.0415628484012612
0.578391,-0.566624390352159,-0.543019832241034,0.0399853001218766,-0.404304925611061
-0.590025,-0.639053734787123,-0.384179016661064,0.0726756880516605,-0.257328657676779
0.120672,-0.672964662572257,-0.437963109894219,0.0881400597548351,-0.313496190051187
0.0714469,-0.650913859538622,-0.448409386404469,0.0682292072255525,-0.300181447723895
0.0680777,-0.655399237280857,-0.453232971275345,0.0718367863691455,-0.29140480198242
0.0715765,-0.659361952389592,-0.461708027465894,0.071264911156124,0.0550976658439664
0.0741357,-0.653837805634367,-0.444239289217155,0.0664622071918408,0.0213016895942468
0.0350017,-0.645016720137369,-0.424625273132691,0.0697304010225158,0.0823192723289369
0.057047,-0.659503738775761,-0.444640629740065,0.0737465720090656,0.0801083510629528
0.0835467,-0.676524760246045,-0.475826800799071,0.0778191111205175,0.0968709554679233
0.0622141,-0.658638816875948,-0.447380296299329,0.0676612325092096,0.17793647146497
0.209809,-0.657365196539152,-0.425975999518376,0.0749782852882365,0.300080159764565
0.00790272,-0.665391435946796,-0.451092902280479,0.0742248056875887,0.294808075952243
0.119652,-0.671171030220078,-0.444590458407433,0.0854083902234397,0.293124651306592
0.27345,-0.648562889228271,-0.409563583573477,0.0678586300441488,0.293050007927973
0.889098,-0.455151672560806,-0.361285357356286,0.0451689520869413,0.223744753735833
1.49595,-0.516646910506814,-0.158383992057686,0.0234847666634705,0.154233544924853
-0.274345,-0.626120905680502,-0.34357507369117,0.0730269702713272,0.332379579688462
0.0865757,-0.671574850422903,-0.453929389588425,0.0633409197878489,0.295976759261438
0.174757,-0.686525812868875,-0.459942309076194,0.0850107505099787,0.281560648798839
0.00511669,-0.669873030342118,-0.454560578893227,0.0689196015382372,0.271725273151529
0.02078,-0.664523107568133,-0.434283444509628,0.0690852058543326,0.189102133475963
0.150897,-0.682992784750317,-0.44940104966039,0.0853610013179413,0.0408206749109243
0.0937999,-0.669666797706245,-0.431583672700683,0.0632882570288537,0.102849517923157
0.123847,-0.669359058326235,-0.425327959144147,0.0639046665124729,0.147450590854773
0.0299318,-0.696456703797837,-0.478111334964813,0.0729508112725061,0.124319950817987
0.0637205,-0.681897500461687,-0.451220275308335,0.0655992831028651,0.147501879269294
0.0680291,-0.625315086208802,-0.417542189826121,0.0650319553306917,0.147865497756759
0.316294,-0.639600964757728,-0.450852113130632,0.0808783867786423,0.0868268966207526
0.587138,0.619130475364452,0.950832543744048,0.169031162387472,0.161879488044797
-0.19389,0.361457182958777,0.293582823302581,0.167699803799341,0.216949536967407
0.276301,0.280496394477507,0.176362887978855,0.0770474877839664,0.126260330090634
0.0126811,0.122257773274777,-0.077733239668417,0.0621539078079378,0.120375680198409
-0.227889,0.381734490062325,0.331713922050469,0.159269410150815,0.138206789507625
1.19762,0.490111534310991,0.451094451555027,0.104606747629954,0.0237989618289823
-0.183313,0.348085672669507,0.164759860395936,0.131575975318829,0.0867776485128332
-0.396736,0.294708924557741,-0.0598373655348068,0.0691715492496596,0.145876996288914
-0.281294,0.250440478398889,-0.0144668943103547,0.0908876969130789,0.0890974556926326
0.00482513,0.306843574779136,0.149925324969373,0.10912722840089,0.0336355323787735
0.735526,0.341395525926605,0.123123459816492,0.058121037005187,0.0828791305194002
-0.286785,0.498471355444681,0.613539564930509,0.149257144284635,0.0651709698734029
0.223642,0.396572026417822,0.232304410458795,0.100632986188288,0.0243101556837367
-0.190764,0.197091494025951,-0.249252114193647,0.089511229469334,0.130489344407336
-0.258519,0.376281340925181,0.415070552864741,0.186907190465081,0.184981923383742
1.12484,0.487567722879739,0.560667186448073,0.0843826995279847,0.0247130079244269
-0.172153,0.170813264273521,-0.355342486035503,0.0577470562326313,0.0873786435245428
-0.0576176,0.461654597316819,0.364389941178003,0.135193959779026,0.169328713098927
0.249931,0.483400059579065,0.518075812433345,0.121806362576333,0.11250889626689
0.20414,0.358615018707972,0.0831303148457332,0.0886651544909502,0.0985221925190564
-0.142025,0.259124174368819,-0.231390724743423,0.0700537139400516,0.156518833307462
-0.0657165,0.553880942456663,0.555451383493297,0.199644904402826,0.122034688969234
0.723329,0.566862696911872,0.518583929234864,0.105971821490332,0.0106110980916626
-0.0388929,0.509234314647784,0.189678005286019,0.0435379349864403,0.0765841558975541
-0.384571,0.4085652254583,-0.081506817572357,0.0205170546935483,0.104901624201523
-0.00764722,0.389865486346018,0.0896740667142935,0.0489304208621522,0.051395699307579
0.843615,0.523770117041903,0.473473792040596,0.102454984045767,0.0589901631801685
-0.474242,0.341865493280271,0.0719423860149882,0.0754228674303759,0.1397997015883
-0.201276,0.415961458011244,0.285214470072808,0.0851358597457252,0.14815276537371
0.180021,0.450374314438508,0.239245108464977,0.0906473936204677,-0.0516049184522988
0.0618254,0.572697759649723,0.545603528742429,0.126877181112339,0.0276915243904106
0.902235,0.823662286624719,0.928170956298781,-0.0995971896871441,-0.132153794456862
-0.695084,0.705574211479094,0.862826936151504,0.0289690351620509,-0.000245695300324589
1.1141,0.608159795134877,0.245556209549314,0.00860491571955595,-0.0848251759589743
-1.76032,0.985136420032765,1.3566498187044,0.0654057692515727,0.39279209663023
0.334127,0.858085542171563,0.728061148739402,0.0384779052711782,0.174162330895562
-0.72296,0.550968320003874,0.695776441209843,-0.0481635290432517,0.0994907350287968
0.476636,0.691956852143264,1.00982923718978,-0.0355842203582701,-0.186195843998951
0.719021,0.499602405339512,0.324785258296312,-0.0465380162293246,-0.232657075946101
1.63339,0.451075760419824,-0.0079174450440139,0.0214387345999901,-0.446325976897265
0.183909,0.546241563284112,0.235821115045363,0.0428954770552463,0.182713225874086
-1.99776,0.695620944184754,0.772843840999069,0.00186050213510135,0.453190438742357
-0.824505,0.671272864801287,0.694634483486221,0.0630333879174733,0.303074424653914
-0.921416,0.577200540062523,0.446778446463744,0.147914140434334,0.130457095349226
-0.0702033,0.735614081509969,0.514716549014776,0.107789670081606,-0.0800296126080596
3.39481,0.772145126833314,0.415533666161611,0.0535717708011797,-0.593705135855233
0.785529,1.06394962962498,1.33985427271415,-0.168063821229654,-0.343525961488632
-1.00466,0.96375416324367,1.03562589814469,0.0489187966777362,0.139742261702806
-1.52809,0.630640259127407,0.37485396632055,0.138818416754435,0.359374032121592
-0.638359,0.474142150764098,0.0244007691793277,0.203442854550368,0.48930782157701
0.0296726,0.692388561481469,0.678830539585989,0.0366959248191036,0.336814602791411
-0.0910175,0.735657380139567,0.489854133997338,0.0899916924116027,-0.16236445979773
1.22279,0.763718133912789,0.338181658686742,0.123272830342619,-0.314102946746207
0.989363,0.819716087446433,0.669164888587509,0.160801720214711,-0.147771271322346
1.46321,0.275357358389799,-0.730287226064695,0.109958280110317,0.0330264716543685
-0.994485,0.661501777332664,0.855971053537256,0.00823666702533417,0.308332742887557
-2.14821,0.615018435100812,0.433078019531497,0.14225114042714,0.269934147430821
0.573823,0.769195703072289,0.492310975039828,0.00841675504282602,0.0854125296419542
0.45958,0.531493942040959,0.392070343987408,0.0825050447709708,0.126571697479127
0.982543,0.433970369130695,0.227398287986484,0.0949193235599885,-0.0764491606385685
-0.396622,0.669590015924208,0.663471845435267,0.063848532127194,-0.217394416951646
-1.60168,0.462135771957168,0.0655639914418973,0.156139846389871,-0.0306006292451955
1.07116,0.549578921374099,0.091812576163276,0.077815637660404,0.0362201397842653
1.50462,0.685593667608828,0.485768563972996,0.0202922901419232,0.108718898580799
-0.61586,0.48224115485622,0.512220435225929,0.0767302207942219,0.293696612169862
-1.61974,0.446085433962413,-0.811791120444978,0.218486327680168,0.27548632758033
-0.376424,0.656181389128031,0.338015212965777,0.0995529102488883,0.215458226561908
1.59769,0.726140536021512,0.334601739750443,-0.00563908916481833,0.161835976014028
1.83269,0.763077504858936,0.557251435033384,-0.00247293649234782,0.00841816450115557
0.0210716,0.619207704693483,0.300603102586142,0.103163396107985,0.151773555076608
-0.390176,0.786366475343879,0.531722393253071,0.145601303585829,0.367976669753858
0.274843,0.76022052546857,0.350936790042271,0.133620964285857,0.429965029468766
-0.0187103,0.621116289571881,-0.0377158653494812,0.17454052040706,0.532149339560712
-0.315585,0.809735473944577,0.300671702565879,0.146305827063875,0.423430758811152
0.991452,0.602673492980585,-0.906644997374593,0.00903658738563788,0.080248500854525
1.2266,0.841961884198065,0.354330845746401,0.0782562960650067,0.0669023494617055
-0.191963,0.730059432210321,0.412444605894678,0.218370474566528,0.231868221154083
0.410031,0.803285458778015,0.415960295178052,0.149646927103473,0.281058025717117
0.0989994,0.916710719831726,0.562988205247689,0.194254017433642,0.187138437852103
-0.381607,0.900195595383009,0.575323965592208,0.236991081296419,0.319108364345548
0.130504,0.698147733914651,0.304340471315201,0.143146369725353,0.206524543257124
-0.207189,0.641766070806212,0.405390099182052,0.149365477884687,0.136992167509272
1.52614,1.73240763401092,4.34905498442144,0.118081340035847,-0.0156125664922373
-1.3348,-0.169615300640284,0.0329473596638289,0.124745125374581,0.260193233098194
0.604615,-0.864117612898337,-0.936035816117295,0.0987039219906774,0.0647881872374866
0.398206,-0.664411875540151,-0.317073515792149,0.0983557678665352,0.136937703736742
0.0824128,-0.64587273765015,-0.285736381916973,0.100188487028155,0.155662548300932
0.139008,-0.754364514475136,-0.591375358255222,0.0980715362707789,0.163132173634497
0.0963268,-0.76425380227866,-0.571887368975948,0.0872458277785641,0.028078198860943
0.203816,-0.82001486102288,-0.603837232717378,0.107167274462004,0.144701970481875
0.137907,-0.781519968872261,-0.504241769473145,0.0971813537384897,0.108637085135976
-0.0225816,-0.664693436814817,-0.379122432932707,0.0417186194668925,0.102735250466426
-0.0446269,-0.597028984805695,-0.190925711785699,0.0492512147572443,0.101690538779839
0.0409625,-0.672905112828025,-0.279647375705849,0.0776073402637332,0.272573654029836
0.0446718,-0.717882469383501,-0.412552490915209,0.0749969274478439,0.258573801659107
0.170157,-0.78358273595645,-0.540067745542342,0.0973313496341103,0.243361979869469
0.166642,-0.800119031234112,-0.562196346210197,0.0931507689765276,0.249013565805568
0.0514101,-0.718660891836091,-0.726553924290134,0.0749367221745904,0.269324261209994
2.0357,0.546986586709706,2.49277862024661,-0.0896905270769479,0.0657488246100675
-0.105093,-0.777434552391867,-0.958565456127075,0.100170430183859,0.294080416930252
0.126682,-0.793045326623472,-0.649581083438178,0.0993821837708969,0.27197954272557
0.135137,-0.702989592137166,-0.442423354526716,0.0673665921190143,0.265406987199122
0.00697944,-0.534477302698569,0.107548226856503,0.0605412122754583,0.265089363463586
0.0199377,-0.572549899198263,-0.137702181266505,0.0525188958083585,0.256886784119078
0.0749618,-0.798682340248974,-0.795083856413537,0.0694425782251119,0.0562787228482883
0.131557,-0.733612595328843,-0.413525857286988,0.0629399615620443,-0.237016670382572
0.163839,-0.734316695334487,-0.0901469296525931,0.0613017661766156,-0.24673314296453
0.0679967,-0.670304542175284,-0.364025107742339,0.0666010043661709,-0.239668558499783
0.0259147,-0.775427077160034,-0.737330324367893,0.05578077871279,-0.239985258765422
-0.0252057,-0.743257565671395,-0.472958693179984,0.0717379852772953,-0.246100218039959
-3.13435,0.365724883395469,1.65443044312789,-0.108757122220644,0.0713127427821937
0.147998,-0.764765664216341,-0.930626510342915,0.0626038546521192,-0.300249988766756
0.191473,-0.711472348197636,-0.354123796437985,0.0284686803900796,-0.322612183338069
0.0473931,-0.729965839306372,-0.420163454209627,0.0253098593669725,-0.286317984303146
-0.00957476,-0.744095020222293,-0.427481369182606,0.0382019795416261,-0.255603357201031
-0.0310369,-0.717940184867822,-0.403784730595072,0.0467558521411235,-0.251176764437115
-0.140729,-0.633085690358374,-0.32437516320379,0.0417638801077468,0.060331685159395
-0.108673,-0.592072874606309,-0.298978988444867,0.0282125928807634,0.0516730494170196
0.21496,-0.675567375722622,-0.436388438300606,0.0520658287411534,0.00444925821983103
0.212012,-0.802852038485782,-0.525100782294065,0.0414869699114192,0.00489143341730704
-0.0794199,-0.756122421143102,-0.403692977602981,0.0322664358268267,0.0973621480648244
0.0328312,-0.746720953953502,-0.447447644161943,0.00943277305776668,0.0969649808349674
0.0866729,-0.744109625738139,-0.441098522679227,-0.00738656418819282,0.113578396669835
0.041902,-0.748010528482055,-0.428273531302427,0.0116876938952036,0.13649817025414
0.0384843,0.758171730805955,2.18694430300243,-0.253235838554761,0.123189357021999
0.634889,-0.937534218056049,-0.997783943759346,-0.0293457349944288,0.042388740682102
0.073261,-0.832981481736786,-0.94503781555259,0.0383910594204344,0.100314628235617
0.0793514,-0.746582386092237,-0.653331898005875,0.112795584489279,0.0750417960348812
0.0705236,-0.64294516044048,-0.262350754489652,0.00258511571481192,0.0619263787699492
0.0533053,-0.64978954547463,-0.160633597922572,-0.0138059585128253,0.076214294339181
0.0170545,-0.681278019117629,-0.406196183096103,0.0226438567404331,0.0906204278111355
-0.0929937,-0.401642202552068,0.248820588313341,-0.124358453921081,-0.79270227954737
-0.20565,-0.388620594412833,0.636573072144776,-0.190938968011017,-0.679404770082912
-0.0333694,-0.423118161215044,-0.504396597114768,-0.0376645471770995,-0.738701509949641
0.204804,-0.461629653769237,-0.819575526204791,-0.0673193667369374,-0.810908550570368
0.177219,-0.631298385424252,-0.491483959796772,0.0448659419159436,-0.816419840596253
-8.7993,0.29737907611988,0.882448117704031,-0.0706028507558662,0.160579456344929
1.37364,-0.676404271573897,-0.594743023202514,0.0350427444901292,-0.877498546599617
-0.160523,-0.726917942045754,-0.407499075645218,0.0311393015949057,-0.659963598669787
-0.224634,-0.691249052097167,-0.411228109495188,0.0416449041977007,-0.638812117882563
0.180961,-0.649169910664321,-0.409132564080683,0.0677815293231082,-0.703396744662045
0.313248,-0.661751578529107,-0.404984581819928,0.0442414642345479,-0.730432417033339
0.260848,-0.726061826022666,-0.451209571929074,0.018610531558081,0.11236956276382
0.126649,-0.747731894236093,-0.447004229406639,0.0209638750509621,-0.330443235641765
-0.102988,-0.738225732725525,-0.433962433840247,0.0122266183812293,-0.193012089875134
-0.244687,-0.733201684323675,-0.433842318512593,0.0322487641495233,-0.17069714999278
-0.170355,-0.750742711640204,-0.458736731836165,0.0489034518786636,-0.199506844837471
0.0728075,-0.712368679079008,-0.438977138015867,0.023170848127062,-0.243828950888348
-3.4294,-0.141807418522501,-0.0118047416931197,-0.0454147700457692,0.114652867142105
1.15022,-0.710339294254614,-0.597322077392426,0.0627171735866417,-0.369089855632461
-0.0563865,-0.735812175790254,-0.383282063345788,0.0174645070124538,-0.219737088255488
0.0399097,-0.753477441519897,-0.453488020896383,0.0330140797980099,-0.193781945565368
0.183342,-0.764277604027779,-0.481724361928042,0.0219021526091823,-0.177920016810384
0.102693,-0.742692909681946,-0.444780997969646,0.0279490322227124,-0.170592192903564
0.0924231,-0.744031374737436,-0.448764112405607,0.0313628262275229,0.159314149021235
0.0124543,-0.754930791874021,-0.461576681480025,0.0334703388361989,0.0872643303733387
0.0593795,-0.749566137544408,-0.447753215151432,0.0253611189646785,0.106493590257738
0.0876609,-0.754890703885888,-0.466275299365996,0.0256868889066795,0.0506643031591907
-0.00674014,-0.74878559722895,-0.463074517756501,0.0340575738097888,0.0881339323005488
0.0698433,-0.741295232384252,-0.446230962243925,0.0286989309908925,0.0855194474591291
0.303351,0.310953629223539,0.0940245876429587,0.0415501250791608,0.0863480635169867
0.197839,0.551489089339581,0.534106201921659,-0.0526711613484172,0.062426183877175
-0.522172,0.295917293575798,-0.132823859871129,-0.00414410509041251,0.0814015890116659
0.478952,0.420625328726218,0.147928619601851,0.0804408454267159,0.0647128831817081
0.154412,0.505763714285947,0.380502066783232,0.170310719464543,0.0939795133466654
0.356513,0.455915074510802,0.216211106115227,0.0436042763469878,0.027389598615248
-0.363352,0.361544865488825,0.0494382265585059,0.0377918349154323,0.0675578910218548
-0.545626,0.453424507229188,0.438481982641736,0.17232936702735,0.115073627549954
1.04963,0.437120796315846,0.329721141304381,0.0897909926544231,0.0240414234579902
-0.0710132,0.392197324684188,0.00422666666187231,-0.0128362925087422,0.0916994857740187
-0.396363,0.509369082147406,0.270716264501972,0.0371497511830962,0.153762515935566
-0.0649876,0.408354009830309,0.169176090434371,0.151447962149525,0.0904086623258147
0.494616,0.371559388856313,0.0480381131792837,0.150237551580092,0.0914628860840107
0.308016,0.452867885234395,0.286946580542471,0.11986081784111,0.150886150662932
-0.0728112,0.293211969937749,0.443275418755834,0.136221413678392,0.158741284598684
0.443576,0.258798196253112,-0.287843557902817,0.113667621380386,0.160733755698535
0.0265464,0.496384390922013,0.506978986660504,0.171681056183667,0.132665685388526
0.250466,0.550702074218144,0.35567533845989,0.120807122823485,0.0926808790796123
-0.130913,0.555207814151959,0.274567886282228,0.0506573863065312,0.139334162588578
0.692278,0.527197447583711,0.265027737255715,0.122345863026958,0.0650967196461647
0.51138,0.634276029089925,0.382356598653419,0.0793062781342778,-0.0087788140024833
-1.17336,0.544595950814618,0.24897678718915,0.136829095453309,0.132121673788074
-0.204046,0.512696979837758,0.3019234901685,0.170252269296933,0.106861198527625
0.585648,0.416561423156673,0.222148079029352,0.184997186123804,-0.00347827982952804
0.465767,0.561228619730711,0.281587600458585,0.0503388617921508,0.161634073651993
-1.02599,0.681776331860586,0.394704320674564,0.0893454132441989,0.386191459245947
0.0860573,0.488105082576944,0.118746860712825,0.173887068486596,0.370620141356225
0.869887,0.406939461094878,0.150303042329453,0.180743810690472,0.328038651080145
-0.0502152,0.543355121895324,0.52559755432826,0.113743278262119,0.368173711487446
1.47562,0.810892547199621,0.619559326186359,0.103382404381591,0.0813809467605191
1.33149,1.06240671208013,1.13842102640862,0.070965785372048,-0.00965506817876188
1.47604,0.808834498802542,0.320866975181414,0.0213115128365392,0.208119726380072
-0.873309,0.855018888392538,0.489040177215769,0.180913705082213,0.413692247247735
-0.897719,0.919495526294793,1.15296310966382,0.114605981024225,0.379098322271173
-0.764346,0.621622416528476,0.231165042113616,0.0845849733184914,0.312424096883796
-0.629596,0.836611322982917,0.415993020761781,0.115380931518482,0.365573825647554
1.5865,1.05252519672464,1.11248720539898,0.0942025410667857,0.144716169091058
-0.23168,1.09336294738707,1.09329844182577,0.199691817240873,-0.0184645061118655
0.599254,0.820346727638896,0.979199568244819,0.153459458237555,-0.193068388453095
-0.549336,0.776776456042434,0.310716061980983,0.180683717791711,0.123539577663503
2.17033,1.06286993611654,0.663967788160418,0.0448718377626466,-0.115678726328456
1.37913,0.94338832543911,0.508781311449974,0.039108274481355,0.177837294757016
-2.4498,0.810390550315993,0.292786042955725,0.154319428022476,0.421848489414303
-1.8261,0.982745358517179,0.905251938777907,0.150719121529033,0.167921603689363
1.18024,0.95485567989777,0.889485043616931,0.0627652493794317,-0.0819120152911415
-0.181483,1.04122444309009,0.926992753914219,0.10121298978593,0.119611330218584
1.71841,0.960261298057331,0.32294669420093,0.035266230282049,-0.340266019439503
-0.0571316,0.844349512107279,0.384015643120153,0.0625631830793784,-0.217079999772543
-2.18976,1.04407608077192,0.924233848890157,0.139627065352639,0.341294754629505
1.33344,1.0076904366713,0.836223239798617,-3.84209117420403e-05,0.130571484968177
0.0140741,0.868359256808306,0.602508169510013,-0.0420414238796669,0.114149380259211
-0.590673,0.368499706111264,-0.84612658425657,-0.0811240850203538,0.199244382428586
0.65985,0.902544621408929,0.765187738703146,0.0225658450860651,-0.211717117031536
1.05812,0.920781253602973,0.793085958474887,0.000201469953024572,-0.374971083821803
-0.0920056,0.736612021029401,0.52222207226825,-0.0390033144371022,-0.110390936645798
-0.509003,0.639569163439513,0.0666033088031099,-0.0129192014536357,-0.0448909097963688
0.0327664,0.552507604550041,0.129756394257968,-0.132635063434116,0.0752202367848818
-1.2652,0.62780607781574,0.516068453616565,-0.156526019809085,0.253611728682372
-1.32528,0.571967277726567,0.407072491547382,-0.201472921129254,0.139269974717661
-0.554973,0.431253037438209,-0.755997442307695,-0.160062671992665,0.00552489356368227
1.6798,0.872949375107957,0.638888780010965,-0.182535364815971,-0.343423454366566
1.95605,0.712661162525059,0.532423540139446,-0.310896438653761,-0.495224861016962
-0.165997,0.681235527049286,0.336986158441867,-0.0920435790300475,-0.241854431901981
-0.680668,0.826624361550736,0.504625339207069,0.0189501307973915,-0.168707296531061
0.370735,0.621647774715981,0.205214980960176,-0.149044658956439,-0.273757890191435
-1.41914,0.676800305995023,0.585849677492807,-0.110634980486022,0.000655824966855484
-1.83849,0.751734561002444,0.79331347255728,-0.0795497341450181,-0.041075705240851
0.407666,-0.0723301066056134,-1.96702489740848,-0.0902700189903242,-0.437586333273848
-0.943899,0.755422651504823,0.4899013088915,-0.0304432286932484,-0.351592143981077
-1.07768,0.866542602118026,0.728233509999774,-0.0301813220989295,-0.408355137065743
0.520889,0.899138360710372,0.701083337002439,-0.0795354354474968,-0.595662054630936
0.843291,0.981513004680776,1.19201437434884,-0.082708498863529,-0.479650625294497
0.236438,0.638973031197816,0.13043495153141,-0.148728513671874,-0.24548396055513
-0.874005,0.56432547606817,0.0533939972343776,-0.0785655107288315,-0.171556660019032
-1.51853,0.567584307394772,0.314985861072037,-0.201433929337825,0.00167535729577217
0.100571,-0.233930704377496,0.189380301531427,-0.0273676678566926,-0.0550642311575953
0.123734,-0.678436775509617,-0.475324454754182,0.0528684573069563,-0.0932049116183518
-0.0113403,-0.632974093214323,-0.405871007487874,0.0469500089257154,-0.145371332770298
-0.0239585,-0.578420492109171,-0.386220095144069,0.0356844125583921,-0.158156372669885
0.177786,-0.715844769546598,-0.511667626288245,0.0661639741078925,-0.087796484412939
0.133436,-0.758468132361344,-0.539266808248409,0.092516789277197,0.106295484419322
0.0976064,-0.696345164251365,-0.471396774131534,0.0678383839449317,0.0971127570828914
0.0752372,-0.659909099623691,-0.401441571413325,0.0453833874563202,0.0905182506310108
0.0156777,-0.647793296371553,-0.387243636849894,0.0577388946832259,0.102577629917628
0.0485755,-0.675959281078426,-0.44862369130885,0.062481294599569,0.106752748897389
0.47764,-0.386528805476921,-0.185481038967464,-0.0287386251274114,0.0473082910866163
-0.045291,-0.701139529302105,-0.486490536277922,0.0920332676068019,0.0971806987510818
0.0235498,-0.623451102956512,-0.384321217169432,0.0448309431830502,0.0948865751003029
0.0462754,-0.639120121295035,-0.379102573366291,0.0506670471048196,0.116772626124002
0.0555406,-0.6734147121355,-0.418281565650356,0.0626424621091687,0.137103275123045
0.034127,-0.678543951137386,-0.432853764823181,0.0660643373316397,0.122828123558319
0.0806473,-0.670266017817448,-0.447564296373847,0.0564406472603318,0.069727299864221
0.161458,-0.656569210551754,-0.421707108729974,0.0690265867073221,0.00611330662767547
0.336087,-0.824793648209199,-0.800285022759053,0.0582080223922466,0.0132379874930679
0.23754,-0.733822442050465,-0.699502351681186,0.0805225871102989,0.0413210677729164
-0.134655,-0.185357721037387,0.122490188806918,0.0359647143040666,0.0864073306819109
-0.045372,-0.396723078810073,0.048760061821657,-0.0544591549013451,0.076122608827503
-0.633467,-0.41128702001261,-0.152773630244919,-0.00241503085811459,0.135350472690734
0.313734,-0.756559575660892,-0.56496022882575,0.0968105550128081,0.0320168550424026
0.256426,-0.754741014926574,-0.510641282335764,0.0716321129989416,0.0188312624710056
0.138619,-0.72949025433385,-0.492650316839407,0.0302876395988169,0.0154051407124092
0.046405,-0.711025759895885,-0.446666118325124,0.0310290442673584,0.0446226069597845
0.0470691,-0.716399362774043,-0.455191498836647,0.0329483496329588,0.0583665479691689
0.120332,-0.734536406635686,-0.482692778632429,0.0232120831567375,0.0585577231240568
0.10671,-0.745587408884553,-0.48719668723375,0.0279630106314916,0.0751973980235721
0.048203,-0.721577589207455,-0.452660125571365,0.0347639217370633,0.0579701097916392
0.0598006,-0.703925641023843,-0.416017808529429,0.0404885257601574,0.0468217551183827
0.0938485,-0.708321783629929,-0.423547293597121,0.0513166381486527,0.047699682062653
-0.538046,-0.491232864252536,-0.350011378066717,-0.0859402357252473,0.123913870271605
0.496057,-0.724582476041406,-0.503616461480971,0.0117196678962218,0.0100002080549631
0.0166334,-0.657777010119485,-0.337748544810699,0.00724127012088574,0.0458219049276351
0.0412865,-0.676140028486583,-0.396889892922347,0.0291234152207219,0.0429913197268573
0.102433,-0.69226899777017,-0.440006251557898,0.0215385936422009,0.0433961390320513
0.139559,-0.776264027511093,-0.628438384449703,0.0123337906555652,0.0412672834098183
0.0679805,-0.697583094209079,-0.483257126639574,0.0416963501411858,0.105437127318646
-0.0676602,-0.556774531416268,-0.14712747721651,-0.0018292185056281,0.0786285561540789
0.0421612,-0.572842465913933,-0.315285617048624,-0.0373893176372895,0.0727152502759169
0.128982,-0.653075475393806,-0.474702846930041,-0.0857042504172523,-0.998578435735556
0.10888,-0.693510368754686,-0.459928822475588,0.00394521055026023,-0.850848639085761
0.0713335,-0.646628815976012,-0.374395465059499,-0.0245504681588778,-0.906112160958429
0.0614042,-0.673970878608683,-0.391432521904296,0.00986181208812297,-1.03986191693711
0.0756745,-0.718622027247765,-0.435189395429506,0.0170544786352204,-1.2131107804927
-11.1632,0.164130260336007,0.0328756553060006,-0.0336423749014258,-0.106517396346259
1.93433,-0.587630207407277,-0.566559409340537,-0.16354577753322,-1.4804176294883
-0.230481,-0.503606730321904,-0.239926389116927,-0.0428244349864065,-1.24277376241953
-1.08331,-0.63951390514954,-0.424342487457224,-0.0252966774014912,-1.13760707991592
-1.5669,-0.739058538280829,-0.639186727177637,-0.0740990925964088,-1.05316477371007
-0.738753,-0.691387830474694,-0.522406700081778,-0.0616709550280321,-1.09576823866494
0.295771,-0.692478889558941,-0.445524101593798,0.00658051164260981,-0.111777108325304
-0.0177385,-0.677511373276834,-0.434424092707071,0.00925083096435597,-0.494864878545157
0.0376744,-0.679627091676685,-0.449114431145357,-0.0182147601205854,-0.561523737070805
0.17189,-0.720886698961618,-0.495705266724945,-0.0231010232692842,-0.477223693569931
0.250692,-0.719849277820244,-0.459505274431195,0.00811198432907852,-0.32722257335245
0.321542,-0.687956579955522,-0.402875861420065,0.00711590509303603,-0.254876691418229
-2.5765,-0.877683055377964,-1.51321415274286,-0.203382931635003,0.091712528359289
-0.908005,-0.732418723925111,-0.729675802031678,-0.161593938255451,-0.0463214495076655
-0.0209133,-0.707880580336716,-0.551872532992839,-0.136638186053046,-0.165903105882173
0.180037,-0.670131358270284,-0.445001363814614,-0.0504812025197632,-0.196435583601574
0.211801,-0.653342454518743,-0.388285726704334,-0.0145580081266825,-0.288158317264172
0.760795,-0.559603999089033,-0.235686465613735,-0.0813401015198446,-0.399218206476763
0.371318,-0.504364991955061,-0.164015472749606,-0.0587977571706504,-0.0945617171354768
-0.333694,-0.668808670016286,-0.580961232630222,-0.177899232368797,0.0357653554066658
-0.0385851,-0.673220421948519,-0.57713274701932,-0.240376041997476,0.0304457299488846
-0.791494,-0.660409069195324,-0.466161983214821,-0.122618175512626,0.150269370794582
-0.307955,-0.664274785901438,-0.451634618810786,-0.0608693133380853,0.104743138797499
0.230915,-0.668350898757391,-0.418984292839246,-0.0258156941649257,-0.0581472321165749
-0.258811,0.375328450757012,-0.337272058392221,-0.177565713787738,0.00842453501914262
0.325413,0.809534450919548,0.480690910572406,-0.0862092334995793,-0.0375309926384575
0.635488,0.806718177152628,0.741535819716363,-0.0630608020004784,-0.100154405354803
0.263489,0.898369615622837,0.769060131117418,-0.015483853415191,0.0602966476207569
-0.40775,0.581361798638406,0.192329108063538,0.0958915175277799,0.20358959876267
0.464893,0.700914268791673,0.450445598959808,0.0221229802193383,0.0134469119357112
-0.220989,0.850226823167039,0.781667033332827,0.0780705173106632,0.183109706190419
-0.388054,0.43486635903335,0.274500579830259,0.0482504323495867,0.169345033984945
0.502812,0.29612816443895,0.0944088569456712,0.00967233150695268,-0.113471995599658
0.474239,0.378237637848828,0.108333498470405,0.0495197898810508,-0.14460209933717
-0.786829,0.562172370050409,0.6019228494236,0.0279373693334594,0.0769057707325632
0.795426,0.482651392909571,0.44156617970362,-0.0322313951288569,-0.18412042812607
-0.00672394,0.468732323924805,0.336592642682638,0.00691297574649789,-0.0838325806466909
-1.36832,0.411391284007074,-0.107662997220222,0.0797819717779934,0.118523858787265
-0.0751437,0.597281463819729,0.275650430713648,0.0788158190329217,-0.0428563923735598
0.55424,0.500942598566982,0.0869960617727684,0.00556594089407826,-0.137496597396975
-0.493356,0.64758025828458,0.665991896208794,0.0340208215874168,0.0646936993141898
-0.0207513,0.662566848360705,0.606588730958688,0.0249291003421628,-0.0556987813202087
0.261512,0.617008033880855,0.14444595612048,0.0630392630915667,-0.0148953263258721
0.241962,0.680282201951836,0.288578417481113,0.0508806557435083,0.0595819866587807
0.137615,0.940138636039177,0.886615917752873,0.0573813107627561,0.112162727283666
0.145374,1.02999243573088,1.0219118487245,0.0561449604881288,0.201140407211404
0.0049871,0.781053992616729,0.441608692790368,0.0837229227948632,0.382023191044914
0.685086,0.43740021790036,-0.167652398676,-0.00764990745971303,0.459329624038922
-0.632252,0.604883858999395,0.298917193965481,0.0707557491446708,0.779379062488949
0.365503,0.774119323297312,0.746346231194469,-0.0474455262038835,0.464086115387685
1.49007,1.07111380955463,0.841747362344324,0.0295865012053249,0.300265141010481
1.22412,0.966176795751156,0.563858223834912,0.0516906610639849,0.52684478624364
1.5063,1.06316983171228,0.695655952195771,0.070539351269836,0.377676390266393
2.06224,0.62425504268421,0.339306624722288,0.0516043659260978,0.226562705197116
-2.12083,0.814683016904733,0.788735198716112,0.0983831476116966,0.816227210316397
-0.413387,1.1375990910461,0.955299162225275,0.129792106822239,0.429648380200337
2.21899,0.780746656347549,0.12610595411117,0.119089200248817,0.00118220987519793
-1.24834,0.475345281527316,0.436247112001384,-0.00318871741411171,0.0982918680795685
-0.175651,0.260213673350304,-0.0165968116898824,0.0170815041251652,-0.0383362102470587
1.05684,0.179291734921995,0.0289072423613019,0.0277679181562114,-0.266304400455737
-1.69247,-0.0696725581852558,-0.437289492580956,0.0493927444989576,0.220930245466503
0.0227561,0.435843323101233,0.628767286233783,-0.0453479232486688,-0.00923276997088077
-1.55708,0.0239348582556796,-0.657489967810541,0.0742547787049239,-0.140648326894103
1.36397,0.476435544505273,0.175761392126115,0.00956369172197297,-0.335492132039848
1.03987,0.566479118071538,0.750429476629917,-0.0364405083964825,-0.338300555286564
-0.048401,0.407361393226538,0.421142101606001,-0.0881944506174898,-0.26092177786002
-0.905672,0.279583405258585,0.059770965204877,-0.0363248162053076,0.0582509561436296
-1.02202,1.20193173032934,1.34813610008026,0.0507169531486641,-0.0398897972873773
-0.0578767,0.949475089288914,0.820693473653536,0.0887236843509812,-0.00819505190091194
-0.571332,1.70782831141266,1.50283786812511,0.0494838779261142,-0.0792494786596336
0.686803,1.34998976526851,0.512397386662728,0.101084128082061,-0.446291941097294
0.77615,1.21827338142387,0.627831086389284,0.0962551900386248,-0.478729763070098
-1.13967,1.25507402828531,1.40937714528188,0.0719184008857692,-0.147724487043258
-0.108252,0.115376533591126,-0.684169818038749,0.0481728673015654,-0.174018386359096
0.00822667,0.184961849306945,-0.534689939485124,-0.0131411080286228,-0.0638911415740228
-1.4777,0.58955706111441,0.407443617595192,-0.0651024892595762,0.224904796350849
-0.286412,0.715437914537161,0.812935680011162,0.00845268916537065,-0.0604337377814657
0.483115,0.544272829433937,0.624826799649118,0.0630871534876354,0.0176377907617397
-0.0929937,0.417872546951306,0.352328813215394,-0.163986005629146,0.270005267220389
1.26536,0.231292317500847,-0.434283439169888,-0.123601305227983,0.0637432419072363
0.791911,0.393708899700246,-0.132011633935727,-0.13741528688768,0.184736670027174
-1.07954,1.38083020029094,1.64298547712251,-0.131554928217712,0.522579398631167
2.35299,1.21913606101731,0.830785395162227,-0.0744757080371863,0.0918222690165139
0.737891,0.963454499932902,0.0438691619329863,0.0837778059946636,0.162673709601046
-0.885522,1.25091749019051,0.599143603567945,0.0717028632758311,0.293975516877384
0.69061,1.1114640958086,0.0444552561344368,-0.0248681398784215,-0.170888013958198
-0.036609,1.59755088359217,1.32724098279151,-0.0237492911520159,-0.183741790943169
-0.962332,1.72031231171423,2.02811880595458,-0.0834371448838953,0.0913949869651577
-0.507707,1.05985403305729,0.393322327312241,0.109582557641452,-0.211208329299888
-0.397724,0.0768582703741953,-0.409117807820268,-0.0231076149877986,-0.354215418795406
-1.75531,0.0988148398507035,-0.237769893235489,0.0178371157911624,-0.167626588683865
-0.02114,0.544778677768437,0.379884814470428,-0.123346289173604,-0.433460233323866
0.946098,0.682118364522853,0.71173841878279,-0.146886097516019,-0.385845693354193
-0.283626,0.577455672677913,0.424280495609254,-0.118120844406962,-0.0588878187366383
-0.64879,0.495539839086958,-0.092949029512002,0.0544298540978515,0.0452215173484694
-0.450772,0.468226501165151,0.320239133533103,-0.12486146966912,0.0811117277808161
-0.229282,0.303246181755165,0.150969864524256,-0.0842864456559414,0.248862578306666
1.48356,-0.0793512568971852,-0.485664792868368,0.00263208054641896,0.0791991449921057
1.0439,-0.516507113399924,-0.874679890841855,0.0226835506931794,0.0490336002545901
0.103875,-0.794552638662932,-0.781004840988,0.0205234456135541,0.187194241360242
0.105527,-0.649385318195673,-0.36378652918984,0.0504382898065939,0.251837031941728
0.180928,-0.672354265362536,-0.379557897901305,0.00879523142674569,0.292540355303104
0.0376582,-0.683372947829334,-0.379024664108119,0.030308308981447,0.333380436103059
0.0831579,-0.658523236685636,-0.317672211100026,0.0348133404275937,0.248077709026995
0.124689,-0.716508174661246,-0.452042185960059,0.056865105018432,0.162790293556779
0.076371,-0.692429218574305,-0.404071899721093,0.0370828346562913,0.160773485208474
0.120121,-0.700044647120987,-0.418342098974703,0.00871228517218475,0.154129492435192
0.10509,-0.760966209850178,-0.543740236257729,0.0149547071423628,0.147879095381646
0.661421,-0.309324812625337,-0.0357573326593602,-0.251555917047036,0.0912937323790013
0.176296,-0.509007038520866,-0.196691722592672,-0.0297897147092806,0.136384463342512
0.0109641,-0.631009867116124,-0.396343771253173,0.00998653838847529,0.146899516836839
0.0691306,-0.789486388879,-0.634441107424975,-0.00308779710026732,0.142582781927057
0.0811494,-0.728527722100912,-0.494075761723721,0.0295409787357771,0.13567287934784
0.0606267,-0.590522915111065,-0.27968413994864,0.0114651613561221,0.128295344601246
0.0255584,-0.591083433502546,-0.305066498167714,0.0113482853887208,0.0737477506031464
0.0726455,-0.673485103281164,-0.42899182083747,0.031643760191108,0.0895384464587834
0.118485,-0.716451059661682,-0.46834400552421,0.0372594491493543,0.0727018237761239
0.0791247,-0.703957714753822,-0.449684100636016,0.0419111034509126,0.0805731209387147
0.0210878,-0.721215527029604,-0.481333787990107,0.0283752529889168,-0.0903070038092393
0.0483002,-0.711113481317696,-0.465177010988952,0.067756252897316,-0.182794894884355
0.393849,-0.178611878978586,0.107652307293238,-0.130199876380219,-0.579717527316025
-0.123867,-0.48698883142934,-0.17643141298374,0.00794801366345686,-1.46801925872805
0.105624,-0.701684271728728,-0.472000952682737,0.0631995994351467,-2.07722774591299
-1.78964,-0.534997375959477,-0.79809355763148,-0.429841568114936,-1.96239305701383
-0.839439,-0.140351037049448,-0.39050787957857,-0.30797729279332,-2.07613912797974
-3.69698,0.100159251643054,-0.20758230990357,-0.388297471791306,-1.81526692158856
-9.69527,-0.535209313910697,-0.688649671169413,-0.318269869263108,-1.26836012574726
-5.60219,-0.312054606024252,-0.17759946719552,-0.342872638672844,-1.78762402285192
-0.263719,-0.719656971834015,-0.66203974127831,0.0753404038594681,-2.29207756184173
0.427071,-0.70116626201531,-0.601905087785199,0.0460868752767945,-2.12788962829719
0.0162284,-0.54717697191636,-0.313909629465067,-0.055876706574308,-1.95157575104911
-0.419105,-0.592161249472332,-0.361034027876475,0.0354294000996251,-1.51028924516186
-1.2236,-0.526761443836469,-0.376774125624574,0.0377362708657563,-0.483240234542631
0.293017,-0.6582336140787,-0.497170454892845,0.051269059773899,-0.103106879400397
0.189578,-0.613142224589999,-0.403760435812982,0.025455652583731,-0.054983288289932
0.069001,-0.71037785786802,-0.523197532919517,0.0759688715914461,-0.0652369905679922
0.087337,-0.650521644738985,-0.377609943666623,0.0335372575995822,-0.0511883713607644
0.0812304,-0.644439235188026,-0.380037453121823,0.0388381212678984,-0.000135952340132282
0.0726941,-0.675752317930286,-0.446133611685792,0.0644697690719275,0.12549746625805
0.0851503,-0.671149650934888,-0.42346438076906,0.059433689364352,0.1078391139962
0.13904,-0.476690013822373,-0.142939205624505,-0.0315359914280405,0.186443721522047
0.143446,-0.359858229377007,-0.0139677065144648,-0.0561211538389234,0.195029346150931
0.0831903,-0.51572495869672,-0.281533501689251,0.0218423113154846,0.206114616109754
0.0968775,-0.662437359251091,-0.459913214693212,0.123480990749134,0.223185365424311
0.119457,-0.705639685161443,-0.470894267780306,0.0471817090555064,0.257563030455712
1.07476,-0.685253612736144,-0.537692619014241,0.147889898691441,0.114627262455059
0.136497,-0.69360091833231,-0.504050426004982,0.107451867795164,0.0969176124912861
0.108718,-0.635566712461016,-0.378069670126757,0.0524593142677594,0.0317025266133369
0.248554,-0.669518128946733,-0.451469658600009,0.121838293817726,0.0205272155390147
0.428464,-0.654246758365531,-0.470531130614941,0.144841575808724,0.0139445459871324
-0.373638,-0.559577767207097,-0.312526577389483,-0.0404065247695473,0.0793150584581834
-1.08957,-0.568942680127471,-0.308467706802372,0.0279810632570188,0.221946886925192
-0.516017,-0.584317032251534,-0.345143593598909,0.0293397988355183,0.174301647693505
0.202228,-0.583728170507696,-0.31743441810587,-0.0109842520929477,0.100069115035579
0.316844,-0.677238228319339,-0.449513708233113,0.118527436614126,0.126117461031534
-0.00763102,-0.579845982272335,-0.343857228071071,0.0534328065139748,0.106121872947001
1.81045,-0.694436238181936,-0.524723752260008,0.147884969599057,-0.189869164430601
0.219349,-0.583234465702806,-0.368380784439458,0.0524256366580022,0.0577722210597181
0.0358764,-0.618238879540989,-0.405856651929072,0.0801649081704116,0.174332552694978
0.548846,-0.749502242818226,-0.661591237153588,0.200995183007846,0.106640877984296
-0.265096,-0.539842164876023,-0.351142423374461,0.10080209881627,0.179219970164825
-1.51942,-0.216625382943748,0.300409304342029,0.135293586705762,0.325729098464952
-0.213441,-0.38244481319649,-0.0902019468793325,0.0847754620904217,0.0162741160636997
0.614302,-0.653131904539002,-0.515564001910795,0.204924679942949,-0.0770179887618423
0.163175,-0.543034049178326,-0.30680384841703,0.0103950388479967,0.0477194733723566
0.263262,-0.590162050191538,-0.3943812977843,0.102585178663892,0.0533191840521456
0.192704,-0.673368484714823,-0.502961268735632,0.204859507748427,0.0575443931056231
-0.022614,-0.598835996805299,-0.386464643499766,0.0858480462321992,0.273270916944981
0.102887,-0.535065732162234,-0.264954935805934,0.0546996867935678,0.231945683488048
0.793822,-0.623749039089348,-0.537193323340791,0.231093941364792,0.0903875067057341
0.653355,-0.711454384711592,-0.750150974980603,0.229233655789762,0.138507440281568
-0.364567,0.839616671655715,1.02182768066115,0.164765236166865,0.239848638852695
0.506489,0.799907266619655,0.695456260099591,0.157444350889702,0.0831543878533133
-0.520844,0.598653204729027,0.407200097104583,0.182469694481511,0.244215912995812
-0.103457,0.733689678494844,0.334808806745989,0.168962525218376,0.183242986675501
0.542529,0.918841807346757,0.707371949747396,0.153470087245293,0.0592992417237734
0.220046,0.844307221274951,0.807010426290501,0.148758042837772,-0.00428313002271013
-0.451825,0.660904748360664,0.494667332152846,0.171491632572451,0.0554363720416337
0.56093,0.649190531698169,0.403370706892725,0.120890235450031,-0.013046649229668
-0.0575852,0.818747372030753,0.541889626624797,0.196264850967787,0.211387512173201
0.203362,0.926665259058808,0.62991246320057,0.161099887933597,0.229434999336533
-0.395456,0.786738964176461,0.709416421880176,0.165682453224112,0.241380632385416
-0.478632,0.684497444974243,0.597652507381877,0.165477680592074,0.229309773727125
0.933545,0.579385566062336,0.30380297030739,0.172366128110599,0.141651724022463
1.15785,0.686595028099542,0.445194309004493,0.166056512076841,0.124880191460533
0.369163,0.746001124013132,0.371113501346677,0.199919150934677,0.142107963091124
-0.0429261,0.740633582939373,0.344649428806601,0.160520356256212,0.209732380671892
-0.0604198,0.593858808405112,0.340416374550249,0.159164792587142,0.202091443049804
0.159061,0.660782496906402,0.415457947822379,0.160922115842669,0.247748353505845
0.600339,0.798639146559488,0.608771739536624,0.129160135955661,0.110651457137118
-0.761285,0.86535368277429,0.635405212805675,0.184695789617831,0.125895240396603
0.495895,0.83386797423451,0.738906070872242,0.129568460661665,0.0797732587994588
-0.453412,0.805497722299455,0.727010729475486,0.165668211376997,0.360454109103057
0.314884,0.833789823108013,0.663967588409088,0.148427866434232,0.377683454473815
0.0277775,0.697929186330346,0.555305136002621,0.107665588996843,0.20130915456837
-0.193226,0.859174186316976,0.697676262112063,0.0952127333707203,0.278202177032906
1.30676,0.971131198877879,0.941501101813599,0.0792596564016347,0.354701394152761
1.82115,1.04658243535668,0.991912423698798,0.196567559667201,0.107231327030874
0.908714,0.903848901506459,0.54612627906611,0.241425031364145,0.345908776472542
-2.12903,1.08231986927527,0.611191681646684,0.272600683795588,0.797834194251662
1.09857,1.3743184308601,1.18613837883855,0.18248890653467,0.489206260418009
1.67314,1.20779228119692,1.23889998112291,0.216276442561446,0.304013609590811
-1.59196,1.09135942035939,0.778653361520714,0.352100581252793,0.5797644316392
1.11882,1.36822539216265,1.1877976164104,0.248637103076298,0.0150089239218139
1.72661,1.0313119400383,0.347761111010153,0.129731241689071,0.118428883902019
0.385734,1.08511055292532,0.649796347396221,0.385779354766772,0.544607622146061
-1.50243,1.10425372877997,0.799698290907299,0.297745175253391,0.581737094984792
0.582181,1.45911978154994,1.45180292474779,0.245269610102322,0.0977348720020866
-1.11401,1.44257682212801,1.2568531821338,0.224997118075389,0.413062447769666
2.6938,1.07989863644829,0.704881678439259,0.329188163528286,-0.0949457237420024
0.924507,1.1050175126282,0.828943250939256,0.388250389003925,-0.0946088931372536
-0.608782,1.01207716761491,1.93812382301323,-0.00487535824524752,0.00726375799493778
-1.12071,0.464883606029004,0.257932476746371,0.150826950952621,0.190988695953679
-0.162952,0.543414885508882,0.00511683594007842,0.166755760740001,0.0849493717862032
0.0472311,0.91714833160003,0.854504887788285,0.125797633338891,-0.0790436613565244
-0.229525,0.873199794685375,0.72712729145128,0.0816946968181766,-0.457543313277165
-0.179101,0.33421543164412,-0.221552871926261,0.215502154777295,-0.513425816219616
-0.0317334,0.397629420930758,0.486366373930343,0.116203811507331,-0.5665346218186
0.590863,0.516073334890573,0.254400951322415,0.0307443678064805,-0.613922192477146
-2.56574,0.869339293090237,1.656249909984,0.150848871044617,-0.122861268097686
-1.5755,0.61574528741959,0.312571132362153,0.137570468256945,-0.0186882005683724
0.437486,0.583019494447139,0.144289935100046,0.146406900713158,-0.289401418861763
-0.958412,0.576876439457352,0.490299510948104,0.160087408445172,-0.238483581070631
-0.811919,0.563813047520809,0.325443727853876,0.0942306208409189,-0.158618562364444
1.57973,0.538903753690716,0.052244812002249,0.136159325502369,-0.469396705337746
2.24541,0.739910651603433,0.715860455956169,-0.0269459671679193,-0.350247473386547
-0.964146,0.649829811819443,0.749081081720935,0.199375511389034,0.208454604383923
-1.35131,0.693738418357241,0.647067613658533,0.106188803495907,0.276500525588187
0.841152,0.718387341994092,0.523195377565662,0.0142866905061735,0.145622538688115
-0.179944,0.571046658944175,0.428771329870353,0.00280838787673222,0.555883881743369
-0.602448,0.573817071727353,0.260424344847605,0.0551135977866521,0.639064015808716
0.796252,0.547987948120009,0.112524010154552,0.206481253327572,0.134780789185857
0.762463,0.644006976442495,0.640482482989971,0.043669318939565,0.424142344668267
0.133436,0.669420766049434,0.6059842539787,-0.0526015976105364,0.822919978461126
2.38882,1.05403256752338,0.39485747874728,0.0876014206057707,0.24909764594506
1.89588,1.10469770772834,0.760169163510246,0.378479186093274,0.346245307464675
-1.70505,1.14980719105629,0.763325582002002,0.4794113287075,0.810215776940843
1.93747,1.24329728210336,0.9322919017668,0.0474737905997011,0.347545130712655
2.0523,1.29352316143135,1.02763815925359,0.0511139210375344,0.256977482917916
-2.7968,1.49860267809292,0.989078659662776,0.220080225000854,0.756961864419801
0.341157,1.54158300266008,1.11861546200782,0.0356185130068226,0.197120789214242
0.359558,-0.209792786601174,0.216825513996275,0.024234969665979,0.0249410781500254
0.108702,-0.542094713019397,-0.363270506186915,0.0536503125068654,0.218629559593136
0.0659882,-0.622656350602996,-0.405562357624552,0.0590665700477335,0.0514541241077606
0.118988,-0.761375123195802,-0.616159199832008,0.0593871375954567,-0.137101614328424
0.06892,-0.710682856268516,-0.492570821841083,0.0645193739070491,0.133637317481643
0.0749132,-0.608573458081719,-0.245731798443127,0.0626400860182028,0.104059396746105
0.0889729,-0.645393356594314,-0.318499400097624,0.0709373032140767,0.0723407171213701
0.11523,-0.713646714496454,-0.423017528067508,0.0726728108161562,0.0304998709252793
0.0610479,-0.722250594684413,-0.479787376173099,0.0703930600153595,0.0404565308499949
0.0174109,-0.782446080852821,-0.605611812559124,0.0726797462575013,0.0361948928114132
0.0457571,-0.763240916376627,-0.562573791652857,0.0732173986527123,0.0295502600420762
0.0439429,-0.73757797153653,-0.45619662864067,0.0763833849936786,0.0277871126839442
-0.298982,-0.768398087393922,-0.721088998863506,0.0714601006213672,0.0581768376611161
0.125499,-0.760102639251906,-0.580982628191232,0.06301272261617,0.00593059072912201
0.0375448,-0.7437483926446,-0.501309164098998,0.0723890439831493,0.022253570183747
0.0424365,-0.760602036639307,-0.544230076428096,0.0706160289441349,0.0276392239835751
0.0649677,-0.715271192355081,-0.40371509099918,0.0688302142257499,0.0316342081595963
0.0275507,-0.721145338580493,-0.445695930135171,0.0720351128676293,0.0419850515343531
0.0355848,-0.756162464566699,-0.556419842714671,0.0729302769792168,-0.129388593340397
0.125094,-0.726688608504189,-0.44650887219431,0.0659469830446287,-0.107677463152362
0.0703454,-0.728005163967111,-0.463990018765094,0.0706140903991632,-0.10322672992811
0.103438,-0.719241231050581,-0.462544450552525,0.0811918485143664,-0.111563223804337
0.100085,-0.443981848159567,-0.186829393874159,0.127580550024519,-0.114987868092765
-2.10112,0.266952667223616,1.00241960001381,0.147882628573536,0.122747181839266
0.506942,-0.787521223304533,-0.971510474717118,0.132145042534553,-0.147090941766411
0.0665065,-0.675187897592549,-0.316385514279625,0.056037523143688,-0.102168080550779
0.038792,-0.724611427859543,-0.441621424131843,0.0752349960340059,-0.0928168025551107
0.0758041,-0.747405316122361,-0.481965604500912,0.0756573213328107,-0.0929918689515113
0.079562,-0.738093105641683,-0.450101619076062,0.074394663744218,-0.093113633935657
0.0905441,-0.739512326224255,-0.476220525324635,0.0712536081794365,0.107445807655658
0.0488185,-0.731847317901926,-0.45969307093465,0.0712235726222732,-0.17329238110821
0.0911435,-0.734117092685999,-0.455427119908085,0.0647115254882605,-0.169198110975151
0.0955007,-0.732358355076682,-0.462824085455796,0.0636193927073554,-0.151413630322861
0.0548765,-0.731673354414995,-0.46390699599597,0.0694714443871128,-0.174592530669678
0.0368645,-0.732832237509925,-0.460662224375016,0.0690261430863136,-0.184808810157248
-2.5008,0.174565265608128,1.75068666532773,0.10475606564365,0.083409103804778
0.22591,-0.594847761852705,-0.43397353190008,0.0975583408863989,-0.20183901725255
0.299043,-0.702349296114133,-0.513053670061632,0.0823207715343395,-0.205320615260286
-0.150237,-0.718720589256058,-0.331749311551074,0.0689378066542494,-0.155898542369333
0.0223674,-0.753137510439399,-0.425699995608247,0.0606528272210683,-0.167324882212285
0.0972015,-0.761038441483366,-0.480437995501616,0.0627443506691997,-0.165801683133664
0.069244,-0.757468131667821,-0.451992120359215,0.0644162997706741,0.0836108132199162
0.0679157,-0.759739499875809,-0.44221541769262,0.0632310429598103,0.675160694682003
0.049434,-0.755183876419695,-0.433950422345722,0.061836874652921,0.680451189090688
0.0657776,-0.745769455478205,-0.44356145293732,0.0615222250981195,0.681288040171221
0.0727265,-0.744380141231303,-0.43921966692057,0.0617320000979069,0.714440288387058
0.102158,-0.742505697129733,-0.458228489256781,0.0614296316871743,0.726253353921535
6.46263,-0.38295188365048,-0.205027042705311,0.0339086035874983,0.05475820401045
0.156907,-0.61489004912383,-0.291926458065897,0.092904674457856,0.716146163388186
-0.301833,-0.730207494281983,-0.441911583570282,0.0743367579990915,0.749764170543339
0.207055,-0.754508944177426,-0.451736123160703,0.0627159506237224,0.6730048514522
0.0736822,-0.745371029026111,-0.454805883784307,0.0617001153414363,0.669346562180525
0.0557836,-0.743516388251183,-0.451844750194925,0.0621652065231268,0.647820714415832
0.0465022,-0.738154921998674,-0.444838509669453,0.0569863530901404,0.0390822604581746
0.0763548,-0.760452926291468,-0.475219349095726,0.0708111070221006,0.0345923854043874
0.0050357,-0.760096154627656,-0.472200993924112,0.0761855841537674,0.072057810355184
0.0558807,-0.750600748458861,-0.452633816577836,0.064334206735029,0.0377742010126142
0.0239386,-0.744307982706148,-0.448073891269194,0.0632077795605685,-0.267642672006183
0.031503,-0.739793912619157,-0.454193353365315,0.0603776465296886,-0.189839592029845
0.140806,-0.752616320977164,-0.459879720923021,0.0678947295182465,-0.256137852931793
0.0176214,-0.743444218427125,-0.439396111568931,0.0649154261261379,-0.261764114195267
-0.096946,-0.736201189532711,-0.452138515334438,0.0644204027007971,-0.245103483086807
-3.18065,-1.67002197129516,-5.15507259271274,0.146801564397611,0.0904394237869043
0.972582,-0.715319196386786,-1.00720759258723,0.153917971415843,-0.342386620576266
-0.463649,-0.666345560599278,-0.429345160144063,0.0867858358696591,-0.184029202039949
-0.0387957,-0.684989304662622,-0.37453113285029,0.0704763792932268,-0.227096907679635
0.138587,-0.684067122711441,-0.352287772095048,0.0698219446565261,-0.228039900280377
0.157717,-0.580620889312851,-0.0893026982924557,0.125402721965119,-0.203272290849689
0.081279,-0.707108372008217,-0.55652976831901,0.103402877698587,0.117827961690455
0.00696324,-0.853653288935832,-0.888833069348013,0.166386696418769,0.0449628972591433
0.0842918,-0.74552594122685,-0.559329938634782,0.0826357800561591,0.0866486839671686
0.119895,-0.750162472722555,-0.511139516331883,0.0691341524973965,0.0930852354285787
0.105284,-0.748311451230715,-0.489572051791789,0.0676763077011221,0.0876776236101791
0.128463,-0.749108427612539,-0.473688938616254,0.0671961355412354,-0.0655361314831257
0.10449,-0.719189886428009,-0.402509877600754,0.0610084679781186,-0.0050194582752584
0.0587154,-0.71885697306767,-0.431489772169445,0.0389782939587561,0.0935625496119251
0.0680615,-0.772251041498971,-0.563288087238521,0.0468554175058621,-0.0263200653035321
0.0643198,-0.722804511122422,-0.551840042134799,0.0540400155728484,-0.0698023676020199
-1.43249,0.752466012150485,0.354762542896621,0.228574087566689,0.150357335483802
0.734554,1.03472747734272,1.03413997806035,0.00864735424861123,-0.103219003354445
1.02383,0.906851910662173,0.704114921655261,-0.012534651210089,-0.242176275725039
-1.166,0.739132098760664,0.47157036417598,0.095833755224674,0.0909237779766974
-0.308214,0.722226563337376,0.602224069876286,-0.0249888685709007,0.109724380443838
0.764666,0.670743123637304,0.161197962912661,0.0475319648531682,-0.0855143976928072
-0.139352,0.707155657290513,0.0819602243096149,0.132260913726496,0.0958358349330998
-1.05071,0.924158947916811,0.886969520617052,0.253424932455612,0.205758989528924
1.14311,0.938708853848446,0.723815596949909,-0.00967017034092675,-0.0116297115677355
1.212,0.803874270417628,0.406453968151814,-0.0498522755209835,-0.0310812351767994
-0.855977,0.682625857829856,0.487766087997862,0.108999050385052,0.236917302776558
-0.530222,0.621167522721812,0.443320212544846,0.00598421938369597,0.131544078838619
0.860898,0.67627355199892,0.733742036427102,-0.0313094141022346,-0.0405312208060485
1.12664,0.485922323159004,0.0510819207473739,0.0254558026846306,0.0611435547755056
-1.33009,0.914501064994521,0.741849187901047,0.109905290385569,0.371181178258809
