1000
-1.08227,-0.522822192222774,-0.369097555416437,-0.826643617803284,-0.928997790756611
-1.17387,-0.696962796331661,-0.527243868769345,-0.808417967963807,-0.249311240341622
0.612321,0.357373854701306,0.115026965370117,-0.638556060930846,-0.782711430889176
-0.475588,-0.327213386257427,-0.208052159667018,-0.740537376363302,0.149412820049971
-0.0204565,0.0313873095513167,-0.0400423536613861,-0.693924966782042,-0.290573657546876
-0.126344,-0.131092352114417,-0.0293060686646393,-0.691940991687225,-0.441433480039422
-0.834423,-0.396965609764729,-0.275679759743481,-0.801243538596786,-0.403695134910557
-0.709737,-0.503187273071056,-0.426049446329026,-0.828654481718411,-0.651023228646113
-0.708096,-0.275302983115327,-0.12236966589477,-0.733218270758127,-0.266878781056896
0.330352,0.0768506893526842,0.129885519978304,-0.575534893469635,-0.69521509009967
-0.711463,-0.193689513088822,0.110364312809264,-0.668092256851546,-0.169193349703274
-0.470546,-0.220732288199835,0.0575467827551247,-0.595516544972307,-0.665848690334766
-0.856959,-0.291393593657622,0.0198887840720984,-0.690556538627492,-0.325472617186711
-0.00477902,0.27300229245952,0.792736287407326,-0.378501203415665,-0.934726625788302
-1.11714,-0.516717125612921,-0.26827148841629,-0.832133437176854,-0.456824700256613
-0.775153,-0.409286144421948,-0.122960205447601,-0.709394408255134,-0.919379052611026
-0.979824,-0.383602052553991,-0.0776772408232665,-0.75322038982006,-0.527452994612716
-0.158502,0.192337865072275,0.73805922979888,-0.376819249237555,-0.863672872800591
-0.796969,-0.23216942803472,0.0451995150345657,-0.657396662242477,-0.460151002121495
-0.539766,-0.193117929512511,0.164329505584052,-0.563563806459492,-0.972332175315188
-1.26626,-0.626428409052416,-0.398982695134109,-0.907052677402487,-0.780574000565824
-1.07444,-0.615563168622102,-0.447364201496343,-0.855530481380767,-0.851448689753003
-0.560193,-0.0597429850932378,0.225441804226848,-0.599763555232796,-0.761588720708635
-0.32822,-0.0145495069136036,0.402396302503874,-0.448135360043504,-0.842103808036829
-1.09938,-0.506853306743038,-0.258838387750732,-0.822516003180018,-0.555363716136882
-0.718928,-0.40930753101204,-0.196872479922232,-0.723331365290758,-0.911436131435919
-0.949004,-0.369340210756465,-0.0974465313907067,-0.754223764856712,-0.46479399381578
-0.074799,0.160375585554127,0.610462331606071,-0.406275993254337,-0.814872510639089
-0.732836,-0.191420347975825,0.093304197799129,-0.668496357767588,-0.388179851740773
-0.460824,-0.186112808148603,0.0862590885713094,-0.581910818295112,-0.936748032613258
-1.26457,-0.63121459828006,-0.409635693771875,-0.890649261221822,-0.729286451761493
-1.05576,-0.621294160500519,-0.496726953875339,-0.847922015757554,-0.81269594788573
-0.504257,-0.0353710025163589,0.211182588739029,-0.603537646135437,-0.69630743540572
-0.250829,-0.0260673351399809,0.290090436916481,-0.456601915893946,-0.66056347709873
-0.845293,-0.282080724721284,-0.0296409105188616,-0.702880918192932,-0.195839977215614
0.111554,0.330634722276153,0.842284031110583,-0.353799966145897,-0.998647609384713
-1.26679,-0.637322874919482,-0.393884337153343,-0.871198042673412,-0.532115633487761
-1.05164,-0.627575234702078,-0.468091487121275,-0.842552521366136,-1.04207686662222
-1.06057,-0.477922286057527,-0.250937400118335,-0.809212937920214,-0.870926588114503
-0.663239,-0.374032354835722,-0.141290860259914,-0.7082286896827,-0.937312870896446
-0.941982,-0.364106876730777,-0.127577571247424,-0.755040665052068,-0.407943420433958
0.0114706,0.209699692851023,0.637719400789089,-0.363551357129873,-0.797789762027085
-0.730512,-0.191163426458882,0.0818262896675023,-0.660100274900235,-0.281349636828515
-0.417474,-0.165034045450515,0.147046006011785,-0.566849064303761,-0.591032834402113
-0.587573,-0.119940498279665,0.115505984848911,-0.597344889969429,-0.367800777572641
-0.209809,0.0383087437669169,0.373361252575029,-0.424164026580669,-0.638646159376478
-0.843387,-0.296608019063467,-0.117710974492935,-0.687490282786155,-0.10958691187859
0.176993,0.352946488046653,0.799254356670168,-0.309613906801546,-0.732596498868352
-0.741398,-0.228475236932773,0.00163843440831357,-0.641792596002194,-0.243249938367664
-0.401552,-0.171535695842821,0.0634572144859778,-0.538498521386835,-0.91981288201901
-1.26263,-0.624140609100758,-0.418051193140941,-0.897696059174309,-0.689639860568162
-1.02952,-0.612223396257157,-0.510643151386062,-0.849466372373675,-0.799901016961444
-0.500595,-0.0764921397548142,0.133806821960645,-0.609258707540507,-0.642108686945134
-0.155985,0.0543730673897698,0.41538172791538,-0.413110913365233,-0.643859598450757
-0.83476,-0.325115142040115,-0.0998007777632652,-0.702114907685854,-0.0955552394578714
0.216157,0.426794781669577,0.874288861189978,-0.393926705747771,-0.887994384500136
-1.10208,-0.524904255723375,-0.29601194386389,-0.831222569801667,-0.285870520975343
-0.616724,-0.380477799612545,-0.23614195480441,-0.681447707923963,-0.862921638079704
-0.930922,-0.391262712122626,-0.180064351865375,-0.767330205360049,-0.360167368874886
0.11354,0.238037512423376,0.595311442075386,-0.319386397308147,-0.958023845750474
-1.09386,-0.502932794434822,-0.296479756900219,-0.796118124954929,-0.336583848213005
-0.609677,-0.345468958137959,-0.199876854229828,-0.701783627139249,-0.860825216261735
-0.929847,-0.410483558836278,-0.199632070396582,-0.726134266481069,-0.315461223492596
0.149011,0.260524976959673,0.60727266070645,-0.322031122837208,-0.774965833743313
-0.695142,-0.233583604417352,-0.0136570364646476,-0.647055010862112,-0.23617303509704
-0.335346,-0.13733182065749,0.098241756221962,-0.529107495837358,-0.898253792523151
-1.25498,-0.631066227600506,-0.431190309194111,-0.88521559167149,-0.646066818383708
-1.00497,-0.608741794456276,-0.501212787397206,-0.860253303407113,-0.775139032977192
-0.472784,-0.0718863046835907,0.127281295138522,-0.611489115108987,-0.596392301098177
-0.080018,0.0972871802717212,0.429706445695396,-0.369036512389723,-0.618250100419188
-0.832205,-0.331308044028012,-0.101311735996589,-0.688198406317878,0.0116829757811296
0.328591,0.412608691205452,0.784716305127562,-0.344323053405778,-0.714201959361602
-0.840125,-0.310222280370171,-0.119229507649996,-0.686067994059183,0.137832494572869
0.304959,0.421419682655843,0.727931381314308,-0.292626669235452,-0.855989829190154
-1.09722,-0.500501593309154,-0.30419446043928,-0.794799957206518,-0.22427457831751
-0.574205,-0.348023750127187,-0.196727194716083,-0.669511755264501,-0.842962450749385
-0.925626,-0.386236879577442,-0.147646280071235,-0.755153037455328,-0.278363214646612
0.196132,0.360605135826509,0.707733909039212,-0.251622843700399,-0.770358958322929
-0.701256,-0.16888728199711,0.047132777565382,-0.647718204236331,-0.19623932956737
-0.289373,-0.126478135537328,0.144256105154207,-0.493250676310813,-0.899561057459051
-1.2604,-0.737532652160506,-0.393273109684349,-0.940250175553717,-0.623203659207262
-0.999299,-0.728760679803607,-0.502678289409843,-0.850863780346385,-0.768908959975242
-0.469744,0.000812308641094696,0.159697740750763,-0.571242663367608,-0.565206862013272
-0.04282,0.142684956200286,0.451120094612774,-0.317610294082589,-0.53082444200169
-0.570312,-0.0676105783703161,0.138171158788508,-0.557344787672524,-0.142706645467296
-0.0755303,0.13400478801485,0.458226774560285,-0.316389032760767,-0.591743835252177
-0.820483,-0.296361772510561,-0.0537956667584406,-0.655791497883043,-0.014436421921571
0.346058,0.577877724046722,0.893841239812799,-0.17487129746894,-0.971099586225767
-1.26396,-0.76524901335253,-0.411098800847287,-0.879067767047214,-0.404799758300083
-1.00022,-0.738336751924825,-0.493361270721888,-0.814161836764872,-1.0093887588845
-1.04417,-0.565594252473118,-0.302809781748969,-0.757259278260581,-0.785945271394531
-0.530602,-0.396393224479846,-0.146474235509241,-0.607861347831715,-0.89847440294388
-0.912974,-0.403544873428982,-0.167542194023088,-0.681493425618214,-0.244200868853635
0.252846,0.426853562362495,0.706102225599223,-0.158423424330572,-0.755464326589488
-0.686138,-0.161502236078036,0.0516259980296178,-0.58680729443957,-0.159318983389473
-0.26216,-0.105963295661674,0.178531693875456,-0.441208701112597,-0.887842775644057
-1.25899,-0.764445044225175,-0.406762316155089,-0.892545290320787,-0.604109893006094
-0.989891,-0.753162908179437,-0.487011231820352,-0.816318464665177,-0.753105675519735
-0.44293,0.0340796199188934,0.129421077704451,-0.48566769393773,-0.548717026973611
0.0104429,0.187675562255128,0.436324317174126,-0.286515411127059,-0.588904929938742
-0.802865,-0.284604821293033,-0.0667437629060928,-0.611256108306127,0.0734281154068887
0.433919,0.677336152336527,0.87150360142691,-0.115515288842653,-0.852462284726465
-1.09491,-0.614416763263826,-0.322527512306222,-0.740399934345224,-0.138119009090378
-0.505754,-0.403062330193662,-0.163836017342182,-0.604851930586646,-0.816708099611627
-0.910258,-0.41007190662523,-0.167812466813149,-0.670194405521867,-0.177555585731932
0.3535,0.50099092284285,0.741554661922704,-0.129705785385773,-0.736263050820578
-0.667097,-0.141442358675041,0.0265859294306168,-0.525393105651974,-0.071151525810085
-0.195589,-0.0757335659531305,0.157878935685814,-0.412613019448675,-0.763618187380792
-1.07021,-0.597657186848063,-0.309187794610133,-0.719110529060426,-0.377583262481338
-0.468459,-0.395617461259918,-0.15257576693675,-0.597826980921626,-0.838860957778356
-0.903552,-0.406888850639768,-0.17940934153872,-0.619220516355283,-0.146366799480398
0.398002,0.54499380639415,0.748922639002907,-0.113334775521053,-0.727565661552112
-0.657184,-0.141902405823095,0.00945090574706151,-0.512234195780441,-0.0523155070236584
-0.160061,-0.0549406380475097,0.163771670611156,-0.407003335488406,-0.862225737531944
-1.25683,-0.797626212444288,-0.419920424187139,-0.875355817499461,-0.537651354848821
-0.95565,-0.777225886179481,-0.508705516914014,-0.804803091959836,-0.710247153776677
-0.382529,0.0644126512511979,0.128894539079621,-0.38719168156113,-0.47124210487937
0.147754,0.27578641297597,0.494015687459773,-0.235424286692613,-0.538268118862932
-0.770738,-0.276653311375571,-0.0908861014831883,-0.530094591505355,0.196233386202921
0.613097,0.808072320683661,0.99118304389469,-0.0531803088222211,-0.935565430592229
-1.31281,-0.935696611328525,-0.577394881874732,-0.7254646001853,-0.147831058569448
-0.860487,-0.620116750066722,-0.436472358723256,-0.584307940612064,-0.487725854179396
-0.342017,-0.214050826259472,-0.118353661139174,-0.409393949954442,0.780629562941967
2.92469,2.1505185464447,0.840143191875711,-0.053817727431104,-0.33102406104526
-0.814353,-0.586119430990156,-0.378633360465413,-0.57283830632423,2.72614248236647
3.72378,3.62452809862986,2.90080012227321,-0.0574751379236547,-0.61713595472078
-1.09111,-0.806126596604964,-0.503530330725853,-0.734830670225732,1.63204479067692
0.269859,0.111444254644975,-0.0389457257223002,-0.28090834457896,-0.501857707452941
-0.88205,-0.630008718971362,-0.386579970681875,-0.654328173958169,0.767724215656064
1.68149,1.67237636120198,1.47933286376515,0.264088427931235,-0.544322757484553
-0.510517,-0.335037215703453,-0.169317351861867,-0.495269627109834,0.897804800657206
0.610579,0.486000540900752,0.356979696583976,-0.0995523634879601,-0.264777660566568
-0.654432,-0.457750155372398,-0.258851623810989,-0.571993212733894,1.11867448924137
2.2148,1.81892577395405,1.31473684931725,0.562105884833732,-0.672209287173058
-1.02048,-0.751372488663172,-0.45974113353426,-0.750232674153269,0.928085823747084
0.121269,-0.054877728318765,-0.140736920212375,-0.372852364819426,-0.488739423488878
-0.818189,-0.612718782096655,-0.376650997177762,-0.65155913488727,1.05362402728176
2.53936,1.79352414530114,0.957596047019657,0.365499174273847,-0.563793135959856
-0.626072,-0.439749027679142,-0.261800380043758,-0.50402553831627,1.35470351305115
0.989193,0.782850833790801,0.43734240749826,0.131022304627518,-0.732668650867863
-1.32786,-0.977611666565679,-0.608055104890749,-0.780635475910607,0.0289622200817125
-0.845061,-0.723607392847984,-0.544386061193295,-0.663082379880677,-0.607500042707774
-0.461355,-0.325775756307278,-0.226131930386608,-0.418367110526158,0.181905430159228
1.61036,1.41290614266595,0.892031445262478,0.335765141107255,-0.713647520544998
-1.07865,-0.816739492832772,-0.508222702401807,-0.717339751225766,0.686723419740624
0.187683,0.041797625643198,-0.0814330541445443,-0.24096484117302,-0.617425469979439
-0.897948,-0.676390668001061,-0.445800323483261,-0.60085097111895,0.864936629940336
2.04658,1.74730838931399,1.15808665454069,0.552690880557654,-0.581096821297836
-0.552157,-0.413735421668922,-0.25093397346858,-0.464710022383311,1.02269641355109
0.710441,0.541862658780144,0.333361944927454,0.0929052958150333,-0.729386456054319
-1.31931,-0.996925343177181,-0.591014423586215,-0.76398925616512,-0.0869877977669866
-0.853231,-0.794975138944274,-0.556391891336074,-0.682524646722873,-0.581070277036038
-0.324068,-0.266898270622705,-0.217140000516227,-0.388135151516286,0.0572406199148873
1.23107,1.0455584039005,0.740422780458143,0.423504236912833,-0.37528318509093
-0.70186,-0.54792104529868,-0.326842412725317,-0.557574519291935,1.33861416511176
2.21103,1.872455425048,1.29951823788464,0.799060504277929,-0.850137644688956
-1.32044,-1.00628142840073,-0.586126468258545,-0.766539512567132,0.476698197515155
-0.867318,-0.827972169808941,-0.557984377953479,-0.684182149387493,-0.830723766274752
-0.969265,-0.771115508759385,-0.47163150016602,-0.689784557774046,-0.388762459135803
0.185762,-0.0382995883950704,-0.107697527071164,-0.270269009693204,-0.712272261070763
-0.818112,-0.65884029172091,-0.413349394317156,-0.584853544529457,0.756520083465713
1.82218,1.50512598824645,1.0077994996805,0.688489763973279,-0.516240791805909
-0.495436,-0.390014114366276,-0.207045996085119,-0.429386181759874,0.996441627108559
0.678488,0.453405552971786,0.267885346919383,0.0864126205597271,-0.198710274100658
-0.393802,-0.320131704577826,-0.193055241520364,-0.377136890939253,0.745472102090096
1.16571,0.939508551894133,0.648773735345406,0.473205745471592,-0.280554393643642
-0.693469,-0.560682277010588,-0.339144900877064,-0.529916300853004,1.41376895930582
2.27611,1.89586926985756,1.26486756053213,0.894102187643247,-0.424572172873909
-0.535578,-0.440227181417837,-0.263628408183628,-0.44293342859159,1.11014535558731
0.631493,0.414958634617799,0.234707938159417,0.0830480095362439,-0.70235878989592
-1.315,-1.0348978814904,-0.586982921900952,-0.745543892433684,-0.116725511659167
-0.863681,-0.841425055630134,-0.578554911227492,-0.669546446425117,-0.553649258900442
-0.250965,-0.255308944469769,-0.164158272842132,-0.348546492535876,0.0460631724462201
1.2102,1.00038247683138,0.637436531185544,0.521083933484394,-0.327966470181329
-0.670304,-0.554906758004247,-0.349239578941354,-0.502635796560547,1.35845280118318
2.19785,1.84083869884097,1.16878688688219,0.884784610781267,-0.639000938622683
-1.00813,-0.81961141698877,-0.479312225969365,-0.647558643678006,0.910164848080182
0.098412,-0.122916168662349,-0.171143013357373,-0.269718174812011,-0.520680884210582
-0.80085,-0.66658898718602,-0.411045174803469,-0.563646514186243,0.75026142436285
1.91785,1.51750452953829,0.902092245198536,0.803183629003942,-0.759236902059281
-0.990637,-0.808175936518504,-0.474040716350939,-0.656049574121787,0.781256549016847
0.117222,-0.113307524999654,-0.175648047801307,-0.249721030406267,-0.52429492102369
-0.780809,-0.651196752647065,-0.393599231845783,-0.568230793059374,0.764285829559401
1.84833,1.49103526619251,0.845809089551939,0.818602188099481,-0.499278772230516
-0.449581,-0.375043521210714,-0.281767305773417,-0.373543621289221,0.890148135038067
0.579515,0.400876626926539,0.134226172009046,0.120467553194629,-0.694874246542628
-1.31431,-1.00964581769658,-0.584539037821559,-0.711239971682103,-0.135209536682942
-0.865441,-0.836261442126064,-0.593279721849208,-0.657266495275326,-0.53429730572306
-0.177906,-0.203786699288617,-0.165406691414275,-0.289794660507005,-0.0138080155243039
1.06242,0.915263034726951,0.510157082832612,0.535706548745833,-0.269715284096886
-0.6422,-0.491799357100218,-0.337057598322592,-0.412224622857293,1.40264526078758
2.33987,1.79942083063583,0.837715354263799,0.841998584122971,-0.355669970837473
-0.639472,-0.495599371184174,-0.356092845272032,-0.412771128345504,1.79416968265762
2.10211,1.76589767928684,1.04180535087025,0.919752683581145,-0.544640739558817
-0.982015,-0.767066624398017,-0.505779385838474,-0.565823514396266,0.874653641899682
0.0780944,-0.121635399506142,-0.232327577738912,-0.195308675937201,-0.506002493558105
-0.777448,-0.612387224293331,-0.422359748764678,-0.460087328007349,0.728109557286381
1.79412,1.40439813449367,0.798907019652618,0.837277097373188,-0.496828981157788
-0.447695,-0.344634241587026,-0.258804194452886,-0.319691778283412,0.882569243708194
0.615624,0.398276857284628,0.0973955061758928,0.156413175538144,-0.696002159697908
-1.31084,-0.963055022700419,-0.599409952198349,-0.621343121105125,-0.120042249253803
-0.869746,-0.802956106724767,-0.611363983850267,-0.606665269335976,-0.516906504136095
-0.161213,-0.179313867035724,-0.239682147293087,-0.226668715421864,0.0287858971103118
1.14841,0.912624771182402,0.504248722918928,0.53746115279301,-0.214097280656781
-0.338402,-0.28077671888633,-0.243412051836314,-0.292593855352213,0.903944458001498
1.08016,0.868253595480726,0.437104191772948,0.531245730792582,-0.226725571660442
-0.652382,-0.485889372098562,-0.363389828745661,-0.383961968447123,1.27642422456049
2.16894,1.74383240909341,0.930121648237355,0.895795377044385,-0.833789086775652
-1.31539,-0.950966305483181,-0.601444648807111,-0.586370612039336,0.459645704783207
-0.877285,-0.795099647990616,-0.626897234733167,-0.560465106286892,-0.811308618687607
-0.921507,-0.711421081238881,-0.4923053595215,-0.516299557598676,-0.397077241763671
0.169928,-0.0995161184174842,-0.22618458341079,-0.178049263657927,-0.674850534430271
-0.763991,-0.595891492124663,-0.439490401778525,-0.427238461466117,0.717344665759931
1.73381,1.29628312082219,0.732339133091178,0.747469728339957,-0.479239812369502
-0.409154,-0.32258060513753,-0.278190786463132,-0.300202177881495,0.814600794611122
0.512956,0.305492492890938,0.0394723442468556,0.0839684057559911,-0.682442947213648
-1.30898,-0.92910548845813,-0.595167456665641,-0.581499295107743,-0.161783928950542
-0.870312,-0.82161990367091,-0.64978294920266,-0.573738085979896,-0.521004856700368
-0.148238,-0.169269706674775,-0.214132754001217,-0.230803227842988,-0.000348368415585998
1.09631,0.825177718438529,0.42652040110672,0.452621619202261,-0.248141786075943
-0.590148,-0.477358489208544,-0.359830521879397,-0.400059712226953,1.33384592305322
2.23631,1.60381628370183,0.724904227555587,0.781619068799348,-0.604529060899156
-0.988995,-0.736322020687744,-0.517685382662121,-0.518810837200058,0.921157798077791
0.0673549,-0.164929208612197,-0.250440928869225,-0.192931588997559,-0.484980815031267
-0.749366,-0.586809427410775,-0.433373549692307,-0.458774986909101,0.755740526479511
1.85953,1.28785386809553,0.658121549200189,0.643927343671961,-0.460545505273057
-0.394843,-0.344637071796826,-0.328647391813192,-0.286893317024549,0.928477620297416
0.582356,0.279582949361539,0.134178011951968,-0.00224738571178143,-0.465521082798944
-0.963614,-0.76209991255184,-0.484911538298309,-0.558336368761426,0.243178323045516
0.074519,-0.241316737696551,-0.260681675679075,-0.307521862243154,-0.557752723729021
-0.727728,-0.614195078615141,-0.389840633469019,-0.484376154981495,0.810549617048576
2.01081,1.20568821429411,0.68758457309016,0.421101971253071,-0.444702428096227
-0.374142,-0.378804945804777,-0.272269067351701,-0.36669168026265,0.990278015046143
0.645097,0.248190970746163,0.116906747069803,-0.0490779733464635,-0.648859433424007
-1.31196,-0.962223348892355,-0.605827468790926,-0.650230840000202,-0.086596125488123
-0.856249,-0.84605595550312,-0.604348101903913,-0.600278237410447,-0.458927708619123
-0.0531424,-0.220035184144247,-0.183893408449996,-0.298585480492701,0.0983083235398813
1.30536,0.747087593959599,0.453088819340956,0.19107417996074,-0.188943423820934
-0.580683,-0.512054204626613,-0.340676411928769,-0.419922128856426,1.5198857684371
2.50643,1.53872085117173,0.918833178732007,0.509458894443454,-0.745271113802392
-1.20052,-0.808583883823011,-0.42822144972762,-0.66843731474269,0.578067589442729
-1.0494,-0.783815454685688,-0.487549918864028,-0.579111904356133,-0.463831378311666
-0.308188,-0.0909083523459116,-0.0310408977426447,-0.19279413625493,-0.35711372884269
0.411105,0.394763639155908,0.380976737319766,0.197993334674844,-0.424046978432269
-0.672502,-0.395856140096018,-0.215381887322691,-0.374631244689779,0.595402402468375
1.22165,1.11228645345198,0.865332573191393,0.521333993734368,-0.715794816386057
-1.01218,-0.681845299351227,-0.379411477794643,-0.563268504288279,0.338039634674133
-0.241413,-0.365140305364871,-0.254177355754112,-0.302252170507934,-0.618231573187902
-0.778352,-0.504562437143559,-0.281305502228027,-0.441921410445774,0.31616629051753
1.17284,0.893015156458747,0.678216289415244,0.553340950652367,-0.52780517326972
-0.45175,-0.248148804212991,-0.146287153366892,-0.270097413669197,0.56862244322897
0.346396,0.109244472774133,0.0848502013818734,0.0625502803081499,-0.285268829176872
-0.589506,-0.37234265935646,-0.201056326711583,-0.354011917530838,0.732319135237301
1.57395,1.27344110782341,0.883990667487488,0.598294606497983,-0.665608803744003
-0.992454,-0.668282248428549,-0.380145024323304,-0.557777020545968,0.551053265979885
-0.115836,-0.321620816155791,-0.274918218204385,-0.273830349090663,-0.553814569442304
-0.732913,-0.48821995512064,-0.289660118614904,-0.454303044822533,0.464322976875588
1.37826,0.972941381360211,0.677117627168671,0.590168690200437,-0.481306322062894
-0.403827,-0.205829647666899,-0.128423667763586,-0.256059976782379,0.64770316704831
0.464932,0.154123589305963,0.0844062632044098,0.0868393324105791,-0.66998959413668
-1.22112,-0.818641329782156,-0.460864098825957,-0.677521943408399,-0.214816547862088
-0.947175,-0.804184845108617,-0.577597247912452,-0.563951094306949,-0.466280549585328
-0.069884,-0.0392525418195539,-0.0513916650505499,-0.173992374734765,-0.110349026808911
1.00938,0.609303905872882,0.425795900497703,0.338215764581831,-0.521931105535514
-0.972822,-0.654896119556038,-0.391759521796128,-0.541173583627438,0.365544818503249
-0.0376703,-0.298926507708357,-0.25571437573656,-0.24459433028196,-0.567000283841867
-0.728972,-0.469642114766911,-0.277505224279827,-0.419748063396284,0.559472045327036
1.52753,1.03802182060671,0.754163320862457,0.621394834658795,-0.460738625695326
-0.375683,-0.20771845910393,-0.135813179928162,-0.27023816332812,0.728433832287577
0.503095,0.179216029965628,0.0863162755387492,0.0966749396287543,-0.647199601279879
-1.21933,-0.797988335291823,-0.458669706741939,-0.645068968603394,-0.192308356996031
-0.946538,-0.801137170603811,-0.585831787512207,-0.559669741610731,-0.444225027047991
-0.04061,-0.0363922058029674,-0.0553643542940822,-0.172064581011423,-0.0704902533139235
0.999754,0.625924125895726,0.404950474844331,0.379456838668098,-0.221967998815223
-0.556441,-0.346399021755528,-0.211508934511231,-0.341335504424707,1.09941322042865
1.82619,1.36111411573412,0.950631943674376,0.633577086214017,-0.764408678242598
-1.2253,-0.818746838084932,-0.477423678752568,-0.647737654514966,0.291413513109589
-0.940408,-0.799193291934284,-0.593008059520586,-0.559946618245973,-0.80096940208319
-0.917507,-0.61268212715894,-0.368068275003707,-0.500236489557665,-0.479085421528416
0.0278816,-0.274226216663423,-0.27277313921819,-0.229857740387489,-0.659138048899963
-0.706349,-0.469449211637611,-0.286605704597908,-0.413632745711477,0.611396960062905
1.61058,1.06852759210865,0.684712828745377,0.647839567013295,-0.416606511106625
-0.337889,-0.217724230216086,-0.148295992002939,-0.277964945054868,0.877611188687766
0.561875,0.20738754333002,0.0529652350624978,0.104014108783802,-0.0443712904351799
-0.140943,-0.119591335960458,-0.135891260847961,-0.170693365999775,0.654308509987196
1.03347,0.682054287729285,0.312514665043881,0.5093035858357,-0.136202597900872
-0.553714,-0.328882669853381,-0.26135638638878,-0.329696644944803,1.26397261247948
1.99612,1.44857381743179,0.837354981338426,0.834777421194686,-0.303075155385956
-0.366831,-0.208074573969862,-0.188704835649433,-0.238326335555916,0.97591693169997
0.563147,0.241941834923149,-0.00152508617935477,0.161367276777234,-0.60830817030512
-1.21907,-0.773455558763943,-0.521441338375943,-0.531306078844427,-0.149542940559236
-0.928693,-0.755886933426143,-0.629464278110826,-0.495091491915368,-0.411909631582023
-0.0040508,-0.022535874665088,-0.103934385116742,-0.117549333274526,0.018289685945511
1.18278,0.711876000192187,0.326317245182131,0.529211235551201,-0.187160066384729
-0.546143,-0.333004221659879,-0.268020549171902,-0.32068592974874,1.27115202396916
1.98088,1.50074875708903,0.826149005576377,0.892116147427479,-0.576816544330867
-0.975658,-0.615093491970859,-0.41426300729673,-0.458140544385723,0.79305001971645
0.0118407,-0.231140590856557,-0.305259980035548,-0.126375333241651,-0.493450761264152
-0.693197,-0.440789019325867,-0.352178814936923,-0.371286056990738,0.582290416983227
1.60616,1.15187193596909,0.629372082648761,0.861966094616085,-0.711386002656452
-0.959331,-0.591814253001723,-0.417892260669467,-0.443499415823571,0.616698877747435
0.0178991,-0.225536211440139,-0.300959889484734,-0.125908346589346,-0.502590637548414
-0.692391,-0.422208841458847,-0.302078410828337,-0.373424713019377,0.653056581531019
1.67397,1.17538623646118,0.644766621648402,0.837725336904116,-0.428491879928302
-0.361109,-0.175204711092986,-0.183793281320518,-0.168401580206537,0.834455071379389
0.598757,0.281214713894117,0.0207900181100747,0.250759443999346,-0.630508206055647
-1.22244,-0.755532696297643,-0.522013077891483,-0.46948368515793,-0.13556832793073
-0.923292,-0.755557056782414,-0.658564312650609,-0.472421271039846,-0.413574214912258
-0.00383737,-0.00739027388524384,-0.118633619623035,-0.101637254023536,0.006691076978658
1.14798,0.743828352032663,0.36571709948594,0.584775747426349,-0.181217497176192
-0.538875,-0.31005840542892,-0.257597840886937,-0.271212163110332,1.27207981927149
1.91499,1.48938811547546,0.817909151303546,0.87625707762404,-0.284840028498414
-0.568219,-0.311051578597627,-0.258619507455513,-0.282323302653207,1.55169620493516
1.93875,1.477894125423,0.823551557603315,1.02113671125123,-0.540904549922617
-0.978783,-0.595843844412104,-0.405145896245225,-0.44387839799524,0.792656180622778
0.0362532,-0.217088715600222,-0.313690230145227,-0.0979183048470968,-0.48443977177095
-0.700964,-0.432422878927547,-0.314942421413687,-0.358047279313517,0.695647817023605
1.74265,1.20414855708777,0.638034198038729,0.892046884496363,-0.410163032229932
-0.319955,-0.168610841664928,-0.171564638415683,-0.194884702979799,0.883301218280638
0.644886,0.279270227174107,0.0687458679951676,0.277071771737687,-0.606094839912921
-1.21993,-0.780695453090989,-0.524871452053663,-0.553774276592119,-0.102587774878467
-0.917874,-0.774774799529303,-0.642772866340635,-0.491889080903094,-0.357071722097959
0.0892163,0.0189235529261685,-0.0717035105768123,-0.0724637867155014,0.0927490944687362
1.29056,0.785598225046847,0.375703055680339,0.706611017836528,0.00858673924535518
-0.0923915,-0.0551891085110734,-0.0896466346494468,-0.0830108831270204,1.07206815244048
1.27631,0.768924888727782,0.378814172687178,0.684570835232833,-0.0527956889241902
-0.522446,-0.317091655202791,-0.246849425365875,-0.277814888841554,1.3954118431259
2.19811,1.58910720713711,0.86667762155554,1.12762086496343,-0.724579629692489
-1.21939,-0.780701616889055,-0.527810076336799,-0.529570239419776,0.469726103065014
-0.914325,-0.769719021934611,-0.67204516123983,-0.39875280602095,-0.747826096733361
-0.88602,-0.56822231491926,-0.415419828889653,-0.397452962230415,-0.378402241086276
0.214282,-0.156517978500268,-0.30757704285858,-0.0282473971429188,-0.601533141004457
-0.662281,-0.419481519552737,-0.321197395249453,-0.339372291234233,0.847430242050568
1.96388,1.28039272769047,0.66913248484253,1.00215528601066,-0.356858231958708
-0.273595,-0.171251702559371,-0.146411070097076,-0.20580460944122,1.0420704719585
0.787711,0.320851216805184,0.0708237464472111,0.381276950346571,-0.569418738740629
-1.21948,-0.781807490180965,-0.50162043246835,-0.540988627382076,-0.022957805978079
-0.889772,-0.775403346363633,-0.625880158685571,-0.472762071148723,-0.33499623218185
0.107215,0.0265011459559883,-0.100135072787998,-0.0389185307690306,0.134830293248362
1.39723,0.834854652071365,0.429918762888783,0.762042897562223,-0.093033125129502
-0.492989,-0.306838771325776,-0.256489822779691,-0.260321989172747,1.51274173315145
2.30976,1.60589063466651,0.872899281081394,1.14453166626968,-0.518328954861572
-0.953754,-0.619883561084542,-0.410964472962651,-0.425261221426053,1.01724739071623
0.179751,-0.179809083263513,-0.277185662327395,-0.0146176198558372,-0.412799045295158
-0.667575,-0.423540451103683,-0.284814765876367,-0.371546293927409,0.915644236195749
2.09062,1.27677407180979,0.6829912376924,1.12756964956509,-0.346419817249404
-0.269586,-0.150412736548259,-0.133518839945638,-0.153031925781243,1.15638793614953
0.863088,0.3517019717076,0.121236779259629,0.458546021284795,-0.36981500963495
-0.930424,-0.616292926623981,-0.403695901005383,-0.458393037880373,0.457410809566945
0.258792,-0.166724514696295,-0.285289192963002,0.00745642706935162,-0.482492574088439
-0.659136,-0.433139976964918,-0.30012958809592,-0.337331051383679,0.977592906447739
2.1827,1.34017375779458,0.717209307785045,1.15736309711038,-0.332120422173934
-0.253083,-0.15255012820777,-0.144415015778024,-0.157417502061222,1.19950916778149
0.935944,0.36368668835357,0.104486474052404,0.420925158463314,-0.54343248657695
-1.21536,-0.77969062776821,-0.501927879085792,-0.619488369017658,0.0533866755888026
-0.882811,-0.777112451921305,-0.629532755110587,-0.471257632194907,-0.276890879354589
0.180362,0.0493326339869787,-0.0590864209020616,-0.000906254950206702,0.241335821560825
1.63069,0.883283619867864,0.389648097435123,0.833526583417257,-0.0439881899548935
-0.477008,-0.307124585988386,-0.241267583613815,-0.227022291265825,1.68638843366043
2.53534,1.69256258943165,0.908503542756477,1.11313782818712,-0.670841839058872
-1.22119,-0.782269065756598,-0.488214047166023,-0.598411656517652,0.708635347195584
-0.89114,-0.768386383475129,-0.628087819020284,-0.474107265889574,-0.1961584551405
0.14256,0.041358490861587,-0.0748732807447679,0.00124438967129393,0.252935029988683
1.63248,0.881663715709997,0.430752633795833,0.873849996303003,-0.0592686198909792
-0.487159,-0.292153294625757,-0.241849246391662,-0.230764726379273,1.70808156167484
2.52624,1.56625155334522,0.491911138033146,0.616541783194387,-0.495672598798753
-0.956932,-0.621046554604613,-0.41924353962202,-0.457932692103857,1.15325927541295
0.270349,-0.155104889800508,-0.287882588476919,0.0382043564257073,-0.381034341911901
-0.653741,-0.423164887510036,-0.309801316147332,-0.319146322555805,1.04345437416654
2.28784,1.35373123184567,0.727744762361159,1.2359000039918,-0.310866645355725
-0.251487,-0.155730993550917,-0.198921473399189,-0.111571326673658,1.34775225696389
0.993075,0.380099907527436,0.103998224609033,0.52207127005689,-0.0127022359593244
-0.466558,-0.288203369239152,-0.236888820411728,-0.223635072868505,1.4455572383767
2.53222,1.71138472418835,0.959752614760181,1.26030946759569,-0.519457930244234
-0.944472,-0.610329483405107,-0.406635368962682,-0.466530832985999,1.16454407422392
0.298956,-0.153869165017777,-0.291670996376234,0.0401029949528864,-0.367877905114201
-0.644957,-0.426163324675911,-0.316329323556594,-0.359191938278878,1.08595981172133
2.36058,1.35631177856432,0.731780503403815,1.3220034354375,-0.313692605593956
-0.243476,-0.160567190519121,-0.150840239321635,-0.132229187662083,1.30036134254414
0.991449,0.393145766007254,0.107541133233826,0.504361352115062,-0.527725429107273
-1.21487,-0.783055502410665,-0.496588797570803,-0.593734120217946,0.0780765916475846
-0.886431,-0.765014540103194,-0.621335846699323,-0.480522992040711,-0.270706015248033
0.187463,0.0462889871662154,-0.0776423325156079,0.0214011235236091,0.234917996716626
1.73355,0.927589480692617,0.487056268311841,0.914167454479748,-0.369277354391912
-0.942032,-0.615720655681991,-0.403707524837631,-0.463761714857354,0.860320427712636
0.328777,-0.160780004073426,-0.282644417489816,0.0492919873364601,-0.411075319491449
-0.643855,-0.431636640492731,-0.296929562673414,-0.325518825197238,1.11078617813103
2.40428,1.39086579373319,0.797722068887214,1.22416355027851,-0.308803184721683
-0.238666,-0.155931303497896,-0.132672748890696,-0.142645986706196,1.32882492107682
1.01452,0.383529607075986,0.121489198590834,0.489857574176432,-0.523428842974482
-1.21541,-0.771548897933527,-0.481630007865212,-0.562319056651483,0.0867143328773091
-0.888361,-0.778498197612308,-0.612330597416459,-0.504252886307862,-0.27668288324629
0.159854,0.0426019918985756,-0.0463127850560255,-0.0109991074481208,0.262972583226632
1.68311,0.879279867886701,0.491479826032274,0.916502137213163,-0.0471697143650283
-0.471695,-0.298179419207624,-0.213843355238341,-0.270182137488359,1.73048983962204
2.59416,1.67362195890069,1.02162749534135,1.2911749003227,-0.677717288583633
-1.22128,-0.792202159408758,-0.484141048092035,-0.586748279172313,0.652821105320341
-0.901465,-0.787721017241642,-0.61371461419049,-0.540562307645175,-0.707078111238916
-0.875449,-0.582902043929364,-0.390187608670612,-0.451784663813243,-0.297835127695634
0.374587,-0.150642916372115,-0.232545934522853,0.00315952504064396,-0.574479797323359
-0.650659,-0.41734696449074,-0.27957064833486,-0.324797980965154,1.02522000409094
2.20767,1.30201722185751,0.798139423296555,1.10677811152674,-0.307328979922538
-0.255325,-0.15032672900611,-0.116967586614784,-0.159466902578723,1.32478065355354
0.97575,0.359976221270334,0.15321393088033,0.429458815424308,0.100119091838849
-0.046049,-0.0349786624826642,-0.0588678271526451,-0.0460891598410094,1.04114476052353
1.48308,0.813374105183648,0.482807762647503,0.841672438554711,-0.00983366603354568
-0.49308,-0.306715611300794,-0.205206751490811,-0.294846045581946,1.68013073202778
2.48511,1.63567976816087,1.00868309808648,1.14771902603883,-0.200639029290037
-0.308561,-0.176787064418366,-0.136116656224304,-0.185137940739245,1.33699937743397
0.903274,0.325090679150102,0.12707301861591,0.387934065156027,-0.549177158242173
-1.22249,-0.768272788285824,-0.479081687681421,-0.653052111736071,0.0263573767007932
-0.904624,-0.784386360793217,-0.612758845297163,-0.531207081863493,-0.306870071402766
0.124941,0.0260969325163523,-0.0513175474635548,-0.0672821850663987,0.223201935198517
1.61581,0.855684873266847,0.486137456611581,0.800589986525508,-0.0809508856530355
-0.508914,-0.304096237335228,-0.214401869376732,-0.316257842454785,1.68758841875774
2.50048,1.59610471510372,1.02512091356019,1.19935446055192,-0.512012696787287
-0.967019,-0.6133885857929,-0.401430045291341,-0.51330400398629,1.1302134061024
0.25338,-0.188231869617193,-0.244699755626869,-0.063082348852581,-0.409314722623937
-0.685736,-0.432922035046981,-0.301192422271698,-0.407393870179899,0.978485903645183
2.27638,1.27957119257158,0.772201216286833,1.06999812845959,-0.671958456428879
-0.953434,-0.598187133845746,-0.396779720316203,-0.520348680411462,1.02130083976018
0.278664,-0.17262325585709,-0.281960157256933,-0.086068876769207,-0.416977377495072
-0.688595,-0.427713812210008,-0.301624754498245,-0.436279648624382,1.02637250509507
2.26319,1.25815816156653,0.748924821802897,1.04285891368042,-0.37458998913405
-0.323341,-0.183037015376569,-0.145403632759381,-0.226143705591256,1.21175641638287
0.889361,0.299994459414754,0.10118789875454,0.292528134111924,-0.573420749055632
-1.22114,-0.750053444551042,-0.489201244661231,-0.54606006790186,0.0127868083104435
-0.886417,-0.737653953357528,-0.623000568128909,-0.525917527664342,-0.38621494100552
-0.0100456,-0.0187339980471001,-0.0928661969049823,-0.150195453199965,0.090153956200424
1.2999,0.700432027918997,0.433863325442199,0.602361370121392,-0.179897234740013
-0.559702,-0.322203373651059,-0.222316739397853,-0.346663204228972,1.40348253280721
2.07549,1.38174027797134,0.866486431582036,0.862723426550383,-0.293402757350668
-0.595667,-0.331134697630656,-0.240386065702576,-0.377518880043607,1.6351861112336
1.97711,1.34069050711717,0.940225920018567,0.922559626355672,-0.550044510298001
-0.990239,-0.605037044415575,-0.402053023032558,-0.540803003973373,0.789690885100494
0.00105721,-0.268258341138003,-0.259862371868084,-0.209289060299187,-0.514220144489722
-0.744316,-0.434742716451443,-0.282048720489501,-0.458777869684019,0.621020793540572
1.61757,0.993768864530578,0.711160849733334,0.710503075044876,-0.471846640435977
-0.397332,-0.21890870520928,-0.14772988814603,-0.306015862576628,0.773174019572736
0.520309,0.187381863010464,0.0914200637751282,0.124316217371994,-0.653497903835385
-1.22443,-0.744586018553258,-0.477005506684297,-0.675839256871677,-0.189571200997737
-0.942108,-0.737078477483735,-0.590723714554398,-0.573326839167657,-0.484773625065747
-0.121552,-0.0471931315365664,-0.104948304403501,-0.197756977115396,-0.10152952842669
0.89435,0.568750161687063,0.433436773961291,0.424068863744562,-0.175850108999527
-0.23965,-0.0905741920344038,-0.0705978306214872,-0.216342079369663,0.686747808360916
0.82516,0.530327809053406,0.375635777433414,0.407553252052981,-0.219126253993975
-0.611091,-0.326582596651146,-0.215965095973962,-0.392493381248099,0.931746344759618
1.59331,1.20854557738135,0.876529690889262,0.789421030967379,-0.802183335849879
-1.2295,-0.725246522317921,-0.457699123056788,-0.585143961893882,0.169942413997375
-0.972834,-0.731770903680086,-0.567329498440647,-0.573658379839184,-0.842871164731884
-0.945316,-0.56890138472857,-0.366529733642161,-0.576762283002941,-0.57976853390695
-0.150378,-0.288028531033213,-0.217230387012086,-0.258425365502845,-0.730471480788541
-0.775122,-0.415912799307222,-0.267116827014682,-0.482069214567771,0.347526729937148
1.20234,0.892359123882294,0.688161534028554,0.558533687148156,-0.540434174231356
-0.456624,-0.196529328386429,-0.11868255962593,-0.339305308189042,0.481320868967862
0.259379,0.105590664398693,0.0965623768400269,0.0155754252638908,-0.708965730529537
-1.22366,-0.733043749785942,-0.470531992415247,-0.698406091553216,-0.332325115284692
-0.982919,-0.742743271518107,-0.570394364785046,-0.633337880744865,-0.546846766970742
-0.182416,-0.0326861072943165,-0.0328010958012763,-0.246732786390165,-0.246744604042588
0.65139,0.477368247154574,0.367828649447437,0.283515819717998,-0.351157458992355
-0.641736,-0.316598933098913,-0.184748151317818,-0.421518929121563,0.742540811437087
1.30969,1.1440070076508,0.856553400358605,0.648143545232774,-0.689764935363217
-1.01237,-0.594981006872782,-0.347644548729608,-0.600473198594066,0.356022682880762
-0.292215,-0.347008247759868,-0.243510880460658,-0.336727458903959,-0.627444680311974
-0.792274,-0.436740137833536,-0.256108979427325,-0.521461583068511,0.231808056864006
1.0332,0.825082618007424,0.676801409354564,0.439948463920639,-0.565720251172824
-0.480038,-0.194773086941872,-0.11095011527031,-0.353546164245561,0.395702639848901
0.184548,0.0507032483775421,0.0266443141370974,-0.0710341062387256,-0.595837201348415
-1.00117,-0.590338560757926,-0.351981871075709,-0.610072440129858,-0.10301953901265
-0.276168,-0.350220239758502,-0.250030827089295,-0.366586134854058,-0.698337361649338
-0.793976,-0.423357304746467,-0.254633598710031,-0.515346577397985,0.194340450906116
0.9579,0.805933796976273,0.646302067595529,0.371909663185347,-0.583791230394058
-0.50128,-0.184320409213528,-0.0905841131038559,-0.368616564424117,0.310926839887685
0.10967,0.0487037666448013,0.0867307215974178,-0.100932100041795,-0.748124366213122
-1.2239,-0.731181044835079,-0.439799849611829,-0.739268051977156,-0.42872404098905
-1.02666,-0.758689485530018,-0.517230135974361,-0.700099088310413,-0.616918987137461
-0.280874,-0.0380879325286621,-0.0539067146160551,-0.271243829836535,-0.38569432754581
0.386193,0.402967912139576,0.378026767361435,0.158658413189432,-0.436396675976645
-0.682116,-0.305425375419993,-0.174569725075394,-0.425304108151536,0.468247374054967
1.00105,1.0792045201975,0.844948383021722,0.424162038237927,-0.882631877920105
-1.2887,-0.809668025460961,-0.478832284015293,-0.74426777200066,-0.0490832463965233
-1.01275,-0.830259428766846,-0.591298793445897,-0.692418649671816,-0.514755732569692
-0.140378,0.0020832683180221,0.0377929508224238,-0.308795450640161,-0.271670779031033
0.599714,0.468227650313733,0.421427986451107,0.0619648277471359,-0.286303746136191
-0.562808,-0.320313550926576,-0.173577202873741,-0.440923837977275,0.822640648139687
1.5351,1.17726311803789,0.869347655467895,0.121496861472249,-0.633819506247974
-0.920426,-0.612904450613332,-0.364581164773648,-0.618291423584178,0.364816519957922
-0.523313,-0.447795782468631,-0.316350311693413,-0.466343903053575,-0.529065612745124
-0.657627,-0.430504387884355,-0.247026660976864,-0.508969286489687,0.0554035279910317
0.806237,0.600417451255567,0.392704516938198,0.18582882487882,-0.454254332391178
-0.293171,-0.165689260688274,-0.126944632591911,-0.336412305251906,0.227650840371159
-0.104864,-0.0720027340243858,-0.0311515375266016,-0.202091057379841,-0.230813352218934
-0.499375,-0.316361500213758,-0.159477143243482,-0.434975957773846,0.356157180381041
1.12167,0.926308006640717,0.606097745440688,0.343493337507059,-0.64734936578012
-0.916866,-0.634768366055846,-0.382326721413672,-0.648289450284268,0.197490639862449
-0.501049,-0.400350009141192,-0.272250435600124,-0.446636097873795,-0.544826545090612
-0.67115,-0.46442074756,-0.28926676744777,-0.535194098069522,0.162400574659576
1.05803,0.757308698760004,0.464277333547355,0.323588704835496,-0.496955396456825
-0.381466,-0.230115984943026,-0.110417425735183,-0.362210217540801,0.332163044652297
0.0569461,0.045284272982574,0.0227117714103969,-0.134753978961704,-0.722774555517185
-1.29857,-0.871593667936661,-0.523989558369777,-0.829466706935076,-0.450000988061906
-1.06455,-0.785572750087108,-0.494432248199573,-0.738967544576536,-0.593826149680429
-0.156538,-0.104988813781879,-0.032022244327462,-0.318242593274455,-0.379581125971597
0.520545,0.406883368815803,0.285559225793323,0.107291961265963,-0.5855464320214
-0.951162,-0.681746915332226,-0.417465302655267,-0.64238976844061,-0.0304294299921368
-0.454179,-0.384855366881285,-0.263126162849839,-0.424338691663344,-0.618843122786512
-0.714388,-0.52270412770614,-0.329495359756317,-0.527969752667398,0.145183495917034
0.989987,0.75795332660372,0.467537973045931,0.396124464404262,-0.517242114830439
-0.377411,-0.280865792771714,-0.171463440380303,-0.378453042107145,0.264035
-0.0297232,-0.0191349072509474,0.0176234400302377,-0.159394066153961,-0.724883814478724
-1.29633,-0.900105234148092,-0.530023900450759,-0.78526136927905,-0.487534792475335
-1.06844,-0.81826042429231,-0.516401931339226,-0.736097280693486,-0.589253980581338
-0.131473,-0.14011032292647,-0.073279960890051,-0.309648210681371,-0.391970371406485
0.404625,0.347140303665253,0.269044478916407,0.113132915087149,-0.313831977645959
-0.572568,-0.434123002445857,-0.260321536234979,-0.475940935036373,0.591735189149457
1.25799,1.0015112727674,0.686234849808072,0.469113623183484,-0.850541860079375
-1.29911,-0.915387188225204,-0.555495807421037,-0.815236908827255,-0.0164654519421319
-1.07144,-0.816197535337609,-0.491899897774109,-0.73113361861307,-0.89497406586672
-0.90611,-0.671617360214204,-0.413012657478634,-0.614563227988911,-0.746680094576854
-0.433787,-0.396210665371664,-0.247138407269516,-0.410384817111645,-0.700103114437284
-0.693022,-0.548452897891153,-0.330479319045265,-0.515430453715418,0.13699509615027
0.97208,0.731123327100968,0.470314220768368,0.375647890994931,-0.480741696707594
-0.34749,-0.279005996154988,-0.157695346542,-0.354636746408938,0.361254615159839
0.0190683,-0.0247251819944268,0.00109913947785722,-0.139101149888263,-0.16093351527991
-0.221359,-0.198988242310945,-0.0997440765278792,-0.314523156678496,0.169612778095696
0.468175,0.355929418783931,0.262278070637623,0.133228100487897,-0.25213189313626
-0.571822,-0.453881246978999,-0.266890679836682,-0.469817419783551,0.756934674451841
1.40616,1.08054888741775,0.685609734335816,0.536817941695723,-0.385364545616323
-0.378549,-0.331395977378056,-0.20015691747596,-0.37752379271898,0.504758882957534
0.0747469,-0.00557565138070672,0.00259278954615301,-0.118217280482404,-0.69208304799677
-1.29586,-0.951944322515866,-0.574200200707078,-0.790019039673431,-0.414040054683059
-1.02308,-0.865431452374028,-0.556605018891819,-0.724825730624164,-0.545017308374198
-0.0724009,-0.152576270180779,-0.11609224938471,-0.303916133363786,-0.293732760985756
0.573472,0.388840887629931,0.263731364673853,0.108499152628499,-0.245120254389786
-0.530415,-0.46472368419958,-0.283569653870197,-0.461970906808706,0.819034239879982
1.53874,1.08833905050215,0.651826341902641,0.509177475214675,-0.608056936295631
-0.920657,-0.736291623059144,-0.46331865021002,-0.602121326687889,0.455778115914271
-0.325291,-0.423941566873875,-0.309363139646148,-0.420530384817678,-0.50641202246269
-0.65972,-0.572744557551053,-0.372578425477925,-0.508588647594862,0.293810796675185
1.26483,0.825382833704918,0.457721485482374,0.397376886591489,-0.713946825548159
-0.900473,-0.714408659540647,-0.464876089646129,-0.585842918917062,0.335713310047763
-0.299263,-0.394591444325838,-0.309621883681537,-0.38783390721821,-0.499497719507919
-0.631187,-0.529771244475461,-0.370650293620039,-0.477165821218198,0.3452068779387
1.26297,0.829600890505333,0.375610807336622,0.421052213487267,-0.414754550944369
-0.280448,-0.273522885255867,-0.193232355111493,-0.318329061084458,0.48441454016555
0.196941,0.0379937337839131,-0.0191514923346141,-0.0917730046288526,-0.658595414470224
-1.29671,-0.951805004136223,-0.595149292588446,-0.728962838105042,-0.336796332377896
-0.990164,-0.88452289776122,-0.600621350884015,-0.711803301902106,-0.492231238480297
0.0157014,-0.126849756408483,-0.144781069190705,-0.255862082252983,-0.230150737165354
0.679123,0.425420500638326,0.166986398366617,0.219328335583146,-0.18236022299584
-0.512061,-0.421968925177058,-0.30430270315003,-0.377015158338492,0.971072672836718
1.67127,1.16399439541379,0.592390496035523,0.510653084311684,-0.293598739032839
-0.506209,-0.431970545158961,-0.322899888180009,-0.376800947159646,1.33394227074025
1.67401,1.15574074720059,0.562096093362864,0.503873198303155,-0.523034372576918
-0.915357,-0.723022439088881,-0.45340313633313,-0.54350932112887,0.551639273715473
-0.264693,-0.370358921104212,-0.329558736562734,-0.337895730937999,-0.488410369594785
-0.660149,-0.543275951186971,-0.367925967419686,-0.434297688589845,0.358288476580722
1.25167,0.870070469860064,0.410800943701334,0.45069499517268,-0.427211313400205
-0.288115,-0.284665413683498,-0.245049407733782,-0.282600501508873,0.481021122486333
0.204513,0.0671554265362855,0.00807726423342028,-0.0483085103380479,-0.665134190225852
-1.30143,-0.965685272258607,-0.583617031010912,-0.676881496617821,-0.336579380292316
-0.988789,-0.837887798717187,-0.63270888200687,-0.567429307476485,-0.513557552180681
-0.02845,-0.136937174815505,-0.218141808789733,-0.220302845570045,-0.236090309848529
0.639081,0.451548002609253,0.19602535073828,0.271129790617602,-0.129576760496969
-0.19084,-0.216087588249052,-0.187069338082585,-0.246021103001178,0.517546671821954
0.658957,0.443402282199957,0.208300318232263,0.280329541379434,-0.182981679504412
-0.544649,-0.484267755613572,-0.342633424410081,-0.402917883941698,0.879395361644025
1.64527,1.21523750911563,0.709103855424983,0.683888978525068,-0.814980867079125
-1.30158,-0.970005083694757,-0.593933285249165,-0.704318855981781,0.195202707777028
-0.983599,-0.880974739957626,-0.60920027055474,-0.62464159472616,-0.835820753422838
-0.858766,-0.696199022452572,-0.430608048236815,-0.536383964817112,-0.607194513794954
-0.215283,-0.345757627699239,-0.295920423020878,-0.307376747513094,-0.636485979006062
-0.653635,-0.569730747649099,-0.356970311164789,-0.454155694668625,0.370931010163584
1.28546,0.916282179759856,0.522716330724909,0.584134403224358,-0.423169010960095
-0.2848,-0.299448080649799,-0.209376382172823,-0.313022245520287,0.496832756348654
0.205701,0.0529118318829234,-0.0408421688607009,-0.022392852692986,-0.657842890904841
-1.29628,-0.964545548402312,-0.557935670868155,-0.681266538523683,-0.326018865464002
-0.971782,-0.869911386468492,-0.62018318995344,-0.641815993867481,-0.496140283671854
0.00590736,-0.151604847036424,-0.159339526564602,-0.225632177751512,-0.225791486242237
0.67365,0.494634072244071,0.240280406531913,0.285101962613565,-0.193532653301173
-0.509928,-0.429973482045791,-0.321965072080756,-0.32618010075444,0.907950963789907
1.63155,1.23585051874485,0.611288297949301,0.569105981501782,-0.582812839096063
-0.914351,-0.729608170285628,-0.486107487635535,-0.494247470821032,0.542038118420367
-0.221864,-0.327051471525811,-0.304059546959467,-0.292146936828897,-0.494415090664272
-0.677534,-0.54748383201477,-0.353111749869129,-0.422330645048143,0.409552640579425
1.33145,0.936927184909004,0.520600682425077,0.574349713536416,-0.433969758153979
-0.306431,-0.31787413439973,-0.201741843663289,-0.304449168244293,0.552617102129943
0.220722,0.0730322166548065,0.0129987949349911,-0.012954880934731,-0.457935613847552
-0.908056,-0.737262933372299,-0.453091359000245,-0.579832915368818,-0.0448372392055084
-0.237165,-0.336247787221196,-0.302889216806403,-0.290445673472714,-0.573495245626152
-0.662151,-0.548997254743004,-0.362922011941654,-0.420318610910684,0.382971845253718
1.31589,0.957735265843037,0.546039358876714,0.570600892650362,-0.435570169945171
-0.308197,-0.324125318616798,-0.240931295802493,-0.286843330051385,0.516461300936134
0.223083,0.0909742118178275,-0.0418151675722835,-0.0132811587709881,-0.66683731317175
-1.29842,-0.987364760464059,-0.567220597544713,-0.851547479032747,-0.319559308937366
-0.965019,-0.882189397621581,-0.585645539787954,-0.712782529566703,-0.513441227814643
-0.0395435,-0.150221771755224,-0.111768185939473,-0.221960415617607,-0.209738162500465
0.709095,0.514727464389879,0.323702898856049,0.278126419420746,-0.224875003028089
-0.530189,-0.463090252512967,-0.289073276722879,-0.40322348805952,0.89442510118159
1.64339,1.24620545482057,0.700778066216814,0.71200877200496,-0.794912301884487
-1.29805,-0.986942918294499,-0.566884744649503,-0.793717270412462,0.264767830956694
-0.966838,-0.882387455233944,-0.595736177753544,-0.671230496157211,-0.421220452456155
-0.0273609,-0.151650839410842,-0.114108427017433,-0.22824316589337,-0.202570195716737
0.695742,0.493050739296505,0.310028487806648,0.282993300066078,-0.214895202527879
-0.529226,-0.461473794072239,-0.282670704296652,-0.412664120463232,0.906716197183098
1.61109,1.21722054461489,0.746859073522133,0.742821994920061,-0.590996454787192
-0.91724,-0.736268531997427,-0.437823980920246,-0.588951518464238,0.533274638297533
-0.220971,-0.341574273104258,-0.275539713971031,-0.296653351315301,-0.492898412265103
-0.664701,-0.563592419966194,-0.345369093104493,-0.469665266721887,0.401634210746941
1.31165,0.969750320432471,0.598503058802238,0.646803958780425,-0.425105455082058
-0.314383,-0.287702326544539,-0.18523230537635,-0.281926918798279,0.589985741519278
0.227454,0.128035305609274,0.0616499987449834,0.0339990611026461,-0.181832300298585
-0.520757,-0.4374329909659,-0.25724630749994,-0.402896658261965,0.730958643745916
1.65648,1.31234528324896,0.800687831111429,0.840644519660211,-0.616661523350211
-0.920136,-0.741054389284881,-0.439385143274774,-0.601147389122351,0.556455626715404
-0.202261,-0.304322599413718,-0.259018779249441,-0.277069529647582,-0.493412965192513
-0.663949,-0.552380571818497,-0.324018435447655,-0.484074247282503,0.396890380478268
1.28542,1.00135050183552,0.644438902783454,0.704928609930069,-0.434751164693631
-0.316432,-0.286270121015955,-0.179856404766711,-0.28858432421651,0.510424713743419
0.237322,0.138935066160448,0.0734117647629721,0.0617844919337942,-0.669989703818915
-1.29626,-0.984455473752483,-0.563065293004731,-0.834934254175064,-0.305768638993524
-0.944706,-0.870196449855019,-0.602925568140116,-0.668796522693475,-0.512160298795033
-0.0278146,-0.111760051509542,-0.068443588385388,-0.199925371131302,-0.236407225123658
0.720935,0.566463339463071,0.38568054670843,0.365649109295955,-0.489222926294091
-0.912149,-0.730186839471684,-0.44610054185314,-0.587015405569301,0.17816130209169
-0.200019,-0.306089578607503,-0.253866408728115,-0.260087240329535,-0.548099856259397
-0.67067,-0.5534969145588,-0.332128400082532,-0.455506598910492,0.400520459475829
1.31102,1.02084067634297,0.660526698899481,0.72719087977157,-0.440101136893333
-0.321068,-0.294664759828319,-0.16898627891877,-0.294794452854841,0.524001971177499
0.24532,0.143994648006283,0.0814934854516646,0.0676359659455791,-0.671010970542607
-1.29683,-0.980593216476044,-0.56376660449875,-0.786185265580507,-0.304583446929407
-0.949604,-0.869870434639701,-0.594083997127673,-0.658200344770334,-0.512520701648594
-0.0449078,-0.122706085183307,-0.0896660808905579,-0.205024754524684,-0.194629011616663
0.728491,0.563327228161987,0.345150029491333,0.384142760048805,-0.226177717510267
-0.523784,-0.443237613617414,-0.25953923907569,-0.406330624334885,0.88382291773766
1.60277,1.27533082389048,0.801329551710245,0.902688789550605,-0.800299195583914
-1.3011,-0.993417425268972,-0.572626795341561,-0.794540401967999,0.194560894145712
-0.951411,-0.877462659502542,-0.602220021720132,-0.676552670886507,-0.825474348786267
-0.842527,-0.696466070060663,-0.424396620129713,-0.550398752091845,-0.556365527706791
-0.129261,-0.278498857333511,-0.238597387845225,-0.244544475113287,-0.621230321544886
-0.645854,-0.550595173457056,-0.335510275974614,-0.450195209788016,0.429494905005286
1.32861,1.00168294152148,0.630078905281134,0.676976992789621,-0.398774663145983
-0.291494,-0.275498630279265,-0.165150620282475,-0.275228872433094,0.638391138233778
0.288128,0.125207337364821,0.0462469327966838,0.0877116305564911,-0.0787983764537432
-0.176799,-0.192064504169977,-0.117468900407337,-0.211500553284458,0.396222037984603
0.69932,0.540195959928897,0.341953528082791,0.429628492924474,-0.169026300503132
-0.513184,-0.455845637245113,-0.279227919466603,-0.419815745672949,1.00098295588962
1.72549,1.32434432928302,0.782744454861816,0.958978424037515,-0.314816872008702
-0.341242,-0.319181253241707,-0.204726211539471,-0.298669022027929,0.741320114514321
0.295684,0.144035083393081,0.063159295008359,0.0889321298852069,-0.649230019354907
-1.2976,-0.994593919226262,-0.567584973661369,-0.754562963499449,-0.271362842536167
-0.936049,-0.866304418264628,-0.592425074591744,-0.667475879996601,-0.489410025597569
-0.0111627,-0.119171502237226,-0.111810250726511,-0.190745344364363,-0.151876450106524
0.807258,0.59766789178313,0.376195322026015,0.41706703870096,-0.190736347684371
-0.504867,-0.453084052304948,-0.274490909499224,-0.403110676126587,1.00081565009749
1.71545,1.33222305905724,0.753408664012163,0.958168265931973,-0.564743051404997
-0.908792,-0.74275190219659,-0.443841603322969,-0.591581131195535,0.613541564921024
-0.144881,-0.284369552972202,-0.286272156818752,-0.228035156627283,-0.476143837100271
-0.652173,-0.563473711246641,-0.343086377192207,-0.471679223970094,0.440786540391349
1.41917,1.04122642359885,0.527387307636537,0.714162486583337,-0.684447396350567
-0.893617,-0.72376034151183,-0.431472338022804,-0.579136917067889,0.480284139267138
-0.123531,-0.266730998295544,-0.271248669823471,-0.232058067307489,-0.472956325654417
-0.626967,-0.540372344163837,-0.381221461844813,-0.409896699576441,0.499608705075417
1.4449,1.06094264940686,0.627072795479389,0.697196701556403,-0.398653962697839
-0.28915,-0.291023006103244,-0.175688810568002,-0.270606938846886,0.607182982841978
0.297664,0.146890128872612,0.0567708653650852,0.0992163144484085,-0.64613793861737
-1.29621,-1.00061619422603,-0.591501594295473,-0.681080089688916,-0.265726304267324
-0.934223,-0.837418350853909,-0.647371578891671,-0.550948409946137,-0.463723735922134
0.0464791,-0.0949320681944446,-0.139170017226192,-0.184935676942244,-0.147904766843232
0.809883,0.610657281562769,0.387905000788535,0.383460817976519,-0.153093512052321
-0.501192,-0.443731533827436,-0.271642173743667,-0.389487663083837,1.08154346278311
1.79004,1.33442440487093,0.787876021207199,0.904700318499814,-0.267644396212431
-0.495391,-0.441830795573928,-0.270953785077639,-0.385314827999491,1.43998167245153
1.7946,1.3338835974284,0.807138186974986,0.95747481842461,-0.495204052191041
-0.901354,-0.742910616961804,-0.446527344070314,-0.572980075526408,0.66752924746176
-0.125847,-0.300428704517164,-0.283821683732809,-0.244932335473862,-0.449479377970577
-0.641029,-0.559642104593641,-0.356453869210759,-0.45646602934799,0.53199040080278
1.51215,1.0360895857658,0.548000188397465,0.660818574083902,-0.397319306613237
-0.280282,-0.282828358814726,-0.254468667290361,-0.218107721289064,0.656200725269763
0.34761,0.142774781443871,0.0523716320633504,0.102558479329608,-0.63778866297597
-1.29565,-0.972580352966054,-0.606695564130588,-0.609714547468781,-0.24222947013617
-0.931761,-0.86958805425422,-0.610037184606764,-0.692058884806063,-0.459900278056115
0.0392789,-0.111169388248637,-0.107503509479106,-0.188666736180316,-0.12441769823771
0.836496,0.583098394396276,0.364682828774586,0.436064869383822,-0.0854129494105334
-0.186374,-0.218860818291165,-0.146058413540046,-0.225934486688647,0.670237042357123
0.79943,0.540733036298598,0.324844094029201,0.392092677114068,-0.139929396772942
-0.510083,-0.457765764109309,-0.284499139634954,-0.392260447138483,1.02905879934572
1.85059,1.29390999915205,0.682440883385938,0.645338454644441,-0.788269116823043
-1.30306,-0.991146499107425,-0.595865000607059,-0.703686821188969,0.308458032966566
-0.939831,-0.857076184610843,-0.621443418366844,-0.585472696537767,-0.797565482308031
-0.82749,-0.702724141209158,-0.444933102819381,-0.510592533953271,-0.506834313477242
-0.0335657,-0.26708796852259,-0.264253812963774,-0.231492465044997,-0.6029638152305
-0.641388,-0.557255161290173,-0.35883261244886,-0.441149566583468,0.530264891858507
1.46907,1.01891569188913,0.584754829587279,0.717336592305894,-0.395323125877824
-0.275637,-0.295724810701735,-0.182906990764106,-0.282641216110316,0.62280849624909
0.311856,0.119167014119976,0.0537924203230411,0.0436695277443911,-0.640232299222722
-1.29945,-0.979576293262356,-0.580810499974602,-0.765436632804181,-0.258638641760749
-0.932049,-0.872447011210565,-0.620618372015588,-0.697351186982453,-0.470521492973685
0.0265643,-0.120831520583906,-0.104212340259239,-0.186884252786751,-0.13424724586789
0.840334,0.578502257566856,0.353208469569452,0.402917824132931,-0.162458565794996
-0.495976,-0.439638964482706,-0.271947815066049,-0.397855516572622,1.07193131631433
1.8422,1.33427475682775,0.805088879274882,0.912499953428233,-0.553430030214482
-0.90403,-0.732952434670573,-0.433318987066968,-0.568848689474337,0.688686466552616
-0.101899,-0.281396127387723,-0.248194051742634,-0.248330791830973,-0.45218856451379
-0.648168,-0.559289347064031,-0.343443042334799,-0.480198386243349,0.540301213711541
1.51076,1.05388380785986,0.644761442393774,0.682929195003606,-0.40797967512658
-0.311884,-0.304802035543565,-0.190285554002044,-0.286058579454356,0.683775429415421
0.338729,0.145860758541512,0.0449691938319107,0.0730592089749106,-0.436974621466255
-0.897251,-0.730155948121784,-0.452225290340951,-0.554058482857022,0.052105172069004
-0.133622,-0.284550035513869,-0.269056276604075,-0.259862032017519,-0.552225413763608
-0.668288,-0.563088320584399,-0.353901380188107,-0.464379588431295,0.505843134966343
1.49772,1.02324076340838,0.588665232896293,0.665271042025595,-0.433104214202188
-0.328244,-0.323668855078645,-0.228327660809529,-0.303174479076963,0.639215265047471
0.328043,0.138810902409576,0.0628823208773131,0.0590472650413927,-0.662213919169487
-1.30082,-0.97638679855304,-0.558266291080696,-0.809476342118768,-0.25793478722353
-0.927027,-0.864394437358608,-0.609390133708105,-0.723664473009368,-0.505090461792255
-0.0444627,-0.145866555107918,-0.114914328436587,-0.213418991928679,-0.161389586151386
0.782834,0.55993830140845,0.344163391762055,0.376200146897338,-0.224404694712598
-0.537269,-0.454547794388892,-0.272539346124013,-0.406967344928882,0.945996628683834
1.68819,1.30665013385969,0.823009106431798,0.865783411383724,-0.785728806639535
-1.27769,-0.927985867253286,-0.515101319912879,-0.768481842127668,0.276250700785247
-1.00435,-0.885055652552071,-0.592522141976149,-0.701434040976367,-0.355465105274385
0.101697,0.0129168949327918,-0.0326592383507518,-0.163043731083054,-0.2211051190967
0.674072,0.515840867504333,0.271878349741365,0.294203834074177,-0.129583423422466
-0.439269,-0.32725276866138,-0.195604745893608,-0.307262910115414,0.867774889438479
1.52021,1.1504936028913,0.602525163666127,0.615963045885406,-0.54635564431174
-0.887761,-0.661962655290078,-0.372723054975992,-0.535752663493189,0.460825186023345
-0.319637,-0.373766859992161,-0.312460564365971,-0.288470636748429,-0.469234786381434
-0.612831,-0.464474686891206,-0.280059748621208,-0.416413426632682,0.321026085670568
1.20768,0.907161729618755,0.517033879368964,0.560243360318582,-0.379949930892408
-0.235486,-0.165085825879921,-0.090274255712854,-0.204370429799705,0.519470181812869
0.147727,0.0688361731895452,0.0144727530990075,0.0279016964163066,-0.120061732814086
-0.459412,-0.343576244842437,-0.18969094923882,-0.336927136066335,0.757383383025805
1.78845,1.37749067178994,0.785386982073136,0.689822057304335,-0.594179922200499
-0.911416,-0.69724168618122,-0.397341409359838,-0.597028647896402,0.596910658746899
-0.249408,-0.309264963133441,-0.249966720700959,-0.272694725382468,-0.47304990969658
-0.657243,-0.51258224541391,-0.294382457236147,-0.46429018912866,0.41142166650905
1.36043,1.04734606160601,0.619249311115509,0.670142317920245,-0.429289115072973
-0.305802,-0.222805127590533,-0.12216141103652,-0.254442233971117,0.547766082889263
0.25124,0.160120823929599,0.0879366459531125,0.0728632870263217,-0.663851737768368
-1.29792,-0.954068516412195,-0.53274756614367,-0.783256640329825,-0.314833736626094
-0.984983,-0.868915026589535,-0.585773136618877,-0.722589488158899,-0.506809483955032
-0.0280403,-0.0619388006245701,-0.0482729673194495,-0.19935760915113,-0.21975214851159
0.803967,0.64409294693399,0.428363182860309,0.413882014146721,-0.502386124178492
-0.932113,-0.708841389099245,-0.411993314389255,-0.569020997343922,0.199578364127807
-0.233595,-0.302307926119255,-0.211272891387288,-0.272830151936723,-0.546048090675323
-0.672296,-0.528457599700559,-0.32106033694986,-0.462799193635551,0.425724147584488
1.4058,1.10176871191999,0.666840024628685,0.749198308380107,-0.445150931623198
-0.322116,-0.255304494511329,-0.151566348331882,-0.291327907827987,0.552520518308265
0.219229,0.159943754612392,0.101052795793685,0.0592798578209407,-0.66708763928839
-1.29879,-0.956626607284331,-0.543914841168806,-0.784816962203166,-0.319978124027074
-0.96405,-0.864588158374108,-0.588309645756724,-0.675097921850631,-0.508192577889821
-0.0350138,-0.0831049003147852,-0.037378254159826,-0.220703398531043,-0.184502359465735
0.765458,0.623523340571617,0.442273787570038,0.39271768334747,-0.216887875582427
-0.521416,-0.426516048891634,-0.250952104217922,-0.42446275696473,0.933716606725605
1.68231,1.37121321846904,0.917415693593232,0.781355793497671,-0.797597414039879
-1.30023,-0.964517509174286,-0.547471320814803,-0.792504621274253,0.221525556574452
-0.964402,-0.864617007420838,-0.579579131515622,-0.734755764053011,-0.832205702163414
-0.866924,-0.686799432899461,-0.405111062497105,-0.583718083823841,-0.573597336654783
-0.15712,-0.267794877494871,-0.22243330885846,-0.272504407687202,-0.636961283849836
-0.660986,-0.539562454268656,-0.313056404420719,-0.483065082685052,0.427839296170459
1.36191,1.07805528068743,0.738210997481679,0.713185332246555,-0.422625307603827
-0.325856,-0.262382703222629,-0.148112700417597,-0.303126011502298,0.646040854601771
0.282817,0.168339901653156,0.1256652717664,0.0515357966528071,-0.11133036112336
-0.229579,-0.182611210963593,-0.0872470562216612,-0.253709289943115,0.409214667032372
0.747359,0.601779224758227,0.421944386465314,0.411215899965242,-0.21386961918702
-0.567795,-0.45001079710961,-0.264265986977354,-0.441155279447247,1.02743580379182
1.75501,1.42462676389135,0.930286685339584,0.827606456162438,-0.35585898651346
-0.386518,-0.319379479597612,-0.180995242511332,-0.340496677850743,0.743235309500534
0.278007,0.171230477653538,0.115194269272942,0.0360301907697353,-0.667196832043183
-1.2961,-0.973240317175518,-0.547099893948491,-0.790491140777085,-0.2867376512743
-0.940099,-0.865423994764804,-0.583798233622525,-0.727679760847119,-0.513428258645422
-0.0642171,-0.128658122396158,-0.0877094371554216,-0.251073079598125,-0.157583624361787
0.806816,0.662277576150874,0.464872451617656,0.396304289018415,-0.238016380010732
-0.559369,-0.448257214269216,-0.256072471338016,-0.431140830414459,0.988617948786267
1.70156,1.41454306223584,0.957812498647569,0.857538835631225,-0.606343189423603
-0.942466,-0.737547181538658,-0.44190097305546,-0.625459387841329,0.580194853706547
-0.191412,-0.282262472259706,-0.211057623031645,-0.273731758581579,-0.519284964066443
-0.706986,-0.562309183975478,-0.335332015725315,-0.514434610425497,0.391211116867937
1.35975,1.09365965684531,0.728366663534145,0.767094303497426,-0.725639981978631
-0.918953,-0.720495689870455,-0.416081716199375,-0.637084801118139,0.425658619173737
-0.173168,-0.271199626709954,-0.209390495312934,-0.279427386999857,-0.516657525318642
-0.676538,-0.542969735797196,-0.311479410368038,-0.516405697519012,0.426391338644466
1.33454,1.09059861982298,0.740482389618766,0.733060314285085,-0.442859519839444
-0.333047,-0.273538207708795,-0.154815772115217,-0.318439341584726,0.550076953360677
0.283059,0.182334303269336,0.131602958501561,0.0573984309395244,-0.674440026468885
-1.29658,-0.981786795209939,-0.544843889351755,-0.834651652408985,-0.288549792552372
-0.945606,-0.872574044442207,-0.59010246376989,-0.714088285074066,-0.517691748351672
-0.0637094,-0.106504355213856,-0.075727887745593,-0.260045110636063,-0.189406140786628
0.730183,0.608024624572892,0.44394337472932,0.366476336733995,-0.217615083864181
-0.532231,-0.434152031934085,-0.24370446057219,-0.421351465511441,1.01561435378093
1.74286,1.37335964021659,0.80059554652011,0.690758375105095,-0.319421947197709
-0.548355,-0.432414211046275,-0.257092207426748,-0.4232832141384,1.35083696303282
1.64529,1.38717702269849,0.918271457351402,0.796120265464906,-0.53936506545072
-0.934013,-0.730499062601903,-0.427937606112711,-0.63554926927302,0.571319363530105
-0.181553,-0.276690078373335,-0.205522897177105,-0.274978580337787,-0.508007044753242
-0.690607,-0.537129130952735,-0.334980482526468,-0.509623336378687,0.414888265831124
1.31458,1.02927513570075,0.715748125111393,0.761742068286795,-0.461546306889773
-0.357367,-0.266828077454417,-0.170869928384777,-0.304985987061542,0.526427484236616
0.249703,0.157885138879489,0.123938106374229,0.0846744319217401,-0.686476120313355
-1.29805,-0.939822505194179,-0.550410781348811,-0.780014348900049,-0.302396236849236
-0.937274,-0.835773884032694,-0.588356667275358,-0.660307702708634,-0.530357227038959
-0.0945672,-0.103602012138523,-0.0784433855658953,-0.21620916007709,-0.163199337374682
0.763519,0.594369395875392,0.450647347571991,0.435980364086292,-0.170688774623979
-0.23515,-0.183665293178962,-0.126298051652995,-0.244236013256839,0.583116266723692
0.698701,0.539947243870214,0.416638045136362,0.372180080839569,-0.197807429495115
-0.561514,-0.413574886491335,-0.265850509002641,-0.390200185125741,0.919929964970434
1.7034,1.30714603481255,0.952682264363368,0.926713606474611,-0.815524026942265
-1.29899,-0.90672210630964,-0.550050908358793,-0.744915574537132,0.240851830877001
-0.934265,-0.811089190847503,-0.595329451751879,-0.639098352760938,-0.826436162604066
-0.867424,-0.634111014504341,-0.407051946781867,-0.510631194493004,-0.529702350919929
-0.0795566,-0.214095074003655,-0.18766996992098,-0.176159040207836,-0.649382267956286
-0.688063,-0.506739568773322,-0.339129473407955,-0.391042063722341,0.44300721912539
1.32626,1.00067225244904,0.695392239212046,0.820576256026179,-0.448436199348638
-0.336273,-0.240553413850815,-0.152903218787054,-0.22518865290269,0.530630859330255
0.246294,0.142609097027115,0.0976744474596659,0.156355753108051,-0.67658005388878
-1.29784,-0.878845311039617,-0.549150517716168,-0.605217326647047,-0.302743733336344
-0.941778,-0.786116461625622,-0.590561610927743,-0.605577543496735,-0.520119922083614
-0.0608092,-0.0822047816121037,-0.10582848545622,-0.143350931884041,-0.193506740262776
0.722221,0.549555942338438,0.428014223419556,0.493700037450695,-0.228852778050802
-0.536718,-0.378931605618252,-0.252116305712724,-0.34632190325755,0.941160789348691
1.66976,1.22737808661802,0.898342383488368,0.939226889380407,-0.589806307566637
-0.923726,-0.645797876852318,-0.444352782484916,-0.518664511466001,0.596142278345668
-0.128078,-0.244662333050039,-0.215749144774805,-0.154040007082339,-0.500605489802413
-0.691042,-0.484484113367495,-0.334929786859552,-0.433670974042682,0.457844742640301
1.35633,0.968557973620693,0.655420161600484,0.854454094297385,-0.446342433485105
-0.349713,-0.248474451038544,-0.177555299450129,-0.222335561962347,0.602073958803747
0.312271,0.159668562537077,0.141659025204906,0.22169243107891,-0.475150903868325
-0.922967,-0.636059626405322,-0.436479765900758,-0.533106364536229,0.0310970464400891
-0.140432,-0.236691805817814,-0.19884842012949,-0.12620770561581,-0.584851111544408
-0.693068,-0.47809003662481,-0.328756538109694,-0.394719500334688,0.441742640938046
1.3634,0.955296269348078,0.700045551685965,0.865400433139476,-0.458607905671524
-0.357588,-0.239385529491235,-0.178694402151148,-0.210563508480887,0.568615095733207
0.300554,0.173302700094519,0.143429620605435,0.227023194984263,-0.684429377696963
-1.30229,-0.863298162515947,-0.55880049682785,-0.659919652403988,-0.274820701547649
-0.92627,-0.775409435103348,-0.603585124855588,-0.614053628858066,-0.523477880358727
-0.0794298,-0.0870648633989756,-0.0821560247166956,-0.0973937266203639,-0.165941248341046
0.773869,0.588123389328766,0.495456294768316,0.595074684117909,-0.243201682272435
-0.554412,-0.376261349005751,-0.264228747131937,-0.26945979315991,0.962514858820217
1.72566,1.25925254035766,0.958372694798823,0.903418253267258,-0.749510509164758
-1.21973,-0.582521560328391,-0.229904252086168,-0.415377748321866,0.422991242789062
-0.929648,-0.800989627969352,-0.625597592094674,-0.589594202954669,0.340076047622741
1.55491,0.921667302822927,0.366165608302312,0.578631687444971,0.154986070613268
1.31801,0.559796268635147,0.241218441546775,0.516860512119823,0.937716732518157
0.449359,0.392436267462841,0.166236848747313,0.324211916725461,1.67891230480127
2.49752,1.16928862309115,0.563716656604056,0.867605101178696,0.0773331159780259
-0.492567,-0.169647973153196,-0.0587879408471086,-0.0768898466222159,1.09422933259573
-0.0803992,-0.315695553994754,-0.340097526269861,-0.135423514518002,0.113777038693876
0.0583946,0.163501919141594,0.0810269322057003,0.177648646283641,0.843557098012442
1.92082,0.880128769391904,0.454983055841568,0.756595719893533,0.471286332895904
0.959535,0.690663322452083,0.306884723275593,0.573292536995631,1.117784376335
0.570089,0.101986052306968,-0.0255029985492757,0.225827886060974,0.905863384711324
0.49803,0.423163427074614,0.196596277280002,0.384935990138355,1.41270979892998
2.64222,1.24906088543803,0.65458057401796,0.948174739895564,0.0452654702891813
-0.504271,-0.162639596280923,-0.032697262708745,-0.0839059443905548,1.1596979636863
-0.0642677,-0.311800619504207,-0.322829016299441,-0.101314509760932,0.126251082942392
0.0597205,0.168430287178186,0.0938696205465979,0.1753496571008,0.906156988008777
2.05763,0.933683356913525,0.458476754932128,0.903022757787864,0.453751332343362
0.941484,0.667838493385719,0.31751013048335,0.607747504271401,1.09947279049628
0.724886,0.174456470778458,0.00239605368259211,0.307499940516025,-0.0432306768346783
-1.25147,-0.577532242133366,-0.210865347208273,-0.467150938882597,0.101000764574006
-0.943609,-0.789669568211379,-0.61709856963589,-0.538217873654491,0.287540793486965
1.56268,0.93566892416504,0.417077515716314,0.70964928717255,0.175549646449652
1.60444,0.679188739900942,0.308608817075071,0.709348110849061,0.365064256488383
-0.54414,-0.170939283223968,-0.02067258366981,-0.032112904141926,0.791273609756616
0.000173228,-0.252867778172643,-0.283085623723373,-0.0192804356681699,0.0193734806158718
-0.0182978,0.146500544799355,0.108559458436066,0.237797433777281,0.93465957345886
2.10541,1.01070604214551,0.568225680140755,1.02227149746859,0.370192072622077
0.841005,0.63562430536708,0.34685946106695,0.624244044088355,1.04733426907943
0.565218,0.150544763452358,0.0297583528202739,0.370660643232384,-0.08297544719739
-1.246,-0.553727523144126,-0.170179862857862,-0.488938905475865,0.0159444690801451
-0.966679,-0.788139682914344,-0.612257770075187,-0.510152956661127,0.269581759602276
1.56591,0.966171534547983,0.442418115698913,0.761851066202985,0.0933171988008777
1.24666,0.541492857038222,0.296807771956831,0.721186508811548,0.90419012317701
0.414743,0.416796951973447,0.231669952525093,0.435639732784514,1.51813616281499
2.32619,1.18061663735955,0.713630038328794,1.15012906504939,-0.326673880239718
-1.24753,-0.543908994576948,-0.15484056745313,-0.523838715691088,0.592724817111268
-0.967439,-0.785920918179787,-0.615177234662413,-0.430356480523418,-0.543589055060275
-0.392836,-0.0816897674482065,0.0310382094730338,0.0451477182756721,-0.472703246332768
-0.0604076,-0.287437031293254,-0.285887230631399,0.034310540053203,-0.0995799746494812
0.0411548,0.193857700976538,0.144454637444689,0.285456958334352,0.739488356612705
1.73537,0.887247900532481,0.563213827717178,1.03698621243104,0.429402229164121
0.884745,0.697125121181147,0.386035900547116,0.691053049048569,1.04019665648626
0.478844,0.117204540428329,0.0493015666872228,0.398492921118496,1.139150816054
1.36144,0.92691828792767,0.5151328030364,0.830392411970753,0.767259175140925
1.03315,0.484526661495586,0.314924095871669,0.754695399721027,0.963638710555145
0.459061,0.429960105653789,0.294288278217972,0.472895999251585,1.52112898226553
2.19658,1.17767929509713,0.77454247608727,1.22842108072117,0.644327432632384
0.835077,0.67706142221038,0.413255868695055,0.698041932280451,1.07178198475197
0.430892,0.108864481303675,0.0421716547946431,0.420522307614902,-0.0733164407770655
-1.24354,-0.524977522884278,-0.111584762543948,-0.547822054885872,-0.0473950134150812
-0.965888,-0.785450253764794,-0.609099512495215,-0.488945312157405,0.209174650142652
1.47801,0.997857064025707,0.527116527058225,0.851053045637764,-0.0119920231031607
1.00614,0.520103140409263,0.373991171699684,0.779395792918936,0.851464409323349
0.409081,0.46198964836481,0.300034003473064,0.492288002916228,1.32503479301459
1.99413,1.17570563747254,0.821490475844513,1.26591750903946,0.0272019144861625
-0.505932,-0.0819860183214347,0.0873572867788717,-0.0491423180749719,0.830080135757965
-0.164761,-0.299479325470385,-0.255531331642649,0.0340038871816877,0.0172680896416977
0.0165975,0.245716644375753,0.259648459719844,0.282557518515212,0.534196934975375
1.52665,0.89299158371995,0.59070948471759,1.06276215954442,-0.220281751374714
-0.489687,-0.0739201437304725,0.111703252377632,-0.0518508344017978,0.602749148732076
-0.145667,-0.279559746326145,-0.265027963365101,0.0375872056937743,-0.000581520850489514
0.0128589,0.250613864645226,0.251437925281896,0.255437995548585,0.620852271345918
1.51811,0.917786083637678,0.620030817363626,1.05437173701718,0.35501402951185
0.822308,0.757989343787879,0.496521722203431,0.712469159759764,0.723267457719914
0.388117,0.132973630712846,0.0746467167791523,0.414898214810479,-0.127097984175517
-1.23882,-0.532613469059935,-0.0789393229573352,-0.579723960730923,-0.0787979501516833
-0.971959,-0.794077506959136,-0.596065780103953,-0.555502917893314,0.191151595374321
1.46216,1.06489312099104,0.610388569306978,0.861125746994757,-0.0769145409385775
0.859929,0.513688531745657,0.401294274044899,0.70942082892363,0.844706955068775
0.409528,0.501989801338471,0.339933592021059,0.495062242812432,1.26275394734116
1.81975,1.16471930503795,0.814314819618966,1.20771781792556,0.518369090373019
0.393695,0.494098918118519,0.365957297967779,0.488699301055307,1.5421602040394
1.80265,1.17862897150316,0.809317914029594,1.23202317780314,0.0643410184835911
-0.506908,-0.0923852668948562,0.102815158829979,-0.0420639669082301,0.74938979965838
-0.182352,-0.29475018700846,-0.257414078786352,0.0196834986091251,0.0219104065114945
0.0381022,0.256820766277544,0.256524174531325,0.280927447528905,0.57334303522455
1.43582,0.884067986426996,0.606199025052886,0.99873062890751,0.367385615778792
0.83434,0.784929157844257,0.496691026163142,0.73500828664813,0.679955805839944
0.365274,0.141707487060164,0.0766054606163084,0.397786793373043,-0.126338322232907
-1.23908,-0.531968530201481,-0.0609595238475661,-0.614510194979356,-0.0832616486948852
-0.966264,-0.815229770663733,-0.609714045413352,-0.533072912695721,0.208368553506782
1.48784,1.10418991151719,0.653979530440469,0.921901080120472,-0.0222713293681364
0.884572,0.569177428213803,0.384508541941256,0.746910856554334,1.13568674972506
1.21573,1.00797468906964,0.604735782733904,0.845359249305506,0.855229285055865
0.829486,0.554850811792904,0.398708494751114,0.732460750869941,0.87082739103235
0.421821,0.518930220679845,0.389150204655542,0.507044644410344,1.14606218673023
1.87027,1.26100165597337,0.87212236365298,1.26686327088331,-0.350037660665388
-1.24666,-0.556655674583153,-0.0962966946860323,-0.645362290398307,0.394988645964053
-0.970749,-0.823244111153564,-0.611510691414306,-0.452958937915363,-0.565590319770376
-0.373565,-0.0562877417374904,0.0991977368786659,0.0154430841238751,-0.484427145857795
-0.0728669,-0.250161884689749,-0.242806230058668,0.0486219918027892,-0.097049761208898
0.0622858,0.24814642594876,0.258351775817814,0.271958037941588,0.642953149077414
1.52104,0.991233785044964,0.707851538248809,1.09724324512968,0.429729893662237
0.936195,0.802350473461821,0.477042267556531,0.725901804656075,0.750732008545805
0.439113,0.178529008393927,0.103941045908928,0.384483195938126,-0.0707639936537368
-1.22813,-0.563977805180734,-0.0801706132704132,-0.679002874665651,-0.0323887162880337
-0.956325,-0.828718139015872,-0.628218187202378,-0.502155655184971,0.271289615679972
1.59565,1.14171559011772,0.66845327379126,0.912711874823108,0.0273397819972266
1.06957,0.628924600488323,0.44421534768156,0.722245126389691,0.95058483307123
0.510752,0.526511717651979,0.376580547675734,0.487229814509026,1.39375002590837
2.06707,1.31751299132974,0.85905263341555,1.23893933191127,0.0968359247002194
-0.474324,-0.105983490076649,0.0979740541289391,-0.0876387497209561,0.920481530950319
-0.0636934,-0.242138989654346,-0.219005179019842,0.011283704404876,0.0975660751032032
0.100392,0.273208959957227,0.272898832558787,0.240836106047685,0.749750526117968
1.69506,1.07038511289688,0.716332574476312,1.12290922123875,0.476355795793243
0.967916,0.829790848479144,0.510046385883292,0.738081197933272,0.911784787271346
0.502039,0.232550522099542,0.146400225502725,0.423655337613025,0.336366830396183
-0.433986,-0.0766822549342819,0.121848767965135,-0.0208491252052481,0.295514836122431
-0.0513291,-0.227773763736036,-0.207334894083867,0.0208780568764923,0.0316509873287253
0.133322,0.275880334195138,0.266503036228179,0.273585111713829,0.728374066655687
1.6703,1.04573245305011,0.707194402221097,1.13031203033887,0.459669942663146
0.910408,0.834100459641774,0.548902884210187,0.755582767577244,0.86797337414263
0.554705,0.250218875505619,0.149772869498655,0.414262293925536,-0.0734726614033504
-1.23588,-0.590612233270508,-0.10360813946792,-0.67789613429541,0.0255352652278438
-0.9353,-0.826700425338633,-0.621893858409984,-0.585613238788251,0.274966774966662
1.5843,1.16481763450554,0.664837255962621,1.01085058481697,0.0663132675764128
1.13895,0.703311194792818,0.488844291579123,0.793646683789722,0.947123360910844
0.515096,0.545516798682004,0.38801829967714,0.492238117204806,1.40987434262117
2.16625,1.40592604077502,0.93685327670374,1.24469473882686,-0.263811615491895
-1.23738,-0.600336182667268,-0.129109008731283,-0.623223883493279,0.680500698673368
-0.941387,-0.827593800599195,-0.6098505739244,-0.608813815574288,0.379590191745342
1.60066,1.16370562884208,0.677854533058877,0.993076634732054,0.0771803817674436
1.13578,0.706193385873842,0.508559122655606,0.76148241603063,0.956691614430908
0.495641,0.557214448898094,0.409668823300955,0.50677503787666,1.47038046353489
2.17757,1.41776590990946,0.948792425969463,1.1979689064531,0.0993708016693143
-0.465819,-0.0918415366557099,0.107240623136209,-0.05621377021559,0.974160392976873
-0.0472007,-0.221428663505158,-0.19604919835594,0.0128192217786763,0.108539759415793
0.0970336,0.289754134124422,0.291145104882256,0.267859428125725,0.77075153221479
1.72858,1.08593910964925,0.741473829070279,1.15025911355359,0.463772633816099
0.905762,0.836841486817151,0.534815319538634,0.78071261960794,1.01880167178583
0.52712,0.260381582421224,0.173004082618706,0.435070801851517,0.859434638068547
0.547134,0.573549650598688,0.382744579315092,0.514091767441273,1.17177143060365
2.12281,1.4038937429988,0.925308590288218,1.26979206940858,0.0845797654236244
-0.456142,-0.08771877644679,0.114060601846456,-0.0526936484335622,0.951546435493383
-0.0370516,-0.220576630398141,-0.217630679861315,0.0129031345169304,0.103629640640524
0.0813808,0.275879506121784,0.27260849488492,0.261683806543739,0.785450645852482
1.75652,1.10667109406018,0.734629756769922,1.16563809893667,0.448067925295265
0.931934,0.843326241983866,0.539558701373166,0.753231193680642,0.891048144255954
0.52925,0.247291639749252,0.158183965234186,0.439748136815926,-0.0588055249387687
-1.23494,-0.581269418163594,-0.0958895142561801,-0.668969825675818,0.0170525140141111
-0.938734,-0.818333440718181,-0.609106233943162,-0.600487574631206,0.28548573658545
1.63744,1.20122837139519,0.681587384449072,0.975236799939797,-0.00913419202426934
1.14995,0.744534599664271,0.506552636821294,0.804991076110773,0.445799714936165
-0.426493,-0.0753555084409423,0.128720062983459,0.0111202596756219,0.594686204190818
-0.0269599,-0.21513080148034,-0.200323641273458,0.0449954013573872,0.0632856202814776
0.0972809,0.29873127808818,0.302406213227033,0.320429646573546,0.746625658497192
1.66716,1.13742177100278,0.800121995628059,1.17491169143535,0.461470818426212
0.949316,0.861790290045824,0.557470636202314,0.764784831240124,0.850605598551702
0.520748,0.257573220579319,0.161179230864231,0.446503933185411,-0.0553528651319458
-1.23355,-0.563414038936475,-0.0642395087009135,-0.615407759649082,0.0208201535538012
-0.92701,-0.812774272114668,-0.605778063934724,-0.594475282006795,0.299421360695406
1.65079,1.204314668048,0.689793371582924,0.985355175395751,0.0497761880395918
1.09724,0.708751610678931,0.491599559723682,0.841314099606793,0.960740703542644
0.496743,0.562157944701386,0.40930590061277,0.533185446946128,1.34720717523921
2.05589,1.39978812741723,0.937315840832375,1.28405030043556,-0.289438012424242
-1.22809,-0.565590239940875,-0.0737739862595004,-0.695753922425689,0.501139893273659
-0.938062,-0.824296308090157,-0.606770125792565,-0.664076497174035,-0.51757065831858
-0.307273,-0.0253561529656323,0.139245634800912,0.064164404814422,-0.471334969286746
0.0479814,-0.192297171769029,-0.185681779368628,0.0318109892167365,-0.398190824706064
