1000
-0.814097,-0.724205347389248,-0.425996370494079,-0.752877790552207,-0.464695693476752
-0.995137,-0.901062849094872,-0.485632465010977,-0.527951337403483,-0.308994568005808
0.181683,0.268732002474398,0.0362158049989546,-0.494212938132673,-0.576800264440803
-0.371891,-0.367236314424165,-0.226319483585422,-0.402542220153569,-0.32875158795949
-0.266605,-0.148528895317099,-0.157775889342622,-0.277056327980351,-0.344673410746162
0.0477797,-0.0537326951178219,-0.0132848521935555,-0.476152741178697,-0.439965067314365
-0.618877,-0.498272427529006,-0.303365759693162,-0.348752564627352,-0.320505040770298
-0.932293,-0.66250247913397,-0.419837168290341,-0.268335385389599,-0.233659433206107
-0.244911,-0.138979526681652,-0.12396420977062,-0.273433330888462,-0.293746408223456
-0.275001,-0.0946524155993722,-0.0615254046528939,-0.326290120645596,-0.127570147293546
0.322873,0.197542841940843,0.00683401738160205,-0.127442440241569,-0.158826043129771
-0.259438,-0.116043139589295,-0.0411513408288626,0.0806977760860299,0.0998268410825816
0.117553,0.0718329039201911,-0.0745137303969733,0.131128535166616,0.159255989590562
1.44261,1.0276709355279,0.63248155844656,-0.162683040972375,-0.124866572172103
-0.448074,-0.363183749118301,-0.314785012738535,-0.132726909103182,0.273295372519084
-0.624767,-0.388208560977709,-0.316255370372012,0.113299834891415,0.233652784177654
-0.113147,-0.12031014564308,-0.104227272482026,0.0672315864831213,0.157430078764747
1.145,0.794185747368163,0.512299030424878,-0.129131297677083,-0.063386174184594
0.413415,0.20795560272872,-0.00468508321352893,-0.0738464242993702,0.0790373820263706
-0.0190384,0.0293484359050774,-0.00817810875270785,-0.0827553632629083,-0.0257735138792505
-0.6695,-0.537384301778717,-0.284818516496964,-0.362463829770325,-0.0181116908396947
-1.0273,-0.727375351651608,-0.349123737871162,-0.213773287657272,0.0795770988896599
0.703038,0.486051994873782,0.13364534791587,-0.277375206928807,-0.247319954892436
0.469085,0.368998869269491,0.279942871377432,-0.440994424885873,-0.159587826509369
-0.417013,-0.370166162195342,-0.290857341670747,-0.309534641848335,0.000386982165162988
-0.714786,-0.471772422299919,-0.282086893797012,0.1238777049335,0.0642978490631506
-0.104839,-0.114381127262282,-0.102827244744012,-0.00427115686638914,0.0155830430256766
0.91677,0.66090483614491,0.469869662162668,-0.169152205739581,-0.110924919847328
0.421363,0.244699670120644,-0.00557209799801922,-0.123474429880165,-0.0233350163081193
-0.120202,-0.0354733508377158,0.0201099720491592,-0.112976667004026,-0.0396917095766829
-0.642959,-0.577604591198846,-0.377078506411728,-0.395747164229582,0.0210497498265094
-1.06616,-0.782880437328614,-0.408846323983868,-0.210510484452796,0.192917171755725
0.713088,0.485539503282924,0.219654270239317,-0.116925744534254,-0.108089941013185
0.469933,0.363817889243013,0.237916912420795,0.282704967968335,0.0750596835530882
0.124746,0.0377856786598795,-0.0979932932486623,0.216846392281675,0.185238754684247
1.48055,1.11266623655528,0.711653062583165,0.0833673952005898,-0.283309760582929
-0.703867,-0.617888803263372,-0.385235843190767,-0.459209801363113,0.0624404545454546
-1.07089,-0.836703516158834,-0.448754825746197,-0.45864364148248,-0.0349006970853575
-0.407625,-0.375502012260498,-0.306056426072953,-0.453545705453236,-0.254971822137405
-0.694447,-0.466530350685685,-0.24733623806242,-0.496144212784519,-0.0497231877168633
-0.100701,-0.122675981282951,-0.18932766808119,-0.19522048993032,0.0400724094378904
1.03948,0.708085126177501,0.456528132745386,-0.156317359151187,-0.0544139156835531
0.399618,0.21331375880575,-0.018529197799845,0.228148204007945,0.275515728660652
-0.0696374,-0.0218540349062699,0.0631171932127177,0.503679049540601,0.484947113115892
0.667391,0.342149588988912,0.128053075768897,0.364057945821336,0.376585729528105
0.548939,0.4455890702936,0.401410374089451,0.47912384865446,0.468502031401804
0.147122,0.0623674408942748,-0.027214106527228,0.525148841127777,0.591815967210271
1.60525,1.11565377653179,0.82572570666302,0.363840692621173,0.177177938063845
0.428325,0.192691187956416,0.0541617124482228,0.224346483094175,0.324263900104094
-0.0285705,0.0169835637655275,0.145132193883867,-0.00262564382833153,0.181570536433033
-0.608712,-0.543515801365134,-0.326006389060558,-0.354236145601845,0.170944752428869
-1.05582,-0.753821561751943,-0.390288644479019,-0.162642320600877,0.303440095593338
0.767891,0.503302253179128,0.307384775987752,-0.0417488435277661,0.00329423785565575
0.594147,0.47118758106538,0.434354652703562,0.264471218784708,0.188300687196391
0.194305,0.0467810594419852,-0.0538448947787427,0.264830790889581,0.407233009888966
1.68401,1.21644159850623,0.877401004329308,0.186169687580978,-0.0228044375433727
-0.408919,-0.366684426456343,-0.204706016725628,0.0317213256732625,0.347256981956974
-0.637984,-0.38534772265766,-0.256936874299374,0.223555508264497,0.261828984038862
-0.123502,-0.172763701052925,-0.0968118898375239,-0.151627108086321,0.156120554129077
1.20311,0.86805155022431,0.603414631891384,-0.441639756217528,-0.162361582928522
-0.379207,-0.325385848665514,-0.19765858984376,-0.230735402018016,0.185649101977793
-0.627858,-0.369577038219436,-0.175271344270503,0.118822229741194,0.168670189972242
-0.140259,-0.165860653412717,-0.157107277647754,0.126133884874439,0.147578493580847
1.22502,0.820323143575993,0.624449707118902,-0.114069481802193,-0.073816909611381
0.445248,0.211089335561503,0.116034256691884,-0.0707845509021725,0.0968234120402499
0.0126699,0.0451515760181535,0.103085756364489,-0.0491447842452536,0.00758114816099933
-0.67442,-0.564287705274341,-0.34278054880449,-0.359261589832656,0.0970003190492713
-1.07191,-0.744917491880135,-0.412852292357824,-0.182000106156174,0.276746351318529
0.699936,0.437581431650937,0.288191754334069,-0.0758627009677751,0.0883417218945177
0.650506,0.491942104863944,0.37382524196941,0.22909206035776,0.313796746530187
0.116001,-0.0175986131291887,-0.0932848771400963,0.258452308228657,0.624973516273421
1.78116,1.30565497314064,0.864506738432511,1.15334099162314,0.293099147814018
0.150496,0.00746474141724794,0.0125068715843447,0.264625780470588,0.764748157529494
1.77928,1.32748935872009,0.857131670052667,0.943970290004751,0.20691686259542
-0.390896,-0.354618878683924,-0.110244947857268,0.0437816863936666,0.514969615027759
-0.665388,-0.420870838122761,-0.253258217218156,0.202957442701835,0.377480712647467
-0.165301,-0.18527730128276,-0.183135989560663,0.0684406885893435,0.24977333093338
1.23225,0.79590755421376,0.561718602075829,-0.153627054539501,-0.0791387119188064
0.350562,0.16606062700771,-0.0241368308782215,-0.0975506181967629,0.0948063819396253
-0.00225229,0.00685946529540037,0.0222780914525636,-0.0943578125780246,-0.0194668889659959
-0.692443,-0.588596356657116,-0.37730600260049,-0.360138822274853,0.0485356553608605
-1.11431,-0.792898839168503,-0.401733570617514,-0.187711164211987,0.224682931939625
0.596165,0.378907182403322,0.0709788929560853,0.401641069458803,0.0443080935981957
0.675759,0.450588684046047,0.350493817379527,0.486740202864576,0.217365097796669
0.576082,0.292717967331623,0.0343699238467521,0.458399970645022,0.327801892612769
0.640093,0.481392704560558,0.388248329134837,0.715457110384046,0.316209141221374
0.0897916,-0.0221781497497218,-0.0505855535117899,0.499010354802417,0.426031088480222
1.76113,1.26796632147929,0.811163828330009,0.102506352131469,-0.173727699167245
-0.723756,-0.634558745275467,-0.385948764588741,-0.435914846678085,0.170467839694657
-1.09977,-0.864455809052988,-0.446427618045406,-0.447210400769834,-8.6827203331058e-05
-0.432012,-0.433884959387735,-0.322838693677105,-0.468016362800236,-0.225772952893824
-0.667458,-0.462981506930257,-0.240338494186158,-0.497789047600444,-0.0742425884108258
-0.171634,-0.183760199300183,-0.192698301662277,-0.220727123662065,-0.016987192574601
1.27273,0.871036647534873,0.622172961128246,-0.162324197302333,-0.249566479528105
0.314797,0.159360827607724,-0.00354371000820661,-0.0891239229475746,0.0225305600277586
0.00648896,0.036838820614185,0.0816656963217264,-0.0824124547474286,-0.037252926925746
-0.684374,-0.599466297836774,-0.3117593808658,-0.352399385495248,0.0566780822345593
-1.10941,-0.804725012932216,-0.432074499218953,-0.186595271127245,0.222183169326856
0.582547,0.356404535651838,0.0902630547470538,-0.0996117076097181,-0.0233865735600277
0.678749,0.518794005706007,0.352226148751075,0.322995084672772,0.112006244829979
0.0418636,-0.0384050083995591,-0.0789955433556698,0.207585679468348,0.417304509285219
1.83541,1.30249830340203,0.947382540410084,0.169322847784349,-0.0614931668979876
-0.480687,-0.449325533276893,-0.358781525208976,-0.0198157092114896,0.405175343858432
-0.647146,-0.425791476198389,-0.24985237049778,0.161395558373136,0.326918621096461
-0.204639,-0.22258229063222,-0.15787788834161,0.0695877058020073,0.251837806037474
1.33137,0.888556940386613,0.69394878604946,-0.166892573501105,-0.0816311857737682
0.316427,0.127545144795363,-0.0580036267019379,-0.0849890934888981,0.159402626648161
0.028581,0.0533472106964254,0.137992371275134,-0.062775426961265,0.0452271880638446
-0.497846,-0.407606896800182,-0.319298858769891,-0.0588616228656487,0.0770192391741846
-0.655123,-0.40364934499109,-0.228012255266312,0.0178532619005151,0.115142181644691
-0.194154,-0.18316628025493,-0.104065581978962,-0.0663448377860653,0.115907134802221
1.33712,0.911336390702889,0.651262859957687,-0.160529592457237,-0.177149249306038
0.316748,0.127669481795751,-0.010851537076377,-0.089085787312991,0.0619411410478835
0.0565393,0.0623624521048556,0.11806083650096,-0.0848651609941173,-0.052445887925052
-0.753759,-0.639608260625433,-0.420099968374468,-0.383427312953016,0.0639384679042331
-1.13883,-0.804604357529547,-0.437074691177499,-0.226612506816225,0.19729314833449
0.532934,0.322740625892955,0.0582145529697206,-0.109448962776633,-0.0547478828938237
0.734965,0.568582034971925,0.397653857072965,0.301442186361128,0.0347070393823734
0.011672,-0.0790603053662405,-0.171959028373515,0.187169674390597,0.351180002879945
1.89571,1.41396430748984,1.04505610614276,0.0924284140347175,-0.233933782789729
-1.04691,-0.899895335666084,-0.53087655981263,-0.0847934300516162,0.487673301526718
-0.939211,-0.76678226434121,-0.367005658875032,-0.169761034821659,0.422690060721721
-0.315166,-0.253499565892543,-0.255238120241537,-0.470531511886573,0.524831592643997
2.07351,2.18891646742339,0.558802957142256,1.85064381057942,0.202609834836919
-0.798843,-0.659682949474014,-0.379260376015921,-0.664529304985791,1.3538005499653
5.1569,4.42279864920916,2.38047371938478,0.664252617090957,-0.189995963219986
-0.992879,-0.891387252049952,-0.526377468765477,-0.611809302267189,1.198775
-0.22372,-0.00978450484587379,-0.117403008325944,-0.0819841723777477,0.648145973976405
-0.853923,-0.672087164146124,-0.395670120200094,-0.479372950053463,0.918724882026371
2.93683,2.26671864012655,1.20441366538147,-0.256542822264715,-0.0396908514920196
-0.533916,-0.380087460395629,-0.22889593317876,-0.389315784075673,0.847443405968078
0.676481,0.594171203094737,0.306041650229193,0.428795481790297,0.293149103747398
-0.725807,-0.512180822409458,-0.320855445948351,-0.223532797912265,0.811446089521166
3.0862,2.29246789186424,1.16750465795157,-0.228740540881255,-0.212774430603747
-0.965221,-0.797351993578062,-0.448802364700851,-0.480642987957948,0.701959105135323
-0.259409,-0.187968563611519,-0.00785227712190158,-0.360165280796633,0.24306717869535
-0.882724,-0.680802825544214,-0.351170143919871,-0.478480406284187,0.485917725884802
2.45972,2.03496101825946,0.883612950132192,-0.0343365245523079,-0.345223113809854
-0.658616,-0.491538758318494,-0.366169793644579,-0.442739488079553,0.454556122484386
0.950176,0.896951420265483,0.297963350665558,0.17906292050889,-0.278422384108258
-1.09989,-1.01559884591352,-0.542998018451507,-0.583360459605865,0.0764430624566274
-1.01668,-0.847875907208986,-0.382961416040743,-0.626482592483889,-0.0471655732130464
-0.575037,-0.401563508442943,-0.246319398564249,-0.528977976545969,0.0822519170714783
2.06665,1.68193745107729,0.86203171829404,-0.725480040923002,-0.52665210721721
-1.01587,-0.862626418212508,-0.496453717328872,-0.786237785049427,0.306220535392089
-0.20515,-0.0760402701328699,-0.0888378779350118,-0.244932672141275,0.029816795628036
-0.944673,-0.740606892715707,-0.427637759856414,-0.536715891275023,0.414222213740458
2.76302,2.19440779284473,1.14770396993428,-0.273982747902251,-0.436080048230396
-0.656977,-0.468113728068962,-0.286566766756254,-0.383275556025619,0.410940074600972
0.694662,0.622371184323937,0.263523084771897,-0.288520724311743,-0.268786053088133
-1.1122,-0.988804032605423,-0.447470891215679,-0.666896544842776,0.0947618511450382
-1.09543,-0.881468516996558,-0.428761780076519,-0.663046517773174,0.0380332987508674
-0.556042,-0.349417701701968,-0.145095334464916,-0.421274757442875,0.116462147814018
1.63019,1.29515007644691,0.628108655164519,0.476224718630497,-0.290110194656488
-0.823285,-0.612312102867932,-0.362583861940321,-0.442789133010059,0.528183324774462
3.02821,2.30969928426364,1.22321448656699,0.20416345226527,-0.604011696391395
-1.13327,-0.991337207186673,-0.56020137788915,-0.779973719398448,0.241882472241499
-1.14249,-0.950046616829223,-0.517816147274652,-0.820986002758508,-0.0905362654406664
-0.986519,-0.805549548701946,-0.446698024457222,-0.837481289905975,-0.172058019083969
-0.311015,-0.195331246294259,-0.0878469393418768,-0.716053520510812,-0.270813658917419
-0.910714,-0.701582864119057,-0.402720113109663,-0.690748003564032,0.218184450034698
2.3103,1.68840680143408,1.00930874253144,-0.310909530692122,-0.473975366065233
-0.63929,-0.433977950847423,-0.285105423767654,-0.42806315676601,0.470469685981957
0.534579,0.449560313218713,0.132153565348668,0.346583618355396,0.152508682859126
-0.59392,-0.391497574762181,-0.283502468247413,-0.365931237637545,0.563527866759195
1.40245,1.06302383975578,0.550965479650506,0.499999682457284,0.105318227272727
-0.84916,-0.613988487160596,-0.386905339114126,-0.334967753389826,0.797989363289382
2.92429,2.176886627877,1.15030401779476,0.286295174344808,-0.290975784177654
-0.727252,-0.510341624433593,-0.296130006081975,-0.395430984018716,0.506847204718945
0.495652,0.38653032309235,0.189227021462411,-0.367278028873906,-0.186651358084663
-1.10108,-0.976431496858121,-0.565635345349597,-0.684798017464784,0.0633724982650937
-1.14758,-0.910697866969461,-0.499579187818636,-0.669642507070547,-0.0281705031228315
-0.607535,-0.377559763322213,-0.277374630497493,-0.444133808465297,0.0524662179042331
1.43407,1.13770612812076,0.624202874321648,0.337479734641351,-0.312343412560722
-0.846349,-0.633519913173343,-0.373046569772216,-0.515008797777369,0.557761628036086
2.78153,2.06557691283987,1.09761686223362,0.163752382123719,-0.407481372310895
-1.04188,-0.851134983538302,-0.513324736251852,-0.537795774775368,0.445933606176267
-0.406955,-0.296087325860807,-0.153971493602745,-0.425565374559975,0.0775161873698819
-0.927508,-0.713082335632913,-0.427417579256536,-0.672521000621347,0.318042224149896
2.15718,1.56646893489099,0.889338012065324,-0.719774806584202,-0.486394331367106
-1.00136,-0.797128593755706,-0.450288201719853,-0.683711359161784,0.291347127342123
-0.390232,-0.255388212853821,-0.0780720765622235,-0.434619709031308,-0.0369475832755031
-0.910128,-0.690501823804119,-0.411748539933144,-0.493036810907065,0.229074692921582
2.12154,1.53794825024175,0.914472924390761,-0.346010836890784,-0.483214982303956
-0.635299,-0.425521334904611,-0.205198577550566,-0.370453753977224,0.206793594725885
0.490951,0.371757300034018,0.232350333947749,-0.32288299785494,-0.375447148507981
-1.13134,-0.953553898413584,-0.540972829528837,-0.658101878282368,-0.0420812272727273
-1.14875,-0.902419153577403,-0.430764639052099,-0.651450465100184,-0.0602703872310895
-0.563651,-0.331925643248765,-0.218649086466974,-0.391206145931044,0.114176257807078
1.37702,1.02093594905658,0.64305877109111,0.0752441552614217,-0.142244569049271
-0.780142,-0.554115878081801,-0.275544292958471,-0.559585198931347,0.721096343858432
2.61817,1.97737053538844,1.04489624314232,1.67134664475985,-0.049896450034698
-0.771423,-0.548935044996429,-0.272554184417341,-0.469580706245087,0.967906190145732
2.73708,2.02713649166592,1.08905656073412,1.43536287993766,-0.0919942897293547
-0.954494,-0.763833827272865,-0.345044764516056,-0.477278246062226,0.635936232130465
-0.415988,-0.268874639793549,-0.058620115923856,-0.359780740824449,0.202998908049965
-0.893829,-0.642322887737858,-0.349314825045735,-0.45682040086342,0.351288247744622
2.05604,1.42406444704769,0.930594136554502,-0.335738774400123,-0.450322624566273
-0.659402,-0.403381959988742,-0.208330853974216,-0.377780393018347,0.213758707494795
0.464911,0.371202262490512,0.375157055785088,-0.238314776172777,-0.369522705065926
-1.08968,-0.914739231200423,-0.436258832110896,-0.630867172704472,-0.078548217557252
-1.09481,-0.881145328216772,-0.330410242374385,-0.635010421177048,-0.116751216863289
-0.551711,-0.326067164443195,-0.0961562281980655,-0.36577493555556,0.0245398802914642
1.30664,1.00037104536698,0.682226952798619,0.52321245910823,-0.279707776544067
-0.616382,-0.415152723951514,-0.249168789736234,-0.405753496334065,0.387986698820264
1.2648,0.958586984396412,0.702614563556969,0.918573275104082,-0.0734597588480222
-0.787668,-0.543742592417959,-0.266324734901202,-0.0973364706916875,0.538863146079112
2.68807,1.92007625678079,1.10854147017045,-0.0453256966135991,-0.505783818875781
-1.10671,-0.924816747184299,-0.305250864620972,-0.721781314294265,0.213524994795281
-1.06585,-0.871131645670377,-0.3711416234542,-0.789922050065101,-0.165848126648161
-0.97652,-0.721206996491113,-0.403280075251198,-0.773283301438363,-0.229746499653019
-0.377378,-0.238041551468547,0.0126721099128114,-0.716413806127274,-0.332362702290076
-0.872195,-0.654883915016195,-0.319984775779154,-0.665268524101001,0.015704366759195
1.95694,1.36637930606635,0.852028303176603,-0.37982373583474,-0.645222282789729
-0.666714,-0.401968867022189,-0.0859493709250881,-0.332367862511893,0.0654842036780015
0.379543,0.28491041593299,0.309953365306405,-0.344426650871914,-0.397053628383067
-1.08503,-0.905314116206631,-0.389721158721229,-0.590634861760428,-0.0965091700208189
-1.15041,-0.900950584836124,-0.421948753057409,-0.570050056691326,-0.104659438931298
-0.565889,-0.310935446272041,-0.113178036584983,-0.399381125497572,-0.0342510728660653
1.24314,0.9046105370986,0.581613840449892,0.114048092336113,-0.327927774462179
-0.816397,-0.544201410623048,-0.240584255812665,-0.454886369956929,0.464460535392089
2.52331,1.7252844621623,0.977068777773955,0.0413033115613197,-0.411848731089521
-0.972793,-0.765539218739463,-0.388166544028767,-0.507296781707039,0.39232105759889
-0.419177,-0.262163849147737,-0.0510865274424996,-0.411539606294046,0.0730657029840387
-0.909037,-0.637028421084271,-0.208617111995595,-0.48575386979475,0.250795753296322
1.8909,1.34010711712791,0.832654773204978,-0.472761696245786,-0.484731339694656
-0.714948,-0.423062422573838,-0.0940492376301868,-0.406691591888387,0.167160242886884
0.290878,0.219872197258449,0.249312015214649,-0.441124191097831,-0.348695281748786
-1.05324,-0.814718187121695,-0.518498048415935,-0.558119623694187,-0.0862901127689105
-0.563164,-0.382568304756169,-0.192652521140827,-0.458023398578719,-0.261069251214434
-0.944779,-0.692069196657704,-0.401360088632375,-0.614466527077324,-0.0385420610687023
1.59888,1.16250135096586,0.714896480681712,-0.502181989385625,-0.666491247050659
-0.754054,-0.494728137861324,-0.298004666278604,-0.492583102896541,-0.0615536589174184
0.211832,0.170154350807353,0.0491691456851187,-0.467503533051968,-0.520717492366412
-1.13593,-0.982110710227367,-0.553638138256487,-0.745223433506693,-0.243290454198473
-1.19839,-0.95803428161969,-0.535175184675606,-0.718671168838548,-0.246932216516308
-0.670611,-0.392795231996003,-0.18625006261074,-0.510362186841019,-0.199658514920194
0.946687,0.761005189044885,0.465292324642042,-0.0742321382574056,-0.437662359299098
-0.896938,-0.632231424790634,-0.389779764267697,-0.449820973134186,0.253304242713394
2.11334,1.61361164304292,0.851206423680383,-0.168875555413431,-0.525328724670368
-0.866229,-0.775972844920363,-0.410064661010507,-0.684296091753045,0.18629702203331
-1.10754,-0.832250437635376,-0.478181207768819,-0.549391461862893,0.148669259715475
0.0957245,0.00516660435444919,0.00572207399613455,-0.14260883505206,-0.0834319156835531
0.443513,0.426934979301016,0.291284103359015,0.0458441612128905,-0.0930153575641916
-0.350987,-0.343452534903008,-0.270621621357962,-0.198902766200064,0.239868220853574
1.6164,1.24443299317292,0.801883983808822,-0.120829899201619,-0.345244508501041
-0.737085,-0.623495985871006,-0.445903511445343,-0.347712425605045,0.14453395055517
-0.793308,-0.525186378144158,-0.253268771257735,-0.199229247749959,0.0427922159958363
-0.54519,-0.469329480660004,-0.343023766406035,-0.30675465202512,0.0935759292158224
1.1286,0.899461342198147,0.609301952130167,-0.444604823403878,-0.242556007633588
-0.189202,-0.180047129509131,-0.160303281300098,-0.324506915908822,0.119577312630118
-0.163142,0.0010578086970312,0.0244758080288077,0.23936692890365,0.0442187033310201
-0.354163,-0.348205372837848,-0.276636414247452,-0.0972390173689053,0.206180519430951
1.7256,1.38101492023052,0.950675520916351,-0.4207350027185,-0.328051813671062
-0.723357,-0.607870141779413,-0.39939137009097,-0.381118274309357,0.174228601318529
-0.80329,-0.503368431655808,-0.264791868157967,-0.156404643553415,0.0185747081887578
-0.526122,-0.470908289850504,-0.330457585225396,-0.297615617199836,-0.0128749087439278
1.17995,0.95333886596138,0.740096428667936,-0.438221484851877,-0.39520024555864
-0.199127,-0.134804805794816,-0.116521859851398,-0.373580546079935,-0.0926181701943094
-0.147951,-0.0368322978457296,0.0306742983705044,-0.317696315972244,-0.342904987335184
-0.905079,-0.773613842743862,-0.493454980039674,-0.638521584544386,-0.29896261814712
-1.21414,-0.907615319792307,-0.535750595889455,-0.502272616527553,-0.243190239937543
-0.0362087,-0.00147913710313974,-0.104170728997974,-0.495789719334177,-0.410141040943789
0.511913,0.465479741728835,0.334907368895923,-0.725585738962749,-0.50829921703678
-0.751234,-0.610102550573504,-0.387182725601797,-0.613793912633587,-0.199487983865371
-0.805088,-0.502917302422664,-0.303663344233059,-0.165184700232143,-0.189077759715475
-0.533512,-0.418170015764251,-0.318933093219004,-0.348732979227217,-0.12201174167245
1.18206,0.965930463940235,0.737315604696178,-0.440260736206729,-0.440825346530187
-0.189489,-0.134023929883604,-0.142246568556411,-0.383065944788219,-0.120581870229008
-0.136741,-0.0232713472028514,0.0555640341934939,-0.321014265613027,-0.322214164122137
-0.873252,-0.751513793883607,-0.505844832297997,-0.619250019295604,-0.201923354614851
-1.20698,-0.932809678103854,-0.546887902320797,-0.4706121839313,-0.0906260954198474
-0.038529,-0.00767726538033893,-0.0971345842521754,-0.388272525678312,-0.230033448993754
0.550167,0.553790821685133,0.368065768396282,0.0827198366527639,-0.245085667938931
-0.383822,-0.338981744067108,-0.326667502967714,-0.181080964972328,0.0917158306731437
1.76161,1.48315035491615,0.979994177417628,-0.15046472652748,-0.5534521648161
-0.883235,-0.823012875524907,-0.538123449785887,-0.689331428055076,-0.0702010201249131
-1.20457,-0.989252417471007,-0.536551972034647,-0.663047252662712,-0.219404702290076
-0.724921,-0.620134122916519,-0.361864894767984,-0.697590655575853,-0.402353393476752
-0.807975,-0.574275518085611,-0.264144963763476,-0.676435558489424,-0.29026768795975
-0.533442,-0.438891281227514,-0.278492855008852,-0.540162216152712,-0.110964932512144
1.21355,0.962961494073012,0.680050593143503,-0.426575848058145,-0.398266991151978
-0.165883,-0.172969206188004,-0.218316462548657,-0.208821313565328,0.110301191013185
-0.126572,0.037362589804877,0.0911804687133961,0.247585140859844,0.142631322866065
-0.0868037,-0.122142215314984,-0.181988552575167,-0.0140566121031541,0.227692736814712
0.599234,0.602925371774458,0.511754708542038,0.309205591884182,0.136695414295628
-0.300886,-0.265999279856922,-0.0988853202320394,0.043393819496993,0.450315756419153
1.90296,1.45272536277121,1.16173538900103,0.0979763035076532,-0.166305411138098
-0.150394,-0.156019858193395,-0.110577214969967,-0.101059635975833,0.215190065752949
-0.0940225,0.0870314151320486,0.16224966134903,-0.216683872407364,-0.0871310014573214
-0.822819,-0.710551879940586,-0.397815137505898,-0.567489706976216,-0.044079712352533
-1.13952,-0.793229157102457,-0.342850792628921,-0.43234021631949,0.0131977199861207
0.0287351,0.0339156960142947,0.0331304322571618,-0.331225126929509,-0.120892756245663
0.62515,0.639771271635813,0.51056398990606,0.128290054744439,-0.130015589174185
-0.323089,-0.297000473795699,-0.0404315134445184,-0.143349909461881,0.305068648507981
1.93114,1.50624347063523,1.13028261434782,-0.0465779915138851,-0.285307850971548
-0.636205,-0.548559519139509,-0.254749961992042,-0.248902207496947,0.233484574774462
-0.722426,-0.432337909268268,-0.0745210700215273,-0.0506858151638321,0.0982235715128382
-0.455659,-0.412349754871539,-0.199091753938503,-0.366827401915506,0.0832028573907011
1.33921,1.05502949147839,0.83685786392753,-0.640876564893142,-0.365037354718945
-0.62311,-0.511721573198281,-0.0648461639865185,-0.446179867197864,0.0835303900069396
-0.740154,-0.435178217904561,-0.157681801044605,-0.101257711199305,0.00509222519083968
-0.429545,-0.35983886758072,-0.1423706436273,-0.200490862485041,0.033039968424705
1.35235,1.0177878223944,0.86923823936403,-0.33876649377235,-0.323501967349063
-0.0820583,-0.0956512483698119,0.00849030511068676,-0.269458717549935,0.0106574330326162
-0.0359705,0.100734606390598,0.269147041354917,-0.199353766764757,-0.218136670714781
-0.763547,-0.677397272274014,-0.289856971942478,-0.543004694663161,-0.107217073733518
-1.14917,-0.807114013031556,-0.393423356574529,-0.368730623685393,0.0261582808813324
0.0211961,0.0359808272862681,0.0190775663981168,-0.293816785681939,-0.0170317376821651
0.657621,0.672720762890416,0.608239054662197,0.17711960141562,0.0357930540249827
-0.282305,-0.283996309521806,-0.0626293255118751,-0.179016959986496,0.508499237682165
1.95488,1.60652808225574,1.15775174113959,1.4100078562223,0.0486951452116586
-0.289662,-0.287585037375455,-0.0998900955068982,-0.115084099844602,0.713106089000694
1.96561,1.60368761492841,1.05269902431279,1.33720603896927,-0.00399035978487167
-0.650311,-0.559723130643799,-0.0663799374622709,-0.168232390597645,0.438028428660652
-0.698249,-0.407795763155799,-0.114066808634787,-0.0364884038641321,0.222787800832755
-0.408557,-0.4001065253075,-0.160290494296748,-0.199634916897969,0.151843603400416
1.34709,1.04227274046411,0.903893431939709,-0.361900750458429,-0.312043179979181
-0.150156,-0.104678797364422,-0.0346113357196949,-0.293183797085129,0.00540747761970856
-0.0703566,0.07476257996559,0.1958862250113,-0.254201984198268,-0.254769925468425
-0.876302,-0.722073859455704,-0.398327881071338,-0.58312935144229,-0.157516179042332
-1.17419,-0.862515421038511,-0.393398061245324,-0.449374825220261,-0.0600843726578766
-0.0219367,0.0358616137986103,0.00784202607053621,-0.12031300122659,-0.115160184767523
0.645505,0.602647089770154,0.511622285789247,0.306512600282766,-0.110084478487162
-0.0110057,-0.0423831607201464,-0.0664878248904671,-0.0737815743144116,0.180000287265788
0.657778,0.634863806561307,0.62420706292404,0.610937887399076,0.0389571804302568
-0.354905,-0.291968843079326,-0.114813472105788,0.175999967352639,0.330221221721027
1.95279,1.59616128137031,1.21606665685042,-0.101382900103084,-0.394887825884802
-0.839065,-0.761154151295507,-0.424207218187216,-0.596713815294921,0.0684685255031228
-1.14058,-0.921803815649378,-0.398427241751964,-0.589635757446255,-0.148142754580153
-0.693729,-0.570850782271966,-0.3117084896858,-0.634005223556205,-0.325029349791811
-0.716232,-0.442354115079352,-0.0438767033199665,-0.616914102027504,-0.253093304476058
-0.504869,-0.403636690652711,-0.240812203380504,-0.495286429374191,-0.119855660131853
1.40052,1.12243397448532,0.919490723663326,-0.401928885480495,-0.509290295489244
-0.199877,-0.147839184681511,-0.184578335508507,-0.342501284113316,-0.0835022484385842
-0.0633461,0.0801339668061124,0.157791602771494,-0.297595130304652,-0.276001463393477
-0.868325,-0.749422958874936,-0.443777454113444,-0.561365220533891,-0.141573399375434
-1.17033,-0.891307468041372,-0.49592696565996,-0.429513571019805,-0.0378579528105482
-0.0440411,0.00454836391768396,-0.0602521416272521,-0.344220164198545,-0.142770646946565
0.679296,0.708914322959649,0.572708818075709,0.179490171684788,-0.167610570437196
-0.363556,-0.319652551679791,-0.24141979710787,-0.184276670579304,0.295537010201249
1.99748,1.6154599600851,1.18484084584407,-0.0494897970849774,-0.320366001214434
-0.752126,-0.614342191568871,-0.386231477404163,-0.292497862138082,0.261719834316447
-0.774262,-0.516708017770919,-0.166840385616155,-0.103728911286725,0.121168710235947
-0.550841,-0.44741386689983,-0.305757780900116,-0.250089692559404,0.106665990978487
1.37737,1.12009511443766,0.887375898847384,-0.414654385414377,-0.351896321998612
-0.174678,-0.129438675542106,-0.145650189747075,-0.355649379525506,0.0290920159611381
-0.071134,0.0480599320016728,0.152648503237236,-0.252219770095721,-0.20323825815406
-0.733803,-0.60010279714165,-0.404342061691955,-0.337192540299296,-0.121826984316447
-0.768975,-0.506455923335128,-0.189291969964766,-0.220857428513975,-0.119990426786954
-0.564919,-0.424152705721704,-0.286590157974191,-0.363200058244302,-0.0452369274809161
1.38791,1.16706916057276,0.901122728198701,-0.419150745322128,-0.47186418962526
-0.209314,-0.159264456253078,-0.186433956119404,-0.365696415102486,-0.0804914370229007
-0.0683978,0.0615245317253994,0.149590652388378,-0.286399553207409,-0.305169425225538
-0.908606,-0.759059956006283,-0.434474572446434,-0.578068404479651,-0.164136499826509
-1.2033,-0.920546257091909,-0.506130065273735,-0.459045588027165,-0.0669507989243582
-0.0773165,-0.010504693807182,-0.051599159029724,-0.382328904511965,-0.183908624219292
0.67809,0.690195020461834,0.580416285229032,0.120106494952027,-0.214423664712006
-0.417488,-0.342831049043845,-0.253933940772118,-0.171013826146916,0.232867779909785
1.96689,1.68893592583778,1.15750825988907,-0.114975983533993,-0.421055978660652
-0.882646,-0.780311539505723,-0.455234306609403,-0.582128355496631,0.212125837092297
-1.19321,-0.950384427446075,-0.480762849788084,-0.407412282266049,0.178980101145038
-0.0587562,-0.0212695389102003,-0.0381861855962956,-0.162933539366446,-0.0239099798750868
0.658608,0.698675671779522,0.613859688858796,-0.115315287733231,-0.0819738462873005
-0.370157,-0.325842982017606,-0.216030980719587,-0.224977260063121,0.353269361554476
2.01861,1.64125711133197,1.00912727109046,-0.145222370987112,-0.319996917418459
-0.752302,-0.622308976749072,-0.426822019645794,-0.30935155204044,0.274324479424011
-0.724967,-0.481566649443022,-0.0820739884960927,-0.142637474461522,0.133148902949341
-0.539292,-0.461781400984228,-0.27977752075841,-0.288175845421687,0.209825256939625
1.39804,1.13675369608817,0.898668483589058,-0.411934285847086,-0.20135443945177
-0.214895,-0.160505173825263,-0.142070147566786,-0.317198045555063,0.228095029666898
-0.0744843,0.109514982594731,0.199626326497277,0.349871942807845,0.0997805437196391
-0.403989,-0.312445203824721,-0.166937977221971,-0.0651891395174778,0.306840354094379
1.98122,1.63505054731495,1.20510387634913,-0.405482055511759,-0.307471468251215
-0.72804,-0.585396992878839,-0.386947157090943,-0.36755312195866,0.256679790145732
-0.770867,-0.486533900628894,-0.167649221569433,-0.0973266751177923,0.0719627307425399
-0.553441,-0.463879628761126,-0.337654523226959,-0.283069151657453,0.0600449494101318
1.37447,1.13156668936122,0.874619825426581,-0.407824152669032,-0.38070930277585
-0.238747,-0.172271104521048,-0.19588976633641,-0.361099004491111,-0.0152327109646078
-0.0269083,0.0801870450502956,0.200854053129742,-0.269844732870724,-0.322793646946565
-0.917919,-0.771542098320473,-0.483501817548454,-0.605226090841193,-0.251155167244969
-1.19613,-0.911330128498639,-0.503189237710728,-0.482470894609969,-0.212663704024983
-0.0721511,-0.00826647218252909,0.00317477776166315,-0.446335886799106,-0.355780186502429
0.688328,0.631841387585485,0.636888700493456,-0.736557164768228,-0.510358877862595
-0.782473,-0.616290893606942,-0.355076139946068,-0.613718756017033,-0.148153712942401
-0.7924,-0.529561406033968,-0.197727762362388,-0.109780082546505,-0.158336829285219
-0.569279,-0.469794432251274,-0.330554770817007,-0.351922542264101,-0.0701078924358084
1.37976,1.16827349669,0.993082254564791,-0.43094026568123,-0.447469990839695
-0.243116,-0.184221281104461,-0.237555558006827,-0.369946731306413,-0.0644401688063844
-0.0468539,0.0568386954741259,0.17104957680333,-0.287954905537044,-0.322115752602359
-0.912659,-0.784146101031006,-0.49053593422482,-0.599138437127248,-0.173662464434421
-1.22285,-0.971328986905632,-0.565197952316123,-0.470890826645426,-0.076709410999306
-0.095457,-0.0192320779226286,-0.0267540778051902,-0.379696240487041,-0.197506116412214
0.656063,0.656886504522517,0.524190069212762,0.130597164833784,-0.247706049791811
-0.413186,-0.361613988679678,-0.199321253309653,-0.196456548663436,0.138496439312977
1.96039,1.64003117337551,1.20771541179858,-0.132213441864636,-0.572712421929216
-0.945656,-0.833826393353675,-0.544894218631004,-0.697315132431807,-0.0322215943789037
-1.22964,-1.03148400828829,-0.545837552583964,-0.684260757373097,-0.209548987855656
-0.770673,-0.663051966893647,-0.424581677799151,-0.723437390649353,-0.387198417279667
-0.776096,-0.545810982430526,-0.188456023311637,-0.690675950437559,-0.292791992366412
-0.586756,-0.461358187882229,-0.229649703401018,-0.558817480814983,-0.0765245964607911
1.38917,1.12273987631279,0.883716407890311,-0.43998413278552,-0.424889112768911
-0.231016,-0.165378432805003,-0.180706457069758,-0.191481817703657,0.145229620055517
-0.0924836,0.0723310693903613,0.111438328403141,0.310193517248495,0.13904849167245
-0.113645,-0.105096954808604,-0.158016478587518,-0.0930060491054649,0.234907973941707
0.661853,0.611693903920111,0.501087710383318,0.238448268270064,0.105502177827897
-0.438082,-0.343910167855188,-0.26085439329952,-0.0147289262867611,0.459787856523248
1.96618,1.59278135782317,1.14868607813147,0.0756187315607926,-0.225054751422623
-0.254704,-0.206700224935254,-0.203782743086782,-0.194978861577846,0.196590461970854
-0.0794101,0.0590721397418183,0.108613972647849,-0.288594066840971,-0.149692117453158
-0.910529,-0.790211032257337,-0.528758820474499,-0.595976478533052,-0.0863276377515615
-1.22246,-0.965354735459857,-0.604419893777518,-0.478539917156731,-0.0397775419847329
-0.0909111,-0.0255100205805366,-0.102634244378315,-0.383445517703811,-0.155464338480222
0.670549,0.68166416817272,0.515229105961573,0.14683042473343,-0.200868302567661
-0.415835,-0.357080615121677,-0.265445649703836,-0.211191254598561,0.28125441165857
2.0109,1.65489457872701,1.12511506596483,-0.0709212660982109,-0.360995964781402
-0.752664,-0.657734711052834,-0.436762000137586,-0.323299336650364,0.199618103226926
-0.784796,-0.529038043419645,-0.24775816707338,-0.138011882182711,0.0351706758848022
-0.572023,-0.493913176255494,-0.322356382443628,-0.478142500569415,0.0321016287300485
1.34839,1.17455010237139,0.912110906096294,-0.726424940010202,-0.45764357425399
-0.757079,-0.592220308127774,-0.386036638190349,-0.547494017778098,0.0222440385149202
-0.757188,-0.463542646525501,-0.226078300356743,-0.221061166358418,-0.102611925399028
-0.586133,-0.45233770440147,-0.295635871261289,-0.343132568076445,-0.0465170492713394
1.29988,1.07919960726153,0.861920185673941,-0.456613311572433,-0.444999523247745
-0.272091,-0.13735874771656,-0.109691546227677,-0.398190354318407,-0.0835448695350451
-0.142226,0.0580505951591131,0.13129123762548,-0.321328805565675,-0.341040465995836
-0.904715,-0.735819662404241,-0.507368474045484,-0.624520611078163,-0.221805125954199
-1.18228,-0.839498372762661,-0.440594253590021,-0.510452012071529,-0.123857746703678
-0.135873,-0.0210816429557887,-0.134253487137213,-0.423054519023109,-0.154970468424705
0.524286,0.585426926523188,0.469727012530211,-0.00709947544979911,-0.135419448646773
-0.447634,-0.332731826570542,-0.264327782843533,-0.355569906671966,0.318829912907703
1.6298,1.3337101237715,0.936420646752099,1.14317602884317,-0.12341536259542
-0.443888,-0.343263135739961,-0.225966947999269,-0.325736080781928,0.481565
1.58537,1.3495039703217,0.933537202796115,1.11740999757125,-0.170719798056905
-0.77477,-0.596356748913338,-0.363218799249318,-0.356913963354694,0.228069383414296
-0.771235,-0.405262001134882,-0.184037338228996,-0.254177839757087,0.0218618150589868
-0.58891,-0.418203501319101,-0.264571979019949,-0.36148877821433,-0.0150576058292852
1.06129,0.893267905115817,0.713218183061514,-0.475684951715559,-0.439233086120749
-0.27333,-0.182070737482802,-0.207536299127054,-0.436889411881783,-0.141223894517696
-0.183598,0.0177268249215225,0.0638803675602737,-0.375576813614528,-0.365635423282443
-0.923415,-0.732268626528884,-0.464492418696044,-0.632787442101353,-0.264104596287301
-1.16629,-0.838045347036523,-0.520033166594536,-0.524892638959454,-0.173325142088827
-0.0918102,-0.0108723708277117,-0.0970511057436783,-0.170971450693641,-0.229056053955586
0.445353,0.457324814755094,0.310145864823516,0.174485864051882,-0.210398242019431
-0.0803479,-0.0640997529780479,-0.137444306194229,-0.14572612870022,0.0240917720333102
0.410905,0.464021115142126,0.355011558035924,0.413397639412877,-0.0849874137751561
-0.427562,-0.296891078555439,-0.221977106784869,0.0336335071496512,0.146090985947259
1.53542,1.24854963981041,0.913938250559872,-0.224398753130336,-0.480437321894518
-0.887481,-0.723175207421208,-0.424338491574973,-0.689147862725674,-0.08870981592644
-1.16884,-0.845449137805479,-0.454506380096168,-0.673442344616053,-0.269889306349757
-0.739509,-0.584126559329747,-0.371159871444632,-0.708471565993943,-0.430614812283137
-0.777789,-0.449538481472343,-0.188521669635833,-0.701468035645971,-0.354535411866759
-0.514933,-0.375308854873191,-0.24009776187015,-0.559315707046058,-0.255737097501735
0.984144,0.800402167256644,0.58740301041593,-0.447638625400093,-0.542523302845246
-0.183036,-0.112577146336451,-0.146571876098877,-0.4091872299095,-0.223264240804997
-0.200469,-0.0114720571430729,-0.025260640751244,-0.368307555419491,-0.349371679042332
-0.903745,-0.700079465345649,-0.443391911890501,-0.623972395471148,-0.235947513532269
-1.1668,-0.81873130477775,-0.519428454414021,-0.500365149634842,-0.134643679042332
-0.0437688,0.0322504770152997,-0.0419199818897591,-0.399371975192671,-0.256920212005552
0.453221,0.450556594795442,0.293883168908645,-0.0318387751528805,-0.240204400416378
-0.36704,-0.294236274855636,-0.238784157483784,-0.233717500076935,0.125375326509369
1.45993,1.16299052805042,0.843706476578862,-0.138130357236853,-0.350375648160999
-0.680275,-0.549027619218193,-0.417093137125499,-0.346245560553767,0.0981883126301181
-0.795805,-0.422763381216944,-0.296443568977875,-0.199084247727449,0.0162081201249132
-0.490246,-0.397031996135924,-0.300989107086237,-0.307101284624139,-0.0259154621790424
1.02644,0.790590552888074,0.578111076598995,-0.445772240400241,-0.380613266134629
-0.178228,-0.115108954480556,-0.170418809935945,-0.387048322712286,-0.0956306811242194
-0.235315,-0.0479686174271961,-0.0607382929854809,-0.316964557369078,-0.254409606523248
-0.70726,-0.521279092474314,-0.38364503469818,-0.377871751665818,-0.214104001734906
-0.791548,-0.428457309717065,-0.250380495304819,-0.308777352485264,-0.192534875780708
-0.503298,-0.336904612400073,-0.261944130209612,-0.389031005660754,-0.15924932685635
0.959092,0.741698025899051,0.548589979014847,-0.435474325913751,-0.456920735634976
-0.138976,-0.0964468146406224,-0.133800862161335,-0.397605341543096,-0.1867802555517
-0.210193,-0.0293885958484706,0.00390910761299029,-0.328974064839029,-0.313589991498959
-0.849576,-0.656153225780609,-0.39726111200755,-0.576284478072065,-0.206045865891742
-1.11706,-0.788650741430842,-0.496976595281783,-0.459443949952471,-0.10026518684941
0.0928859,0.0497153760588348,-0.0463771735068379,-0.363345474979173,-0.264410863289383
0.400037,0.402812785830063,0.279327176322049,0.0110612292073365,-0.209901115128383
-0.298748,-0.249951967467697,-0.236079467565599,-0.144379178206744,0.0812576321998613
1.4763,1.18793387064116,0.743527728086817,-0.187696029778577,-0.438060191880638
-0.947498,-0.795786874374347,-0.463148856054429,-0.615224100015061,0.0770965194309508
-1.22417,-0.900142085295975,-0.568573214850579,-0.45078506667731,0.0549428668979875
-0.0215863,0.00974273662855406,-0.0796149488860287,-0.290717673721308,-0.170713383761277
0.535342,0.463903299264465,0.244925385594922,-0.103779895345845,-0.215631789902845
-0.533712,-0.359429868965774,-0.28447125233052,-0.308057969313704,0.165804333622485
1.53419,1.19547494414101,0.658722922481802,-0.164320287097893,-0.44708898074254
-0.884983,-0.663580750049409,-0.478756507981366,-0.467262266159978,0.0613694841429562
-0.691164,-0.515907404786077,-0.366902584454945,-0.406071699776765,-0.124191573664122
-0.742388,-0.490932726145549,-0.267176046625729,-0.465731085886833,-0.0398483875780707
0.788377,0.608365071006187,0.207415015919489,-0.50826088739139,-0.381703866759195
-0.443447,-0.219825381256204,-0.238017689884558,-0.467336513703469,-0.0313962345593337
-0.0911902,-0.0546039571498383,-0.119395139479217,-0.0429266897742503,-0.187062276891048
-0.618853,-0.376566000610025,-0.289899484826911,-0.2742363974404,0.0502937779319917
1.35949,1.02623139720161,0.402155885803137,-0.488297301906484,-0.469484726231784
-0.920912,-0.687040974671287,-0.484714743288952,-0.501445854832268,0.0337270814365025
-0.575398,-0.433522720291303,-0.26044274387248,-0.41188666277764,-0.201482558813324
-0.786594,-0.513445596992457,-0.33432626449697,-0.47794018870391,-0.103531881922276
0.967537,0.768284345941906,0.299675021852167,-0.468318917689852,-0.521994380811936
-0.504778,-0.270302946765162,-0.257199672106967,-0.473202988530865,-0.162897287126995
0.0143257,0.0161234903158522,-0.1049646995086,-0.435717221158877,-0.497583908049965
-1.07412,-0.877898051530347,-0.563445712112889,-0.652978274596957,-0.334503023074254
-1.01238,-0.809445826025851,-0.477220795484419,-0.684577660150675,-0.396186069916724
-0.42875,-0.176695201678471,-0.207144114027603,-0.49540011190019,-0.419983915163081
0.542831,0.417699166711195,0.104838118144522,-0.770244882094314,-0.64472960704372
-0.962551,-0.74607761920219,-0.510546716681976,-0.698026379144577,-0.257365052324774
-0.583602,-0.43472956290698,-0.241684200454068,-0.435554633908371,-0.386242703851492
-0.856992,-0.585876998644264,-0.407337753689135,-0.561460926700787,-0.205669312109646
0.992367,0.796162879563535,0.393735649580489,-0.534155041571671,-0.608979858952117
-0.624329,-0.355030171634037,-0.309927494074994,-0.507325284904341,-0.20761636276891
-0.0179975,-0.0389979527649548,-0.120028625206352,-0.532339274987365,-0.536213834489938
-1.09369,-0.908801938002408,-0.588801513562953,-0.692798028332664,-0.310746096287301
-1.03324,-0.839253182982144,-0.539439452882171,-0.721433871876557,-0.333651916897988
-0.494646,-0.226454257548542,-0.204742331884528,-0.52451486277989,-0.331706032442748
0.502669,0.391386556401599,0.105698807386002,-0.197196921968334,-0.492203401630812
-0.781085,-0.506351320594867,-0.389659924591829,-0.428965468197805,-0.0664273062109646
1.39627,1.12705812324523,0.501298586348985,-0.311046634972648,-0.715757927827897
-1.07973,-0.966341590480127,-0.579557157583965,-0.754461873829496,-0.215797043719639
-1.00956,-0.882243548086586,-0.426805316950775,-0.823206911940018,-0.429532948993754
-0.975607,-0.753586604282993,-0.455616437428438,-0.804238642493333,-0.46431588445524
-0.585759,-0.477626323868252,-0.322605015297982,-0.807406169496798,-0.506534131505899
-0.885928,-0.637016834182937,-0.450069668575458,-0.711391183747509,-0.212910623178348
1.03585,0.781637507438206,0.297996989530871,-0.54154728228412,-0.600284106523248
-0.615133,-0.3501090538578,-0.316385867604356,-0.485323617745967,-0.0407191533657182
-0.042173,-0.00520402914602622,-0.0861860408069932,-0.0278028585717751,-0.176971047189452
-0.548417,-0.295400178235847,-0.257716523477334,-0.432251115890979,0.0404630254337266
0.554989,0.416136361764456,0.11318276394583,-0.0111902135483187,-0.202583281575295
-0.798155,-0.523484970730021,-0.372851451918525,-0.36211560008765,0.214508441186676
1.57573,1.18506402071816,0.501995124270491,-0.136163357484483,-0.468172369361555
-0.679996,-0.446405567834378,-0.338186229461493,-0.451643353087105,0.00670331315058992
-0.0329857,-0.011512702115138,-0.0864123788173701,-0.533724385594823,-0.417299202290076
-1.10548,-0.950485832371521,-0.573001889617607,-0.720498602160519,-0.258299298577377
-1.08076,-0.898574858449742,-0.518526961498196,-0.738002284178526,-0.323526347154754
-0.588038,-0.309840644904587,-0.248598604694284,-0.538155683997243,-0.304151410652325
0.544479,0.447771119576947,0.177780225344664,-0.205671374620333,-0.491099508501041
-0.795809,-0.613378063555243,-0.399989830515079,-0.532003231209129,0.0280841978834144
1.48604,1.21011122016698,0.590993255984576,-0.281986528449621,-0.589372954545455
-1.01724,-0.835585786205104,-0.49458508109582,-0.603871863702522,-0.0473398591256072
-0.664813,-0.546693763457692,-0.302727167349823,-0.541206128417978,-0.282071504163775
-0.932468,-0.714011482729574,-0.452510105590205,-0.724306068896826,-0.151294092990979
1.04188,0.834307990184603,0.431265831007249,-0.843127736219409,-0.66376664850798
-1.02945,-0.782128012489543,-0.44568526879875,-0.720356344344107,-0.153671984663428
-0.649689,-0.5089124738167,-0.294105102977874,-0.549271078843118,-0.351321595419847
-0.861912,-0.63069171680533,-0.356420333408883,-0.548517993510934,-0.195236062803609
1.07806,0.836890609969152,0.342110178060778,-0.566605210392544,-0.633391635322693
-0.650892,-0.389715119857169,-0.193545728985108,-0.5234067277649,-0.202937226578765
-0.0402658,-0.00941009370385892,-0.0468278990033203,-0.53512099313983,-0.560051495836225
-1.13021,-0.918717046679991,-0.536323825937155,-0.721140855242106,-0.335961264399723
-1.15217,-0.928188560664303,-0.528462103385625,-0.715497673008436,-0.325986888619014
-0.553785,-0.285015910883034,-0.213664609755372,-0.535273795878805,-0.239794160305343
0.596568,0.481874769146789,0.316987742657154,-0.202233002062312,-0.354447091256072
-0.790121,-0.543114631456906,-0.290341349257454,-0.56564317448283,0.221537290839695
1.57585,1.33330837811169,0.656788862101294,1.0032301307364,-0.303463292158223
-0.738836,-0.584468413831634,-0.281030024498417,-0.534506379253329,0.392228553088133
1.61818,1.33485622808112,0.561639663117778,0.911901996317504,-0.333091085704372
-0.990322,-0.823457543293813,-0.451263430988046,-0.517876987135079,0.168332949618321
-0.615763,-0.466079216399385,-0.215351689789696,-0.477684812458742,-0.134647298056905
-0.887303,-0.677527027023242,-0.362718237330233,-0.528778132092854,-0.0438131124219292
1.16039,0.927361664488754,0.490818024490183,-0.553698002704273,-0.59218602185982
-0.669009,-0.420936057062629,-0.232957298023004,-0.503759009372647,-0.149428807425399
0.0176988,0.0365113683247863,0.0230093997123987,-0.546188938331902,-0.53769262352533
-1.1218,-0.94615755138191,-0.556693508963917,-0.669320671833892,-0.324518107911173
-1.09806,-0.878732062334902,-0.355108562410109,-0.673249320694775,-0.345373036780014
-0.553754,-0.297933872526529,-0.140035720061318,-0.501857456791093,-0.269384987855656
0.610397,0.483172544328534,0.267013959751924,0.226659303070782,-0.434376143650243
-0.599629,-0.368257529783396,-0.137287020523254,-0.459030371596036,-0.00355886960444135
0.625756,0.497119757381227,0.244345953631076,0.444055584660765,-0.30753990666204
-0.833264,-0.622246561067912,-0.329004610851392,-0.167250865290012,0.113774214781402
1.70365,1.37118231910959,0.788365359342027,-0.312850596172298,-0.665625343164469
-1.13823,-1.00936341589886,-0.557286021979982,-0.813112511643478,-0.142150202290076
-1.17664,-1.00141984801753,-0.545846011381178,-0.849210397080983,-0.407302034698126
-0.986331,-0.788647021439706,-0.440657230439463,-0.852682328897086,-0.484252568435115
-0.642288,-0.502887446390464,-0.243148320941329,-0.844170130960901,-0.519208322709924
-0.90823,-0.698014498063453,-0.404322509893651,-0.754088194102163,-0.268028957928522
1.2485,0.991673572609269,0.523991372425121,-0.559763433355821,-0.750909976145038
-0.69905,-0.455694363891758,-0.263215487786693,-0.518954459631738,-0.215342128990284
0.00714817,0.0112828252448912,-0.0357763416151917,-0.510721136749287,-0.539605458015267
-1.10223,-0.915808415067441,-0.500802884912691,-0.702149341720134,-0.309791935027759
-1.13237,-0.912113215482663,-0.489851897989999,-0.692748551549583,-0.30708606462526
-0.58711,-0.333108803937791,-0.245265725673495,-0.522111694904514,-0.269954487074948
0.685763,0.558434727902986,0.293403411960049,-0.178832552485633,-0.459309636727967
-0.770574,-0.549729531915534,-0.27448457422149,-0.489358636105237,0.114512403459403
1.68158,1.31616441000088,0.711732303021775,-0.228855241729097,-0.531593419153366
-0.992037,-0.785835130425572,-0.435963278234623,-0.530516169281333,0.0780626276891048
-0.60955,-0.422955812081766,-0.207029565021026,-0.452948700220501,-0.150589292158224
-0.888571,-0.641930291389133,-0.31513166945802,-0.524506323600313,-0.0253285544760583
1.26823,0.951655991870572,0.453225918297932,-0.553265785364266,-0.572267930950729
-0.691759,-0.446106640310801,-0.339242971659046,-0.533711721541035,-0.0684861034004164
0.022938,0.0208402300055439,-0.0155363485775267,-0.456135997607777,-0.440442566620403
-1.03569,-0.784145849359925,-0.542139008285031,-0.488430697442631,-0.217998426682859
-0.598347,-0.428474692081822,-0.246379215474089,-0.429244625865642,-0.345357533136711
-0.853973,-0.609788978671845,-0.294486529822173,-0.548563028942773,-0.157738800312283
1.25952,0.975701124106188,0.63597242600141,-0.527041466909212,-0.664609992192922
-0.69413,-0.454881229037957,-0.30183548652371,-0.478792078332761,-0.166586565058987
0.0654703,0.0570755591292889,-0.0524379404227199,-0.475412113687392,-0.546807057945871
-1.12905,-0.952689031975937,-0.565767955612805,-0.738772059055274,-0.303747047015961
-1.18473,-0.933713852428845,-0.561008630903991,-0.710590715535346,-0.307657357911173
-0.593481,-0.31674411358343,-0.282665939696274,-0.535791880161938,-0.301171968251214
0.675119,0.545464675886059,0.235675338128144,-0.149752275428465,-0.490981069916725
-0.805591,-0.591098993693271,-0.386994199332941,-0.455915294877059,0.0629814751214435
1.78032,1.38391067831013,0.63638069440401,-0.299260492967594,-0.657987393823733
-1.13058,-0.976955624940475,-0.634817034985553,-0.716815519238201,0.00186092470506599
-1.17245,-0.969908906610267,-0.527052704970474,-0.683329888610093,-0.118068928174879
-0.615434,-0.372431558759176,-0.228889075097137,-0.421846959982416,-0.17012352463567
0.666097,0.532222996171616,0.202562898493865,-0.163189147108312,-0.394291525329632
-0.817769,-0.607657985151577,-0.39377270029866,-0.526034475076648,0.1704425
1.76589,1.34609851351711,0.667076172413624,-0.241741890353565,-0.548859681818182
-1.02013,-0.821323266896139,-0.470180635751191,-0.558953174176116,0.100271143997224
-0.608692,-0.460953217982948,-0.297990391653651,-0.449414391986121,-0.121019404580153
-0.89066,-0.691653138143536,-0.373456454122116,-0.546414516442516,0.0976002297015961
1.40714,1.05356390224459,0.615027348896037,-0.511944734673929,-0.422523094725885
-0.689983,-0.447836492728537,-0.267127197966746,-0.547664785911956,0.160098682165163
0.137222,0.138208488984474,0.108353612949355,0.033724737944781,-0.140703331367106
-0.787335,-0.588922208509941,-0.38405846444394,-0.383243901777237,0.238479808466343
1.95162,1.4751633676755,0.764979814780653,-0.513291219410999,-0.476853435808466
-1.01177,-0.815028938682786,-0.518125044547972,-0.555535295932285,0.191018177654407
-0.561273,-0.413369242523221,-0.204985559983399,-0.419753354762835,-0.114541541637752
-0.902416,-0.658569556873425,-0.421891043637274,-0.509371302673777,0.0346252418459403
1.49357,1.08448698912719,0.557507399221416,-0.481965211333421,-0.552732476058293
-0.641907,-0.407801409849642,-0.208473110514706,-0.456753081033066,-0.0316924583622484
0.174108,0.124689423962672,0.0470065398735758,-0.434615708263131,-0.49790699167245
-1.1142,-0.939099722076775,-0.590025967351451,-0.670950702038557,-0.313466397640527
-1.17856,-0.928062376919927,-0.541323473742223,-0.64636210533045,-0.366539446911867
-0.553481,-0.277070010586303,-0.230456313329395,-0.462649519200816,-0.369573613809854
0.830675,0.59937358705397,0.279178469646463,-0.837313793776524,-0.680262911172796
-1.0169,-0.779164919560555,-0.466669934424866,-0.712181880128281,-0.175374246703678
-0.56471,-0.40016270061709,-0.217683039685609,-0.347335526247668,-0.309678870575989
-0.863315,-0.644476265982689,-0.352069034873771,-0.538039221722756,-0.0823263740458016
1.50112,1.10111769948426,0.569160283260087,-0.481153468770907,-0.597172860513532
-0.673133,-0.420826602425213,-0.290248946514906,-0.444487133482555,-0.0558978730048576
0.175963,0.12537684360462,0.0154633459989845,-0.431073811830106,-0.493688267869535
-1.11351,-0.935537372032397,-0.55108957609352,-0.684884596803413,-0.232350393823734
-1.16969,-0.940642374331061,-0.586622598545144,-0.663780002789282,-0.240242048924358
-0.556183,-0.305715532173602,-0.237766917451431,-0.488763877293036,-0.231704744968772
0.83156,0.644618444588263,0.260293788672541,-0.0515702933541919,-0.461651739764053
-0.798923,-0.584944439694841,-0.377736849365454,-0.403634543808789,0.0898901939625261
1.94728,1.48234336433332,0.690728529139886,-0.212471235948021,-0.722623163775156
-1.12387,-1.01068064887012,-0.606928558841736,-0.778044452402102,-0.109214371963914
-1.18524,-1.00195213711058,-0.568520574916332,-0.813729915422007,-0.34161095593338
-0.999366,-0.795893649145297,-0.463293518799884,-0.818610750384161,-0.421432102706454
-0.578359,-0.438071710911329,-0.217295107227442,-0.814932194946907,-0.457281015614157
-0.889443,-0.648143178992004,-0.415556748236488,-0.729391283044649,-0.11462730499653
1.43533,1.03542933894448,0.614001005069619,-0.504632530407944,-0.589157227272727
-0.641267,-0.406435248067866,-0.280413419457672,-0.472276065433507,0.0962057494795282
0.10687,0.106678797284147,-0.0474522284703769,0.101862739308493,-0.0910818542678696
-0.575354,-0.34889829808391,-0.204321771664541,-0.392694966825239,0.18258179389313
0.784857,0.593222680223425,0.289651316022702,0.110796969257644,-0.119527945176961
-0.803109,-0.566207951095878,-0.380821656391896,-0.324533919785877,0.36938263185288
1.92056,1.43641465560197,0.712975488574727,-0.0177609037000133,-0.414424883067314
-0.667953,-0.464833175834807,-0.304304084327789,-0.398158645731319,0.139662708188758
0.154724,0.105678442288666,0.0445107858362162,-0.484379387796459,-0.364710447952811
-1.12672,-0.969836314061534,-0.586777384926409,-0.68578143488054,-0.169837405621097
-1.19169,-0.953969559821194,-0.569400733092475,-0.664525922145733,-0.225013131158917
-0.567181,-0.31944465479671,-0.196426750183909,-0.493125034290737,-0.208631778972935
0.81808,0.656622165615053,0.257745300824014,-0.0483430803059456,-0.429321623525329
-0.792947,-0.595640374424046,-0.40552265418853,-0.493208485510958,0.202951526370576
1.94454,1.45555389343519,0.737983369963701,-0.151042108867869,-0.526736472241499
-1.02019,-0.825389405371408,-0.451514269864956,-0.541247179723032,0.126313202984039
-0.591307,-0.450769482678333,-0.236236468745265,-0.435735392497586,-0.144744542678695
-0.906741,-0.711564972751955,-0.40464794683601,-0.674436534925491,0.0164615943789035
1.44064,1.11134899176836,0.570503296708406,-0.792834421893728,-0.591288828244275
-0.995003,-0.787320482904591,-0.495358482527371,-0.675679919146576,0.00685883344899371
-0.557324,-0.419584500134273,-0.199570887331582,-0.432086639065503,-0.232653030881332
-0.854766,-0.66511995222092,-0.344284867670226,-0.489439988551073,-0.0496302418459403
1.43654,1.11496555717548,0.632865174335422,-0.502118215635207,-0.582053113462873
-0.680491,-0.452578267045562,-0.328576591034093,-0.4702583040019,-0.060714605482304
0.125513,0.0997052844900575,0.00891833793237815,-0.479134396340287,-0.501992656141568
-1.11973,-0.954518413347091,-0.571769424694256,-0.644128461840075,-0.247453476405274
-1.17468,-0.891225720873105,-0.407806378889188,-0.611314897344644,-0.238629046148508
-0.526617,-0.270586727219743,-0.151735329513847,-0.454228745366725,-0.141963133240805
0.834582,0.685006972920333,0.388240489290144,-0.0382930718903701,-0.298103359125607
-0.812662,-0.578788414170261,-0.378247851391075,-0.604268495338155,0.364202936502429
1.90713,1.51025537685727,0.720533776079884,1.49004519691912,-0.255941299791811
-0.80244,-0.614114751975348,-0.367104959692538,-0.545785076696587,0.544266210964608
1.90817,1.51501555934232,0.825309563289385,1.46205298207616,-0.291665899375434
-1.03324,-0.84886057347939,-0.520349320953877,-0.531055799256422,0.275660232130465
-0.618415,-0.45883575847284,-0.25831976730539,-0.438673611611454,-0.0594941679389314
-0.901016,-0.707715488246511,-0.435622829609231,-0.538640700142319,0.0423062022900764
1.42553,1.08011382330252,0.614128357939857,-0.535162386740453,-0.577986623178348
-0.65964,-0.426138996191832,-0.221155692827153,-0.418960999580568,-0.0710310593337959
0.104482,0.082586422090323,0.0398485421523698,-0.513956230017333,-0.50729271165857
-1.10449,-0.92398809511889,-0.471023221918461,-0.658156530392768,-0.293683638098543
-1.20468,-0.950805853012217,-0.521173483215934,-0.618841064142514,-0.294064524982651
-0.575393,-0.315116671379803,-0.238937510044326,-0.512596930993776,-0.223131603053435
0.788837,0.59800748787148,0.32780958475298,0.356239042076401,-0.424562213740458
-0.6096,-0.385228552383018,-0.275615745809458,-0.497196104737551,0.0675848740458015
0.74268,0.588917264321369,0.310367280014136,0.577795485505728,-0.268695272380292
-0.823565,-0.610245406354032,-0.394823340095848,-0.18713178094939,0.185605366065233
1.89844,1.45058792505952,0.641290848662839,-0.330745023942778,-0.648215271686329
-1.14653,-1.02440026608677,-0.624634941603934,-0.828092607378991,-0.0901403115891742
-1.21581,-0.987646721943383,-0.525806542042644,-0.852091314395378,-0.371985312283137
-1.02121,-0.811822832948089,-0.469400248647645,-0.846435469395028,-0.449632778972936
-0.593175,-0.461331974326844,-0.248304160472528,-0.842530242070698,-0.499519437890354
-0.892575,-0.664936772994922,-0.386792275015126,-0.764259725870593,-0.228336455586398
1.3657,1.03810893080001,0.56642078760361,-0.521411111625695,-0.735325025329632
-0.689145,-0.446690781252538,-0.308602443924384,-0.482175450995684,-0.168948665857044
0.111921,0.0719383698178683,0.00292477170181099,-0.493861469562993,-0.528658753296322
-1.12804,-0.961181189105761,-0.579891394422253,-0.731816421247733,-0.272659489937543
-1.20793,-0.964984095872388,-0.55314875398851,-0.688727080785542,-0.263042354267869
-0.574153,-0.326781261654583,-0.199789217523547,-0.500117418135785,-0.232527166897987
0.819885,0.633542321708675,0.32970478236191,-0.085239938223494,-0.436770475017349
-0.801132,-0.588734378024705,-0.369055793712468,-0.497937965096732,0.201686298056905
1.94912,1.49293181964402,0.786612283027282,-0.163419420664299,-0.520043613115892
-1.03129,-0.835727279327382,-0.507297259585102,-0.539310227583851,0.165217184941013
-0.57127,-0.435071651202761,-0.204681796455447,-0.435191605336559,-0.0934225270645388
-0.907204,-0.713390916320498,-0.435354714803236,-0.540934436110367,0.0526214909784872
1.46525,1.13501372816099,0.713504334287318,-0.507563080573872,-0.549764320610687
-0.701163,-0.485807310565263,-0.329490934889241,-0.507231194905346,0.00969787126995139
0.141732,0.0987691072331543,0.0945968340381903,-0.396409879022286,-0.41315657147814
-1.02925,-0.81327435058654,-0.507000868452689,-0.542533709425188,-0.170481583622485
-0.582263,-0.429459587868226,-0.266118017675161,-0.428274784632211,-0.31419328556558
-0.91515,-0.685672874397146,-0.419334866192435,-0.60625787288684,-0.106625926439972
1.40977,1.09139128593622,0.554494236534933,-0.518588649657112,-0.669799202984039
-0.740279,-0.492507777392968,-0.306378668626821,-0.502639969250013,-0.116813279666898
0.147221,0.102115219679492,0.0941701383887733,-0.495354693100872,-0.536852867453158
-1.13511,-0.953017295581823,-0.607060950342973,-0.710598175751536,-0.268449876127689
-1.19404,-0.937380940526754,-0.567953102724276,-0.682540701976963,-0.266616238723109
-0.577045,-0.315140412141744,-0.226400748753419,-0.514265040178056,-0.252175168285913
0.791481,0.620144714665129,0.312409038696241,-0.0827090660963036,-0.448925919500347
-0.803974,-0.581956369850612,-0.340269824700025,-0.426149645037135,0.150407694656489
1.9574,1.502749671427,0.75409994240452,-0.23335214228835,-0.601642358778626
-1.02825,-0.907839491582875,-0.532457836511815,-0.657834757664344,0.0709918563497571
-1.19744,-0.963119206791502,-0.576519046835993,-0.587148855271115,-0.0184817734212352
-0.350981,-0.155160661493311,-0.161524110556827,-0.263091923694978,-0.161354410131853
0.54556,0.468658620564731,0.192719428240466,-0.0797474980568301,-0.303676130811936
-0.595853,-0.404720734162575,-0.238382570358493,-0.37420489119742,0.133770700902151
1.4439,1.14089975765648,0.51966747484243,-0.171194448089126,-0.458233880638446
-0.863331,-0.694581386705941,-0.404413580926208,-0.467686962392867,0.0615877263705759
-0.652791,-0.489276626206463,-0.316636862368941,-0.362322611035044,-0.0895945808466342
-0.756055,-0.529712486970277,-0.299050902334164,-0.424841146387932,0.071203138445524
1.18661,0.909351552849879,0.424972661561549,-0.459021223956929,-0.344816349063151
-0.427099,-0.235957372571862,-0.223714205215496,-0.44596029557727,0.114077038167939
0.0285604,0.0552575494797408,-0.0689291307252376,0.0458820826408393,-0.0745474885496183
-0.635175,-0.435333986109376,-0.29498086474815,-0.214754187465855,0.22093552185982
1.80465,1.42003491594947,0.606240345558901,-0.455468248045711,-0.413010784524636
-0.9053,-0.739025698393972,-0.41498890038294,-0.485521582738689,0.190081834489938
-0.572336,-0.427353390978056,-0.271960455612125,-0.38971298657172,-0.0679806922276198
-0.784201,-0.589431884499278,-0.387013615978475,-0.43520729453107,0.0437503460791117
1.39788,1.07078857089484,0.549912962521374,-0.415438076520718,-0.475113372310895
-0.477871,-0.298536613046402,-0.210754409958205,-0.390679120644725,-0.0154693546148507
0.185087,0.139920148836287,0.0256720253751697,-0.385782198834555,-0.428577673490631
-1.04621,-0.91516324096134,-0.5776869677162,-0.645702288311747,-0.258892207147814
-1.16302,-0.919315639176207,-0.549449980582073,-0.584233053353362,-0.287578716863289
-0.386969,-0.185965889322389,-0.147435724947362,-0.396529915639111,-0.326276124219292
0.879035,0.66833768331979,0.249776766275364,-0.759124858448136,-0.604122116585704
-0.928945,-0.741671407856203,-0.416022056296263,-0.683224921829348,-0.123895155447606
-0.558965,-0.406393751864057,-0.287230984759982,-0.334215274629323,-0.244102451422623
-0.806301,-0.61102045830119,-0.394279769840543,-0.493926824608145,-0.037375418112422
1.50745,1.17175153643813,0.568738644963122,-0.440872239370395,-0.535412950381679
-0.566164,-0.359146193824643,-0.200168946237295,-0.4021937331422,-0.0189335034698127
0.191955,0.146582755244229,0.00477288082949465,-0.419347423236458,-0.428906622831367
-1.03228,-0.922993145388428,-0.552446739400302,-0.662651447727047,-0.18213823907009
-1.17312,-0.928761179996565,-0.528061866092787,-0.587112096539346,-0.158112094378904
-0.436039,-0.224202505053664,-0.181176188596678,-0.411797702075857,-0.171317362942401
0.932883,0.745593972677729,0.335974937953027,0.036614599129638,-0.387680067661346
-0.718062,-0.546288109894319,-0.377538672553485,-0.370546362216975,0.167711833448994
2.05089,1.63963730713249,0.768096025549169,-0.122872248810052,-0.656298737335184
-1.0606,-0.97911268992029,-0.52516343428906,-0.761035666546106,-0.0422472328244275
-1.1647,-0.974703899529359,-0.518918146097292,-0.772585398899436,-0.271353587439278
-0.951441,-0.773585730572779,-0.449232463559243,-0.795740419982093,-0.359974123178349
-0.518636,-0.405028723601923,-0.196832194169924,-0.776141739656867,-0.394385489243581
-0.847816,-0.63226363096227,-0.40157445497552,-0.690814714025328,-0.035904988202637
1.55032,1.18682338987549,0.646193741256079,-0.424846759050262,-0.519373441707148
-0.57656,-0.357244348627717,-0.207533899476138,-0.406248838200423,0.194588579111728
0.237454,0.202331688767255,0.0365085130850243,0.152215589497779,-0.000253812630118005
-0.482633,-0.30680873926268,-0.202402848169779,-0.360614732191249,0.291594019777932
0.932894,0.709764834363365,0.320747396761974,0.230351021153918,-0.0245231943095073
-0.756629,-0.555781515484364,-0.379365969807126,-0.238071004068991,0.491247454892436
2.14921,1.6543102377357,0.783233899910719,0.0815018489708148,-0.348325507980569
-0.641997,-0.465253295349062,-0.243853451175703,-0.317118489472334,0.246555838306731
0.241881,0.194477688694646,0.0934032016464015,-0.438441852881756,-0.293424775156142
-1.11401,-0.960865563070062,-0.582128524099655,-0.668327510240389,-0.0823183400416378
-1.16053,-0.926119625759572,-0.559270365453301,-0.651529219260825,-0.13864540111034
-0.490274,-0.27725654249005,-0.16894067974054,-0.437570754637632,-0.114513419500347
0.999487,0.800500459113717,0.334262657022113,0.0575403698070127,-0.34782522241499
-0.742294,-0.572557277494829,-0.297455073330765,-0.453751816629129,0.337040048924358
2.22036,1.68756665340374,0.838782352670819,-0.0435245225407282,-0.451685526370576
-0.982112,-0.803221746621684,-0.440741841016671,-0.49265008018371,0.252661872657876
-0.51972,-0.382068016361359,-0.242170798393117,-0.403935304865662,-0.0424548566967384
-0.844149,-0.683245379493708,-0.351260823156403,-0.650210051547902,0.122747117279667
1.65315,1.24363450087841,0.652332579574325,-0.751496927083321,-0.530819883761277
-0.986917,-0.768032903549484,-0.471780777361243,-0.644948631365333,0.111280839000694
-0.533728,-0.372669236813829,-0.267354663451365,-0.440219405800537,-0.142880193268564
-0.834578,-0.634986855336321,-0.376347042314967,-0.493143291711354,0.0562437942401111
1.68119,1.21645798187006,0.638607501582748,-0.423783452448294,-0.51847937925052
-0.594961,-0.389153784011837,-0.239962799958825,-0.401093695534758,0.0490787397640528
0.275558,0.20636337076611,0.108801480570562,-0.379414661062088,-0.424533142609299
-1.07915,-0.933354254072225,-0.589534466450516,-0.652726087766965,-0.150174687022901
-1.1615,-0.925442811237614,-0.553372271897751,-0.614167250746927,-0.139994242539903
-0.458192,-0.265304294091587,-0.180779232844977,-0.415508106648517,-0.038444630464955
0.972053,0.753509394459818,0.359092217838735,-0.0251368786618339,-0.195637359125607
-0.74604,-0.551869943909121,-0.330241612700933,-0.560090160483696,0.512049823386537
2.1664,1.67698787604179,0.797310944862374,1.4618421144985,-0.139044149548924
-0.747869,-0.573286336617009,-0.304264740239508,-0.497211524968955,0.740403639833449
2.31751,1.78222867247502,0.920740146643996,1.27178526709398,-0.185334875086745
-0.972993,-0.821948000781647,-0.474282644588317,-0.46559915278206,0.459995518043026
-0.480442,-0.377052173324682,-0.202546698292999,-0.381897506192528,0.0771765596807772
-0.858374,-0.685278914697496,-0.421700559038939,-0.477389970090411,0.193978339694656
1.69435,1.26757537002865,0.66374902148899,-0.428333675683316,-0.499652841776544
-0.650473,-0.440191100720512,-0.258662665579127,-0.409807609611427,0.0641883657182513
0.25932,0.207522333801417,0.150353164804501,-0.398310560984402,-0.435834436155448
-1.10909,-0.941804946440444,-0.60205119962184,-0.662794066109888,-0.184900728660652
-1.17806,-0.92501293915193,-0.55737884289794,-0.63008830516479,-0.190094268216516
-0.479371,-0.267507379274366,-0.165069183976606,-0.418771120184047,-0.104680100624566
1.0279,0.758234255251996,0.336809615051895,0.275459360508057,-0.323038033657183
-0.543932,-0.3401791005662,-0.199060476517318,-0.398318110166066,0.232036349757113
0.996802,0.738821583829218,0.324726061290012,0.670102700647491,-0.148011038861901
-0.775397,-0.583265707515532,-0.353311339349349,-0.095454705744264,0.369996648854962
2.27985,1.74209163869395,0.896416394631372,-0.16578977998874,-0.560301130464955
-1.10555,-0.9863410119579,-0.583918977361319,-0.763519294282353,0.0668366672449687
-1.18646,-0.984436346324929,-0.530952690796233,-0.785047415178375,-0.239766314365024
-0.947404,-0.781766655804845,-0.446697475725162,-0.79006265378022,-0.325332641915337
-0.485283,-0.357120815421616,-0.19108820347894,-0.759337770104115,-0.372833878209577
-0.826517,-0.639971413589194,-0.371423577796059,-0.679697538452168,-0.0620398299791811
1.75264,1.26565332062012,0.685179781235522,-0.382601063132814,-0.639013856349757
-0.587141,-0.37950990315334,-0.253221361550612,-0.355277104851212,0.00573859299097851
0.341324,0.234277996458227,0.188572905719729,-0.35304353671207,-0.408812065579459
-1.09037,-0.91952006774822,-0.517821131091458,-0.632191727776174,-0.120211583275503
-1.15439,-0.901636215278103,-0.448377762517262,-0.601933234333038,-0.126845321651631
-0.494489,-0.272862242022749,-0.156523366514087,-0.379502576337398,-0.0921985111034004
1.06579,0.803418252164307,0.424795037548463,0.0975499567807099,-0.333265974323386
-0.722199,-0.561048850521047,-0.31424949682988,-0.437849750152036,0.362055473282443
2.24155,1.67911609614032,0.848758371517742,-0.0031416620583648,-0.424816282095767
-0.992165,-0.791696903043766,-0.45636293156943,-0.480169903890426,0.314574481263012
-0.500394,-0.367540623277043,-0.246238234834255,-0.384532991953235,0.0341514576682859
-0.865732,-0.66321059039499,-0.355975888574574,-0.490180992586359,0.196883182859126
1.76055,1.32573780874607,0.697409833562833,-0.419847631438554,-0.466635086051353
-0.64603,-0.449970325669304,-0.296479327158061,-0.438072976581086,0.162238339694657
0.313635,0.231951035344754,0.0248827958140229,-0.295791958300346,-0.30094930499653
-0.981415,-0.782568412247301,-0.445171712281451,-0.456610110910171,-0.0196182456627343
-0.458207,-0.340608313930796,-0.114087696916878,-0.358110266686127,-0.173450698126301
-0.841409,-0.627018495265132,-0.352870918251655,-0.501221512957129,0.0724517522553782
1.79676,1.2707138091245,0.634141649282478,-0.373658736471205,-0.559186209576683
-0.606157,-0.413158273106405,-0.172463771090956,-0.377473557855199,0.0623040267175574
0.37592,0.271302108082817,0.131035361669301,-0.342099922957438,-0.411284045454545
-1.09352,-0.93027360425143,-0.554501740664619,-0.644102835388994,-0.112045188063845
-1.17735,-0.930060587640424,-0.556822813066047,-0.605733488136173,-0.0970575846634283
-0.496271,-0.299384379419525,-0.174669435612365,-0.414847586918173,-0.0715875000000001
1.10268,0.852390091110464,0.493949749394789,0.0755651610355821,-0.265354754337266
-0.763364,-0.546995668299191,-0.345394467251356,-0.209398221244413,0.462976265093685
2.37994,1.70211498467868,0.891522263760941,-0.00100486812098116,-0.293091851839001
-0.34733,-0.413733909008612,-0.178562106134426,-0.211370952014637,0.360493846287301
-1.23704,-0.969568046977363,-0.586796155258907,-0.00749910696658337,0.515113294309507
0.75419,0.728193039865427,0.391734532960376,0.461935273565947,0.0786371644691187
0.402571,0.342897000776335,0.254891959363718,0.28730036029349,0.278246884108258
0.432303,0.39959266813496,0.235743271129394,0.306656821168011,0.361467545107564
1.15297,0.919063989631106,0.635724457724406,0.204079816025155,0.111057670714781
-0.0370208,-0.0741594090081371,-0.0727719873608807,0.18771057466281,0.304522500693963
-0.739004,-0.52661609741812,-0.278459288030898,0.436165160438816,0.441866552741152
0.230379,0.203932008165594,0.0844379127436885,0.308550135848358,0.287883055517002
0.842235,0.621098326150033,0.532074649970711,-0.0317177076540776,0.265666581228314
0.729427,0.659640783207159,0.316656501716903,0.314372712746689,0.315648878036086
-0.120618,-0.0850912094024258,0.0146765728232121,0.740744547775383,0.519780926682859
0.54156,0.441830003536755,0.226752788058151,0.57256517502203,0.40497215943789
1.34751,0.993858797804023,0.634222815361526,0.07994823562377,0.208033957147814
0.0250361,-0.00968061856447761,0.0121924735994516,0.151913145439891,0.405721659090909
-0.734249,-0.537253033854104,-0.311723952398878,0.533826065258125,0.487264173490632
0.332183,0.249069435219717,0.181725940526338,0.389327317336478,0.232205894170715
0.950805,0.647257280806589,0.470120589414364,0.0347929823253694,0.175317473282443
0.820038,0.677026671274116,0.34850344927494,0.135861671802711,0.148921356349757
-0.0721335,-0.0698350055648567,-0.0242714984826519,0.0958801173058525,0.185570055794587
-0.250079,-0.31246581375521,-0.161579601887484,-0.165448604186839,0.0511679715475364
-1.22929,-0.952000259780373,-0.591405493631921,0.154658587557471,0.325894483691881
0.967023,0.874367814599367,0.422466684516295,-0.0882452749791235,-0.105931897987509
0.592008,0.413775887818756,0.340373813897276,-0.260404211971397,0.0819850190839695
0.0972057,0.00554239407110866,-0.0243307776081413,-0.0664674523528564,0.161699095489244
-0.678004,-0.497964375620095,-0.230601403165261,0.511800354770282,0.376634772727273
0.321854,0.267804485001926,0.102680962721954,0.350359675932911,0.218472682165163
1.08572,0.757285764709276,0.531730063610065,0.0829679835456837,0.173066852185982
0.826747,0.669012928760023,0.270778008961591,0.173112058232303,0.176931162734212
-0.0403543,-0.0648706921963554,-0.0105816293364246,0.103087004728475,0.234843989139486
-0.216528,-0.277132774866851,-0.127346577907307,-0.10628138470844,0.163629681991672
-1.20411,-0.913989345176205,-0.552960033053155,0.184644171597754,0.475608503643303
1.00543,0.899041510786784,0.428130357449589,0.17241895284537,0.0515664269604441
0.539901,0.392595249150436,0.259590410545532,0.48918913334021,0.332488713913949
0.641495,0.517548393140322,0.284917777989198,0.498779849086337,0.336313371165857
1.49884,1.08155185442765,0.6995604046472,0.296493284368031,0.0191252963219986
-0.185559,-0.24752493591463,-0.0833681105303731,-0.0142055842516077,0.217928828938237
-1.21334,-0.908611754178199,-0.533670439293816,-0.0848369564558522,0.313418456974323
0.137437,0.0872433561487918,0.0545566120472939,-0.0447896242112236,-0.0829372636606524
-0.673301,-0.50563130141465,-0.284229744332856,-0.214050491637029,0.290232480412908
0.451147,0.33917754915679,0.135772205255636,0.181757145100417,0.238233945957668
1.0919,0.714590333601446,0.563696663413105,0.136156330240496,0.296291703244275
0.940663,0.784085079364395,0.364348977866347,0.678246392208429,0.482180267609299
0.00358173,-0.0230319529453265,-0.045647804969716,0.758942922555148,0.823088280013879
1.10418,0.989071828857611,0.4778959433639,0.776353415044237,0.594212755163081
0.585853,0.434278090706782,0.224838699830203,0.680982422815477,0.801926836328938
0.685844,0.548169306907487,0.223171099377424,0.88085093799974,0.772136186155447
1.58683,1.2152739155773,0.695945010100705,0.611787463853973,0.508423216620402
0.921906,0.72960042825161,0.337982225955092,0.625676287264945,0.50269935370576
0.00796673,-0.0291496721512014,0.104421371046837,0.228426256373304,0.491451503469813
-0.100237,-0.234048528068081,-0.0880453852991806,0.0269819245472653,0.335203297796669
-1.19645,-0.924903370520028,-0.592349072189464,0.310890505832299,0.653790766741846
1.1939,1.02141538710303,0.469864585832799,0.304980647770117,0.21526219925399
0.731881,0.466833027319189,0.28436374447001,0.645522427321342,0.539491008865371
0.816698,0.604224150347628,0.302036179039742,0.690083347913619,0.654953530579459
1.77066,1.21831024311986,0.733113397515332,0.526703614514473,0.40736410721721
0.286942,0.138815941565398,0.0934678230233476,0.552910030054156,0.617123611380985
-0.615436,-0.454851833732117,-0.257343303622229,0.867221443988162,0.743500929215822
0.594888,0.399552349599315,0.241788865747851,0.500419110651382,0.456156313671062
1.33856,0.723118350431291,0.564881683200903,0.015441475661934,0.317816531228314
0.333809,0.174649551354732,0.088425096357224,0.298136876394789,0.500343904927134
-0.592432,-0.411806663194704,-0.285280980290024,0.805528890739396,0.68107214500347
0.632998,0.43781051064394,0.210748270957737,0.688374155886685,0.449372265961138
1.35575,0.80025461521577,0.541926121886825,0.294695760602114,0.410582756939625
1.15133,0.849810481592138,0.405046482065734,0.414159751338483,0.398222446044414
0.136334,0.00414383668546675,0.052556301387795,0.321498618906188,0.457785661172797
-0.0399171,-0.198214515413187,-0.119213338981375,0.0988882855615599,0.364389006939625
-1.18311,-0.893984105049012,-0.564518444824364,0.409991297624039,0.743535222241499
1.2819,1.09957296296706,0.538585583047534,0.378767897462544,0.367993073386537
0.810767,0.503684513205577,0.334239157716542,0.692122465860895,0.755011836745316
0.896289,0.675010572434582,0.350318362958584,0.899879013435549,0.904630561936155
1.80259,1.36074485394428,0.78695699666018,1.62086272142936,0.797708987473976
0.90251,0.646768162556142,0.298698145578888,0.928019590869107,1.06589993580847
1.8369,1.22539654341273,0.71265579639262,1.52435156817609,0.726395612421929
0.352386,0.175576400066908,0.124967548646338,0.739533334752298,0.852238222068008
-0.564021,-0.433636917916784,-0.282611339458994,0.930071003134339,0.918178428903539
0.657462,0.442994249915579,0.211496004094692,0.777025072911531,0.59313469240111
1.32703,0.721346902551591,0.54104342628311,0.324882890480117,0.488818147987509
1.26751,0.879212976761204,0.507034201366484,0.434400402003868,0.430469762491325
0.168669,-0.00662490857225006,0.0579742220536916,0.356343215466569,0.515794407876475
0.0196001,-0.156749506783605,-0.0654242417284129,0.159708309400817,0.392509189798751
-1.19352,-0.898326278990524,-0.559274873482608,0.469829238192746,0.784328011623872
1.36132,1.16920586348306,0.506923448547417,1.03296121482015,0.379823297189452
0.829768,0.515228253201235,0.355812949820149,0.727029776363021,0.761161960131853
1.39956,1.1820605315712,0.54692538063362,1.08542287366705,0.690444635149202
0.847411,0.588735493794175,0.344023877456103,0.988052233502597,0.866518569083969
0.938885,0.691831082566008,0.354222829310709,1.06656454634194,0.778965509021513
1.92395,1.29584712003226,0.774451164812112,0.561668408865178,0.352197277238029
-0.0360664,-0.143733808767853,-0.0737522108374517,0.228542534225197,0.502653765787647
-1.1943,-0.907958992516593,-0.561364247471977,0.100794672771223,0.541534522900763
0.317533,0.198249275151156,0.113085763167502,0.128824298753233,0.0890621415683554
-0.572623,-0.420990341034686,-0.121959085631743,-0.0581598613915998,0.457329466099931
0.611443,0.470995592329901,0.220831618137527,0.393789751987294,0.33837364555864
1.49304,0.896933384070267,0.642475075584771,0.315383250378443,0.297197128417766
1.2332,0.88526184805714,0.429464452784716,0.441023818653832,0.371973845419847
0.179546,0.0370367562628193,0.0679004522384741,0.349936378008628,0.505434430430257
-0.0492677,-0.186263491819792,-0.0850141694915295,0.166063551683155,0.425317811242193
-1.20485,-0.921320781642117,-0.564741581418745,0.461099262817952,0.801624191360167
1.45026,1.19143071969226,0.634981986613475,0.399677511982737,0.315938307945871
0.911905,0.587486551629737,0.394635278971098,0.782326905863246,0.66824220315753
0.904033,0.710176488777006,0.320614611139881,0.833057672558222,0.798104783657183
1.98721,1.36826567205186,0.861934220300591,0.654516350608374,0.524604906766135
0.310229,0.145814934643727,0.0815761836560441,0.647779978685296,0.806383055170021
-0.539894,-0.399366498077733,-0.197931877350655,0.967888026849812,0.937397564885496
0.630832,0.485992412722518,0.302136282448035,0.813479914403111,0.665787245662734
1.57433,0.987493397935853,0.658777008166729,0.353920546901517,0.523859884108258
1.22665,0.909858573711186,0.450036309424651,0.516059657941381,0.576622715128383
0.255015,0.10586410302411,0.107251254104851,0.392012536613842,0.655537752949341
0.289262,0.177208097670147,0.0804466092937997,0.520775987496493,0.508644732824427
-0.537198,-0.378095598727542,-0.21797775969476,0.599628020611697,0.736166480152672
0.639553,0.463484422614041,0.189627279982548,0.57355610300846,0.532849874392783
1.56311,0.965675155025147,0.707337562336715,0.353764225525054,0.430610279319917
1.28137,0.955454007894404,0.482919283884642,0.483737296652462,0.45513531054823
0.272994,0.112954402454426,0.104853033603594,0.424704907149816,0.531640128036086
-0.0674702,-0.211332172948279,-0.100037421690948,0.186988688877053,0.47583206870229
-1.20149,-0.93591775683598,-0.558906112585631,0.500469872119891,0.831828009021513
1.45717,1.2281146108957,0.633268140657303,0.442675181090162,0.328863006592644
1.04178,0.700420949772405,0.449635033574882,0.839845073329411,0.655646882373352
0.920747,0.713873659627187,0.305626199735199,0.884402132516431,0.777171707841777
2.11701,1.51823274867135,0.918746210543181,0.638079522743636,0.403503572796669
-0.103341,-0.242841993395758,-0.121918305886926,0.339896566737337,0.813928303261624
-1.18239,-0.958411971167593,-0.604853387428059,0.722542092886685,1.04885676682859
1.4502,1.23175584009948,0.668171348801854,0.792754565598245,0.486971873351839
1.0552,0.704041296177058,0.507022931895111,0.864252540393195,0.780481529840389
0.935843,0.721708071767291,0.307612353461768,0.888070853134983,0.925175917765441
2.15978,1.49368897695884,0.945209234889835,0.72721113080745,0.559259043719639
0.289697,0.156148651952578,0.0753724028657557,0.716732954587087,0.885184311589174
-0.485351,-0.380954479393104,-0.167327773244239,1.0033721033004,1.00696665648855
0.676112,0.489275516245258,0.261340977653269,0.847005961154586,0.824291691533657
1.61695,1.01428060856519,0.788433854056505,0.395349788967107,0.741586261276891
1.27671,0.981330526141574,0.525385089652476,0.79180399111015,0.846110974323387
0.327246,0.183376072992282,0.156663736452845,1.3637672875306,1.04498818251214
0.990774,0.729280283135886,0.35762703318372,1.1408451855344,0.935389628383067
2.17051,1.39049066836415,0.905965853799659,0.499874965731927,0.626910174184594
0.339862,0.18635879474138,0.149859453125577,0.590278174514949,0.907371349757113
-0.503782,-0.379214216930077,-0.125344053283017,1.03761673694201,0.959307495211659
0.68709,0.490538968630228,0.320889060418392,0.868440557433477,0.669146428868841
1.64567,1.00067238609414,0.727783123824422,0.394431941158465,0.536598401804303
1.28685,0.959775611763102,0.576538704222179,0.52387450636434,0.545420548230396
0.28618,0.121246206002637,0.194225022584489,0.42167910453932,0.540365848022207
-0.0849348,-0.215222888228189,-0.0871368600809775,0.213418166104559,0.405738943442054
-1.19466,-0.916710298087709,-0.562043761107005,0.517956080271338,0.715892599236641
1.54338,1.25484146139355,0.700860214090741,0.192020151998551,0.182845813671062
1.12084,0.662721682864843,0.488997042765384,-0.0503159434195334,0.392559949687717
0.300262,0.159192329661837,0.118610130601296,0.291281957240732,0.539052022206801
-0.483303,-0.357472716899278,-0.157221824478768,0.950521962231833,0.755403428001388
0.671206,0.488743393186305,0.282027758815443,0.748999609645135,0.587747625086745
1.71688,1.09699646138384,0.744558752914414,0.386708761922532,0.503511673317141
1.25628,0.969604972910164,0.536690285064703,0.551396307091157,0.546031026197085
0.318591,0.138132859779165,0.202910124676055,0.447374859908711,0.577617340215128
0.0121693,-0.151343855766965,-0.0648203036790422,0.26221717728997,0.517004534004164
-1.20869,-0.937293478036581,-0.580236788950946,0.565424266920913,0.899176219059681
1.54022,1.29268506712022,0.669615858335216,0.49198937106698,0.37719371462526
1.07002,0.713288003788214,0.486792375644154,0.931676795741832,0.693662827637058
0.990645,0.767913318022783,0.398150107240495,0.958375901614187,0.752334845506593
2.2886,1.59469211773128,0.985379636714591,0.681265697670363,0.27304484186005
-0.00261957,-0.122270005818979,-0.0310501482673031,0.320487948539761,0.53341551387847
-1.20054,-0.913576796245056,-0.561850605778209,0.57985205191095,0.566019475112659
0.33994,0.228720827698372,0.122409902355701,0.169224491926384,-0.152539578291384
-0.478673,-0.421054512310807,-0.149559815852029,-0.413405498762262,0.104700792331714
