1000
0.884294,0.339901865698468,-0.35254348233529,0.303921213365481,0.648574058797902
0.795259,0.202043792294889,-0.522302912872151,0.309123785114464,0.307592507620161
-0.315282,-0.0217170048929338,0.142687973308406,-0.143968571140093,0.686818014848706
0.610244,0.0600671299790971,-0.415314737882072,0.209251312335204,0.0944572344227704
0.329887,0.134743863399921,-0.0188739232704802,-0.0274585059681974,0.4410054357917
0.315661,0.00409064400114875,-0.260788991132693,0.108719687110842,0.568068229861971
0.794376,0.215169188455463,-0.223327171270507,0.21074545963645,0.514035059825949
0.764465,0.142847425853759,-0.333368956314892,0.271402936656062,0.550771170542341
0.544558,0.147455438466448,-0.116882425279861,0.0597248476795469,0.0960560704597256
-0.64686,-0.210448171123986,0.368383999250502,-0.148576191141014,0.233748982037073
-0.0927443,-0.0539378230259027,-0.0522930425308573,-0.185910087464152,-0.332588857098836
-0.181706,-0.0760438662013375,0.106195076589377,-0.0321373736948331,-0.231846992692101
-0.0845607,-0.0251119957123138,-0.128550443024191,-0.115364798915714,-0.900076519078636
-1.98229,-0.461329564264604,0.991990539928037,-0.573982182016194,0.156297061767815
0.425309,0.102016383217766,-0.297233784109568,0.235349389577267,-0.684962410461638
0.372615,0.03847060963846,-0.1240588455517,0.148500501742341,0.0974570467979131
0.266241,0.0532093926661757,-0.170860049335625,0.0620228080363422,-0.293571762308669
-1.00332,-0.217844418387196,0.805082877004246,-0.617849167493334,-0.0853803932709422
-0.523032,-0.106854657705172,-0.0657150278182293,-0.247693198302696,-0.413831127738138
-0.122697,-0.082016015996057,0.150109323725762,-0.15151647633596,0.0106329150068271
0.651719,0.135352319926994,-0.408643530425498,0.287321018061038,0.0169764943709788
0.392797,0.0938023701770749,-0.379106981045427,0.255459769975952,-0.106076501089145
-0.794607,-0.069282200959212,0.0139812609871847,-0.332479682499838,-0.00139583546734953
-0.583138,-0.144891813134651,0.399396357954734,-0.404408117207198,-0.0394948076808645
0.576022,0.105465205037831,-0.274845841719472,0.162503077219266,-0.144369688680328
0.299339,0.0323037607039883,-0.16303985901584,0.138891130756162,0.349243741952279
0.472716,0.0891969371574406,-0.13576789071984,0.00522227876098146,-0.192115142874599
-0.791935,-0.203142709234592,0.645727694470054,-0.587951608305411,0.138837937700894
-0.208241,-0.00648938425363463,-0.028685607220867,-0.269747250365588,-0.284156349931729
-0.0769532,-0.087392502964243,0.135203889848908,-0.144616597843907,0.209076313832144
0.748057,0.126391425212107,-0.415752554332453,0.253538082585476,0.11395269901605
0.469829,0.0502149949896713,-0.407496226281558,0.234073198698851,0.0906954830863719
-0.369909,-0.00498797436069458,0.0699012167093849,-0.362518063273708,-0.167661239936033
-0.961683,-0.284788153121633,0.386955818855559,-0.392266477561716,-0.154097731964021
0.0739816,0.0336725633354089,-0.0826894958413724,-0.134823226428875,-0.861825201224093
-1.16524,-0.283650298219701,0.953545997616907,-0.710046514772384,0.368979732139347
0.828348,0.170572701522683,-0.416854929461888,0.276049156940824,-0.170539661161613
0.668711,0.10012603627901,-0.395746873719229,0.283392313285324,0.579728367432433
0.637653,0.133222663505549,-0.245422352952812,0.153068743069821,0.536960468058825
0.45861,0.0523132223474587,-0.133875416896131,0.136139435987153,0.428022704779488
0.397929,0.094632174468537,-0.145689083292248,0.0584946299847879,-0.164108836495396
-0.925996,-0.191334076692713,0.713969505023523,-0.536732736391267,0.115882007592139
-0.203738,0.000350116582505404,-0.0165896032941124,-0.211896490148446,-0.383993575182897
0.109616,-0.0434260561241447,0.1648718444473,-0.114368211710005,-0.593314695509534
-0.951957,-0.177519248215341,0.0294986323998819,-0.317043644492097,-0.292504262398988
-0.623488,-0.164599712161217,0.450944842489097,-0.37215407062285,-0.753477993752025
-0.557426,-0.0393398358096329,-0.0977861396648839,-0.146901949543699,-1.09664950422376
-1.7008,-0.415816376719176,1.0137464000207,-0.731728033051092,-0.609942348005802
-0.6967,-0.122526757373486,-0.0387465032002489,-0.248113019283202,-0.9536902264997
-0.528136,-0.173111502563264,0.173394700699363,-0.153703678647532,-0.167625033147205
0.537147,0.140106459052515,-0.413497104156388,0.307138308550934,-0.186090078492836
0.377187,0.0737181853352211,-0.398701890951786,0.289622307916555,-0.216644380063861
-0.76341,-0.129396716794882,0.063689639140481,-0.310491516838007,-0.32904925569012
-1.09256,-0.1964201430175,0.467852108043665,-0.373780928227506,-0.648313737072378
-0.581811,-0.0723520978116945,-0.0816093706569676,-0.169173560589579,-1.2081670599083
-1.67722,-0.365215396433517,1.01777650924104,-0.559334519024657,-0.233631966621684
0.205706,0.0794477530133717,-0.259860544677569,0.18433328328782,-0.744594196948507
0.0720895,-0.100825347155347,-0.128165664975318,0.0195746229946231,-0.118908339719266
0.148879,0.0442460426921253,-0.123275313056482,0.029916992921124,-1.0096928268206
-2.47159,-0.358479101466914,0.756197969518045,-0.619950792969233,0.16151616758757
0.234414,0.0697616175203341,-0.246477965375105,0.10978267952903,-1.07672842646145
0.00944451,-0.0136397348729624,-0.120812597065205,0.102017941025555,-0.325286340727124
-0.332166,-0.038018368884458,-0.142868483391011,-0.0266429200772492,-0.855914638723894
-1.82161,-0.363962144460465,0.751418355225967,-0.627125001753278,-0.656919743230033
-1.11699,-0.131383444599478,-0.0121502522786859,-0.246829164805385,-1.06440964394515
-0.708814,-0.179082104585715,0.157985070762771,-0.177546796319033,-0.378195711983785
0.469728,0.122498167336131,-0.423202140913876,0.285578532694773,-0.283221708668772
0.44014,0.0616716716540367,-0.394852803859363,0.283316022195825,-0.391789014735338
-1.14002,-0.126530476956256,0.0730528186416322,-0.276801212832514,-0.114520864090617
-0.634832,-0.167091385681439,0.472489665507086,-0.376124789603828,-0.806123328733244
-0.4069,-0.0573587999260687,-0.0922753156657072,-0.129259386130697,-1.53719458939226
-2.70302,-0.539281860110601,1.0457393199347,-0.527300344646955,-0.560466946804554
-0.437119,-0.0462976817369969,-0.08080154559192,-0.135160574081053,-2.18989837983009
-2.44745,-0.50420966338475,1.03179471303968,-0.575813907493082,-0.14468016911503
0.433435,0.0986696332084939,-0.243230363075338,0.166872582131069,-0.866287489236058
0.482374,0.0144965674934791,-0.118947704770689,0.158215440929834,0.17603806121793
0.518643,0.100549167623088,-0.13037118315552,0.0966546800300154,-0.221416353313392
-1.02006,-0.129291459087978,0.79716139932324,-0.516729488300624,0.279001996304876
0.061238,-0.0473282487402738,-0.00516654709557721,-0.167202321006071,-0.387547197228258
-0.126471,0.0228976732971136,0.203689945221599,-0.0735488569908894,0.379886424963208
0.863401,0.285940212217539,-0.400101482320034,0.405137195621881,0.249000639272451
0.766186,0.221336019653783,-0.378856261751999,0.367726338678945,0.238895840689934
-0.245468,-0.127238632797015,0.0696035870570467,-0.265283948109989,0.279668515043486
-0.138429,-0.0722735886374186,0.511955405606633,-0.329783061062987,-0.319562851339649
-0.596629,-0.164768840443163,0.0249641105439466,-0.238309127111765,-0.18966634250429
-0.308405,-0.058350778604872,0.51287648316406,-0.3172469004474,-0.214233046942158
0.265638,0.0238264653087433,-0.0638929586050599,-0.0517819311212916,-0.594929836559151
-1.14824,-0.253942808486454,1.08132406403612,-0.657925516363554,0.512339748930778
0.873338,0.280402682957045,-0.40968649243618,0.356711117995581,-0.116064624986054
0.725706,0.253974341374867,-0.380484714463652,0.36366347257847,0.636140638075188
0.696422,0.179210858494084,-0.242121036727147,0.20243699772422,0.621356868675653
0.56584,0.175194822780724,-0.0971589205035784,0.168823939980361,0.531833568446135
0.551135,0.107631785184561,-0.131179768358401,0.0813617695013099,-0.0499667699964403
-0.82205,-0.159202215033444,0.842393142662203,-0.556177287503756,0.322030869278667
0.0548633,-0.0634684117317425,0.00018768049824054,-0.172692180062298,-0.171123465458158
0.185981,0.0590370379890621,0.213143888531269,-0.0873182725344846,0.360672173665532
0.792675,0.31218728165161,-0.395306655794096,0.393079541129871,0.386139512116076
0.795669,0.283052008115431,-0.374089641792392,0.360070188249666,0.164097980541491
-0.376785,-0.143998996691191,0.0621561107684931,-0.234761413871774,0.230525544227265
-0.38615,-0.058736651311806,0.532803908505149,-0.280296626412157,-0.0731288164490147
0.223057,0.00151312281160255,-0.0618213153401113,-0.0254256798290673,-0.622037479776433
-1.1497,-0.24560083323014,1.13969843092278,-0.629472061319816,0.37441767253654
0.674296,0.183517990193112,-0.272939218320534,0.24413280757585,-0.34567870013787
0.260708,0.177130117583638,-0.0890376625657186,0.24693840867042,0.361701481181696
0.465611,0.116950146557012,-0.125607406366419,0.151811823768237,-0.196803452770945
-0.775223,-0.155192592251949,0.857143170161687,-0.510911351150026,0.150485756791219
-0.17723,-0.0878905564701735,-0.00151611102985464,-0.107659287369434,-0.253761009178041
-0.0201423,0.05254297728687,0.228188800822409,-0.0308050588917359,0.222846844792558
0.711126,0.207316818774082,-0.25442114633624,0.271367777649569,0.242616717302798
0.567682,0.200253377017844,-0.0834249054871281,0.223800925358844,0.484328789861386
0.534881,0.0883452276365677,-0.113258854875017,0.131944655488969,0.0110008290148283
-0.636737,-0.16724541617762,0.874043874133315,-0.479062738113459,0.241104152685141
-0.0839206,-0.0963591342245757,0.011269365154535,-0.0907273624046118,-0.186752019804645
-0.0373811,0.0371515447278582,0.236168039445285,0.0215839055932106,0.32470218887903
0.826116,0.353427311908463,-0.415803827934255,0.475802039746304,0.265080502457218
0.697819,0.319891001566962,-0.366524738967705,0.462983500151735,0.313491955124561
-0.0594709,-0.1557413054646,0.0893131965023779,-0.200908357223261,0.292932780699284
-0.153107,-0.0604736642772052,0.567320291809191,-0.193826297771416,0.0893518080511739
0.26372,-0.00537263804347853,-0.0615232209242697,0.0611278067770481,-0.394796325859229
-0.926196,-0.245689738209306,1.19899717550837,-0.520638879020242,0.502260014366091
0.90639,0.316221134484176,-0.544839956162321,0.366206475247158,-0.286720106329793
0.475773,0.158325143507656,-0.278078190875865,0.266958448344916,-0.409295696083062
-0.370251,-0.194758531075722,-0.108649655529668,0.0638706746389326,-3.61806375821508
-8.93293,-4.18423710611254,-0.0278986726105352,-0.537187268834159,-0.604633518839556
0.459552,0.0277707762945715,-0.291894227878442,0.27332647896532,-8.35078626005068
-10.7642,-4.19822116500929,0.333152523914353,-0.517602280969402,-0.116197319836788
0.704658,0.207873157641721,-0.408307565653252,0.432667135834704,-4.8908079453621
-0.663483,-0.396516819917155,-0.162285814044279,-0.0575629427688532,-0.242605181746458
0.764561,0.189525412178763,-0.263828245084353,0.382667866657456,-1.49067766481955
-2.75537,-0.955262854668686,0.239465026552812,-0.740691380715373,0.419056267966911
0.454436,0.109051730123103,-0.0801234825028565,0.243161559491341,-1.45106202855393
-0.754001,-0.380265436618016,-0.0583148376284125,-0.216271316934759,0.0204014662046211
0.474524,0.197705283071469,-0.136317023207106,0.351819093206264,-1.68613330984056
-3.34281,-1.13739927637495,0.206622276387208,-1.01705890954392,0.498056643745916
0.814594,0.283239941968614,-0.325510702640986,0.490198891866326,-1.41371499120714
-0.0643609,-0.0911507431620417,-0.200034491212932,0.17436783304962,0.212404060811493
0.662829,0.207468307822761,-0.219798819317966,0.426942318366248,-1.3799812586162
-3.26386,-1.55807103376274,0.187677131238823,-0.817843112143594,0.374937834636943
0.463524,0.0890253371182816,-0.160096998130916,0.290802577889847,-2.03111552157836
-1.71655,-0.97198784776319,-0.0259095825028676,-0.465088470813385,0.286338055015115
0.623764,0.325470394009704,-0.554111539392757,0.476429831375281,-0.557880805196817
0.485205,0.216388259802905,-0.377210865017364,0.401964929624689,-0.0696241110795288
-0.0702296,0.00392430346769051,-0.0991947174751231,0.206470951647994,-1.07348939169912
-3.1611,-1.5566336878016,0.13201981217175,-0.754618118763259,0.274984661764628
0.663198,0.25246519385619,-0.376881681475471,0.454779039295641,-1.42030947053995
-0.180457,-0.266475671080602,-0.177235981851099,-0.024590985168536,0.0758151311569909
0.477768,0.151723882672206,-0.281023833379135,0.370094089506219,-1.44956072121867
-3.27261,-1.40388980110969,0.208439441324346,-1.06130251960616,0.233746840117203
0.2218,0.0857495713685622,-0.114760929584519,0.251756472553639,-1.72139864794577
-0.973399,-0.507423491730774,-0.0647417190558045,-0.384694023758832,0.252129403711594
0.764519,0.361787787705847,-0.532467869367555,0.443714547922807,-0.183558731084736
0.558142,0.291754638458628,-0.43426695139969,0.415086964333985,0.323581640566143
0.312305,0.0436151518733065,-0.0408150199263353,0.148820027388836,-0.187368372423906
-1.11835,-0.700889490498224,0.0448333284887517,-0.79706269248244,0.252410667640699
0.637814,0.185863053205146,-0.158851044060779,0.339896480866414,-1.73559499111948
-3.17231,-1.08737019075625,0.230187357068716,-1.30996482144481,0.616819214152512
0.82473,0.375103788774781,-0.530701907234934,0.441057640160591,-0.901208724499391
0.845318,0.306469057975669,-0.443886035444638,0.396033606158599,0.53496011469496
0.850248,0.285614296870819,-0.310053925827122,0.412269340866187,0.52028367698344
0.250932,-5.77694626604226e-05,-0.194450855503966,0.0404962559893659,0.628330943199749
0.720615,0.20281905155481,-0.22216308067682,0.334693574384142,-0.475527813368328
-1.57857,-0.727467577951784,0.163811442452485,-1.14729479414163,0.50508202414449
0.478311,0.145624422660556,-0.0557114733077221,0.202316002403835,-0.82192945790321
-0.501299,-0.322533854676698,-0.105030293354506,-0.361349801231633,0.192488846624447
0.385966,0.109765358999232,-0.030957869515255,0.152916853446857,-0.740984560699922
-1.32425,-0.579170717771452,0.0202221349654867,-0.792427890835655,0.257740064440206
0.693643,0.187622697400538,-0.15489338611803,0.29343848161794,-1.68673990551798
-2.78889,-0.950543020718816,0.194276826863953,-1.44599249142059,0.489020895136568
0.673393,0.170414927709123,-0.0707647881380181,0.204182409140773,-1.22468984512621
-0.333331,-0.292382224131405,-0.105184057487707,-0.370533648735582,0.582363240167144
0.977823,0.365781923254256,-0.532737852742214,0.36737823568462,0.231629364151715
0.793337,0.312744100460551,-0.440507243008785,0.345754651254238,0.524726377675711
0.470416,0.133811985011499,-0.0142947914536467,0.102461198950049,-0.084279520829238
-1.17374,-0.551695763458135,0.040336894439807,-0.876288350590296,0.378934999157905
0.638689,0.224702279276842,-0.138385659444812,0.25849342372175,-1.47421507130182
-2.51953,-0.947190271122145,0.160280570215794,-1.43643121210576,0.580195828993577
0.831822,0.322623623202446,-0.320296549201445,0.352809552023062,-0.87941166342491
0.31141,0.0392311737492988,-0.229692892819688,0.0269299787641256,0.3893667744885
0.75866,0.255582394949893,-0.211643262645613,0.292276396671123,-0.708691361829977
-2.15768,-0.738376677942462,0.133506777935476,-1.23621845709149,0.656413586425
0.705015,0.284411963874172,-0.303941431423819,0.357405840981219,-0.798762534270884
0.11676,0.0278801170934221,-0.221264510062981,0.0280198257842086,0.281460373433358
0.558746,0.229161482534296,-0.216848142593591,0.326562393351403,-0.764753202429591
-2.02039,-0.779872642304483,0.100050583176456,-1.256063664318,0.374611902264359
0.386932,0.121419928134053,-0.0298105435386178,0.138303687462456,-1.07902924456357
-0.741076,-0.352222848838485,-0.138322052977693,-0.366292377186556,0.423997342453817
0.814034,0.321424973437994,-0.528577369604765,0.343072432092974,-0.0650133663618831
0.615921,0.271658076297171,-0.45468274448455,0.339320837398655,0.179779544801058
-0.0335838,0.0862664837548376,0.0100927964507021,0.0469272704691607,-0.398223193347183
-1.59925,-0.590667438837696,-0.0067576402763195,-0.844388957510408,-0.136194334035522
0.197013,0.156215727524695,-0.127354827376573,0.18622804052932,-2.35324986671253
-3.90348,-1.2969745866625,0.129232519183422,-1.35482642110353,-0.145249928514884
0.293738,0.125349851260915,-0.126240998611562,0.165299379380571,-3.34631453509704
-3.99916,-1.08100366383406,0.114875991446385,-1.3726616429307,-0.0230023517614932
0.294855,0.220504833397231,-0.298647322858009,0.295954658449437,-1.87805194478831
-0.346909,-0.0586417050729388,-0.243464591997693,0.0282700979135238,-0.213394660712673
0.144776,0.138173275867925,-0.208718498424976,0.232557802253506,-1.11746547635227
-2.21641,-0.756817335092756,0.0983776469501317,-1.14730257434648,-0.0174995604690763
0.100506,0.0690273468244787,-0.0472781286812805,0.12379651132837,-1.58205684045351
-1.61041,-0.448399967589532,-0.11107121650235,-0.330791145343204,0.162308790169535
0.546559,0.298141668583797,-0.51772386840282,0.330221396113289,-0.515223611363769
0.472971,0.212575805156578,-0.438166401932659,0.314656286934458,0.0133612412616021
-0.0712921,0.00082737173091207,0.0127457958584513,0.0274688215938621,-0.339171831410948
-1.28514,-0.515871040092881,0.0192029278444008,-0.790691515647061,-0.0843053735449286
0.060034,0.103594234727768,-0.0182519017837543,0.140465594385745,-1.29650214811312
-1.72368,-0.660586860608635,-0.0339798778923024,-0.754081736843775,-0.176707033269401
0.224767,0.130982442535926,-0.129862246701748,0.177005684036439,-2.18070771026878
-3.49517,-1.15623569926987,0.103057075581083,-1.36553025846431,0.290638698343702
0.670706,0.254254048493638,-0.505167841803048,0.30475162352976,-1.34700193487974
0.28367,0.17586856160479,-0.442219972718286,0.306714529087848,0.197483724233003
0.352883,0.193748724580366,-0.278071139851883,0.27950939817427,0.0334510539466903
-0.207526,-0.0756876698730702,-0.229852290364404,0.0348769589521086,0.114942991305433
0.228222,0.134847698466643,-0.189354819789158,0.22674472244455,-1.07327066622215
-2.35707,-0.736164757577579,0.0614761530534918,-1.00305100933377,0.029938159025826
-0.00476588,0.0702594026003382,-0.0330600960709136,0.123430009163572,-1.36067039512063
-0.938875,-0.378182525040004,-0.152377010592497,-0.210698789320873,0.030221968685747
0.406954,0.248628143573278,-0.51031609311837,0.365963119561591,-0.371829881485063
0.201276,0.14133959952599,-0.457152157058883,0.362760210659972,-0.128601358291583
-0.259086,0.059675542618082,0.0305616289830833,0.0742909720836143,-0.752819818891622
-1.94613,-0.57324280257926,-0.0443739896448672,-0.636776390649295,-0.279034878077579
0.139213,0.106545070713469,-0.116927470361611,0.202465098251869,-2.46501620266867
-3.87882,-1.1266455964254,0.08539235918762,-1.14971152098527,0.0995346728765653
0.434228,0.180032903614733,-0.295408709062451,0.298151166472072,-1.77883616929275
-0.267298,-0.096715328395611,-0.24412975715912,0.0835866104654345,-0.107652588334989
0.293243,0.118203278729166,-0.180100588519528,0.251153518834742,-1.24339242430175
-2.61007,-0.792762875757576,0.06612108680544,-0.907777921605514,0.0344611766141929
-0.178227,0.0346419076109933,-0.024303979725949,0.121527048929495,-1.06709367012714
-0.0807849,-0.093362254962097,-0.109905013571591,-0.0749350475500199,0.165018479271707
0.852034,0.282995558751067,-0.308201822726898,0.381766369880724,0.213143805304137
0.576121,0.0973511475245275,-0.264922752740224,0.197278615787704,0.60892423469751
0.811134,0.267816745325753,-0.178977411240746,0.327383965072728,-0.285167766131303
-1.46683,-0.390702815267858,0.0895220897288135,-0.581343814270006,0.660811274010339
0.630146,0.218948416767974,-0.0334069606262682,0.246343616506259,-0.541819930560086
-0.0913897,-0.104443302228603,-0.138993796626208,-0.0218996188181386,0.59687943157246
0.847673,0.298004899724062,-0.52578028845677,0.47207548169869,0.34494687484659
0.762212,0.248058647397805,-0.484643561745959,0.474420048284948,0.57470648216724
0.571444,0.244825714378527,0.0411029605268968,0.199138906888635,0.199671853544504
-0.495403,-0.211815120567409,0.00320093161765571,-0.284687179434491,0.516378565810935
0.745626,0.250275349498466,-0.118667479982297,0.309309039495674,-0.833177359589791
-1.73474,-0.590771659660358,0.149373705718165,-0.721856051371123,0.757483530490753
0.967026,0.300207315340952,-0.414945763294005,0.507335725711865,-0.331069968810601
0.823002,0.246077132536259,-0.392563942315768,0.456997568787298,0.391584035251114
0.210163,0.0790735630887145,0.0779646518483772,0.144607205669991,0.36458350699975
-0.172233,-0.139423368451262,0.486378814471559,-0.110437479510985,0.428614673508801
0.751652,0.176297730674119,-0.0855614510758273,0.305747223777956,-0.314903740841883
-0.768131,-0.352083566182818,1.14788463451423,-0.364299305353057,0.72865903468529
0.884074,0.253089769263491,-0.314414565742599,0.443238011622852,-0.00632024682421186
0.538985,0.133947345437714,-0.0927120542399471,0.319478146267216,0.629377755925216
0.772999,0.233668873593992,-0.168170730138197,0.363861967782123,0.0593353184315247
-0.60117,-0.224198717784789,0.855748205062677,-0.360938358207553,0.608650857534494
0.520429,0.154743892989861,0.011494099365035,0.215910639742606,-0.0863267621067788
0.192563,-0.000828885278406438,0.215972404341687,0.0851221463153074,0.403407274291923
0.595953,0.19847137352782,-0.059105816210792,0.2899981825164,-0.163739498815223
-0.788606,-0.3275349137605,1.20432309927073,-0.467857519029436,0.676220002924753
0.83668,0.240773538696171,-0.285481929713816,0.440822790674362,0.0436513409396401
0.70247,0.135244940605468,-0.0904836929943527,0.304249956645211,0.577027857053676
0.692655,0.211177992775388,-0.154298014869053,0.381110229826899,0.153619664019955
-0.517918,-0.18504372095367,0.913561874380634,-0.41803441466466,0.536161856724276
0.371982,0.165110519662424,0.0454995672278952,0.18465077382268,0.044153911901435
0.314036,-0.0173715729844409,0.241361150641344,0.0526767580137656,0.659087402146944
0.990276,0.277360046871023,-0.446161825711924,0.520118629110648,0.855433098554359
1.5923,0.201824735001616,-0.391085123481323,0.450854009337093,0.612514169890714
0.450236,0.144708994413114,0.114152947099519,0.101647287486582,0.591498374283422
-0.49465,-0.136801065558245,0.582558624598328,-0.215530534371243,0.692342170289181
0.831239,0.213742577366753,-0.282619716938418,0.429762116638172,0.0762406580777384
0.486376,0.105939374232162,-0.0756866818082341,0.306923420080577,0.557690023509598
0.718607,0.233284826582661,-0.133585760308365,0.350915860523448,-0.252594821157044
-1.28369,-0.23320215513919,0.936624207821465,-0.433828907087619,0.590723215387762
0.542606,0.170540917727002,0.0294556740316697,0.198889252138724,-0.385310538834668
0.0938841,-0.0329406349559787,0.254737082663534,0.060673550069521,0.615613436417828
0.96006,0.248394487131367,-0.433938382501744,0.514397600444724,0.403340332035214
0.776314,0.166489626575783,-0.39760796811093,0.553082516879324,0.484586970922479
0.190891,0.156575075178746,0.121617383776581,0.125524711982655,0.298804697358424
-0.29261,-0.176194680289856,0.589490699619881,-0.265806781309127,0.344286091079104
0.580993,0.195487244746367,-0.0584134470176562,0.275776713785502,-0.388016883867634
-0.838064,-0.335679588084571,1.22567593189065,-0.518425235316043,0.708696890769361
0.972021,0.23127761990468,-0.453903846269096,0.513556354386147,0.105897944206544
0.862393,0.172364746157267,-0.395365705544437,0.504466938841534,0.770827516467344
0.845338,0.241640521760508,-0.249935411909005,0.391830900110122,0.732223627436896
0.620191,0.0758762269382783,-0.062465374233804,0.259062900148946,0.738166597939629
0.789395,0.224534602138043,-0.142422592732931,0.337240492377239,0.194418438236435
-0.391081,-0.24096360742546,0.957185464040063,-0.529756289795964,0.609098824533394
0.539483,0.167527368566326,0.038496272442243,0.175684638854355,-0.140967067030246
-0.0509984,-0.0954495982525207,0.275262327537397,-0.00864490952015444,0.141458993637532
-0.00294661,0.00224173213751064,0.0528719428477142,0.0482743013139566,-0.458337591727278
-1.01822,-0.37095653659307,0.588819798472879,-0.510633787491351,-0.238364343686411
-0.22122,0.0693547538367165,-0.0656841594355521,0.0966189925248261,-1.39669865966603
-2.24636,-0.63971920369723,1.25140993105625,-0.936466639402737,-0.220066616729802
-0.0896671,0.0423885125321276,0.0117964840422849,0.043786198672719,-1.13245187324953
-0.422082,-0.239557172928266,0.244270538165757,-0.164850459490242,-0.0144051690072043
0.354799,0.0884007090750031,-0.440261237127404,0.304319638122593,-0.0763932541002333
0.386999,0.0227507876022886,-0.370131609332753,0.27722584286166,-0.105155229132243
-0.307906,0.0195587177321102,0.108561960931673,-0.0419073040733733,-0.444611514785811
-1.39799,-0.35822161979404,0.595373886333798,-0.497564692862478,-0.322605208526413
-0.114876,0.0658282928028713,-0.041947670674966,0.071772427008135,-1.74577150528368
-2.7033,-0.620610788730324,1.27513026013145,-0.969951726855307,-0.054042649534324
0.260415,0.0824455570444244,-0.269955098400184,0.2165502587031,-1.33311628239968
-0.356955,-0.0904829765259955,-0.0319671845475073,0.0709399020134138,-0.140526818694513
0.090947,0.0995151289971409,-0.143268355663353,0.125631628219698,-0.924166034980156
-1.85439,-0.473446721585762,0.939150461331889,-0.879560326559659,0.184017270995266
0.410145,0.100334315675039,-0.228883930981295,0.189654148699251,-0.818106956859224
-0.0475501,-0.0636663350181026,-0.0608013952237637,0.0635514935554218,-0.0226981698614927
0.111197,0.115450090011839,-0.128517818101797,0.119201255460175,-0.854864810945644
-1.91193,-0.45587828561837,0.958118517360707,-0.848051193252304,-0.157840863097104
-0.383236,0.0172934378070415,0.0463966448648506,-0.00885701918687381,-1.07599619856445
-0.710894,-0.244432774410367,0.281605699617935,-0.202760852996507,-0.0705986589857137
0.496306,0.108702639638763,-0.436406948437796,0.232094062962034,-0.330963426647664
0.133333,0.0172433857790825,-0.364361466433551,0.262407295875505,-0.126867391959717
-0.373473,-0.0106141427501596,0.1078983161038,-0.0705804139742036,-0.769043705070104
-1.93591,-0.38576185178674,0.635688393351026,-0.537313767352536,-0.325011325133752
0.0107151,0.0704698832168918,-0.0513799504536765,0.0224950996389047,-2.0646522331302
-2.80883,-0.614234190690252,1.28588546482037,-0.92796621767076,-0.295510301810106
-0.0854331,0.0662168517725062,-0.0463584392473733,0.0249137136872946,-2.12618015959165
-2.19238,-0.648220049227117,1.24616815994131,-1.12344811990786,-0.0992586222830343
0.30798,0.091445430691194,-0.23388222683356,0.168493123400697,-1.04475054469161
-0.17077,-0.0614486245495472,-0.0581585078242784,0.0112797209504061,-0.0644617650153277
0.08816,0.105137270296959,-0.135184660609256,0.0868897663674726,-0.662644451030969
-1.37379,-0.41540284816448,0.965612462023542,-0.912390687433325,-0.00100311922713194
-0.00838687,0.104034940980643,0.0394417157128215,-0.0220530673589694,-0.738819369541656
-0.449959,-0.166044101998823,0.299150745377539,-0.237476248103591,0.125246367411182
0.446843,0.133664147442963,-0.460316252899494,0.268679868508498,-0.0329603138491454
0.456009,0.0406371388348301,-0.379293904445819,0.231418789448395,0.0129254934863804
-0.205227,0.115769726795377,0.131279679077093,-0.116440920109868,-0.176429529701255
-0.835029,-0.261974413117149,0.64948793842614,-0.580985905046957,-0.315800313959308
-0.476759,0.0655243179080815,0.0928694290469368,-0.0848197325302519,-0.753895875255683
-0.907276,-0.300031337909312,0.66637643666934,-0.600447868580488,-0.291571900983418
0.222351,0.12128142766824,-0.0422094655283044,0.0327414412570091,-1.28411625699842
-2.12986,-0.522718459049395,1.29923900453968,-1.11144861966319,0.333156913840114
0.646289,0.123178009838261,-0.437964600774456,0.203230861847105,-0.717251471931931
0.392246,-0.00286589539259313,-0.388315410017222,0.135445172117051,0.250675424257655
0.254707,0.142210370517369,-0.263330608602438,0.122334710005256,0.206243283791394
0.100134,-0.0705308943238807,-0.00419798644747097,-0.0576812000203047,-0.0233633344977447
0.0670228,0.1111819700951,-0.126558324874468,0.0448821592655584,-1.1920974225299
-2.9645,-0.504649860396482,1.02442580963316,-0.976080231634729,0.0705951116055063
0.0796654,0.144062223743504,0.0461509592711878,-0.00494656024858348,-1.26296653947222
-0.142623,-0.166416255203322,0.293916438716887,-0.271518404560282,0.192303183667072
0.717064,0.180042394763694,-0.445644377558324,0.258090718995575,0.194774733015976
0.688268,0.0841152535304502,-0.38731565800132,0.224212398899593,0.199077091487666
-0.118686,0.113710076846075,0.140883040850186,-0.0825156261696313,0.0519027310103549
-0.685478,-0.263921778554827,0.695756630806533,-0.591437320576409,0.0461454489785943
0.312359,0.156081240502814,-0.0470278961998612,0.0758515788981816,-0.869726818667949
-1.46138,-0.499929874462382,1.35851735716318,-1.03840158629111,0.374064446645167
0.594827,0.154760653145942,-0.287671848182016,0.212744680351174,-0.393335900781528
0.445991,0.0116208829984076,-0.0276561069787971,0.0982650382791943,0.327775990976034
0.555727,0.188023732702625,-0.1304490284109,0.207053975567743,-0.253143020914244
-1.12215,-0.376966818192885,1.0359222537273,-0.849205587440311,0.335084071617938
0.17732,0.13922729681317,0.0462171375543957,0.0604906706692798,-0.494172004399084
-0.24603,-0.139490502482058,0.316054902454395,-0.179292018281196,0.324052060444902
0.673001,0.188379041582895,-0.273367211397504,0.293193543478192,0.0841404076086091
0.374719,0.0132149186196757,-0.0118176967906373,0.162525730895576,0.457253696951987
0.622829,0.172929922532809,-0.13442418882617,0.218815856705965,-0.320272719136016
-1.25294,-0.361600325446147,1.06432528643687,-0.798800250687192,0.377601496167006
0.229131,0.129081491874344,0.0426015451137233,0.0871144731963018,-0.585290216763804
-0.36367,-0.127972728643098,0.329393897254931,-0.121357247704685,0.408312042670584
0.815821,0.216808120531639,-0.436347219825288,0.43860437963566,0.0980859562668352
0.612433,0.104381303748831,-0.377038116622818,0.388878440370147,0.249280328860754
-0.0702879,0.138204053761841,0.147790712317039,0.0347862825351348,0.00946985162388891
-0.704983,-0.303011818221966,0.708940435208573,-0.438399908500272,0.0179256246513407
0.251006,0.144025102474591,-0.0348664537130341,0.191450443638502,-0.999077622037392
-1.78199,-0.577448077790212,1.39465563140061,-0.776179607849276,0.432155117271718
0.763968,0.22394122618333,-0.455541948523483,0.470059219579783,-0.446657167353802
0.723365,0.149218546931339,-0.373543524251133,0.430949654988124,0.1726070189753
0.029564,0.103229895671847,0.148639548421897,0.0942306162000302,-0.0101584667598195
-0.782025,-0.235822233994405,0.720527624979121,-0.324720538284281,-0.0503902133715154
0.202875,0.162137968145966,-0.0485582441125268,0.248958582871758,-1.6572717557552
-3.2367,-1.24525991739191,1.16817924587308,-0.263048902893546,0.31320027997062
0.592617,0.200886222748033,-0.288663715408579,0.424493473021832,-1.21366410065827
0.322539,0.0407750686873308,-0.0133278717952669,0.285775659098461,0.175054029632719
0.553992,0.203949592767629,-0.13982507610125,0.352538363798016,-0.568107938128583
-1.67469,-0.345537801512698,1.07473864463393,-0.611473918808751,0.25486189643823
0.0211887,0.113347139291015,0.0427363541913701,0.211780426992761,-0.74810481808353
-0.185363,-0.115430562371245,0.341771755282196,-0.0212463758505102,-0.0656531827691915
0.333019,0.17162840419,-0.039004362327,0.280219039161958,-0.861703974479468
-1.89478,-0.509523625808466,1.37854967995865,-0.66155042908711,0.369172858644891
0.516824,0.212378805914256,-0.287987552071437,0.475568110402901,-0.640529914783685
0.312151,0.0314320394752099,-0.00793802023178729,0.320914885233517,0.188693269650305
0.416795,0.208096932966562,-0.134817184544661,0.442559008121483,-0.453544255393925
-1.4346,-0.3619032621808,1.08180467807088,-0.594894644301865,0.254475950151683
0.145422,0.136366615793984,0.0504731883733383,0.249631751350844,-0.624500213618565
-0.243349,-0.126643316392637,0.356517453341417,0.0349880349319778,0.367002319069073
0.809289,0.253522371787409,-0.440042214822532,0.5647517619173,0.213835347888918
0.743974,0.187813618750636,-0.370756814157238,0.533196046615234,0.360311131956583
0.122488,0.100779523059314,0.156941355512948,0.18400759272058,0.23435138654826
-0.445515,-0.187499260255398,0.757398074101286,-0.195918391731696,0.495861490306608
0.803531,0.290134440614845,-0.270893417246636,0.522028470894629,0.142796377114668
0.628639,0.10222521353888,0.00884357342931198,0.3320368635955,0.641959138701314
0.862801,0.279859045776989,-0.117956932869648,0.440980187375782,0.0460558801462112
-0.699965,-0.294178581414575,1.1381187034713,-0.48369705060798,0.607755008426265
0.437352,0.193024411562153,0.0487135232772692,0.297502718426332,-0.182128321621923
-0.0509812,-0.0648981382054097,0.360343159313103,0.0934725337039435,0.650549918585067
1.03197,0.341312374044532,-0.436443970074362,0.578164816036917,0.409600595440998
0.88954,0.254133343503868,-0.373339366101686,0.58955169416891,0.643104874897062
0.478334,0.174444567710865,0.168411668220418,0.242544930062983,0.451156309917597
-0.066993,-0.184249018019101,0.729526546411172,-0.203709044850469,0.508559083428523
0.697921,0.241660332305734,-0.0224550667867528,0.40987853079759,-0.374452814516446
-1.08229,-0.412385690636127,1.42213413220815,-0.548596541056612,0.788991434768171
0.987335,0.324447734765404,-0.454492206530483,0.590450479204986,0.0572610853597632
0.943483,0.25614506220755,-0.377219027885605,0.599106205184613,0.834285769842366
1.004,0.301593885561291,-0.250317908557157,0.499876393652513,0.789472288867874
0.682475,0.146956011847279,0.0224260014687957,0.351710586831279,0.793687651263674
0.789057,0.282579021177982,-0.103048740455619,0.43707851801578,0.120133563279337
-0.662785,-0.266831428462786,1.11610657060484,-0.414999197712782,0.640530815015328
0.547877,0.187658240329531,0.0685104977549389,0.297949989766051,-0.106034540638399
0.232159,-0.0318849521877579,0.350402738376798,0.103261993986042,0.322916505756531
0.336676,0.136353339782851,0.118626572783987,0.258985376554161,-0.00161490461213146
-0.391862,-0.175279264537563,0.720845892934948,-0.142470133909226,0.405193496915859
0.713111,0.23942867313234,-0.0391036226695471,0.409060837497117,-0.543769810565771
-1.02661,-0.432133103857558,1.43270061207843,-0.530445495808076,0.513856794085145
0.48256,0.181180195808985,0.0550752469653423,0.330294755923832,-0.214330519192864
0.255783,-0.0519382984264591,0.340112882537319,0.12465229935513,0.619780106491837
0.975909,0.332367057605987,-0.441019060989927,0.621373298796934,0.523760295113191
0.868036,0.25308037333873,-0.389589522264033,0.587794634618812,0.596022451726959
0.395382,0.168460338658017,0.1590396618695,0.279725062430174,0.391383458168855
-0.191505,-0.16431300410348,0.736667963191407,-0.13411472377788,0.491377252862327
0.730512,0.255940692420287,-0.035781105789025,0.425301904168827,-0.395355344977447
-0.973785,-0.460143645904439,1.39866686968984,-0.522613000525529,0.736781803358817
0.914122,0.321597430061538,-0.287275370408179,0.539153871693184,-0.0700969675992583
0.59089,0.156985952832756,-0.00964784762388986,0.404377476206938,0.64772769576721
0.858882,0.29234978527985,-0.126863514533355,0.476871820871626,-0.0361578290998348
-0.909777,-0.403599838716474,1.08168993372329,-0.403648710097257,0.739630043425016
0.704651,0.288484423509259,-0.274774807385764,0.536676767390131,-0.125799620957279
0.377627,0.116032525615825,-0.0120916213830482,0.400874108315577,0.510056095810244
0.711588,0.290803577734006,-0.130164978822311,0.502537251781411,-0.0894203555554375
-0.703837,-0.374074542241605,1.15043574767831,-0.385769006320591,0.409800730672454
0.152015,0.149777864716421,0.050466105434775,0.341116348564549,-0.162486067771396
0.0769246,-0.075105031293454,0.359309389019962,0.146451433122935,0.388469293875285
0.754813,0.304097085397971,-0.441850342371496,0.552247497001327,0.305737148078588
0.630244,0.248181512558973,-0.350979265679821,0.552401746979422,0.333782161002226
0.0962498,0.103267900392599,0.12792206911468,0.309469861282522,0.0935075289500109
-0.510499,-0.255423307180953,0.738265095684357,-0.0783922725379263,0.0464895970162734
0.202074,0.199763026419314,-0.0546552942807949,0.42096270509597,-1.05594848655145
-2.04177,-0.60239600949634,1.41103512939925,-0.338868833134241,0.159375806307479
0.439884,0.189861739308366,-0.0418275618077464,0.40726106683152,-1.41254732124471
-1.40121,-0.562672114377121,1.42219494144884,-0.469414475215843,0.341755582261809
0.584501,0.281901633810277,-0.283068805389154,0.541205109994591,-0.35142530292316
0.475133,0.134205320583249,-0.0235795225481757,0.42351384272243,0.383854943244909
0.675765,0.263217025402689,-0.132274494315497,0.478261239595484,-0.19906773737787
-1.03406,-0.38264787532877,1.04295375570398,-0.257141452747822,0.417464470444318
0.183804,0.151029089231779,0.0254615445851995,0.349551808914589,-0.270458899976623
0.141536,-0.055284618196331,0.326820908670642,0.163692666855532,0.424358677918511
0.833631,0.328956638763063,-0.443122857018154,0.594025051113638,0.400133078314853
0.790796,0.25504823221228,-0.397493159488182,0.537398646760439,0.370242103965551
0.108419,0.0855972885422115,0.115113672897071,0.275505287924427,0.12633807765871
-0.639215,-0.200982914727418,0.653503236117678,-0.0873890587691183,0.153993139562004
0.164972,0.0828635462082437,0.0987796570469911,0.275343476417733,-0.394763870752998
-0.349006,-0.260371651320785,0.647468839497347,-0.107862313815505,0.0956096983280293
0.339496,0.193235576683367,-0.0474037508014927,0.402129231075843,-0.679529166814542
-1.38771,-0.554295839957223,1.31755827531156,-0.475149852431216,0.48220622134884
0.725359,0.325232148101027,-0.437977266781766,0.518796234830502,-0.230409194906519
0.68235,0.265138649340657,-0.372874774810385,0.520637322787561,0.56258918480669
0.718547,0.305347848975222,-0.269699461689149,0.513953043723202,0.553907445957677
0.46167,0.149550316984539,-0.037624343097864,0.396506861404866,0.582617170674367
0.642498,0.273878142303512,-0.132922742866748,0.462660045946623,-0.0465267111188443
-0.752814,-0.381754341148667,0.970731020071681,-0.299360786352675,0.471496090744391
0.353575,0.144056985538903,0.0299320590889334,0.314459390257402,-0.202235442126543
0.0266212,-0.0387785235071144,0.257398602505026,0.157214959807311,0.508452585264131
0.849819,0.332787414839782,-0.436664430557128,0.569439515226061,0.280749404742298
0.580443,0.264463283359034,-0.385037142451442,0.549121794416776,0.407894143536056
0.166453,0.110166805647531,0.121204108592067,0.241663080574007,0.113659393603796
-0.487055,-0.229760766296561,0.613966182571898,-0.0958332323339798,0.244020367562599
0.494495,0.208280149255114,-0.0541091104345748,0.379597127767721,-0.737488107152762
-1.39407,-0.520702288559802,1.29549467500495,-0.456366693227225,0.479534858509412
0.612363,0.274294461365094,-0.288349825321766,0.525379879670909,-0.315072366462828
0.527661,0.126229491431829,-0.0722182525938255,0.407287730058273,0.348595923767805
0.531803,0.264781751717103,-0.143431540541106,0.480478504850178,-0.101938377062071
-0.87023,-0.349739603629951,0.931337666359912,-0.259546905244748,0.379453683454556
0.236608,0.147390443959013,0.0260471576037426,0.301590581734113,-0.22879949814314
0.115721,-0.0867419891508736,0.259470938536087,0.153743632194729,0.400194069867337
0.714242,0.292454427247328,-0.280247900161978,0.512285073471903,0.360526032645135
0.625177,0.149129755277949,-0.0691371891712941,0.402236946137089,0.565458676274167
0.675872,0.252460826081284,-0.135702337376408,0.452002739456588,0.0867193982924329
-0.57191,-0.39770509622304,0.936250720983064,-0.268019120043027,0.449417606807954
0.269026,0.154889269388191,0.0254731217586665,0.30633715742913,-0.187039368880199
-0.11782,-0.0458927357430621,0.245935850541263,0.183036522773483,0.458801049391407
0.776291,0.358791804763387,-0.417399455494602,0.587698525981859,0.25206983662025
0.675942,0.275777647161881,-0.388233958966752,0.581316927859227,0.338312960939534
0.084354,0.0844488805241835,0.0944274036103572,0.248273322919665,0.190277542630737
-0.360861,-0.246569844814705,0.573354113765286,-0.0727791785036978,0.137848794472987
0.334553,0.165914098316049,-0.0642052229725248,0.379991004152992,-0.744598537171729
-1.5958,-0.563830053162331,1.19582055326715,-0.353432573250276,0.615381376817677
1.02821,0.378073167413116,-0.470633682882639,0.605619090260763,-0.279085597696325
0.865333,0.301479797444878,-0.384650577352041,0.585284043040393,0.426454980698222
0.270323,0.157365168977053,0.201303197426897,0.303166135467368,0.242480842852285
-0.47107,-0.315869766415666,0.309665221403246,-0.0412684519281405,0.339246046201008
0.686921,0.25048657615128,0.0108344010543668,0.45648249802181,-1.04313162742202
-2.19917,-1.00436292313147,-0.0290193650224052,-0.147811461826525,0.700510775280123
0.90671,0.311634780559954,-0.221207681230768,0.561991955161239,-0.567198751604762
0.686286,0.103754297659732,-0.279134229305244,0.465250108147497,0.491032491730466
0.714011,0.301857146301737,-0.0696940261245085,0.527521128892681,-0.0947715487644844
-1.06563,-0.561268267749425,-0.042153067575391,-0.198462756087119,0.545069657920742
0.454398,0.18074832865418,0.0720383829454166,0.386270330008196,-0.406280056165359
-0.0948366,-0.119813417366754,-0.197251667564452,0.242574066466713,0.360321476105217
0.741213,0.269840808794584,-0.0124467196059249,0.477471173534897,-0.60684369287699
-1.50809,-0.719225932781725,0.0133494956078535,-0.374245636615652,0.675411002087971
0.748686,0.318413542126976,-0.239704222269587,0.620238111602318,-0.29269115061975
0.631067,0.0912586900998428,-0.283916932351237,0.479907004100049,0.451329399060147
0.754738,0.290589097071203,-0.0971348917935921,0.558975366611018,-0.354397834528559
-1.62346,-0.618972407532358,0.00925348242095406,-0.35527412894786,0.58656817392852
0.507197,0.217969324949703,0.0441227007119049,0.430808401881541,-0.6031285044469
-0.0921436,-0.197717460034081,-0.172632706695264,0.164587281215362,0.594932163839317
0.970231,0.348422459253113,-0.50508104363689,0.681308076289023,0.393645245506612
0.935819,0.283033048048177,-0.443480487928444,0.631505163478819,0.522859535041255
0.321257,0.218324524353439,0.0974277966587073,0.375843159962548,0.306384517800883
-0.518321,-0.433316534899257,-0.0876036604223721,-0.125673645212163,0.656103329498303
0.953694,0.310071692085659,-0.263486035720306,0.590374684351845,0.112467359867921
0.622042,0.0862490117277182,-0.263004922744403,0.445530582376081,0.627675771728447
0.738072,0.286859730439327,-0.136987453553927,0.542537174523887,-0.0986331098017757
-1.06739,-0.602298602555336,0.00285336384077093,-0.493434629546291,0.589546241917746
0.48395,0.238043312332232,0.0375589694289014,0.446314989457452,-0.252548617590492
0.173375,-0.128173130794828,-0.201816995925817,0.156704878653772,0.633801851650453
1.00899,0.349789082719981,-0.502179995563478,0.64356107921469,0.489547855929997
0.867281,0.275561963231943,-0.473337620370898,0.635718073389695,0.612683200216766
0.448343,0.230299619537041,0.111487968987184,0.361087801296261,0.295025077090229
-0.415722,-0.33325592604722,-0.120135882857449,-0.123038916908098,0.500375031973053
0.766625,0.266781807832281,-0.060845606949477,0.505746889619811,-0.680360671317228
-1.4486,-0.694235795913599,0.0431555693622817,-0.610832300076872,0.796423155575095
0.981704,0.339072555408594,-0.501444223804513,0.653341088793999,-0.0762863663326622
1.0055,0.270441022702699,-0.459377966955977,0.604848218447311,0.773990770131919
0.946456,0.319790330467733,-0.245345565668699,0.559818152757045,0.743737718025619
0.519313,0.0909386261943165,-0.298253363563108,0.41153180215838,0.779965245857264
0.840101,0.282117605838373,-0.13832292176823,0.513187968841456,-0.0480068519134422
-0.916956,-0.482710430351156,-0.00876089403778601,-0.463834709646838,0.734055081074907
0.728867,0.242938914878015,0.0396436766388711,0.389896432663886,-0.174179282943986
0.281771,-0.112309018803175,-0.197743604914346,0.0975753997080029,0.49842524293251
0.585636,0.232120117075781,0.0892518351369922,0.367462979248812,0.0867369843351699
-0.245308,-0.312335221883392,-0.104607576717553,-0.173997039475977,0.487737240483262
0.774246,0.275029539049304,-0.0524090049853513,0.509055855529905,-0.823576213953278
-1.89541,-0.692076983622051,0.0351535029514811,-0.626499403668116,0.622520562511622
0.701624,0.248341129761609,0.0168795993506598,0.439812748827588,-0.7263778076543
-0.0916839,-0.100008111917137,-0.194310457027531,0.142375037999347,0.653286592808454
0.961087,0.348097023221284,-0.511806204922225,0.642866809955317,0.390054517195212
0.856143,0.271239317737346,-0.481807672243544,0.612957107758447,0.656821745697876
0.614526,0.253769539334701,0.10018112571747,0.364473487451788,0.350511976259291
-0.2716,-0.251538465858719,-0.0898924538454639,-0.153846960386846,0.598921877117856
0.805854,0.284830875325129,-0.0554735317094008,0.494867258835042,-0.524024136448377
-1.23829,-0.608043691777661,0.0721474624692462,-0.658392077813893,0.792695531755224
0.970228,0.308946837322828,-0.258967248245976,0.544855155529515,-0.15762770215332
0.649377,0.123808058243839,-0.303796446130222,0.402426777239137,0.626579141920933
0.732808,0.29579077921651,-0.138664626897822,0.506509758061378,0.15491049356873
-0.537517,-0.457186752764227,0.00348798379142197,-0.538710621931092,0.735586114710367
0.787838,0.300214988897136,-0.260703188269244,0.535053099801228,0.093455062153001
0.576563,0.0778891907738104,-0.29374677852924,0.365757040562353,0.460921536409327
0.648957,0.243206140797845,-0.0983742649121374,0.471098350293917,-0.532780207211204
-1.94752,-0.616811217507018,-0.0114482121589426,-0.510090029730256,0.343796804135298
0.0689558,0.232351339766811,0.067797744085092,0.368980011682389,-0.81360337904644
-0.208055,-0.144935308201747,-0.196710805342561,0.0803917700048945,0.276973787202278
0.748901,0.267541724070966,-0.509397272969062,0.577131195538243,0.206740956489977
0.74764,0.242512363309361,-0.489126717829866,0.585775373417057,0.24029790611834
0.0522503,0.135439720162013,0.124518437726443,0.250629289554321,-0.203637542272116
-1.33722,-0.422746144302444,-0.0804278980633815,-0.285863851488412,0.087006276382019
0.335704,0.199043336704567,-0.0476235733087748,0.377964978461174,-1.43965488472062
-2.0978,-0.81788006258376,0.0558017219635734,-0.635236603669516,0.11811175397538
0.441338,0.174975501896543,-0.0322573372978723,0.370954013699851,-1.74074987434452
-2.12562,-0.872596115426546,0.0414647756058833,-0.609909257580016,0.358432821920243
0.663054,0.25335200948315,-0.265117455973548,0.472375141911534,-0.752112829973807
0.316561,0.0301974198827593,-0.287924897793467,0.327453028886399,0.204599582092328
0.410369,0.223756037106081,-0.127251289021501,0.421705216655646,-0.625919544097098
-1.85626,-0.651116763325168,-0.011026585459278,-0.510575660787525,0.240450359986399
0.130475,0.148549694577403,0.0425987872200288,0.30509397949749,-0.846060930435499
-0.335701,-0.111752060913143,-0.198755879468926,0.0710458827001979,0.314353389963925
0.810958,0.26650011359604,-0.522418501602233,0.545102833714097,0.0352260726566111
0.483661,0.187464636486799,-0.469698450580576,0.488934119699245,0.19618115839359
-0.192584,0.131343797590182,0.123983222794848,0.259025770354169,-0.039203539482842
-0.662155,-0.402109192791461,-0.0896330054269815,-0.323684548499521,-0.120984909946287
-0.0271332,0.133707574199761,0.107920949593435,0.284327176280522,-0.726060390934061
-1.09513,-0.436758326679982,-0.127336507991607,-0.317036079447535,0.128163163225676
0.592739,0.204910688159786,-0.07092489295209,0.458914170805382,-0.933900782532236
-1.23211,-0.63622212215424,0.0806093372902395,-0.704802394158348,0.60426053496953
0.851195,0.282033566339082,-0.521106043732327,0.57120105550286,-0.0860489035575201
0.818517,0.205178499887411,-0.489500994510488,0.532153138122957,0.704835899009144
0.883533,0.317763928021085,-0.243776157505139,0.518775073518973,0.670849409840029
0.570941,0.0795661150046877,-0.292839797999438,0.349369712746347,0.682300879591013
0.742369,0.263024920592882,-0.13819065865126,0.476379671286282,-0.141679423058532
-1.15533,-0.411810221783926,0.0305562684805236,-0.533196856765448,0.639057266851201
0.647764,0.226106285872512,0.0441509782043118,0.375918139969927,-0.42373050404312
-0.114871,-0.156628685457454,-0.209417266514559,0.0667123016351778,0.622569362903183
0.851916,0.294816938016959,-0.518962458413867,0.555394771089579,0.320086361274778
0.790395,0.194968984412213,-0.483404179134273,0.546660219792709,0.369726171758199
0.193333,0.14998092455918,0.115576644393483,0.279212019380342,-0.089538899386891
-1.10192,-0.422808710149567,-0.0992492479799729,-0.276882628866212,0.0673321760908719
0.216437,0.168975314289489,-0.0468414576868257,0.358473144908368,-1.54991231039841
-2.64345,-0.852841392027383,0.0258638847826106,-0.563708093668913,0.164404853403712
0.29246,0.225381768714146,-0.254819527799957,0.488362594623741,-1.01853118780901
0.162247,0.0277753651533472,-0.301324907365732,0.327329039970685,0.172146756076633
0.728068,0.25797862169823,-0.123091267918891,0.423557429900706,-0.561614603011885
-1.54716,-0.457772368106139,0.0209591809905216,-0.500061957091769,0.542795346693514
0.495409,0.249117589434755,0.0370056048458341,0.393179652265953,-0.520751594644062
0.0887398,-0.0921037350064524,-0.177759842869373,0.0829983194097062,0.461260585149904
0.768406,0.306977698958988,-0.276113888108424,0.566958806850967,0.158720043451581
0.201193,0.0198271590230255,-0.281752235538439,0.317786703902161,0.452614346223323
0.409043,0.247313200581935,-0.124786493651021,0.438552571709744,-0.238576556712588
-0.913481,-0.413180304481706,0.0414584169864706,-0.546176255408205,0.28740417735003
0.235095,0.159575373795685,0.00672328853219669,0.34574443576064,-0.40444069820902
-0.27343,-0.197945475201796,-0.196690743603528,0.08621593804362,0.518980587580557
0.979373,0.360451068097119,-0.501046352039468,0.694208891878487,0.26809996366771
0.810398,0.289271346166318,-0.483816106749608,0.650163171104638,0.619992290036712
0.554869,0.280079768494418,0.125024300346184,0.388685354417536,0.299911837032
-0.347819,-0.249101528279602,-0.0669769193329321,-0.181981483127311,0.585548814850628
0.889584,0.296157616709407,-0.037982887530211,0.506605568368587,-0.697323710983365
-1.56549,-0.639918661167315,0.0802542301055909,-0.605505022013401,0.838923523963851
0.976063,0.358218513705562,-0.5179773170561,0.675817718004751,-0.201567701563588
0.887437,0.273418580901416,-0.479700508327135,0.618284649103298,0.538497822665909
0.552085,0.261393197146083,0.123610054307868,0.417406900091494,0.296881063401533
-0.3939,-0.226955730892398,-0.0806584918746584,-0.128010325958465,0.556372083656978
0.770675,0.298386739213861,-0.0435068133502122,0.561236263400846,-0.587483114070694
-1.25151,-0.603361116548085,0.0763914953426347,-0.612919732029079,0.756830999373077
0.946151,0.340426172089187,-0.255140766274564,0.620040760261629,-0.182373695281079
0.604268,0.120619748070323,-0.295351062402687,0.446733694788836,0.638621007507133
0.802532,0.318325981610545,-0.107807147431138,0.583731347926557,0.0942280530334022
-0.606877,-0.408405713584973,0.0476369681541433,-0.454782332777527,0.693673868832383
0.676523,0.269877729833503,0.0600264708596754,0.502256052758774,-0.0725593961088295
0.198764,-0.057014550362922,-0.165922083142356,0.160509570187466,0.543548529653971
0.821223,0.301069334555454,-0.0264135753298121,0.585176594410638,-0.297752498265337
-1.15028,-0.658058309082936,0.0936794429922737,-0.707732113105731,0.821401216662859
0.967976,0.335946370010112,-0.248368912947005,0.650519128836289,-0.150503763626269
0.57954,0.139863465205422,-0.277315607242789,0.475388486332547,0.593126358023281
0.705929,0.328307037671074,-0.117180605078132,0.616064848851454,-0.0567810631837042
-0.9514,-0.405277039253893,0.0543599290508724,-0.461811401960445,0.673821444254361
0.721211,0.286467543734533,0.0646812508434644,0.530069501490778,-0.202700024434043
0.18129,-0.0988153041544702,-0.176338174369348,0.164132191199633,0.740090910714001
0.992624,0.387692148348094,-0.51477082175183,0.749871589448574,0.54532726588691
0.927429,0.30262321359895,-0.476442344074668,0.662689868208352,0.679751050783388
0.592995,0.272034221534799,0.146257420772574,0.459095229198554,0.383622698593674
-0.337218,-0.269612124855866,-0.0737397739159024,-0.14307532592446,0.767311351578729
0.958275,0.344277305741253,-0.244365293146039,0.64174851355331,0.164394668303484
0.512525,0.136877023321232,-0.273916303618789,0.465688376300442,0.671521729185373
0.78691,0.333693405172725,-0.0958240473339966,0.606462586458369,-0.0960664362850053
-0.971556,-0.390660150373266,0.046404781108013,-0.465481987534132,0.643499374402963
0.59416,0.288200971016627,0.058989937731024,0.54675084261566,-0.256568534377142
0.0682355,-0.0920904298709592,-0.165447142757844,0.18019712026984,0.672559825457839
0.964684,0.382842090325763,-0.50268372197059,0.742005043862083,0.481627866696596
0.927743,0.317015906691328,-0.48459312159287,0.678170683276217,0.608895555650007
0.508284,0.293030773994407,0.135821945032284,0.472824421977785,0.284168650580966
-0.49062,-0.265548553677617,-0.0627431531396995,-0.111272559632425,0.522003855730763
0.79124,0.323102212939224,-0.0393559327153519,0.626041517952485,-0.825288384493494
-1.73013,-0.638256396703793,0.0815293840810434,-0.627967957479357,0.817786103394414
1.03629,0.392788965576911,-0.512417773950721,0.749895712147985,-0.249389606802642
0.891758,0.307098468459464,-0.481744561172478,0.701322870810683,0.73902618786161
0.834489,0.364480815447846,-0.223914690892509,0.664656698270462,0.744355282121682
0.613949,0.152253101479348,-0.273546414778481,0.49351748682712,0.77812756764123
0.89245,0.332486565333148,-0.112380540658629,0.637329006190098,0.188183649895601
-0.422547,-0.393664152176271,0.0510789171798004,-0.430260321834672,0.721359465861939
0.677227,0.288290252616289,0.0580188371205652,0.562451762208622,-0.0786043445524144
0.00143645,-0.0879239521473688,-0.176264986139117,0.22165364064195,0.512139926493324
0.609095,0.267333638841961,0.11603583352903,0.521321418063356,-0.0737877107822719
-0.359776,-0.264743385980525,-0.0876366290637452,-0.132462830975403,0.518433754729812
0.794038,0.319677521127583,-0.0313001413977731,0.665674882037236,-0.673654474933722
-1.43245,-0.649063977175994,0.0743359396451658,-0.689368872840438,0.643131385730073
0.71914,0.287941848739157,0.0593322852729722,0.572689569255121,-0.447919772285106
0.0638927,-0.0876469660282527,-0.16585995812429,0.219284718615542,0.793057640252681
1.20677,0.391606061596095,-0.511614422773713,0.730667401449878,0.450705648822395
0.844014,0.336217730289852,-0.48434728572175,0.711037752861571,0.7328642291349
0.566317,0.269729575619707,0.142415073144846,0.492201106309485,0.238348078049208
-0.544871,-0.260896579005623,-0.0726465500836982,-0.101063926220226,0.526009082820195
0.727937,0.306484367772838,-0.0320618561019987,0.645900039364218,-0.783870760519017
-1.55399,-0.657450304036164,0.0750655237885106,-0.698190405067342,0.697006772812279
0.855786,0.361322180035422,-0.249708959582819,0.704482103460746,-0.273414922569745
0.719727,0.129477973203135,-0.27625145717253,0.500168647823603,0.530969134639599
0.791217,0.325239561835934,-0.10995697833797,0.665496303788161,-0.162301744308552
-1.33512,-0.5483231171898,0.031932551677935,-0.419104628183855,0.779348593847127
0.873161,0.370890794319788,-0.242156108815036,0.697779251039479,-0.376309229227876
0.244544,0.0729804670044657,-0.284274359795568,0.48757441087965,0.488329205234804
0.612285,0.274465890465221,-0.0972375047869203,0.621542869631935,-0.296359646683951
-1.16816,-0.445059101596464,0.0506939161115278,-0.384162635869521,0.629213963018473
0.771628,0.292352160758147,0.0584274123325608,0.53982908384117,-0.328826687104521
0.135081,-0.0796534525913485,-0.190030375784944,0.197357108098153,0.712899020024333
0.960811,0.357139465604835,-0.5201641044553,0.703356571943558,0.393668431136802
0.705596,0.270513614905906,-0.467706847341025,0.630549485963715,0.405668419716716
-0.0118784,0.148381490272488,0.140779249978359,0.43700007265534,0.282324535041255
-0.287551,-0.26109781111057,-0.049651657141563,-0.101414764587299,0.32459437962289
0.832875,0.321896820792414,-0.0358248231046297,0.628541314341445,-0.640629957759761
-1.34091,-0.618328819232877,0.0819962261422834,-0.671712436107307,0.63109833356533
0.86157,0.317531822995658,-0.021659041431944,0.619772787114385,-0.998929279623422
-1.27374,-0.608405980128375,0.0866965229660833,-0.719343062066736,0.700937472677331
0.874566,0.374844866526907,-0.248576578811896,0.681885543422392,-0.225011393303616
0.5483,0.127827723109746,-0.292359515455248,0.484724658158387,0.564427940771752
0.877753,0.342139852427138,-0.118303131460766,0.654991937260044,-0.426583569365267
-1.69064,-0.604806478636975,0.0293069967958005,-0.379468089348892,0.511019209578102
0.17418,0.151032136155823,0.0552709660625963,0.478279509231566,-0.508269061741251
0.197173,-0.0768027085701248,-0.163225928119677,0.155910691190725,0.404518368803162
0.863185,0.337416476393391,-0.499545964732096,0.657684575906585,0.493523878339824
0.906311,0.323931969348732,-0.472983340765092,0.706445306544141,0.567022040250556
0.508422,0.2920950868509,0.147809237022551,0.478686040584933,0.255194840506638
-0.51672,-0.266715595354527,-0.0443740366288475,-0.119043504615477,0.50133293511351
0.556503,0.265534466506457,0.11262757818886,0.513189117964475,-0.294736432244542
-0.36033,-0.280027391268484,-0.0548502904134993,-0.0877354630213024,0.447979182413227
0.850443,0.312498825887534,-0.035228315199845,0.62432791174476,-0.944395227798705
-2.09883,-0.928835276896226,0.0511837063647348,-0.397880756214157,0.805790458070566
0.92536,0.358660455632578,-0.523899957101572,0.703904670839094,-0.378761880510145
0.93026,0.314753535126533,-0.479089988028716,0.635196142834481,0.710402929861705
0.947381,0.373651991533239,-0.230795241870622,0.635719407682474,0.705498516895033
0.525566,0.155491480671924,-0.26206236244039,0.478948041642195,0.779260662335765
0.822595,0.327530963627647,-0.115049263565953,0.62536686220055,0.0379478880730631
-0.693383,-0.451330055097576,0.0336104158581011,-0.480832198061956,0.654501663961513
0.5712,0.288985961689938,0.0631671855274268,0.533515119847987,-0.115804598905011
0.119247,-0.0872305943591509,-0.190092260280881,0.192131765146825,0.668840818527157
0.959348,0.398360472802605,-0.508630422880411,0.719193619926539,0.439318408535711
0.790032,0.326289005124836,-0.478399147937767,0.708394499660645,0.56531345002683
0.383545,0.274516763512676,0.13925917905101,0.457337902831374,0.280843878549684
-0.355441,-0.287743585352185,-0.0570416703635722,-0.129217072667361,0.444097166368259
0.763087,0.333526903299962,-0.0284860900480656,0.60985599398157,-0.805148237763055
-1.77398,-0.648267555266688,0.100271986098385,-0.684853156889877,0.750264569846085
0.93598,0.374824522154725,-0.252301415871949,0.657897355389589,-0.402966070819675
0.589592,0.161450963494994,-0.269290023567254,0.477145045698911,0.654894346148942
0.965882,0.354031785711548,-0.118143442465664,0.637733718233823,-0.0204411077669336
-0.849167,-0.399024991689737,0.0795487715708452,-0.434309094197985,0.762595938888328
0.704194,0.303992419594498,0.0577424149036579,0.503995726287196,-0.235656496326127
-0.0162035,-0.0893755219534397,-0.166529400900324,0.158125366590094,0.682067432414555
0.922898,0.36051871888549,-0.246919159909503,0.643765845461587,0.260397047207804
0.443851,0.12559429727761,-0.290781394598637,0.442296994861565,0.666116668299499
0.79204,0.33918464361408,-0.130244842564201,0.633636771910292,-0.201508092091212
-1.13921,-0.480249535330854,0.0487540059132676,-0.430959089912695,0.604228390604662
0.545093,0.268185905200015,0.0494431968915042,0.531745805037664,-0.437164043224454
-0.177247,-0.0847707932331816,-0.149409760736729,0.187456087377724,0.609707521320682
0.897886,0.406856296271773,-0.522674813420602,0.724303681255842,0.353577583375394
0.859604,0.325059527274978,-0.483520940585457,0.707668715416242,0.630723663539137
0.615672,0.305235896354719,0.133166147419825,0.446408458322275,0.388071982719782
-0.172396,-0.2912014864944,-0.0421963897101441,-0.133015261500038,0.591003128997296
0.794063,0.331819802413898,-0.0275658595453734,0.60757912634121,-0.500886694019265
-1.29251,-0.625612212641269,0.131813819659213,-0.657588338517116,0.820803781602478
1.00051,0.416873797799361,-0.470199248488132,0.698194605935828,-0.0881336015003639
0.929789,0.335852139049569,-0.462475908797066,0.69064562403503,0.457111934406894
0.318433,0.180387957245284,0.180813909009415,0.380820829130075,0.257474293577762
-0.524283,-0.346107277070923,-0.0697895441583455,-0.0745280963783947,0.419953092409986
0.732408,0.272373057808349,0.0187562367739867,0.508331561069991,-0.818359600658269
-1.62074,-0.745464671600443,0.0403776926823854,-0.432016767903406,0.702527205107294
0.88162,0.364789666450905,-0.203153502112116,0.632627269915496,-0.344236787543898
0.616559,0.114304526077563,-0.269851546767959,0.471638569876714,0.54607371574107
0.75645,0.320960859955559,-0.0662029270270906,0.591416903599313,-0.0510408285818267
-0.906601,-0.517746130154061,0.0169231241398065,-0.34151037954732,0.571218218641916
0.475315,0.253820946102077,0.0963748891130043,0.446957901252708,-0.316151982634775
-0.0193976,-0.134640468336724,-0.166829123367555,0.170430802800325,0.301965698264274
0.617992,0.280390340455579,-0.000396083431826917,0.541816067334195,-0.740554756804501
-1.92451,-0.826337024639015,0.0836172882944876,-0.528046911643693,0.683705314019158
0.898294,0.356360065072181,-0.220356933280535,0.67347884472984,-0.531225735892913
0.481893,0.131811246969671,-0.242613902282138,0.477630053692524,0.546844860491125
0.845206,0.309266647859507,-0.106552692506924,0.612961588286336,-0.271830530962539
-1.27408,-0.600250775038685,0.0584983755017829,-0.453497635102396,0.563511619691745
0.39711,0.225895085358025,0.079153000908046,0.484497798287596,-0.490268192576811
-0.18353,-0.163602960099058,-0.144904390331046,0.123487750031538,0.562668735162389
0.966002,0.423012698187807,-0.499357145996471,0.714423573130305,0.306957168559831
0.826589,0.331119769318114,-0.462474147753312,0.713762108854894,0.529113450234033
0.364488,0.221352279820453,0.163645165544077,0.421469965127322,0.232280082482826
-0.56152,-0.408374334166955,-0.0331783005484226,-0.260696764892728,0.613407084698307
0.856128,0.37268942076324,-0.233110467110147,0.642720320313653,0.0127912088149038
0.422034,0.145715325432188,-0.246067102026293,0.460369711159398,0.597093095587103
0.781627,0.322695315393801,-0.113840834318819,0.604623882706787,-0.224431521689928
-1.16189,-0.59766016618058,0.0896311657940788,-0.576109834095439,0.634127621142168
0.612028,0.259008853571915,0.0741524012285532,0.492910372693297,-0.389641288426902
-0.0498573,-0.11617158895173,-0.146251967449088,0.106248864247849,0.663923670740778
0.973089,0.417606078408589,-0.501811345778185,0.707771362591591,0.380955925837181
0.833063,0.336274078010246,-0.467369171044557,0.677439477133434,0.541264196327721
0.41841,0.249693336900789,0.134163783118317,0.426195881565795,0.0741720476753391
-0.889858,-0.375079958757224,-0.0309595423572729,-0.232691352853644,0.481310324870763
0.802813,0.305140425807934,-0.032175882845198,0.567641821288886,-1.01025103564507
-1.71732,-0.753702510559305,0.105557999895296,-0.672521600818457,0.702436384598424
0.814047,0.410304814891023,-0.497784672643516,0.716349098487059,-0.243014100459035
0.899961,0.335530558761781,-0.46928333636933,0.706100243673186,0.649380120849958
0.859129,0.374878855520457,-0.220978718664549,0.640223724010337,0.693744359949209
0.547481,0.120628201616883,-0.235884454377211,0.435622793241788,0.708798601492395
0.778162,0.325194448507267,-0.113547220517014,0.6034633568584,-0.0364322581831995
-0.875948,-0.506951629346361,0.110562363489107,-0.57191353632451,0.635464009363992
0.618043,0.255332925060083,0.0728203133377168,0.506317305284387,-0.333396721590577
-0.106674,-0.127691950334538,-0.132210723811576,0.0901386128215342,0.401892974758396
0.53205,0.240739560050077,0.10678039782646,0.465195317398373,-0.276415185955605
-0.687195,-0.385837773202234,-0.0326704584366667,-0.278174801430005,0.415993967615197
0.667886,0.306931109859432,-0.0396431846239179,0.588671737457944,-0.871868007554949
-1.53841,-0.779033744551177,0.161481941990572,-0.76977386261693,0.515134150785513
0.613415,0.267560819125499,0.0569888530888337,0.501247076080218,-0.55539980460735
-0.0203725,-0.130566961112202,-0.132684157682248,0.0849491734811123,0.637553981330457
0.957905,0.414548476453861,-0.508076732810489,0.693555123163086,0.431219976211475
0.928528,0.337018285252154,-0.465614141542071,0.684790747790199,0.543287359359476
0.418387,0.245308533909406,0.135201610659007,0.430973963385641,0.161627387390355
-0.777672,-0.377926246377156,-0.0210419889829368,-0.292845643134375,0.487019281629042
0.80757,0.29641219820444,-0.0389727494832095,0.559733672786356,-0.977279293470176
-1.75316,-0.755311674298,0.11297497480668,-0.786648549508216,0.709280488237232
0.868286,0.356264150113597,-0.237138321114728,0.652536692875856,-0.426668352112676
0.545514,0.119101431149994,-0.252853885149041,0.426643292926408,0.542618052592431
0.80259,0.332606732895228,-0.109362733339962,0.605232626520265,-0.14534623993072
-1.13052,-0.561476366433825,0.0751219244887386,-0.620303383151134,0.8067910803311
0.910688,0.367488634769178,-0.23717908973952,0.657868247015639,-0.17093914216267
0.496446,0.121293790914104,-0.252417723630481,0.428285509652507,0.599251021288804
0.797887,0.326072913691449,-0.104250230457522,0.608039531941617,-0.163737492771795
-1.0942,-0.520379751990087,0.0843905639670906,-0.583098552838586,0.656852796956769
0.647732,0.250968917877653,0.0600796632837228,0.484627777584316,-0.385185761014977
-0.119194,-0.132874734318567,-0.122620825396969,0.0567457124358221,0.706684401777697
1.02259,0.417014954194236,-0.501636016721968,0.711586238520138,0.367390900951541
0.865152,0.342638550435971,-0.4776930564141,0.669795564432072,0.553646500587076
0.399762,0.255080247839321,0.13983785741637,0.432555755968551,0.111461833323593
-0.818888,-0.329649641484339,-0.0466971928467028,-0.259018566602042,0.4153384577757
0.742446,0.29056827456341,-0.0281887721985675,0.541654832495743,-1.21303111479856
-2.18081,-0.913210329316664,0.102231417354405,-0.601201241840317,0.447038742454349
0.650367,0.280900099592129,-0.0213899073529067,0.549409760574094,-1.54038170913713
-1.6854,-0.796453440539486,0.13652389142992,-0.722773760557241,0.560997132971347
0.89779,0.382180061200626,-0.241931314968674,0.648172780734011,-0.454852625365926
0.472437,0.110172488995325,-0.266578355126713,0.421018888038244,0.538913848507871
0.749077,0.324156602339107,-0.111736471433807,0.60128447486994,-0.136471656985671
-0.983483,-0.53012432592017,0.0657137301829456,-0.628628307866768,0.615961835477975
0.618908,0.265229398664397,0.0563555475838874,0.479882001796999,-0.377613666578118
-0.19203,-0.127980662988473,-0.120682955800007,0.0694257436540554,0.667302066148304
0.939314,0.400976082511053,-0.504301929679622,0.694931252743616,0.347343937467126
0.863091,0.317924793808635,-0.467887347223711,0.652823540072477,0.5977807718533
0.547284,0.261421973299344,0.139741154894577,0.411548064424382,0.248525249220332
-0.502114,-0.31676077413688,-0.0343081327554469,-0.289312745095183,0.539181075724813
0.627375,0.232653472158323,0.110389824888159,0.445692478679941,-0.328463172103538
-0.455849,-0.321902348535681,-0.0457744505706297,-0.187972360639597,0.46982942786671
0.784081,0.288408068113493,-0.0319309596576255,0.540493422014695,-0.855786809426153
-1.81607,-0.650927863490933,0.136650466130899,-0.748225711489645,0.800961738876109
1.00216,0.369564385814929,-0.509672063862089,0.681939006105498,-0.28962380102114
0.887277,0.273600809353842,-0.471035528216003,0.653300788085819,0.708706389571302
0.835851,0.337295217807169,-0.224561449649883,0.592535007493246,0.666577020637974
0.502615,0.0876637407356578,-0.227147525095229,0.387262188804024,0.607682235066757
0.624602,0.283206243945532,-0.119162824008921,0.539600743001967,-0.235219179350338
-1.25685,-0.540880356480818,0.0504509152116405,-0.578172346903637,0.457251033827256
0.380148,0.206589890032653,0.0507020061059014,0.437151206233241,-0.563884710321909
-0.329248,-0.205863600571157,-0.156073534289638,0.0928456691138657,0.516735476976533
0.901732,0.351331785137214,-0.496293994037419,0.624960380304162,0.17398870260226
0.707917,0.267328175126505,-0.472581895012717,0.650428912416523,0.363230861755596
0.121076,0.17208180596048,0.146362689504535,0.394096686371777,0.00576018148081243
-0.89814,-0.383452173299887,-0.0377239907692007,-0.209433585911144,0.318289007783404
0.690953,0.267452076642643,-0.0194950817329407,0.533175551593274,-0.901040094484675
-1.39393,-0.688607560367679,0.115367646293192,-0.754288681082987,0.621914630081128
0.842579,0.320611133371072,-0.245008092417233,0.610845228891321,-0.390009221404626
0.303547,0.0944096866976443,-0.258748550497686,0.423241898017153,0.525773420553498
0.74802,0.289462815765419,-0.112881818385471,0.572075476913248,-0.27476778046286
-1.12744,-0.507936145981846,0.0811544373410226,-0.564378143639772,0.571824513340701
0.551305,0.217092630530981,0.0469134305896485,0.451434683329447,-0.467926917745629
-0.225461,-0.152121776458831,-0.143071464946843,0.0793289062648298,0.540979778629909
0.803044,0.308243636829536,-0.242399259314184,0.626877928034715,0.125995315348712
0.386787,0.0960904187378358,-0.246265902663655,0.3974378646566,0.543768356833191
0.695638,0.279760068083116,-0.106210799072941,0.547819944234382,-0.336912818798115
-1.37842,-0.502227126063112,0.0784049552448604,-0.520239572863505,0.561065949840879
0.522908,0.226212476688001,0.0512767222884551,0.452382733811255,-0.463509542654645
0.0165935,-0.144896961307992,-0.130151806553098,0.059106917065269,0.582940859401979
0.905833,0.341258276584627,-0.497879110309925,0.666223683700121,0.402458944477503
0.823306,0.261543432980394,-0.469497480436314,0.664881243101442,0.551037700493037
0.504285,0.239088664753703,0.141355078311891,0.374947556310484,0.0582323260794492
-0.883375,-0.259265759103197,0.00592267105839274,-0.213426981072959,0.44494225362526
0.629471,0.230893209380248,-0.0184540166224086,0.484761703135908,-0.989020102675844
-1.71023,-0.63801512251784,0.145075284575593,-0.580872535441222,0.697598428520197
0.994691,0.460624649514058,-0.263289926139413,0.523100266841522,-0.311919574765834
0.914534,0.268423085893562,-0.478883541322771,0.647279046027695,0.276712912695714
-0.0849748,-0.0592938543360622,0.699523283101061,-0.0878687278260845,0.398163480299754
-0.100753,-0.147213566736568,-0.033204776430136,-0.0631427989838416,0.0595534218950064
0.228936,0.146188392889909,0.453624991904785,0.130269292617614,-0.486069184788095
-1.18449,-0.464019128575963,0.0690511714819983,-0.328617555198196,0.463649932055934
0.751816,0.338241723669619,0.0852213993967622,0.371903178252034,-0.139613083508216
0.741966,0.166607322410694,-0.275768358040476,0.402655809164243,0.47786520084422
0.592734,0.25068823886741,0.285344174170455,0.213187205647595,0.217847363012098
-0.29933,-0.241132807342109,0.037423866541669,-0.225880333521429,0.256952592835018
-0.158488,0.04187121919589,0.568300484526626,-0.0394174327967056,0.0488792319082355
0.311396,0.00568654504363541,-0.155142205730611,0.198975400997981,-0.0925018324177429
0.144875,0.127533575161803,0.437964589226618,0.106568235038582,-0.376594746340738
-1.29992,-0.47298634106027,0.0885245294961219,-0.362752874508372,0.449712995552037
0.773456,0.334104492527287,0.0997674175789701,0.388211015533306,-0.264805182527455
0.591988,0.132371322436622,-0.27592449005974,0.435357630309529,0.408979815020641
0.481345,0.246993650150423,0.306849054977261,0.237366857609816,0.000480538797477417
-0.680768,-0.288678176800009,0.0412367748282188,-0.279878723391994,0.254800207274959
-0.0538304,0.0214980819824355,0.571594980463316,-0.0805730753902549,-0.0536801113584563
0.304745,-0.0307620705217191,-0.125429075450762,0.152853589005874,0.39924153831666
0.961634,0.435261147660468,-0.277986303950784,0.558511550490472,0.461746338214121
0.92065,0.23276051036575,-0.481765362432073,0.625151944304023,0.093751280420357
-0.736808,-0.121708828933662,0.678461998778857,-0.11882998378018,0.322794241997439
-0.43528,-0.203637106445735,0.00319598290013147,-0.141859427651179,0.105060593508695
0.715231,0.309548571127679,0.0850019943508565,0.367426946153388,0.0843906383719139
0.697622,0.113877078771938,-0.229798301095745,0.387849697557888,0.334991148365485
0.289719,0.241406249732467,0.282823948359932,0.213476160174106,-0.05521246065795
-0.88159,-0.342791843234484,0.0420924439001742,-0.37100267240633,0.0561821348813363
-0.321016,0.0276051118953014,0.544420190892141,-0.0636722005908325,-0.222366715818107
0.152625,-0.0264129396111776,-0.151444582040901,0.169915062562753,0.220618740778128
0.843499,0.436011356956371,-0.260941318502651,0.601132787366694,0.375158275702499
0.923495,0.212783244772464,-0.487316386164876,0.631713539479213,0.004887951049564
-0.795993,-0.0896515798031308,0.69062722636283,-0.146751378237384,0.308879323818809
-0.347596,-0.146810941118878,-0.0582840738048814,-0.1192964482397,-0.207613341093714
0.281465,0.125482401628478,0.444808016854941,0.0694980839643877,-0.561722777373407
-1.05592,-0.441498589077661,0.0833226652770066,-0.48276925754069,0.594708742709368
1.03143,0.451848139379323,-0.256863798551745,0.588379955775881,-0.00224971123041535
0.886687,0.22628328179021,-0.497471138592332,0.586667643011521,0.746421972797934
0.781828,0.341745560674543,0.140883836458269,0.325860670866711,0.706410046804023
0.609035,0.12342895624665,-0.275498296380131,0.405241251035191,0.495046154145924
0.334184,0.217437894099784,0.310667097881815,0.185655533515063,0.023425262890432
-0.68203,-0.245190415961109,0.0418198585836257,-0.34535552268615,0.15567394954495
-0.090403,0.00302890051787151,0.575386565441735,-0.138444416497673,-0.23334602562679
0.169835,-0.0219182430028723,-0.179976363629585,0.144849575847202,-0.371696892017894
-0.611526,-0.157841624647788,0.659125175616773,-0.231489521535244,-0.166838276119562
-0.511667,-0.146696224584916,-0.0858507205585038,-0.146530934830457,-0.316477507860441
0.0645566,0.0868759659571561,0.416121275889185,0.0535553343577673,-0.875294348757578
-1.39791,-0.449029192632358,0.062205823214217,-0.512057618221768,-0.184384662434054
-0.466113,-0.0068660419076661,0.539010226556123,-0.118785641368017,-0.432279363716057
0.224606,-0.0123508474498287,-0.170858222043842,0.149243027242413,0.166050846287874
0.949082,0.452699239432741,-0.2419384355852,0.611789556402646,0.386453607057661
0.860135,0.214307569350893,-0.488217367421761,0.609222134432837,0.201448579559667
-0.440813,-0.133349535262997,0.683906306060103,-0.292840775741671,0.277735854067825
-0.330531,-0.141729657612646,-0.0688925074171759,-0.185580219125868,-0.183465603022511
-0.0133797,0.0605642940844764,0.437148195581244,0.0150549450943576,-0.52276509244452
-0.972471,-0.422300032186174,0.0634144394179364,-0.598722275732916,0.300760249119386
0.664402,0.32486850521641,0.140162414368849,0.393419214695004,-0.0983053110253372
0.696467,0.117145684541511,-0.298184762262086,0.415912133519654,0.376204788052343
0.4268,0.215095812048626,0.324072922883972,0.151654821156587,0.162839321815844
-0.512216,-0.282609568779406,0.0371840842415758,-0.410961767804988,0.574322303139129
0.721637,0.323137056421506,0.142822416817534,0.380240241150682,0.0625276287611372
0.554052,0.118547613987744,-0.291845798197561,0.410712987437228,0.347038384367313
0.305297,0.209906682606684,0.318896085916371,0.174350416528379,-0.135845164604375
-0.865308,-0.280578052889501,0.0129266247190274,-0.385519507401293,-0.131627789338065
-0.750266,-0.00743254087784507,0.570628646459634,-0.176493407570733,-0.236050567967974
0.0852091,-0.0309906467507426,-0.181484055378267,0.129985508110201,0.0953376676306045
0.981672,0.463339953546035,-0.232213258389002,0.608205408645847,0.30228724977553
0.869959,0.231943800616139,-0.492431118049417,0.636008317693361,0.0934038385916025
-0.705174,-0.177558919516804,0.683465614963402,-0.329725555705669,0.290292674186196
-0.303951,-0.13981629120373,-0.0794509001461216,-0.17420801667922,-0.317533226778627
-0.0176748,0.0451283392730721,0.44347320369409,-0.0222920974370294,-0.66500507997487
-1.15532,-0.424246520602828,0.0709226910909708,-0.555179184030529,-0.0958045842307713
0.0277821,0.0805996420547661,0.434894691866799,-0.0194630140829075,-0.999019730104505
-1.31145,-0.427615091938438,0.0709331152131087,-0.57160042113754,0.299303701962055
0.747357,0.310277598765243,0.133592552077887,0.35511326626337,-0.271691667882436
0.663127,0.144642769998266,-0.31448736553899,0.389041009279076,0.321063328303431
0.349951,0.21032090297447,0.331637433683516,0.135042945336297,-0.0852069523565383
-0.911579,-0.275028180020231,0.0113449369774,-0.371805562071506,0.099384641368657
-0.269492,-0.0477950449708656,0.572961930803101,-0.255052143069844,-0.240535558946664
0.129102,-0.0253991489130627,-0.175537302461067,0.111496927847641,0.248930125902529
0.875092,0.481221787225914,-0.220962230072408,0.63706493156976,0.33076872477035
0.871187,0.218352516894534,-0.491798699093397,0.615941713005327,-0.0845020613127654
-0.984044,-0.156583332521404,0.675116705408187,-0.352251224239358,0.142337386776715
-0.517171,-0.170306863309532,-0.0701812172162085,-0.205894582706835,-0.784497606090713
-0.931542,-0.273633948957593,0.625752295605366,-0.29959611939922,-0.501745268909952
-0.522097,-0.137938043347415,-0.0853203198993548,-0.191028613918767,-0.482752687372822
0.0668203,0.0495342460742104,0.436816333976004,-0.0518658658634592,-0.782494236442798
-1.33243,-0.406402522289612,0.067850974475344,-0.627434292001906,0.460647610997179
0.96906,0.466799043827177,-0.223687881235204,0.63427828988422,-0.145239402550725
0.894219,0.22890439594666,-0.488588700424885,0.563360924298095,0.614490007647925
0.583328,0.331781213303021,0.167580208275033,0.315490271806751,0.695361042237583
0.600498,0.137576246259582,-0.269844924301814,0.409422405126592,0.38608255697903
0.291523,0.204427307122299,0.329269809169995,0.137930369093972,-0.0320396548180065
-0.725344,-0.260050075447394,0.0243895072362212,-0.477766045115351,-0.0030712084252023
-0.454659,-0.108839957621746,0.572211567159556,-0.254088574400336,-0.143615474606978
0.174057,0.0148782202986051,-0.181442906257754,0.115562159316596,0.199887713922729
0.94809,0.484489399097722,-0.226248232897568,0.653643860611136,0.255900696410071
0.655611,0.235134059529413,-0.495602705730817,0.624111316045809,-0.000190737853374479
-0.891342,-0.200422643379334,0.715494562186977,-0.369726744216318,0.13954806694524
-0.441791,-0.11519982133209,-0.0530848775359764,-0.197239595672825,-0.412000741513965
-0.0350635,0.046564570363602,0.463312144170944,-0.0352612431998717,-0.698879040269152
-1.19171,-0.412249114034195,0.101622332138573,-0.620809953710017,0.246598201467955
0.601618,0.305201480581792,0.137759224551013,0.397335598280812,-0.238455717337598
0.627941,0.143955078294203,-0.278020383353157,0.449418563735479,0.23712013759623
0.267562,0.184046605327453,0.346919658495176,0.159149037936529,-0.0739679886303867
-0.805254,-0.281795231067974,0.0469497209756609,-0.492422948995734,-0.0115977446685014
-0.454073,-0.107908608221427,0.559085887342433,-0.262207151188206,-0.161393283528405
0.260623,-0.00146911448316801,-0.163321797106228,0.0947640271468416,0.0686619898789189
0.632539,0.294302392846439,0.137678827505846,0.33906922535785,0.345071450390764
0.609925,0.148707197458313,-0.29023787127071,0.431494323280279,0.35485168500858
0.301045,0.184904897694517,0.320808750333909,0.121052888151621,-0.0527617084677056
-0.788908,-0.266571057255015,0.0503026464121488,-0.507836171671287,0.0484586675955393
-0.348164,-0.0814347984706621,0.580905064463108,-0.280770435850743,-0.154237955528342
0.197827,-0.028226101380807,-0.168227814609789,0.0943882735162522,0.278962009365586
0.998386,0.477798862764236,-0.234285545490887,0.651818190403831,0.38125837196434
0.881895,0.249860166440031,-0.489556187993591,0.636967755053095,0.109567125246386
-0.69926,-0.198762544884774,0.703496160298893,-0.454406528339367,0.267985009132881
-0.378538,-0.1465798991391,-0.0282705994478172,-0.232376000091956,-0.303637038502611
0.0394826,0.0472840524884735,0.454667911398866,-0.0413933678607701,-0.790255080487831
-1.55757,-0.444444979677613,0.109721356449726,-0.636381236903615,0.436266192526073
0.944917,0.47344034655383,-0.240597040729995,0.627198880580859,-0.349488072688488
0.883656,0.259899561168967,-0.503042427614385,0.65755068521198,-0.105436625623602
-0.899264,-0.23077772511592,0.687137618468549,-0.421148192810825,0.252900171808672
-0.360796,-0.167102681540313,-0.0321003969845209,-0.214495966090628,-0.416739808444329
-0.0669911,0.0210100731385932,0.452401068574165,-0.0360922875061328,-0.662718471570654
-1.19816,-0.447941065567754,0.108335657398113,-0.615764864818944,0.25962919506325
0.649597,0.312396646296956,0.140672098792811,0.366849035675138,-0.237158714333151
0.66187,0.162223240507602,-0.281236095154492,0.442807552216234,0.19569953680381
0.133019,0.172550259484003,0.337561602348247,0.156750113005012,-0.0838485132105345
-0.863145,-0.292707099212153,0.0656633795510863,-0.492369191255966,-0.083844198022803
-0.450849,-0.111734438935934,0.575196327630633,-0.270231205282969,-0.320796837799714
0.109903,-0.0148021675731465,-0.161201577683699,0.105184583039254,-0.351732416765398
-0.0638025,0.0228561044035101,0.455429066576699,-0.0421066374051777,-0.525629025228322
-1.38859,-0.454792287103001,0.117692466411589,-0.65264058686338,0.337751744802652
0.755327,0.305079642368516,0.157007631449017,0.364392313934199,-0.311709329585965
0.625985,0.156303557983666,-0.264081582194098,0.45111103850824,0.34063806888445
0.406431,0.187031264866721,0.347695618683373,0.145798547442378,-0.126046418521313
-0.957185,-0.287819780828889,0.0673540262672466,-0.474720802348956,0.0837862046437433
-0.360262,-0.0802461759456527,0.58885298644795,-0.238134077237889,-0.247336195097784
0.140277,-0.00871798715998617,-0.153639115315163,0.136208230245325,0.238881993589982
0.936416,0.478685282983692,-0.228551677704692,0.664364565144684,0.362181900553073
0.927006,0.252783114210181,-0.489073808583857,0.646069787784304,0.00200746343394209
-0.895469,-0.23502132894138,0.701827787635527,-0.376061141170014,0.323444266354445
-0.412285,-0.153893552689131,-0.0411380019556236,-0.19167768490681,-0.0168300268434446
0.602824,0.293027101525577,0.141514752942229,0.334784604200156,0.0404402291163048
0.581883,0.136336913830522,-0.27614304150097,0.436133604490921,0.324484753964754
0.356599,0.161012929260646,0.319768036636529,0.113224805147292,-0.0523171860206884
-0.73308,-0.238852971226499,0.0666016206664633,-0.497355381900943,0.0504123772772433
-0.385483,-0.0939459344402893,0.57826633902408,-0.237244285352897,-0.145162356020317
0.167912,0.000822379972300419,-0.143144403023068,0.141664387653092,0.233634121994358
0.927056,0.492252969647302,-0.224145444080824,0.641718139539299,0.345526133521233
0.846274,0.257693062366267,-0.493987107282877,0.675093625382168,0.0363748782548174
-0.811024,-0.224699956016117,0.703488888372248,-0.383115593609109,0.293286478063022
-0.26654,-0.153079069942322,-0.0487879937898095,-0.212764149839105,-0.36904561765159
-0.0225162,0.0346054769138352,0.447670614252246,-0.0452578372082629,-0.67366442505884
-1.38208,-0.427323004641471,0.112621073742248,-0.63443133482795,0.429185828754839
0.951641,0.496216466752715,-0.209565336160185,0.672201753169719,-0.209264765848635
0.785335,0.268325551090611,-0.501334817611915,0.735434995898521,0.654140731275237
0.674903,0.336907621791062,0.179833503273269,0.290509610098703,0.731739175730355
0.69577,0.174764443144769,-0.262333924764449,0.45295355991599,0.688075616364805
