1000
-0.0738947,-0.178322967722672,-0.0077530666578394,-0.115335222469476,-0.52052150321165
-0.931352,-0.699578883747535,-0.546232667382138,-0.230387292669091,0.943345031034889
2.22068,1.30942435168167,1.29146406042609,0.562439805266076,-0.673831589714175
-0.818856,-0.566990895725488,-0.513537886522353,-0.185394692881248,1.43521381672392
1.39758,0.803366397883121,0.87584309606575,0.506218628555398,-0.515349154404946
-0.739376,-0.466219481709394,-0.465805440993814,-0.119751142142917,0.658646877312574
0.338532,0.102211353673043,0.226931362750642,0.108542628019469,-0.543054994711005
-0.870235,-0.618633446222774,-0.490054098862763,-0.261797985292761,0.488507436045925
0.945635,0.466541450207004,0.538425452012428,0.433930767617074,-0.505829412244117
-0.571823,-0.323709762746256,-0.432307161525199,-0.0444788845329092,0.953958878650629
1.50096,0.800959004659457,0.768162181293612,0.809184434949168,-0.410377336197874
-0.690247,-0.403207257511922,-0.466758494804607,-0.183415213451968,1.10119633120906
1.19838,0.604904367612309,0.607152683634259,0.642176174036206,-0.3188724311979
-0.281628,-0.0240049290989361,-0.34097564053507,-0.0398672922276655,0.498138917827979
0.145817,-0.048501229810786,0.0609417812281005,0.0743248871926431,-0.334141536653721
-0.782437,-0.500409989554908,-0.472207616480033,-0.266350744719642,0.363332796608774
0.750221,0.326323426066961,0.388443955462154,0.406906422304743,-0.393578637946882
-0.36495,-0.0662313347816997,-0.305474810605947,-0.0679834356967527,0.84347682854198
1.46069,0.769278130080065,0.734673099872532,0.775656050313281,-0.43205052628559
-0.681438,-0.372241368535492,-0.465616964599222,-0.198522040876446,0.418378572903661
-0.345719,-0.348146422299272,-0.245136626063919,-0.207896345549672,-0.454839588860967
-0.879839,-0.605231859175302,-0.498937090971913,-0.319781610222314,0.611458542147263
1.93969,1.10968228416238,1.06159877238153,0.826221241451636,-0.641882993066661
-0.581488,-0.259443989506314,-0.431679620959025,-0.159427492979532,0.803158963425972
0.195944,-0.022372831671241,0.0831978003688286,0.0890837903436786,-0.42930788803056
-0.813573,-0.530940644149233,-0.489654218563622,-0.276321683516898,0.390217481723612
0.806082,0.36207306340174,0.428378660242134,0.433874244153867,-0.44190540447134
-0.459926,-0.145665536228379,-0.363299192670737,-0.0786867625219703,0.891614990224257
1.52998,0.819062480408062,0.826228058113355,0.789840116291826,-0.491014308977213
-0.733808,-0.400657183729555,-0.456707312493743,-0.180170261992385,0.445104740767502
-0.338446,-0.349223215350286,-0.24585552887606,-0.189891802233459,-0.475167080333757
-0.894191,-0.624516282543289,-0.523328461467657,-0.342821884998033,0.641155951270049
1.99152,1.16289895073058,1.1276588604021,0.78827310524604,-0.598855075376818
-0.622372,-0.309334246945147,-0.485732742144508,-0.126402906051693,1.26709145515644
1.20566,0.617617678238865,0.655280528186086,0.605193916884479,-0.352557592099181
-0.409562,-0.0689832415057364,-0.372991275348394,-0.0635300655632819,0.279118116243671
-0.364994,-0.373215171146981,-0.261688798540415,-0.195055066475198,-0.475282594237625
-0.900799,-0.643237533822104,-0.536904627745156,-0.337276014940259,-0.11596188135224
0.232802,0.0130700612731372,0.136546550607607,0.101545578826968,-0.706819724919111
-0.817517,-0.523767658118413,-0.485060840851688,-0.278766813770223,0.365512814271521
0.808681,0.376093281701106,0.452072419390825,0.461754338598159,-0.44800562016725
-0.465889,-0.153976191386133,-0.375585411737874,-0.101853318509974,0.905154078014674
1.51128,0.811182812744326,0.797855101964353,0.795228336487911,-0.351823055341859
-0.736676,-0.413312304456088,-0.485351181737913,-0.190078280286038,1.38908506848864
1.88009,1.04266709480158,0.961946089745977,0.771293785274504,-0.415491431134146
-0.632185,-0.271282133136444,-0.416524031748866,-0.166849478482409,1.25560879920944
1.18331,0.617038635078061,0.606648354317292,0.649933351468725,-0.24351766379947
-0.41836,-0.0754136873006251,-0.383825543610034,-0.0722427621989976,1.06771519346938
1.50477,0.822678520952631,0.782065606780295,0.774159199948754,-0.451008751353462
-0.747822,-0.41645003388941,-0.500104190055038,-0.159311978319908,0.442115659490705
-0.334909,-0.344088590546785,-0.263710315948654,-0.192943919231911,-0.486137415362792
-0.901567,-0.618319939440652,-0.518359003381227,-0.345270704154417,0.6334476042737
1.9728,1.11460550877191,1.04525958853528,0.747299541961881,-0.603653453852121
-0.623741,-0.271831035782154,-0.424138687953909,-0.162559693805205,1.25115042002752
1.17664,0.601700814173361,0.649075416241587,0.6456063845586,-0.322250523079253
-0.414609,-0.0175754681391409,-0.350413374536085,-0.0125519386314343,0.49501056660787
0.149558,-0.0266428674207131,0.078713055234522,0.104357006953304,-0.414052335172483
-0.833035,-0.537643560343138,-0.510022318759664,-0.143116879507551,0.345077103694593
0.770746,0.355344869563055,0.43123599980207,0.436699683470939,-0.549916840049729
-0.486847,-0.161051341603705,-0.415227367758231,-0.106888801699208,0.302243031808353
0.170584,0.00581504749302571,0.112988397832291,0.126667609790109,-0.471329534249632
-0.82959,-0.507341719475791,-0.487601862480634,-0.215486115621956,0.3602671065795
0.775489,0.354970244372858,0.447648231124584,0.36474673251441,-0.459075437560102
-0.476461,-0.154870139312888,-0.398544153771401,-0.114104752047461,0.870854630078472
1.51694,0.830955906758518,0.83902189721122,0.728411707847034,-0.505733519341625
-0.741883,-0.416990776343764,-0.492344749745955,-0.132297851181196,0.423915516663922
-0.369703,-0.352470915477155,-0.254479707665214,-0.175831787858363,-0.486212486704459
-0.905571,-0.618009315222897,-0.525398289918878,-0.351031786176917,0.615927351063378
1.96635,1.13403063062368,1.0902684926931,0.694749330381737,-0.609517860778022
-0.630761,-0.285488347094834,-0.452157024199874,-0.203467325119996,1.2542119765515
1.16796,0.595894944821345,0.621918829209099,0.643067984912094,-0.258680806857364
-0.41219,-0.0950592349948712,-0.412625566435537,-0.0445954880060475,0.931082144051408
1.13922,0.600655760457354,0.62553470317976,0.649078105227989,-0.282615428706149
-0.422726,-0.0807920257474512,-0.408623030503385,-0.0719967729630282,0.476898228518603
0.129437,-0.0108744730623757,0.106780319251085,0.119106111084786,-0.421143294279065
-0.841172,-0.526095125712486,-0.514424447628212,-0.269612657469382,0.344046309354429
0.761314,0.332382327567306,0.44605771637225,0.435183186444305,-0.473003114880911
-0.492762,-0.0881843085781933,-0.367622707419666,-0.136692833102084,0.85929061329501
1.50781,0.690826559946563,0.849291086780274,0.802685812505663,-0.518377044747929
-0.755024,-0.337143435865399,-0.504505235917603,-0.195316896177971,0.425178601981182
-0.352894,-0.417948070678745,-0.252721483803229,-0.196431479864748,-0.497947147010695
-0.914262,-0.679850834625773,-0.53079669748355,-0.381563146663724,0.610825618220071
1.92695,0.941786033722692,1.06690372928549,0.894948274140376,-0.575939995858592
-0.640213,-0.139648672037936,-0.465650821323804,-0.170750907079988,1.50600532532502
1.83719,0.865267890136214,0.960305489840998,0.865463984736411,-0.368558943133338
-0.654903,-0.148915654100217,-0.472135853320007,-0.146757367501228,1.21357588990601
1.15084,0.457437615949854,0.642794668667243,0.644635785848637,-0.382673770615394
-0.433679,0.179134388491687,-0.373712971263164,-0.0106705826103671,0.240850669595847
-0.390394,-0.450838983292728,-0.276318306252936,-0.14253731003567,-0.499333338849013
-0.917847,-0.682000380353441,-0.523808494310761,-0.338065873074994,-0.146113422705224
0.195862,-0.10352419192668,0.13407102493571,0.158257057532138,-0.726094569073058
-0.835936,-0.499566799648956,-0.488176048004447,-0.231082146845362,0.332855116387119
0.777754,0.22610820395623,0.464113034300546,0.452072924408572,-0.474694124290063
-0.49285,0.0611738301802985,-0.386281654463506,-0.0674498375186571,0.858338800388904
1.48996,0.656321459612129,0.842351209043549,0.796243915680534,-0.519209446825806
-0.757188,-0.315671140432489,-0.488781257569192,-0.141049590234389,0.411203026261682
-0.367577,-0.438525580147261,-0.258007150438784,-0.149001366732413,-0.50207673869547
-0.916237,-0.68819685893277,-0.528153003118543,-0.31086252117139,0.595683545775976
1.92237,0.927310230377007,1.06821048829039,0.89802046016402,-0.622180748396831
-0.643055,-0.119029136410415,-0.44614711775829,-0.0823523592945858,1.21595927490822
1.15113,0.443970098233462,0.60855755624215,0.655252500056241,-0.344865635303712
-0.436052,0.226558567114029,-0.369318675660263,0.0487662716137022,0.470128759179369
0.122745,-0.165001763710843,0.074931936007694,0.157454823873588,-0.431044730904097
-0.849298,-0.505371179256563,-0.50320976676612,-0.208192725384947,0.338032678282445
0.756645,0.203631572494872,0.449472758764504,0.433678892987405,-0.478897769276542
-0.498617,0.0936480583904189,-0.389924602563901,-0.0261180338254467,0.860689669359423
1.50646,0.657153037405577,0.842770985247901,0.810929188290661,-0.490849484815722
-0.756474,-0.306891067944697,-0.502679036891187,-0.0982523571232592,0.630907813036271
0.148928,-0.149793382085804,0.0909175671577895,0.173256416370651,-0.54244658634265
-0.846967,-0.504159945251862,-0.494424896322876,-0.19826528084413,0.341433217752004
0.778203,0.201388086546172,0.443293879356366,0.448689849056698,-0.477557326663868
-0.496191,0.118096758294871,-0.39017488132299,0.0161763787856175,0.871273389977739
1.52227,0.659507458651896,0.853515031593264,0.825563438724044,-0.523916445104425
-0.759778,-0.294640320771011,-0.500835559096689,-0.0883995912239735,0.410862533293309
-0.399748,-0.473662185442781,-0.265884624691533,-0.151349349807532,-0.502249760512907
-0.923907,-0.702804164395402,-0.525264660088269,-0.306824886599041,0.5963889525053
1.95595,0.933755812872959,1.11817491362768,0.895775808814181,-0.627430106842488
-0.645034,-0.0778331705573026,-0.47264827567529,0.0130139111213682,1.23538324822948
1.17793,0.422668969278845,0.644141288840046,0.65925463240883,-0.378156225947158
-0.43064,0.288737316650457,-0.360158476408525,0.172727050072469,0.236275233903231
-0.669724,-0.614196513964856,-0.350864393369468,-0.0353054157126621,0.184769641254164
0.351471,-0.0476913237855879,0.153269630337271,0.260976091973209,0.677790700559449
1.05864,0.347502186998222,0.224865836495117,0.500734549602003,3.63229855209036
8.03753,4.39870275996627,2.57745309888358,0.839912042574857,1.21206330935071
0.184849,-0.153927987136042,-0.0512642249840387,0.280646501907577,7.9395730151099
10.4967,6.36753282328514,3.89266879565342,0.791903040680425,0.549139989169646
-0.33789,-0.475200377810714,-0.279802389916954,-0.0134371496599177,5.1604360231616
1.3257,0.584171896662014,0.540810136973236,0.587838810753529,0.841152576014366
0.0723206,-0.240490644694506,-0.0453439748857224,0.172056706768947,2.45342085641347
4.11863,2.47543795876252,1.56779985683626,0.973485833368473,0.51754114072553
0.707787,0.139884177497014,0.290714350665843,0.434246950670237,2.36684498832697
1.2873,0.723970519342995,0.554520813411874,0.641645184436469,0.899876228426159
0.41598,-0.0338062973582736,0.172492960224484,0.31632023818683,1.68019113824175
2.49924,1.81600275283798,1.01340175669029,1.12970512389904,0.177608985340637
-0.233312,-0.407440427690463,-0.156499762951197,-0.0180004471757071,1.138166151439
0.00344538,-0.0357601268309458,0.0327848068636646,0.297724411594045,0.290753802450311
0.108726,-0.232180190374373,-0.0128407430316802,0.161828819110335,1.20052044969477
2.66783,1.82105583232057,1.16847276873306,1.06642259659056,0.41632029492724
0.552091,0.0267861548732425,0.18343239847383,0.363778564861078,2.03375486494068
2.20403,1.24209743326853,0.915619859271575,0.797099864738099,0.111603839269263
-0.638045,-0.666003694739664,-0.429337746097071,-0.137129327958978,0.844851233886708
-0.550196,-0.517691616010236,-0.296604069130529,-0.0054472000095469,0.418801382712078
0.753363,0.146012632954823,0.256508702861328,0.445211237849586,1.21623456528761
3.47952,2.05536463813799,1.40929617964274,1.00237270994876,0.211839010094517
-0.291691,-0.470992402067365,-0.227837697800027,-0.0108436050721947,1.87823684336498
0.755731,0.303641948277687,0.333138782849868,0.513672910397531,0.342611283135251
0.0417329,-0.285876299487446,-0.0612668468140862,0.192222545921665,1.80827035433878
3.35429,2.10079071492992,1.32198212191353,1.14509848332857,0.373374351440594
0.558667,0.0331305222976411,0.217284029886923,0.399889569478866,1.88724840836038
1.16508,0.682439963670217,0.482813505341859,0.675729488395085,0.160480381591321
-0.599149,-0.667873496422563,-0.429713115768611,-0.131577421826596,0.313051259601745
-0.754876,-0.646397382542875,-0.408274114489539,-0.130485888205537,0.301545112649226
0.802882,0.18814882472405,0.371125109540846,0.463347328561986,0.523507488316925
1.94308,1.20914293035013,0.765363522254033,0.879921949072786,0.582580915681566
0.350558,-0.123194939830886,0.129016161164805,0.26219383275458,1.83189665304057
2.37337,1.73898471926386,0.929283868756724,1.19527323895561,-0.0279253190951063
-0.597549,-0.670420437111231,-0.416510156456819,-0.141930074685098,0.695818915376074
-0.807053,-0.696087185049025,-0.418053353621385,-0.166160884424542,-0.175134737717895
-0.207466,-0.418657084673838,-0.133970709719758,0.0178450500670211,-0.294725007398218
0.0863319,-0.020831742420413,0.0717534924601726,0.331995060480481,0.0321879805122701
0.0950162,-0.270249755679652,-0.00431638945534071,0.186439606606203,0.906815350040644
1.98683,1.41766700236389,0.795448952720153,1.02680509054257,0.355664072077505
0.620142,0.0496522037230267,0.305010404780216,0.403980720752572,1.18110359510097
0.629685,0.413987418468152,0.26327032116521,0.576310029608813,0.80861063121012
0.775902,0.142502404993088,0.364562033531911,0.452494203550838,0.910357760443574
1.27441,0.882293659232197,0.481716420659358,0.8427917521135,0.661029914029784
0.33131,-0.135498868844365,0.148818841055213,0.270551142896453,1.54151214195015
2.12824,1.64175870349706,0.884587236097499,1.20273904519718,0.487158280505363
0.547714,0.00722260178826464,0.292631556880911,0.36125802344763,1.09834623101301
0.475665,0.330631599870371,0.205088053886608,0.527882464947403,0.087344736804076
-0.573115,-0.679847791765083,-0.424114090306177,-0.143670709818307,-0.0261314135245271
-0.82047,-0.705699845090438,-0.445155465569687,-0.169716980039201,0.224377503384319
0.789588,0.158845306494398,0.417014070265214,0.41930511883252,0.245007443244909
1.37801,0.935518895745584,0.506275634360296,0.831800044404769,0.537172614060599
0.33975,-0.0723159954642205,0.173485187805473,0.258382146616943,1.38885132762285
1.83322,1.43852751902808,0.655093141264425,1.07677937541826,0.11980094113303
-0.242701,-0.411951490131565,-0.13750680465365,-0.00630473957385365,0.711226265491098
-0.29171,-0.216766490737629,-0.130147067693735,0.198968725346236,0.154071494015014
0.0924722,-0.216027580503738,0.0455258054013775,0.142098906977193,0.516851070842255
1.54012,1.18226419811506,0.620098590236957,0.936100746963174,-0.0894839525159254
-0.228883,-0.396059051548201,-0.138587464773857,-0.0174209894351603,0.569222618541502
-0.260316,-0.197787491589353,-0.117060855797181,0.173626016589491,0.14861328252958
0.108602,-0.201673750202859,0.0537298563393661,0.127824717551796,0.563598319523326
1.48992,1.15157733032591,0.601474711654917,0.895602203612586,0.301590955026804
0.612037,0.131932713476693,0.323801464920244,0.365342571383074,0.71691635729807
0.288789,0.235995020312074,0.0911002482358599,0.421679929173916,0.0656241302697361
-0.576737,-0.60897812148328,-0.389589125775709,-0.171934973266235,-0.123498750766386
-0.8543,-0.696612002902932,-0.471290047295447,-0.209458570343138,0.204660834457898
0.843324,0.296343026702229,0.497164920400002,0.387301848057818,0.0372353970864038
0.929594,0.710898308491822,0.329024697574296,0.648153822250304,0.552572400648705
0.38265,0.000139024775572969,0.224176699663788,0.287406958283235,1.04604300261129
1.33998,1.20994124151,0.528863657606646,0.869284657169734,0.472446877091292
0.370443,-0.00136231782145015,0.238453738107578,0.287893051437332,1.17993592874865
1.39783,1.22561392643712,0.521872009698093,0.867350520973863,0.127965831825354
-0.227052,-0.350067444491532,-0.106997215608952,0.0227673823533992,0.474112123123881
-0.41706,-0.251738299902741,-0.212633122858383,0.128149354952311,0.13184984794736
0.129163,-0.154605039278617,0.101463190197733,0.168297969644926,0.347531633773596
1.14101,0.930072476902608,0.428418520053534,0.775165965862299,0.295853562500996
0.61866,0.17012081411473,0.357575889488737,0.342805178856233,0.52058086767417
0.177819,0.199675663533785,0.0522012085154684,0.353999260012481,0.0418810053872841
-0.586129,-0.564014748602467,-0.387511775203992,-0.146726873147772,-0.175696269945968
-0.857939,-0.647755076701829,-0.450220014122708,-0.213455983702702,0.189382492697414
0.835992,0.33942088034357,0.475953450845661,0.33055755615547,0.0295452886500443
0.876439,0.669963845334586,0.356667311973013,0.53491148669898,0.670061691224677
0.776222,0.270093897661034,0.433082396097791,0.342210569051151,0.714842055955499
0.619189,0.53806451081885,0.215347001080188,0.52460429260379,0.624798216538006
0.354413,0.0449328889913918,0.227914581709208,0.242510160960981,0.866837938115301
1.39192,1.12249376179525,0.528860269743093,0.708015780678195,-0.113214736506553
-0.598392,-0.551148726348819,-0.397860448075201,-0.149483410431591,0.23597238530504
-0.873091,-0.626847356545589,-0.46901622929888,-0.195118207788778,-0.256783387122053
-0.185841,-0.269349556406248,-0.0689669266513635,0.0157540052346157,-0.506259128244218
-0.306101,-0.162242017820932,-0.108298580929506,0.0889300856969632,-0.0108667839093406
0.128848,-0.102026070784941,0.087822783349268,0.135733045242379,0.33342199505103
1.04571,0.807695699534742,0.314641956646117,0.573173642995333,0.297747657030831
0.640903,0.234679822784635,0.421364193676314,0.281266838466669,0.404457301666658
-0.00636671,0.0678707108344648,-0.0603853298946856,0.200302507798516,0.0590428007129916
-0.551058,-0.505954937750113,-0.368611408625589,-0.18225099668392,-0.261938130896659
-0.875063,-0.652531733720058,-0.480318578637323,-0.244543274069171,0.184439009093034
0.85306,0.39669104873607,0.540346709001321,0.256298556403274,-0.0805499223917628
0.684465,0.537098079311555,0.213238258639571,0.375565382432995,0.531743132013962
0.386787,0.0705040221045678,0.248710402442792,0.20081752976777,0.77436948251388
1.07221,0.882981122863704,0.337931364394352,0.550451446037383,0.0982874546782772
-0.220827,-0.278383473896882,-0.106958399717287,-0.0448056210994061,0.336824445610479
-0.404559,-0.236566673213628,-0.213823314643929,-0.0236714746987045,0.118058304347018
0.150282,-0.075674264301369,0.0897890089336054,0.0732492352447999,0.323620577223052
1.07628,0.822360557750692,0.402452908328774,0.441531259368975,0.312559913840645
0.643572,0.242150172357395,0.385266903199623,0.242555640519092,0.472797473855202
0.0625775,0.0794956705628551,-0.0183922957541458,0.098073090325155,0.230570816216044
-0.200605,-0.282556214841803,-0.0965231129318688,-0.111884040895796,-0.102806892225097
-0.470094,-0.301700438627243,-0.249914915039525,-0.0617131476404246,0.0526554650729728
0.151579,-0.0758044016454831,0.121068890830494,0.0242241926809432,0.200787523913379
0.872523,0.655707289811255,0.294909109354046,0.2632049946197,0.304804795535567
0.640025,0.212271368337159,0.356897852515042,0.174846201155987,0.375963484774547
0.104896,0.0760659141639829,0.00493831006756505,0.0586766175400147,0.0327086724169992
-0.586179,-0.54371870026755,-0.409247600918497,-0.31099873915301,-0.216131941770578
-0.875783,-0.649682841130295,-0.486839012397437,-0.346512039318867,0.179852710667248
0.850159,0.394414270419338,0.569529858642228,0.209914278748222,-0.0506340979247798
0.754758,0.491006157748288,0.265086922516416,0.144760407842939,0.540835218041557
0.395947,0.0695904128639253,0.231229216994373,0.0888470553206677,0.847965506675663
1.24155,0.89361252444144,0.467005256211149,0.248897651678718,-0.0803486667640699
-0.58961,-0.480709918362115,-0.337601379816808,-0.299906483025755,0.208329759075767
-0.942434,-0.631927191893944,-0.553943006761579,-0.307578831808633,0.151565049500321
0.876445,0.445536456116236,0.672683041905401,0.276408582354657,-0.789463706236286
-0.892392,-0.358312858806471,-0.594163625072219,-0.192608963630322,0.411254541169689
0.372985,0.132658843620017,0.34891479888236,0.155258389896175,-0.706099958373401
-0.814491,-0.160128312759447,-0.574480257258898,-0.20477767632928,-0.0706605859441826
-0.280295,-0.274960672054051,-0.0959514258767405,-0.155708448476921,-0.730523234516871
-0.952301,-0.561632212594216,-0.574641940597954,-0.290308383906457,-0.140994103415666
0.17622,0.0158446492805344,0.231083108093432,0.0576066651097133,-0.745630335491258
-0.84308,-0.251970166753672,-0.57893673593408,-0.311334077560988,0.295578683595348
0.801996,0.383818065676674,0.596784692798386,0.290025527401115,-0.728406425133221
-0.940114,-0.471787409545138,-0.589958934112391,-0.331593742307273,0.473831121500789
0.570757,0.248738522683513,0.43995825786731,0.189384335031325,-0.730923093026283
-0.829601,-0.17555662691202,-0.566985599653801,-0.300989352989944,0.0436598563762811
-0.202895,-0.22422102650598,-0.0508877636086315,-0.152550916143431,-0.719473475852854
-0.955999,-0.566644851450304,-0.574680059343177,-0.363960285746791,-0.0609762396252278
0.284135,0.0822326635325264,0.263261995719799,0.0698907102787913,-0.739435764991685
-0.851184,-0.267922683753091,-0.566089501646259,-0.380102159424324,0.383290016222951
0.922874,0.485286134800208,0.675144930092488,0.29848184524913,-0.791942317876326
-0.937157,-0.476135233813894,-0.592368691271546,-0.388056849645717,0.0703028291024912
-0.517093,-0.442520076012821,-0.308879951503316,-0.33419777553509,-0.675642683313764
-0.955491,-0.648633390231281,-0.554994078353637,-0.375451429338453,0.247501971498929
1.36345,0.739986320287154,0.892074420290368,0.318045686167502,-0.848045523554757
-0.900445,-0.381394547834799,-0.589781030619845,-0.363514260594091,0.389880609730051
-0.150792,-0.181742677066686,-0.04267138391072,-0.14392920869627,-0.696275747913357
-0.951653,-0.565057642696198,-0.574770160274576,-0.364402702855229,-0.016178341850803
0.327,0.124629105447645,0.280779067188739,0.0945200753521538,-0.722642926751
-0.829914,-0.293364169992737,-0.567581724338087,-0.398757603725432,0.416542562546156
0.955714,0.506935380806479,0.648836671506714,0.306807413321084,-0.778528610096642
-0.938799,-0.498788303466186,-0.590935992674494,-0.407345070958385,0.101139662301231
-0.48223,-0.419250775818822,-0.300575681527187,-0.329992818656955,-0.672106177400502
-0.959781,-0.648551641480945,-0.566222655134407,-0.411086490127186,0.287044067420745
1.40352,0.78425176145122,0.891713438541338,0.323769702099267,-0.798011012408286
-0.909157,-0.420333493059157,-0.588394174593063,-0.401434710560632,0.762101931360741
0.686868,0.357076917605565,0.47696676026514,0.191409652269043,-0.703464159070986
-0.83406,-0.278881816274441,-0.577711313313262,-0.410367229815684,-0.0336620780704597
-0.509252,-0.443123060333612,-0.319043105221905,-0.356220810268408,-0.738668166275283
-0.958859,-0.656623246523428,-0.582399034515986,-0.427402092636807,-0.353997707851409
-0.0748527,-0.105235379400757,0.035965405726479,-0.124604431406171,-0.834905990468651
-0.953032,-0.577322207630725,-0.574216591198446,-0.386365515534056,0.0171767919041977
0.380017,0.177158200657086,0.299450392466654,0.0893526945112948,-0.723299899610033
-0.846128,-0.347265015535034,-0.556490301384504,-0.472111426746756,0.473736749836628
0.996761,0.568083388100675,0.680809352838433,0.314435703674369,-0.66819114110009
-0.942247,-0.532536307724171,-0.601290645481611,-0.417772759710158,0.886354335492055
1.33337,0.742994403126841,0.805953837829733,0.337627761563427,-0.693776465923037
-0.915349,-0.473455413438417,-0.598439954188234,-0.460298990602942,0.781384601123148
0.731914,0.414279615167651,0.494464930783703,0.292402376206081,-0.610379508590965
-0.832981,-0.366779776973005,-0.630944445818155,-0.477899339297309,0.634474031540051
1.02525,0.615329909453316,0.684150592094765,0.356476131310986,-0.752176921873755
-0.941933,-0.560103254734555,-0.575782468031538,-0.404293488172138,0.139453511651197
-0.474741,-0.421896386019343,-0.30306324242839,-0.307969102121645,-0.658260754352596
-0.949005,-0.667497793223892,-0.574516277482675,-0.399010717505561,0.328223345043858
1.48982,0.908770062284732,0.941355816421175,0.297674973270428,-0.787761937971852
-0.906457,-0.495406749617301,-0.606955951410597,-0.479064595550633,0.826151376700793
0.739663,0.431884861894953,0.503871050347256,0.324346438104026,-0.668942307978387
-0.828721,-0.376756620713308,-0.611107182203585,-0.49846408643896,0.159621174990835
-0.121979,-0.132186920873279,-0.0332071102215438,-0.114749489721803,-0.698066153181632
-0.948493,-0.608224847872559,-0.587795084994852,-0.386681159047051,0.0140729012012474
0.397498,0.226605931902939,0.319910548744562,0.155039338007245,-0.793427015476488
-0.847947,-0.41754966085734,-0.573241718688552,-0.512023654109308,0.00620628841362013
-0.0995351,-0.102628112778089,0.00757941490656826,-0.0999931295022983,-0.729824401854735
-0.951517,-0.603404845739009,-0.569417517433409,-0.414332901722789,0.0331968042195079
0.404854,0.241116478117801,0.323916226591939,0.152268483515368,-0.718234356052194
-0.842883,-0.408126518384565,-0.578471708473201,-0.507963461966872,0.49986657909585
1.07268,0.653265692297167,0.699024005827763,0.312207424313976,-0.777971225368051
-0.939062,-0.562062693156892,-0.587589944193727,-0.403066630502088,0.158344700787638
-0.468067,-0.419501348120047,-0.292982069737458,-0.274195877092114,-0.654491712991643
-0.949228,-0.667734471061094,-0.552878097173016,-0.391919675476214,0.333070384561234
1.49229,0.927361232673661,0.92365494521793,0.370640619951014,-0.784588546110689
-0.906839,-0.503919895042244,-0.614119297746789,-0.460355008203162,0.846566321292523
0.765877,0.460279518396371,0.516602528214355,0.337326490635289,-0.614565618692919
-0.829285,-0.391103647383641,-0.594187699760848,-0.467700872626968,0.534963496105642
0.728371,0.441539368796985,0.498763748207695,0.336815555740954,-0.678118882449355
-0.827732,-0.40055776219008,-0.633634038781963,-0.508662572496814,0.157120058016906
-0.1136,-0.118290511649928,-0.0164315573447898,-0.0986608378977533,-0.696945420024864
-0.95203,-0.602430230164225,-0.548737818236437,-0.403825717745636,0.038787396934986
0.420508,0.242460028243823,0.323010331546903,0.200725770313883,-0.717989025621477
-0.845079,-0.403573068089562,-0.553421564519641,-0.496138291871607,0.517131357263536
1.09831,0.694739422535526,0.741662584976857,0.48643525155145,-0.779362764901366
-0.940746,-0.572336201598502,-0.585831993793942,-0.410785574076982,0.164589050371638
-0.48002,-0.428143693349332,-0.284773471759957,-0.309998042872325,-0.650755946554848
-0.953598,-0.679152488940738,-0.550312817419269,-0.421446557582832,0.359299512533139
1.55134,0.982547373197427,1.01008486327746,0.436859269146672,-0.746699165247236
-0.909413,-0.497758051075409,-0.58164057917884,-0.490576028327077,1.14841025500343
1.42972,0.885011918970064,0.856281844139668,0.521793083070045,-0.645415867605103
-0.916883,-0.510856611703454,-0.585966503424564,-0.478312540508335,0.842554532066852
0.796709,0.476908800416854,0.510424805334586,0.400309984352864,-0.699666029241158
-0.831625,-0.38677757375986,-0.56993333953533,-0.503183936204727,0.0198523099680694
-0.495876,-0.436064775970593,-0.301616067150426,-0.294374710883186,-0.724817597066746
-0.956407,-0.697241791863682,-0.636358992180914,-0.364921378427169,-0.315104864361575
-0.00248049,-0.0399760377128456,0.0541492995940879,-0.0319292020589367,-0.824518675926172
-0.948717,-0.606317149849429,-0.561283778225689,-0.36409923828033,0.0910524721710118
0.476453,0.272285212414796,0.344568306268269,0.234367589142843,-0.70471452582868
-0.835322,-0.43078189376059,-0.599468400261795,-0.496418364808464,0.565887242921884
1.15483,0.70745812047034,0.752347913390046,0.533884671233196,-0.770627140493356
-0.93854,-0.565582265385988,-0.58597774673201,-0.464434016251633,0.189137295810005
-0.4816,-0.426141274697701,-0.293883494685273,-0.3103492146717,-0.645947477032318
-0.954147,-0.684999849500076,-0.546906545477209,-0.419086312123335,0.361321783877463
1.56998,0.995858846629281,0.96412320931275,0.573305293747774,-0.786528429526992
-0.90919,-0.496617116800435,-0.592502624297331,-0.493368806207169,0.891877099656786
0.814689,0.497209389253767,0.538529601866222,0.345186304377029,-0.664201479444377
-0.832192,-0.390573076829632,-0.596125868414056,-0.500171438536501,0.207867990819303
-0.0862786,-0.103104587520039,0.00609298312512158,-0.0971577094968111,-0.690660683558158
-0.953982,-0.615494559967262,-0.566146534067811,-0.454631568759192,0.0719433081313988
0.467639,0.276295653009905,0.353858601088631,0.185019132826669,-0.710934645647935
-0.842245,-0.409481089404784,-0.600848988665434,-0.519079500004115,0.569574417557021
1.16468,0.725768005602366,0.728816093703592,0.533282041271056,-0.748102324052577
-0.938093,-0.568259894920814,-0.599617732839242,-0.491761546467517,0.366070701577932
-0.0500884,-0.0836746425294009,0.0219407859714767,-0.0954896295756199,-0.712620762016459
-0.952931,-0.61329275197939,-0.563578042680607,-0.461914679607944,0.0918993761721593
0.486305,0.280553535386604,0.337431815912463,0.202671281612489,-0.70743561386349
-0.839375,-0.392893070325926,-0.574395962621656,-0.51976617665704,0.57823300585482
1.17479,0.728554415136893,0.740684932694477,0.535774823509676,-0.771724567022277
-0.938173,-0.56404744187786,-0.593551179975291,-0.477594640228443,0.197083459711191
-0.483754,-0.423488765947346,-0.291846161243913,-0.335470906163143,-0.640818974755739
-0.954029,-0.695209357848832,-0.542049648321432,-0.434808050090803,0.385029604039932
1.62623,1.0394062960095,1.00969282439785,0.621686177743957,-0.783219724685344
-0.90319,-0.502074316201228,-0.580139210677047,-0.485566951882555,0.921445239771333
0.835361,0.508408677138485,0.569883527875911,0.392266715133601,-0.67886594084082
-0.822404,-0.385223663022764,-0.613717236110858,-0.465930695985978,0.0511052210725689
-0.502561,-0.43259048053161,-0.297384205169858,-0.320245832234382,-0.615257081231637
-0.953885,-0.688140886859188,-0.551112885995936,-0.44101324821262,0.360818940448728
1.57788,1.00070646010783,0.961894522733111,0.62136824331967,-0.783452439167255
-0.901409,-0.491906312294958,-0.593274949737761,-0.513402905537064,0.897524706230973
0.818225,0.496670192116925,0.521172149036081,0.411249233427348,-0.654573283584191
-0.818804,-0.520780419440846,-0.845103291237573,-0.280927031175702,0.210803590616881
-0.0849616,-0.102807486469801,0.00922082966997338,-0.0874399041246172,-0.682622182848885
-0.950711,-0.615400666483127,-0.564774308864346,-0.452144503203837,0.0779059502420028
0.476922,0.284034764698945,0.35549452785566,0.241436618159685,-0.705582495109472
-0.837435,-0.406680423211581,-0.562490105675715,-0.511534327321553,0.584963364240706
1.1703,0.73217672308534,0.728074646729731,0.579322006868382,-0.68669699266288
-0.934591,-0.563682194653826,-0.579323054025182,-0.497159544536422,0.750340203379007
0.840561,0.521825697642497,0.530155214890803,0.424463970008117,-0.691186943202406
-0.816735,-0.375736385372665,-0.575945312809219,-0.500695470069258,0.21535808140962
-0.0831635,-0.0913754526912805,-0.00177681165576628,-0.0821780763678817,-0.681647614392124
-0.951914,-0.624260206671948,-0.564767439698584,-0.456959992892229,0.078993189893795
0.47723,0.280268623156794,0.350767178064418,0.218102182082694,-0.70608433431445
-0.833202,-0.414694519729005,-0.584696947747096,-0.543212796699663,0.572410867334144
1.16978,0.724329745083992,0.73052816892427,0.566338359270533,-0.767612770660553
-0.934462,-0.571505047246156,-0.586523796956919,-0.469518796180441,0.198399910444903
-0.47569,-0.423692695986939,-0.30141239875795,-0.325551365951809,-0.641428088590009
-0.951287,-0.681502928075357,-0.548545232895022,-0.459910346998744,0.368341459778664
1.59796,1.01733282487092,0.966371447712799,0.636354686231227,-0.836788327407675
-0.897748,-0.472105662837684,-0.566585799750178,-0.515133813115857,0.52566015295849
-0.0708048,-0.0907877472024953,0.0042670350920794,-0.0954397203514737,-0.670829890923436
-0.954779,-0.621851305730344,-0.574703070439066,-0.438403937135313,0.0907609715414327
0.488632,0.283204455789439,0.345460950678249,0.206272414692422,-0.706415489087297
-0.834344,-0.383552015988415,-0.535617902317212,-0.516587818688154,0.579076163499291
1.17436,0.717867344232619,0.721312091881651,0.492512699662392,-0.768130841611723
-0.935217,-0.555785555132751,-0.582839867603662,-0.481333841289744,0.197827471018643
-0.481621,-0.410171793821396,-0.294280796097609,-0.318909000884891,-0.641643351129789
-0.953076,-0.684375691205262,-0.555582121776437,-0.513817747329232,0.369395173545991
1.58662,0.998948218371031,0.94094974838801,0.553283487583642,-0.781967398770594
-0.898258,-0.472766856331272,-0.562880900557484,-0.52628866969105,0.894930353883467
0.813294,0.485777907809317,0.513526230267101,0.349013344051103,-0.681862017211151
-0.820767,-0.339841072633633,-0.56249672822716,-0.514731267963656,0.0197536299934651
-0.517972,-0.43601530636913,-0.306640322612408,-0.344202024348671,-0.718376978280851
-0.955664,-0.686526846974275,-0.555919924151861,-0.538921120796238,-0.323194924025481
-0.0018314,-0.0426119709726753,0.0562546433773482,-0.0853627793460895,-0.824717086124821
-0.94781,-0.596430764104397,-0.562615395571889,-0.406492362519269,0.0941174875120205
0.480923,0.274333132920215,0.335321963202709,0.177250389329323,-0.697406156241865
-0.825162,-0.371876713788568,-0.541492073633672,-0.503683239282343,0.584918280906488
1.15059,0.708637030483716,0.719681898293264,0.489846022350044,-0.640174743259254
-0.932437,-0.547051579851362,-0.579608434144491,-0.459974320161745,1.00972405944767
1.46138,0.903213152101284,0.872183177608107,0.536237740450736,-0.671090389688186
-0.906781,-0.485894161236999,-0.575453749584599,-0.524484484831945,0.86941096645964
0.801933,0.478700389349912,0.518442667362508,0.345555306256879,-0.586862985562185
-0.817422,-0.340534103266954,-0.57284950051084,-0.497846131296674,0.697945789842791
1.09961,0.66073565516397,0.672983229066755,0.440751556199523,-0.738906025366457
-0.934485,-0.553059614623713,-0.583040556173993,-0.467216558347271,0.164506670509667
-0.495387,-0.419133142162505,-0.299217465830813,-0.367866334328125,-0.646622085689163
-0.953189,-0.681368041851112,-0.558237645070868,-0.508941078019965,0.355733623485158
1.56887,0.962581674111964,0.935992276644954,0.506646199182397,-0.780920757428767
-0.890884,-0.458179352515569,-0.576815200989985,-0.533838796861084,0.880216667122691
0.78618,0.459637782321286,0.519436700728937,0.331067146502171,-0.649794191200769
-0.81014,-0.326240443600412,-0.562898265063198,-0.530659127542514,0.178856231392884
-0.126721,-0.126442968842312,-0.0195434864688241,-0.155999401166601,-0.688668224794258
-0.953366,-0.600324459405552,-0.560892860948696,-0.454860442182157,0.016014389284405
0.399735,0.218167525531961,0.297518477560132,0.12136622068382,-0.786633010591273
-0.822439,-0.364439039959846,-0.552105471102793,-0.534412602192179,-0.00601201268721344
-0.129075,-0.124610469617837,-0.00328702991820426,-0.144409188632032,-0.720849159519926
-0.950149,-0.591605064217477,-0.55323727199141,-0.457730470400705,0.00532683054760095
0.366001,0.204404770077986,0.314114705264277,0.100247345349487,-0.72222646053044
-0.824389,-0.359540824159449,-0.552265751308439,-0.541115888403757,0.411167284800846
0.903,0.569107234119994,0.636399351030886,0.35766499135051,-0.771993905871289
-0.927588,-0.535029821865812,-0.569996485518236,-0.46129318198226,0.0585893649672459
-0.529774,-0.438521737970388,-0.306475649394359,-0.350127545065472,-0.675052097693668
-0.950029,-0.66592313115026,-0.549457838993455,-0.458169599327947,0.209921328138199
1.26881,0.812207480830365,0.871332667616212,0.366552428446056,-0.796073556887914
-0.892055,-0.469426099629075,-0.583072391798018,-0.50778932794721,0.661795012190457
0.559202,0.34503736170516,0.452014529080316,0.230547984500503,-0.631159494599434
-0.816431,-0.35692315131014,-0.57099447657267,-0.500171477230267,0.352536360552223
0.510446,0.312680703085241,0.423902875729122,0.214294479343923,-0.691005152036701
-0.819393,-0.357972504427919,-0.578244585138525,-0.52906476907256,0.00632103509172726
-0.242401,-0.193406668743264,-0.0622154021029368,-0.211580936710376,-0.722433079409311
-0.954298,-0.599406484293597,-0.578538033590247,-0.473845364980203,-0.110910049811126
0.206673,0.115986728425925,0.248439713453602,0.0403100439176628,-0.743980171229565
-0.835594,-0.380861342310457,-0.576589477007191,-0.517475831922912,0.287307284272212
0.775382,0.465344548305592,0.574824532955307,0.302581523490517,-0.79097463058851
-0.933064,-0.530199726209868,-0.584171256204117,-0.444934599275402,-0.00802105774860411
-0.550393,-0.439766308238347,-0.325858432601379,-0.408024302727321,-0.694782105540827
-0.958767,-0.660491182252552,-0.61028899460744,-0.479652769090877,0.164763277854225
1.17698,0.717210404207045,0.821832668612112,0.334592825079211,-0.772966112952327
-0.898515,-0.448823451695408,-0.578575169585307,-0.514723239406728,0.82936922393888
1.06128,0.630642156662822,0.718225552814766,0.362050451574447,-0.679907328260396
-0.907376,-0.460004690170524,-0.594489430540137,-0.515287137555432,0.555352123466563
0.497209,0.273722143563426,0.388096293986232,0.1864213676742,-0.722206892697946
-0.827278,-0.344534003103118,-0.598098475316655,-0.526685541461012,-0.140524160452341
-0.561944,-0.421044664220812,-0.32497335128952,-0.369690517280296,-0.755939354487544
-0.958621,-0.634469886685781,-0.574047593982181,-0.471091723180555,-0.429254988768522
-0.191385,-0.146938959955398,-0.00194681302687311,-0.213847586659709,-0.850895903222807
-0.954354,-0.563735193099627,-0.574634923378935,-0.469527243247991,-0.113031921565606
0.196591,0.101813572344339,0.239363578630171,0.0108561952979734,-0.746019048974344
-0.833347,-0.361102995241906,-0.566167841135034,-0.516190893523648,0.260725605368158
0.722818,0.422031930482376,0.555017093505147,0.250210938002084,-0.790679578553934
-0.932725,-0.502332932789777,-0.576970388420295,-0.466588380627195,-0.031794355422615
-0.551967,-0.422418889537033,-0.314608590495636,-0.425964775307264,-0.703436441605878
-0.960096,-0.632155604095008,-0.554515290419141,-0.510718895125763,0.130854796066858
1.11378,0.648470498825698,0.769239118520595,0.278565918461872,-0.813047191291089
-0.899789,-0.44230539895305,-0.593661875154108,-0.517851003020235,0.543866942958012
0.458581,0.248104428511204,0.383846082957601,0.108665715588229,-0.700221728061694
-0.829797,-0.305554274365071,-0.574975610659793,-0.534057496691168,-0.0259906164641565
-0.26377,-0.21145544464902,-0.0915821814755715,-0.263184463852373,-0.734741618966534
-0.957437,-0.569944402661739,-0.584175885726694,-0.48087446188102,-0.142617499288071
0.158323,0.0511241810868106,0.212226440337837,-0.0646466528176819,-0.752968515194904
-0.84087,-0.335068663319486,-0.564078925342563,-0.519793506050577,0.240390674616541
0.708204,0.389649856894085,0.560745532087692,0.198542158442148,-0.778903571955308
-0.933231,-0.50641410304042,-0.590590474626734,-0.44790462615034,0.0794080837977697
-0.253087,-0.203955650493468,-0.057948425814917,-0.274262707390623,-0.763094219337906
-0.956208,-0.565852983728243,-0.596789658089232,-0.488387159883491,-0.142602971990373
0.158533,0.052686350110622,0.205159924086759,-0.0528050569579081,-0.754298077796845
-0.843937,-0.337940094238432,-0.576051356618357,-0.508603830207514,0.236685768150206
0.705131,0.386556641907232,0.561684748435213,0.170258288555718,-0.797359460700453
-0.932959,-0.491035262761964,-0.579021037779476,-0.467882734242092,-0.0373916845543271
-0.543685,-0.420400281044236,-0.321214546911314,-0.458987217640206,-0.708450427393862
-0.960232,-0.63637134496114,-0.559684745306346,-0.531264612330062,0.110257056513354
1.05823,0.586216020869951,0.730125831521783,0.19403476964827,-0.814595447814006
-0.896094,-0.422239884623702,-0.605432336841695,-0.490064666906987,0.496693993133072
0.41101,0.208250511333694,0.366060699195861,0.058250337333183,-0.724916478493367
-0.822081,-0.281339389985773,-0.592262652879816,-0.50261015855338,-0.220043428164232
-0.689385,-0.511723499759599,-0.425142936132025,-0.485019430992329,-0.68544040249494
-0.908389,-0.624772435800328,-0.524727410496004,-0.523240383206086,-0.135162197116687
0.615512,0.406324860647633,0.584576035278416,0.0251816925172642,-0.799199412645242
-0.857658,-0.36178237722606,-0.601418786600211,-0.440804113918878,0.214972693246768
0.1757,0.11456250912078,0.304967077175076,-0.024148593349458,-0.706755568520516
-0.801484,-0.285324613031348,-0.657261715244447,-0.402453547520101,-0.181819513569155
-0.351757,-0.233333779125886,-0.0643610645373424,-0.311830178024907,-0.715440737951663
-0.874621,-0.565293673182224,-0.527030015972672,-0.471550729601647,-0.244846496830853
-0.0145548,0.00341791616819937,0.201520975311337,-0.120444074494323,-0.659477685879896
-0.670712,-0.317709325833091,-0.556001978233834,-0.420160002928526,0.115907292908336
0.548438,0.343729598906516,0.554803924754651,0.0568477173911898,-0.633718225402585
-0.808007,-0.479122042926204,-0.536680745250177,-0.43779662177925,0.220550369770376
0.182628,0.134440424049718,0.302537320134942,-0.0372342962650184,-0.621524128774154
-0.64225,-0.25974193000797,-0.529150855441414,-0.42688903204144,-0.192591576980783
-0.390343,-0.252001457959383,-0.0970274395678364,-0.329756369038792,-0.64904758042142
-0.870163,-0.557937372867828,-0.518771008816081,-0.497034015853274,-0.278175030009935
-0.0832339,-0.046711890272263,0.140500775105486,-0.162498784546523,-0.645303527212691
-0.619085,-0.249844953767601,-0.491689749893154,-0.419146724950141,0.0287576127477805
0.417977,0.245244323310208,0.418817047540369,0.0379098840153428,-0.633765248922809
-0.717937,-0.404695932070189,-0.489937310211978,-0.428670890222395,-0.205110075945298
-0.679165,-0.516349462027015,-0.431076339177654,-0.525611554397705,-0.634888156356092
-0.896724,-0.617674975901348,-0.508396152741299,-0.562549821667549,-0.124881629945383
0.58715,0.365817905376488,0.563760282900723,0.0521225126121349,-0.718218949301619
-0.595365,-0.288442058246329,-0.485290579255228,-0.414926199111948,-0.0438575978078961
-0.415386,-0.291362018082217,-0.153274397941761,-0.345558798388755,-0.573855530705926
-0.791326,-0.502657015985282,-0.466376256401304,-0.473956845983293,-0.291781615460018
-0.123534,-0.0971703264829764,0.0681954912958952,-0.177765104152969,-0.561051149749497
-0.491608,-0.176474291153329,-0.414795872039857,-0.420403411484533,-0.00244220072414877
0.372009,0.206558740879676,0.421371593375812,0.022417646484472,-0.577914492524745
-0.710313,-0.408889983683509,-0.468251259451849,-0.444874484303291,-0.214891211806865
-0.672382,-0.524780693013396,-0.43108276079962,-0.513677791064131,-0.639834053870184
-0.90899,-0.640956795509775,-0.522804035929793,-0.57630974353993,-0.130033075031479
0.552425,0.348553415014625,0.562600411242234,0.0455035519520319,-0.679695001508865
-0.57509,-0.281704438532335,-0.449219886531055,-0.414480441015406,0.171524505979673
0.092071,0.0147446204840237,0.1782415385472,-0.118984605972667,-0.466426828374623
-0.458601,-0.109707889563732,-0.428593511952489,-0.402635406625108,-0.343614124583336
-0.675157,-0.529217214696698,-0.438640086021262,-0.524987549473469,-0.613740686095069
-0.91199,-0.639197166913531,-0.521940323506636,-0.566338548441096,-0.530351766521801
-0.383909,-0.263106024049335,-0.0951626654728021,-0.328413572140917,-0.776200465288145
-0.778514,-0.491512902532991,-0.446738897345876,-0.44779572901063,-0.296694255837553
-0.0993924,-0.104049522408275,0.0752373492561016,-0.185519223636759,-0.538861277009473
-0.458449,-0.143580615876193,-0.38076457366261,-0.399957311520841,0.0440348990590848
0.424222,0.217159887621905,0.443180595668854,0.0110311745875178,-0.471260507334463
-0.684764,-0.394726153340885,-0.455157987485177,-0.433588888441053,0.343468385358169
0.542053,0.290360141881282,0.465743528315158,0.0398192080298063,-0.507852695057937
-0.569279,-0.274813885477231,-0.43181788210356,-0.411304898921462,0.208660455080995
0.0960006,0.00553911439552162,0.174072398735953,-0.111638809518761,-0.361998134209254
-0.378096,-0.0568440712382675,-0.377622669344022,-0.386462564685691,0.0898970005153516
0.31203,0.138950572164308,0.33449748990379,-0.0242633153400912,-0.503022430074221
-0.688263,-0.390414189377482,-0.445409152389215,-0.448841754178723,-0.231850800580169
-0.674184,-0.539993863561077,-0.429365977053737,-0.518863640476784,-0.636560372721429
-0.917069,-0.660226765775704,-0.531633864691087,-0.561708652633193,-0.131623004078716
0.536026,0.308883531628092,0.542900736745755,0.0276729931770379,-0.649044881949942
-0.503358,-0.219768267763746,-0.383678904437608,-0.393120195311673,0.187845422344744
0.126455,0.00643482038123856,0.19068789748821,-0.123084002159756,-0.37570272443298
-0.358813,-0.0340599029339423,-0.346064784764454,-0.370694373488577,-0.198368971613157
-0.40289,-0.31520602973725,-0.147382534732439,-0.346680146643851,-0.498518657785263
-0.799675,-0.521151882054135,-0.455638461609681,-0.438998347910762,-0.259817775357691
-0.0889757,-0.123528403589379,0.0794472023159373,-0.208467524356195,-0.558913175540987
-0.37105,-0.0735517407055341,-0.321275599897714,-0.366503822921697,-0.308194767459529
-0.385288,-0.287344933792696,-0.112630987243598,-0.323018496176709,-0.513784146814117
-0.790505,-0.506757407044194,-0.45385246616205,-0.42202819073102,-0.230381146957566
-0.0497812,-0.0911526522440341,0.105097693137582,-0.184264908522486,-0.496080159140053
-0.360601,-0.0795310706939164,-0.33287735492456,-0.355911990463923,0.0682680161281154
0.455733,0.209593106050007,0.43612363176719,-0.0133630221357757,-0.495673030137445
-0.659802,-0.35575606251511,-0.407730038689271,-0.379471360744832,-0.168298052749162
-0.666893,-0.550439212205812,-0.447124243464229,-0.490603094803811,-0.614244907539541
-0.927374,-0.678122807622979,-0.525864561577601,-0.546491097630434,-0.0883794647148829
0.620199,0.327129180863835,0.61275327251823,-0.0237954081993186,-0.644467333395317
-0.492821,-0.220841181468213,-0.385294329325545,-0.369163270892965,0.246587864911461
0.163515,0.029085557524442,0.256364394563368,-0.0970370802409738,-0.314498622066613
-0.331551,-0.00957390922892077,-0.328720060773194,-0.327609690431501,0.0846046461951642
0.157421,0.0121237939242856,0.217414144669284,-0.0921244300945251,-0.300202431729191
-0.312637,-0.0282900939299376,-0.360887545677596,-0.323342093819297,-0.171843547600958
-0.39147,-0.317369213999448,-0.138195785344952,-0.316568661449698,-0.474142647350721
-0.800626,-0.503945304914734,-0.464350640179211,-0.406172535360544,-0.238492075238682
-0.077924,-0.118175332287211,0.0853744039034188,-0.170927913658891,-0.502398973794104
-0.359331,-0.0770403678203294,-0.333460381259465,-0.327608561231622,0.0345648110545582
0.404415,0.165715770607912,0.393739488983543,-0.0185866462985999,-0.492760448339983
-0.649913,-0.336745792040898,-0.405690849634394,-0.38052307551268,-0.189852085489929
-0.666982,-0.553817620381339,-0.435985140668351,-0.46738420785306,-0.610052343534993
-0.918962,-0.632290716494487,-0.503555838825494,-0.440291260309263,-0.0901793897386582
0.602002,0.31318372678203,0.588703958634474,-0.0205699395255578,-0.601954968457292
-0.454217,-0.210541646744748,-0.37142753577047,-0.354352191054538,0.389421807712742
0.544404,0.242753014701356,0.449927808656683,-0.0291159237450961,-0.378265600047285
-0.513679,-0.233931385922092,-0.395347085516965,-0.350056089985823,0.23748754012836
0.130852,-0.0326053474687799,0.175206014628622,-0.0952441673249721,-0.353162033492543
-0.267005,0.0461173059616878,-0.281085345451619,-0.303269123365531,-0.321640320962592
-0.671676,-0.538955512745091,-0.42779297561586,-0.473598648871107,-0.534161072576918
-0.92834,-0.669048983053578,-0.538564023253558,-0.507024094974185,-0.50321025084608
-0.357437,-0.257334562683656,-0.0547496881730949,-0.292100502390373,-0.769436266423513
-0.75899,-0.475862885325618,-0.426520227549485,-0.401573767714853,-0.264480230630482
-0.0659418,-0.120391908220212,0.0969572520793756,-0.163786610240921,-0.479256388827495
-0.338174,-0.0288669883938178,-0.269191343503671,-0.321387153390343,0.0505608579409311
0.428567,0.160137047889094,0.417744245790447,-0.0119170339082445,-0.491227609929285
-0.670786,-0.374823816630035,-0.436730074392363,-0.394870241106717,-0.175912471918649
-0.660771,-0.528601016027831,-0.426444719468187,-0.466279753844401,-0.620417377439287
-0.927298,-0.658525682098779,-0.534194190109657,-0.509154230878882,-0.0868408215709193
0.615081,0.290991309041403,0.558057196492563,-0.0060062753801031,-0.630661935836065
-0.460397,-0.199308124564899,-0.382767672852529,-0.339993311349601,0.24279645937143
0.168463,0.0235146600870006,0.21879578069397,-0.112678374898984,-0.326002653750113
-0.299976,0.0145330939980102,-0.325959628161154,-0.300554366058831,-0.16707913829222
-0.384028,-0.303375502974538,-0.136510016952897,-0.29133033577509,-0.457378898866226
-0.777336,-0.469117743152023,-0.441766644398984,-0.410424466460367,-0.224725641392299
-0.0633443,-0.0681676948675026,0.105857844947063,-0.183219606111329,-0.468013010899421
-0.304255,0.0155127254288288,-0.251062381234437,-0.317461056683626,0.0454902365424155
0.403654,0.185829749427788,0.401538921898529,0.00932239191499188,-0.444993567473874
-0.639689,-0.337634663455286,-0.403272894860069,-0.397043502803197,-0.0608741882361692
-0.375978,-0.28799059386373,-0.130411414821797,-0.316958890785114,-0.592364425289952
-0.791032,-0.482345377038845,-0.449423713339344,-0.403615801786859,-0.24284524672672
-0.0616785,-0.0739309635604461,0.113495832014031,-0.149647521709116,-0.49568102356804
-0.350481,0.00554984639394491,-0.250584923411745,-0.313074130996546,0.046205340668682
0.41156,0.171117440838415,0.39157450382401,-0.0149436405744083,-0.478880179637235
-0.628687,-0.34093488618501,-0.425667657690449,-0.391250017928582,-0.186045899036239
-0.6652,-0.537579746547671,-0.432242803081738,-0.531712024301495,-0.605234621293586
-0.926059,-0.666703950306522,-0.525964778863532,-0.604234500880037,-0.0998429552507425
0.578958,0.338171707964367,0.568258063866078,0.0624972923761194,-0.618547073942334
-0.431054,-0.150800861735799,-0.329663756141345,-0.345500382855296,0.221164061281685
0.148693,0.0366303391889516,0.197092628079172,-0.0703304557346165,-0.302313788790836
-0.224587,0.0820053426518958,-0.274767603570957,-0.295964308419277,-0.297588865665893
-0.666122,-0.527425985218371,-0.424643139502333,-0.504680054826386,-0.451183699924557
-0.928528,-0.663659234988447,-0.530564176294661,-0.550700630409306,-0.0770062921857816
0.581537,0.342420871858983,0.579451572037446,0.0642658243002477,-0.623752340551798
-0.450573,-0.162776093420036,-0.343799913470563,-0.355962730259424,0.227337046426807
0.162231,0.0357380135040067,0.218652504635972,-0.053072340209124,-0.317250288137349
-0.283808,0.0616104270988219,-0.285623870523604,-0.285361542179542,-0.170979500937727
-0.384681,-0.289326094419077,-0.132122550263264,-0.317617799779956,-0.459369821914133
-0.795848,-0.492028540894141,-0.450017282119829,-0.4452836142616,-0.228194367889343
-0.070642,-0.0878294865555138,0.0875183957885899,-0.144808368378422,-0.482780210422854
-0.32246,0.00806566366521091,-0.264196015941212,-0.302746164532576,0.0460374121298899
0.40131,0.211635073246599,0.37836398163626,0.0815423614117931,-0.414731289170709
-0.640473,-0.326636748063715,-0.40082068353222,-0.407099814566308,0.196587907610203
0.166426,0.06054586406617,0.22744861165467,-0.0200125913849126,-0.39846067517174
-0.273219,0.0779128312907735,-0.265733345023231,-0.279917261175519,-0.182260640698966
-0.387514,-0.296698216832549,-0.150819487323811,-0.318003835479913,-0.45006089861652
-0.78021,-0.477137356703339,-0.439261719973044,-0.476387826117149,-0.230250597196912
-0.0731704,-0.0888321203219505,0.0860853373625618,-0.150819918498462,-0.477598577687931
-0.320779,0.00844532287519957,-0.254867953917783,-0.302399969812137,0.0323874011082717
0.391116,0.207611913934445,0.388632829199977,0.0738841974427069,-0.475480104621695
-0.649417,-0.333634067031358,-0.427365418501655,-0.424417191134052,-0.192026689567052
-0.66242,-0.52981604262075,-0.432528740074428,-0.518063012368349,-0.616999969729732
-0.927989,-0.669359144632241,-0.531957320797714,-0.570744477617266,-0.107347506266835
0.576102,0.352776755593182,0.561662752351595,0.0969962721877034,-0.659252075477763
-0.436325,-0.14360955932228,-0.329956900750377,-0.348014655612013,-0.0308920912411474
-0.3713,-0.284672421724338,-0.141017349136475,-0.307188628548856,-0.502783022106991
-0.792459,-0.489960315900842,-0.45208315729951,-0.433741165907907,-0.230237237481471
-0.0701757,-0.0791165015778438,0.0895063513346351,-0.125295290800102,-0.489663482552425
-0.33606,-0.00168071446917412,-0.266078269481343,-0.29475820127875,0.0304662392453552
0.384853,0.203123106428033,0.390043356406953,0.0662355520813055,-0.480317804357643
-0.646571,-0.335769035096032,-0.40845794729617,-0.41459141230207,-0.192964269366861
-0.655972,-0.517959993253581,-0.420843595188937,-0.495348932602583,-0.616600514453754
-0.93099,-0.666220560168475,-0.534978111764147,-0.562892382838727,-0.0979073261158425
0.580112,0.37448035257567,0.594554831298372,0.0491309925978888,-0.627597358549258
-0.448023,-0.162608368272647,-0.337695239721117,-0.340619434929017,0.220371639639041
0.154931,0.0562030614069145,0.217319632582533,-0.0240010540658982,-0.334067618453839
-0.279145,0.0479628016736723,-0.297747482248466,-0.271961411022068,-0.305313056113558
-0.665446,-0.53013278839168,-0.427812517181367,-0.506512882404954,-0.538052782673028
-0.933607,-0.681639473234992,-0.539067829071588,-0.586110442179031,-0.491701964289319
-0.336684,-0.241370437389505,-0.0647597576297664,-0.27077638814165,-0.768126620873866
-0.755935,-0.46737157857373,-0.421001561361806,-0.451325248165195,-0.24287706339622
-0.0420375,-0.0716035368973002,0.0976593023653926,-0.109331131025337,-0.457174682357442
-0.298455,0.0108761876860318,-0.248984316275053,-0.291666995373375,0.0784932551787526
0.433847,0.234851618187823,0.41659113396359,0.0891796466553605,-0.371769178356825
-0.630712,-0.336880606590749,-0.408080591967589,-0.418082777923277,0.388891668357941
0.59667,0.321398010091792,0.474387634519196,0.11838334539805,-0.433790156637676
-0.468711,-0.171940413935373,-0.338381402438497,-0.351683987846665,0.276410211829445
0.165052,0.0483231875160167,0.198102685950196,-0.008583783584818,-0.239164134873367
-0.209432,0.0972198477903299,-0.239591621810971,-0.266404790695312,0.155299851483097
0.372084,0.192450383665709,0.355435773607515,0.065862643746953,-0.402422335297337
-0.63372,-0.342057966583459,-0.405169112005996,-0.421764966952628,-0.192907709708268
-0.669421,-0.535822132056023,-0.43229574923745,-0.493677677086639,-0.608957719260869
-0.929645,-0.673976640699391,-0.523111078572398,-0.578625281302098,-0.0972646846207383
0.584265,0.365173600344506,0.571787122989314,0.112879631233043,-0.603291451190356
-0.395412,-0.125269203325178,-0.315890405513455,-0.336458742857703,0.236160125832931
0.172332,0.0555126644584106,0.221436804786619,-0.0169160446221431,-0.266977287513083
-0.222483,0.0728387626870534,-0.24751001957314,-0.268199242863573,-0.158693864714883
-0.37552,-0.286713266844166,-0.13463137405245,-0.303215726980698,-0.428437731616026
-0.788077,-0.498853493138016,-0.441953082385079,-0.477693886403848,-0.217664602323067
-0.0547992,-0.0794005551442393,0.100717971181356,-0.119923054928458,-0.506169683271261
-0.270798,0.0108877132082924,-0.246186322464635,-0.281835333500535,-0.278692850085803
-0.35598,-0.25113226281791,-0.106543776833181,-0.291293339330541,-0.460059326746219
-0.77482,-0.48248407969543,-0.433233219040713,-0.401905340848749,-0.19725366437592
-0.0314767,-0.0573260928972078,0.112021813801601,-0.129481977027829,-0.445537689325314
-0.2626,0.0271487740450922,-0.243885674632861,-0.287779353965083,0.0731015061836883
0.440496,0.236147282033336,0.419057295868157,0.0594957885527741,-0.438637413033083
-0.626916,-0.340974436947874,-0.414241632652124,-0.419652264150775,-0.168158844501942
-0.665865,-0.548471207127663,-0.44167446849815,-0.469143928116172,-0.602079565824217
-0.93234,-0.654923150164761,-0.513624330200914,-0.44784161408424,-0.0838237185693945
0.615166,0.386048271855587,0.598020523688563,-0.072689226246552,-0.618432682894045
-0.432519,-0.128085091594201,-0.314915319797533,-0.324737989281433,0.258428595308175
0.185978,0.0665652427018553,0.227326897456768,-0.015649146150958,-0.257924703864075
-0.2618,0.0649219867658073,-0.263378372589875,-0.266255870950392,0.108995315583543
0.171987,0.0608322872655229,0.22001724868766,-0.02412948149691,-0.236123565635609
-0.239514,0.0729126132316766,-0.273278633714564,-0.266435052085093,-0.151883859115083
-0.372221,-0.286313405253259,-0.128703044292109,-0.300287065587688,-0.435816496448324
-0.793856,-0.514136041220666,-0.456005724349141,-0.426491371593206,-0.207217077225708
-0.0458581,-0.0772882485618265,0.108854903674879,-0.127831455792031,-0.46717255838084
-0.292741,0.000252728006690308,-0.276816848180983,-0.279054437302443,0.0628112648668321
0.433341,0.240100626079975,0.438455890854288,-0.0254959486289937,-0.451631827466117
-0.624417,-0.341524033809799,-0.395634409039083,-0.412435679012371,-0.174076945563991
-0.668183,-0.522193653388045,-0.438805470704425,-0.43696491094378,-0.600510072085474
-0.931222,-0.685275108440161,-0.534293778214587,-0.610844484413552,-0.0794245087134274
0.614902,0.383979932671435,0.589951502529955,0.0935755264903772,-0.581740156775811
-0.398621,-0.150735273446286,-0.311263665411983,-0.341597387914341,0.40463540640258
0.561579,0.310438803415378,0.460201933922813,0.0963518022789612,-0.332720939565723
-0.470226,-0.193232996251675,-0.358408973467119,-0.337202055117737,0.266687724363913
0.162417,0.0501732822578229,0.209694561528608,-0.0157915684419093,-0.30082079718788
-0.189316,0.0364794676981204,-0.299112428299683,-0.274411234213274,-0.310471938488798
-0.683624,-0.542815190763085,-0.433112773228886,-0.475607830931373,-0.499906365626046
-0.935575,-0.66799266491137,-0.543680599561476,-0.4929033964762,-0.4906657322642
-0.331102,-0.246553437894503,-0.0665388565729379,-0.267889595152177,-0.765079418603663
-0.746913,-0.470837452287301,-0.418786591445031,-0.45197436172085,-0.238659145028982
-0.0403626,-0.0710487584062683,0.110518187183142,-0.124987929908465,-0.444427798510793
-0.274324,-0.00763578947660428,-0.255089943843172,-0.29876886536821,0.0687618806907837
0.439996,0.2296508642346,0.405952878018892,0.04248179050401,-0.45254786771933
-0.646652,-0.363840999164943,-0.409368796235124,-0.380767100329092,-0.170038963595986
-0.66773,-0.535604021471662,-0.423830752741429,-0.505491461190843,-0.61120120931777
-0.935091,-0.689893518791418,-0.540790651753889,-0.609879635231229,-0.0821024626545391
0.622275,0.374532197346126,0.625480532819536,0.0731734091464838,-0.614866690305545
-0.418265,-0.15604357807664,-0.307208375219953,-0.340264176847497,0.254549579894114
0.181768,0.0485148088426267,0.217509945899967,-0.0529057983325009,-0.283927219114764
-0.246521,0.0641690166223262,-0.247387966925684,-0.276729398302257,-0.151558101954617
-0.368296,-0.299976847456443,-0.145402405000209,-0.314921623396632,-0.430480838256624
-0.773748,-0.48855514709894,-0.430459408210432,-0.479707554138755,-0.205151716878032
-0.0490015,-0.0958358058232611,0.0948718676410692,-0.169083691430048,-0.443652318721078
-0.254716,0.0411193935585671,-0.219233349754346,-0.2968090759306,0.0536294632509125
0.404374,0.188269478151192,0.383563078334434,0.0149897172972462,-0.414429871621658
-0.621484,-0.327596061322921,-0.405892226696156,-0.401089596521261,-0.0520278448711886
-0.36402,-0.291215781887069,-0.119118251420554,-0.310320881782148,-0.583059954441853
-0.788699,-0.483216959588644,-0.445227745685864,-0.424363210706371,-0.236294453436386
-0.0619309,-0.0968572284463403,0.111835621347665,-0.154047686105835,-0.491516563385595
-0.335726,-0.00696604501528984,-0.264920788102977,-0.292073942875601,0.0193957354652244
0.347637,0.149108161495953,0.369033556401295,0.0062645246432668,-0.471399766944177
-0.624792,-0.328022454576507,-0.398629798592606,-0.417129151385872,-0.215438859014138
-0.670479,-0.542097785982136,-0.425818076606688,-0.527761160415246,-0.61367716124662
-0.930418,-0.674024714936345,-0.530951305455111,-0.632073098955873,-0.131166417960536
0.514156,0.303790206663429,0.578376501000819,0.0524072445004076,-0.628751032719516
-0.442784,-0.154466790367102,-0.336363679694001,-0.331885625352734,0.173447815984933
0.103915,-0.0020670169815905,0.199302115101101,-0.077073832116578,-0.316868713825769
-0.240009,0.0968088278417887,-0.253067385576814,-0.27203627263636,-0.310211601521615
-0.650847,-0.509514401201009,-0.397862206918884,-0.499779204156919,-0.452231317090017
-0.916413,-0.657225383451154,-0.517272572727557,-0.604280595046276,-0.0491621147268371
0.651808,0.3894888684977,0.636130621049851,-0.0394733375379773,-0.665007215916396
-0.567238,-0.207088784538824,-0.459659558893645,-0.316304481478086,0.274248570575547
0.231419,0.0972404771972644,0.302579981373694,-0.0143321214386058,-0.450581296050919
-0.49211,-0.0615946460468482,-0.454849877508323,-0.271505776822656,-0.147123831224996
-0.376828,-0.268270951153189,-0.0963078975923978,-0.297000132358774,-0.558811937506973
-0.83145,-0.524561720388637,-0.486703807152685,-0.41902500140958,-0.232121963736777
-0.0405784,-0.0638613104190081,0.123075796806234,-0.120429324509468,-0.547835097173004
-0.449963,-0.0763314971034009,-0.388278144500715,-0.279273722506898,0.0942412999187126
0.499973,0.269113321665861,0.499671493581017,0.0515965603618423,-0.49424918245573
-0.699586,-0.374416271135663,-0.463961892988068,-0.368133372210857,0.219001746128222
0.155519,0.0487300596232139,0.225470459373116,-0.0345544550474096,-0.465115196951987
-0.375732,0.0448766498797168,-0.38081116997298,-0.253597404964967,-0.210334322712131
-0.435635,-0.319789400030985,-0.166051710308889,-0.335843803430205,-0.494653652985055
-0.770852,-0.470578436717486,-0.444488912544264,-0.460674536472993,-0.28309520144936
-0.129016,-0.129105083191102,0.0497286377123563,-0.181968472708254,-0.490706253029683
-0.348945,0.00810039354503301,-0.337322788745553,-0.261684195244213,0.00172103318705141
0.36606,0.172918067731726,0.355751508542176,0.0206854601665931,-0.466104797355237
-0.586934,-0.294257717611742,-0.400277750198444,-0.373262604779153,-0.21600642885491
-0.691077,-0.545336434024821,-0.447253533582728,-0.50728322919571,-0.5845265535886
-0.909357,-0.654230079878602,-0.511360336426545,-0.622689617841619,-0.116241055413583
0.558116,0.288403813691135,0.484789777826016,0.0262982439016475,-0.604307966228529
-0.314854,-0.0679408199492901,-0.326811456815189,-0.297668024479346,-0.0597663993151667
-0.433536,-0.328766788033495,-0.182872268315748,-0.327603025950052,-0.423964524396853
-0.717474,-0.436687598713452,-0.39238338340815,-0.416743640997933,-0.273675397636289
-0.149546,-0.150576612908205,0.016175091511471,-0.175419736216123,-0.399575245097518
-0.187798,0.0819888052835538,-0.226077286617056,-0.245221548969225,-0.0120764329511585
0.339609,0.124304011778333,0.3227421721818,0.00273960324837479,-0.381236286442533
-0.545199,-0.27621815739954,-0.362893835115945,-0.376363726902123,-0.220857958203123
-0.69776,-0.548204031261805,-0.447544084415241,-0.50286017452559,-0.572981527055961
-0.912098,-0.649825085366229,-0.514962766068102,-0.566665991488369,-0.149001504136095
0.469231,0.239801796669713,0.472759135329263,0.0136539178405739,-0.570830720456272
-0.318507,-0.0858622939360766,-0.298101547549471,-0.290743005058903,0.143610451214264
0.0633661,-0.0522676384801923,0.122805455694061,-0.126720441508128,-0.230300436986309
-0.143228,0.163390702133319,-0.225402306495599,-0.225496043521658,-0.351199949346778
-0.699794,-0.565046406756641,-0.437647906630924,-0.515902109176854,-0.482231162742202
-0.917972,-0.655050444170014,-0.515425059316947,-0.629365553480077,-0.523959466948428
-0.406273,-0.299736158055759,-0.131686645934629,-0.324547780819624,-0.736003025855245
-0.679681,-0.401328654982884,-0.374012242269016,-0.407789841743845,-0.311232280215544
-0.160752,-0.164732315369699,-0.00268722702619806,-0.184655433472684,-0.356801122821045
-0.117527,0.135671724828043,-0.182854103932397,-0.229982946126109,0.00135322569320107
0.348472,0.117663444879563,0.319207839921437,0.0355801908301414,-0.2658060741158
-0.527686,-0.260203506334076,-0.345346440511099,-0.358037627336786,0.311130288206417
0.456717,0.185754315509836,0.380773775179557,0.0395456286683244,-0.343737849782968
-0.335709,-0.094519401776579,-0.295351717745235,-0.287182391499455,0.180236073092269
0.0381684,-0.0791816008811903,0.0928806083628867,-0.133756299656244,-0.11562384362
-0.0137523,0.217377023655593,-0.162308876053453,-0.208780784953402,0.0543421247735375
0.229568,0.0308298045650759,0.242944077565954,-0.0639177208370416,-0.284377974612291
-0.531287,-0.265623547987232,-0.343222310474001,-0.357358311411169,-0.253206265056237
-0.694821,-0.567249547856881,-0.439537403635322,-0.519276400055669,-0.575094440609974
-0.911753,-0.655589512958458,-0.523920840793314,-0.615879715831757,-0.168728605191769
0.407202,0.214736837148604,0.407554552836765,0.0353815945566647,-0.535354236233736
-0.231773,-0.00176297799141643,-0.227594512477311,-0.275921144459604,0.105777457563184
0.0153967,-0.0517101307024087,0.0947285697412589,-0.119207026251444,-0.138098947821975
-0.0447291,0.253972064893237,-0.175003008987375,-0.185627267047327,-0.250605865020375
-0.4622,-0.347691151404253,-0.203749732225898,-0.358919902933636,-0.342413158754868
-0.72942,-0.432555552120627,-0.403798645822897,-0.429769226236792,-0.28295089873606
-0.168908,-0.159912125386342,-0.000563600585795854,-0.209985934412913,-0.418370600498085
-0.102289,0.156854745993539,-0.142652232137092,-0.19913353345339,-0.355675523938083
-0.437139,-0.331571843955691,-0.182728100723801,-0.357812897669842,-0.37601328519161
-0.715135,-0.423237583549556,-0.396621974110402,-0.444482343164266,-0.262994279020407
-0.151464,-0.164185147522705,0.00219212126892479,-0.211730665022683,-0.356976437775275
-0.0855417,0.16215914563666,-0.139258130055528,-0.202271519230145,-0.0303428904452745
0.295357,0.0924925383795929,0.285148636457102,0.000164046794224344,-0.330531218843806
-0.528947,-0.251844083120748,-0.346216528766315,-0.360762899920718,-0.230538911841134
-0.690563,-0.56128304008891,-0.440925499577947,-0.530178328885566,-0.570814431006636
-0.916509,-0.664290551352548,-0.517416046282501,-0.585545241821678,-0.151824497556861
0.448263,0.222367090431226,0.460557271543237,-0.00714015478563987,-0.556810831257936
-0.281435,-0.0555304935487136,-0.268858503279715,-0.271514619223674,0.131589323053751
0.0336717,-0.0728387746606848,0.139947333522206,-0.130936204263195,-0.151186732912374
-0.12094,0.166227944805001,-0.226112861393125,-0.188014107499277,0.00666360045637841
0.0409367,-0.0673507174339684,0.131091052864544,-0.121406985571027,-0.117721101452548
-0.0694847,0.275697459140743,-0.208608757863686,-0.17046352785712,-0.234812347915482
-0.45857,-0.334116976300885,-0.181720222551604,-0.354428220640111,-0.35893470779031
-0.751544,-0.449967353093666,-0.408913262159423,-0.403414092763954,-0.27533976193225
-0.160774,-0.157681040491936,0.00598286521189886,-0.190603184276398,-0.402120642032504
-0.147384,0.151073351082633,-0.172480848275976,-0.165907413337492,-0.055157482747143
0.253523,0.102275137044617,0.297951574832534,0.000730309587656523,-0.362062415306209
-0.539933,-0.248942066579761,-0.353068548787034,-0.326682470878638,-0.24973633422413
-0.684849,-0.566128634957557,-0.439469625273225,-0.504209067400338,-0.577192296696437
-0.914546,-0.667669961632593,-0.517887023783637,-0.55008034285783,-0.145675525663449
0.449185,0.251550756157174,0.450751621203386,0.0144104754069112,-0.525648573998119
-0.261822,-0.0156771272063642,-0.24548389545725,-0.222066659443698,0.27745804935953
0.411322,0.180433723149753,0.354822021035926,0.0265570377687146,-0.244082113010769
-0.358689,-0.0781963238283356,-0.282677285732765,-0.205943779350772,0.166623969448149
0.0349862,-0.0530616863261412,0.118668233099063,-0.0954760156084975,-0.18987167112862
-0.018397,0.266693867928197,-0.12664922607019,-0.110853508060322,-0.362816345543271
-0.693186,-0.570975394248502,-0.446721152335747,-0.481078338673262,-0.434160055291386
-0.921473,-0.681124662767898,-0.538638779562307,-0.56058398456969,-0.522625494692409
-0.425544,-0.312754471335048,-0.12575255876898,-0.285834529127722,-0.741941669675541
-0.691377,-0.411938541452721,-0.361993084254768,-0.372622258016538,-0.326621331083673
-0.171754,-0.174604150771834,0.0139517326771448,-0.155163030957726,-0.380024394732788
-0.140912,0.147798105670253,-0.189810590750961,-0.131461610532576,-0.0514090990272074
0.271865,0.10696260167513,0.315561504182868,-0.0191521286842874,-0.373927876262479
-0.575055,-0.285870151618941,-0.376663670738258,-0.257328326842876,-0.23779964074386
-0.675078,-0.576536960390773,-0.419733901884184,-0.428369012590417,-0.593589548842584
-0.922885,-0.699028642575586,-0.525761068023998,-0.524825672037217,-0.138037375300843
0.47413,0.256141912733462,0.479745302882617,0.0205714744911276,-0.562766150052332
-0.292883,-0.0424432401225229,-0.249259381372164,-0.161083540499141,0.149784223553695
0.0598951,-0.047854598657638,0.135761499198228,-0.0717550328697555,-0.178411614353606
-0.0919704,0.218637088201813,-0.176476409538585,-0.0666645239124824,-0.224406108954367
-0.438783,-0.363509995126606,-0.18472208543636,-0.30621887364181,-0.356098227703072
-0.724746,-0.464027304130028,-0.40830273470152,-0.396270484469695,-0.26197669943577
-0.156082,-0.179447877836625,0.0189490577749631,-0.175996022508145,-0.360570870078259
-0.0806355,0.172885480740308,-0.132866868334655,-0.0988964617906069,-0.0464035442216862
0.257841,0.0782796526679633,0.281832403309934,0.0209166735553957,-0.312731112068791
-0.531648,-0.272450497213551,-0.355355276858835,-0.246876409042177,-0.131190064190499
-0.433319,-0.364887228717777,-0.178527788665264,-0.309146740448067,-0.536384621572513
-0.740405,-0.475214374241072,-0.410169293786163,-0.363690664789245,-0.289291608319475
-0.148501,-0.175138989720054,0.0199332998487872,-0.148314482133927,-0.416722732802132
-0.185367,0.121105514009382,-0.186597120642099,-0.0819997688667709,-0.0542939290063276
0.240779,0.0770864665104463,0.266585025901236,0.0306295549432687,-0.372521849456224
-0.528428,-0.26365562041936,-0.328665697538181,-0.240643139641415,-0.257719035348341
-0.684527,-0.5937239125284,-0.439545645037325,-0.453531744802688,-0.57617893517328
-0.916586,-0.720156104705422,-0.528066214156891,-0.567708481239893,-0.1574330272366
0.424736,0.219988000536153,0.45281577853423,0.107629409701552,-0.540353676388394
-0.248545,-0.0143015680151508,-0.209669364886483,-0.105294973917016,0.13717750003719
0.0613424,-0.0638957588669558,0.13166299985833,-0.046061546124178,-0.113384959786634
0.0129745,0.286257225395635,-0.107839054870273,0.00793364585102662,-0.189943768832914
-0.407508,-0.304025495463862,-0.26705228193056,-0.212569744704652,-0.189734833530796
-0.91046,-0.736071429627274,-0.516779368828905,-0.546402063394414,1.09321660607212
2.99169,1.92002810177498,1.88491990882307,1.0008095028399,-0.454927501795761
-0.379664,-0.146981027095977,-0.331006350311428,-0.137853919901633,2.00484496202443
1.92706,1.19169902910311,1.28700589462762,0.765380826735698,-0.139161991415676
-0.412738,0.00503942383198443,-0.395124993898212,-0.0242760659748455,0.930521402080533
0.352027,0.251683407043157,0.397690681994508,0.119145473330466,-0.326754826175082
-0.829202,-0.560422633913784,-0.477513202551043,-0.271634369668264,0.660806127770015
1.23611,0.814874642287109,0.968457968517188,0.541746650404467,-0.374121822373699
-0.457027,-0.0898301341080629,-0.371860261225703,-0.0573735116084536,1.48505187146758
2.43917,1.60858974370947,1.7438751197411,1.15892899437447,-0.305689172536539
-0.700615,-0.425155564583107,-0.43268675285301,-0.2193869649249,1.78558623388729
1.85452,1.20083743531901,1.34087947876183,0.93494501061444,-0.284738836753072
-0.376354,0.00436127503538114,-0.356665548109115,-0.00635215322359798,0.902201874525159
0.409299,0.258933377854088,0.404489638739903,0.156258067375614,-0.300244944084348
-0.79415,-0.570775447276317,-0.445639777791873,-0.34097287016351,0.715949839157161
1.29655,0.834728464637598,0.997656249771864,0.612955885311975,-0.328408720825519
-0.396383,-0.0721493792704473,-0.317851019493422,-0.0482611375523326,1.52217460830619
2.49534,1.59999404707738,1.67145848315269,1.29279460320586,-0.377267400523852
-0.595934,-0.355669656261333,-0.374536259679208,-0.227814897339493,0.839594039339394
-0.413518,-0.331401468408037,-0.282094927808914,-0.188453059687885,-0.305283399721604
-0.91415,-0.736817708358176,-0.51290989249827,-0.524549920862118,1.00717423794369
2.86314,1.87644639482087,1.88227825159328,1.28199553940368,-0.547664376355454
-0.346854,-0.0960559354460427,-0.290504273520942,-0.0563197292253108,1.26737086358589
0.343658,0.229343632975427,0.319679952619974,0.21428433487725,-0.194928781405901
-0.707488,-0.513254260716983,-0.402867829868136,-0.306802861032386,0.684018555009802
1.24387,0.813236019455419,0.89771035530403,0.680970429800707,-0.242394126327562
-0.263461,0.0280190810893209,-0.261795946029721,-0.00223309052817377,1.47287099784296
2.41899,1.61265741957808,1.64965235368134,1.32820870680763,-0.320860399270007
-0.594876,-0.361595979063904,-0.383112650051074,-0.222304319719179,0.829410959026889
-0.381557,-0.302766999715186,-0.27039531582377,-0.166189157671305,-0.304369403889576
-0.923733,-0.759514634534895,-0.529429613270652,-0.520870569063444,1.07452872814936
2.96641,1.98725566896768,2.0180586098141,1.39874824855462,-0.480845963771311
-0.418128,-0.171222671161497,-0.309683161530884,-0.0766578415540708,1.97197914324119
1.87018,1.2399026530682,1.29759340552214,1.14392515583199,-0.137286093897599
-0.248731,0.0736883431395909,-0.262811262550679,0.0290355487594507,0.572387350117681
-0.392868,-0.301999260163645,-0.264296245562608,-0.161732438929097,-0.358634399665818
-0.933193,-0.771068585248247,-0.538966111809942,-0.448497130162681,-0.0014974313174407
0.46491,0.350699678044615,0.522979966795516,0.349099486209447,-0.649493972824499
-0.737183,-0.547286543224479,-0.425416345401813,-0.301854358737531,0.703691114301805
1.32681,0.877228055614987,0.943684528696232,0.832588689060164,-0.257603228632831
-0.293426,-0.0117579127114476,-0.250671486474751,-0.00497099231394582,1.58928100478161
2.54711,1.69547218199609,1.7016554820267,1.50538340965304,-0.135323647023977
-0.62915,-0.388521714783677,-0.386307133510901,-0.152786082179009,2.26810857749667
2.83761,1.95442740193326,1.90562571606706,1.55528629968907,-0.196848550238815
-0.485102,-0.218347471114816,-0.342064837282513,-0.0773239778114835,1.95954214739588
1.79681,1.226050036901,1.25642254741956,1.23558103527101,0.00978333432773176
-0.2585,0.0654538243186098,-0.251939523457095,0.0602102047449423,1.74254420832426
2.41704,1.65563206841331,1.62343500685984,1.55349332486592,-0.291665822224938
-0.627846,-0.397026961743584,-0.390487278987318,-0.206767206306051,0.836391863368062
-0.37728,-0.286806363032261,-0.248957433613536,-0.145408108045953,-0.320741930260173
-0.928113,-0.784591020878674,-0.536268871028296,-0.520272485800593,1.06611432389053
2.95058,2.06588902371267,2.13905968337912,1.60767752759225,-0.492784740488575
-0.4409,-0.188065856589516,-0.315467302082187,-0.0883142605185919,1.96278444620951
1.8485,1.27438258193179,1.29578660631722,1.30329896596492,-0.101036204676949
-0.265529,0.0680656319915786,-0.253726022505049,0.0251810423159294,0.922169353454184
0.414844,0.312184199446459,0.399210621614236,0.386024387639868,-0.252157723126006
-0.792619,-0.591338674592649,-0.457516379840408,-0.364089542152306,0.710162705144484
1.29816,0.905262566101651,0.982855372033329,0.925827688303823,-0.434965441802456
-0.340635,-0.0370656610264138,-0.275664815432534,0.00860351224338647,0.64067848372392
0.406313,0.322266149524927,0.405767588807531,0.396248677748981,-0.317387556144107
-0.776996,-0.575774644073111,-0.451189254043484,-0.334634741777833,0.708390967198134
1.28031,0.902184998434486,0.976026239820116,0.914898433707707,-0.293630080867703
-0.335103,-0.0328764393608511,-0.263492007589476,-0.00339052433236653,1.53034349501384
2.53615,1.76558570900214,1.72749970575919,1.57617253744713,-0.373922339422806
-0.648841,-0.402990679138107,-0.394921436927006,-0.241805561668163,0.865407144083285
-0.40229,-0.296201859868359,-0.264086203750558,-0.149889903791008,-0.325059753428151
-0.931123,-0.778988529425713,-0.529884460528694,-0.567869239558223,1.05424210568959
2.95271,2.12758639712028,2.16002636552228,1.66421820928782,-0.507112362788956
-0.476122,-0.217687272334374,-0.334849437717573,-0.0758605903987876,1.98681058893535
1.8805,1.30894570843908,1.33459215311946,1.3280301469703,-0.0496709832271638
-0.346104,0.0137687126137363,-0.285403365872465,0.0354801495975047,1.60383545988492
1.93982,1.34425425558933,1.36292190317248,1.35819321739865,-0.137039772142853
-0.30013,0.0343176802920547,-0.262230128518183,0.0279346679708951,0.94263043334697
0.37911,0.308061909876726,0.415267247859327,0.385426942255174,-0.263815974041154
-0.805187,-0.594621939069671,-0.463692477867282,-0.326444626341213,0.713856013433676
1.30268,0.911988962453609,1.00397886284641,0.939457079719346,-0.320312442065444
-0.376582,-0.0667753500633106,-0.274497583706436,-0.00426072649230832,1.55971855680291
2.58904,1.79814096883213,1.74952520159753,1.63367218803689,-0.395435382021666
-0.666778,-0.415751902953122,-0.407777678719287,-0.229465194678992,0.903048320830301
-0.360331,-0.274785441687936,-0.236497053091673,-0.166495154316681,-0.331030969732389
-0.933792,-0.791874678792577,-0.547672337888977,-0.555498080724292,1.06992606948746
2.92742,2.10873759092417,2.15527052955345,1.75072352348671,-0.443732043802233
-0.471029,-0.204707453546748,-0.32779310733337,-0.0732277985584752,2.37464452512472
2.85112,2.00475111403872,1.9100147594846,1.62677276108926,-0.143639639344175
-0.546081,-0.242462095829747,-0.36646708781804,-0.0660153999035782,1.95258812279714
1.80719,1.27706203471209,1.31627662938012,1.3569099962889,-0.210278376679542
-0.297811,0.0513655032667957,-0.250702843539508,0.0471677054273804,0.54171895835215
-0.383213,-0.299079142714917,-0.264383754891529,-0.174756752373089,-0.385477180274783
-0.935056,-0.794194920982802,-0.541809057821241,-0.489272655229956,-0.000534517907141101
0.468613,0.372377364529073,0.520379636540071,0.425817754738079,-0.655427865378996
-0.752782,-0.556429583164319,-0.425898854192898,-0.387041617571262,0.71419073222701
1.35104,0.938677661251369,0.963372813852833,0.993360078420267,-0.272525160449684
-0.314308,-0.0134382600476256,-0.244318919840212,-0.00878257941592982,1.60130003439308
2.63035,1.80400166094557,1.73324104885903,1.67522713413108,-0.36083765419374
-0.651298,-0.400961660855854,-0.398340803607082,-0.234772041000003,0.91142840858087
-0.393989,-0.299001493467811,-0.256383920095529,-0.192984463639436,-0.317081193126697
-0.937559,-0.793734400647791,-0.539522816044302,-0.523944945601055,1.09455124737144
3.0335,2.16688701295321,2.23141430304081,1.73094936949908,-0.498285645520425
-0.455384,-0.181345116413841,-0.3118271369943,-0.0696120187826021,2.03504849039161
1.93937,1.34497955977526,1.34304015980916,1.36857167583553,-0.1077000806605
-0.282881,0.0605148442508731,-0.258512560547055,0.0341844674917364,0.972437378191062
0.441043,0.334485044014851,0.416917155223113,0.38868920975401,-0.249343395782086
-0.789603,-0.572382567919593,-0.453404675589158,-0.447866216191613,0.741766739176287
1.29281,0.929861842202753,0.973406762288302,0.946104996807397,-0.278929773978461
-0.299886,0.0249023756881601,-0.241140708642829,-0.00889109522201396,1.54392956545763
2.53453,1.78019438627265,1.66926703792079,1.68747792481867,-0.29676053938721
-0.617636,-0.362043680714292,-0.374654478655952,-0.246214692447922,1.18850902240717
0.367409,0.311894060091357,0.396828787709289,0.384300428179259,-0.349675303249903
-0.781572,-0.566239371541158,-0.448261884143484,-0.430029056082354,0.704963573995463
1.31553,0.941254699405489,0.975415709062015,0.964720271919066,-0.278296713969217
-0.299667,0.0198048148974756,-0.233807355928809,-0.0244996448138468,1.58099283260104
2.61633,1.85182975987357,1.73585227645474,1.75813237728687,-0.340783827253601
-0.607623,-0.351940622267009,-0.37144914359954,-0.216222254883641,0.891889614572763
-0.429988,-0.329779610272859,-0.273432288828941,-0.20652708986276,-0.291369493109164
-0.929594,-0.796180031948969,-0.54286481701346,-0.601320657223055,1.11221698508402
3.09476,2.25066911195952,2.17792546618553,1.90528418312928,-0.468390311694763
-0.386403,-0.11457711752056,-0.278136386754545,-0.0712715593937935,2.05558666453265
1.92786,1.35378821286757,1.28378644342495,1.37007296174766,-0.0799971073844045
-0.165753,0.171695997579014,-0.181310682146162,0.0687078444130612,0.603460637022436
-0.444751,-0.342894927686484,-0.292698067054999,-0.18605273759125,-0.150004871996217
-0.931108,-0.791467086363545,-0.538837787701777,-0.627688732500834,1.10398223116974
3.04118,2.20177659980012,2.11423362481473,1.89709916649137,-0.473607462405895
-0.392915,-0.122519154125706,-0.286329537205339,-0.0451427983996401,2.00545446655793
1.85621,1.3123878329259,1.29942684224772,1.34628333911514,-0.0671184961826789
-0.24711,0.130499618656546,-0.248668702629603,0.0911752912479207,0.9294532051923
0.412846,0.32110709996683,0.410137101748446,0.364474748578079,-0.236882059560304
-0.78336,-0.568476730494471,-0.44519196241071,-0.444543159829653,0.727007907619235
1.27586,0.90364359292525,0.955353184955119,0.927864819703723,-0.258688309176447
-0.273247,0.0434686258444064,-0.215769844799276,-0.00360005399474193,1.58887493242518
2.616,1.8357563029993,1.70516032165513,1.75971735366427,-0.170853535715994
-0.593957,-0.340179832772233,-0.355415376472727,-0.200670117481389,1.92821669313201
1.95726,1.37053265381741,1.3010566051262,1.36206105393323,-0.148747874070906
-0.196728,0.150430670596611,-0.197863387023543,0.0627200569203426,0.962750749810063
0.422262,0.327029886960845,0.384653535382735,0.370215017466727,-0.198650488439122
-0.756942,-0.550100964110234,-0.417965529499219,-0.435206836255697,0.744545614445253
1.29175,0.919224566309231,0.94424027182462,0.896603882608969,-0.226545378047614
-0.222371,0.0677127595562237,-0.186886534248446,-0.0159846400086826,1.58543013635567
2.64522,1.85211375796899,1.70827325555034,1.69198547921696,-0.311104110428698
-0.612002,-0.360362004866831,-0.36693161473489,-0.25013989880503,0.907236728013877
-0.430987,-0.328307783834557,-0.271559548854152,-0.205819041370659,-0.299175856110636
-0.930026,-0.791349550613326,-0.541804153252919,-0.629480574984341,1.05683367690109
3.00329,2.21521042105576,2.13351093504234,1.81464503599742,-0.576372997672948
-0.39585,-0.101081528837258,-0.273753437958985,-0.029385300860849,1.32500545534239
0.350825,0.299118555327979,0.363299388223052,0.363249181577724,-0.232401255625037
-0.767904,-0.559021595037791,-0.433630442585196,-0.400781277535695,0.687087553827681
1.24575,0.929696391023549,0.958538612011696,0.943775096371086,-0.26099771887834
-0.276619,0.0443385982680061,-0.204117092053487,0.00872420842680971,1.553091039443
2.61814,1.90688385796366,1.72143800890372,1.69501895550398,-0.33624503765786
-0.610888,-0.363496328984328,-0.370609149477051,-0.265348704034942,0.896308008312038
-0.423155,-0.313978734892181,-0.271651582286454,-0.182989851151613,-0.293020047526578
-0.934164,-0.796298655954047,-0.541842941856228,-0.62573075260695,1.1245615237354
3.11894,2.28528492419914,2.17642274823397,1.8075369261729,-0.474349870256241
-0.396036,-0.133481373311455,-0.273367347697347,-0.0625250083484203,2.06284645194479
1.93084,1.38681734520825,1.33361622000834,1.36822082071703,-0.109685062721482
-0.225347,0.128301306068078,-0.214698681447979,0.0782241471784291,0.592259046141869
-0.412432,-0.310885463279538,-0.265378883993927,-0.219879703983307,-0.348686358888939
-0.93684,-0.801424694701601,-0.545776350019891,-0.683023157151673,-0.0228873741674973
0.460803,0.379510405840046,0.521902956036295,0.401646102910127,-0.799856190511198
-0.743333,-0.542078227375668,-0.415635202180003,-0.434805361533902,0.264552177812253
