1000
0.548835,0.39136056373243,0.0353190722280511,0.386486572803107,0.00484531436502444
0.895626,0.477088276217791,-0.108825221219302,0.394234928042172,-0.292341959341723
-1.56947,-0.711086666609986,0.205328305952835,-0.263625152246659,0.362729926669398
0.713065,0.315750291319909,-0.0477129348767466,0.318738548939438,-0.426463712303076
-1.27998,-0.49678758860217,0.0236526043767901,-0.225513413357546,0.165536986790432
0.594133,0.249490495878038,0.00101290269266353,0.123084132420172,-0.314487520818876
-0.317203,-0.128083325917352,-0.044405266149036,-0.0909689615711546,-0.00963235287994441
0.781651,0.131681135177459,-0.0913929457753705,-0.198173194495151,-0.385142173837613
-0.893157,-0.334658560721142,-0.0880014903501928,-0.247772403445149,-0.0138433172102706
0.28727,0.122737663557313,-0.0394299225858399,-0.112321739980706,-0.482188770298404
-1.46528,-0.556321969673641,0.00968324816428805,-0.662169374226575,-0.037996274462179
0.486063,0.145670441046699,-0.0392430582153481,-0.503494852067128,-0.59918089555864
-1.24818,-0.444006240023055,-0.0242357733141134,-0.693678705405879,-0.0882614906315059
0.0118308,0.152904502502421,0.0408765844265213,-0.355183724431219,-0.38790123074254
-0.209299,-0.143281962741714,-0.10591567047962,-0.205025889368872,-0.183436662734212
0.673859,0.13561960520478,-0.0731429749776204,-0.467313148056654,-0.387780866412214
-0.812808,-0.352275536250668,-0.103059330376235,-0.31074030001764,0.0129488532269258
0.162363,0.221492772953284,0.0336883654821556,-0.215925377901228,-0.350546407702984
-1.45386,-0.564491627738205,-0.00666401779405743,0.0345877119712948,0.156634765024289
0.500853,0.201430830547703,-0.0212323500425315,-0.108796064282141,-0.213233281401804
0.608923,0.24207076174721,-0.0156538586525207,0.242223912265889,-0.089340732130465
0.863447,0.302868811161383,-0.0735214958155519,0.160394168644871,-0.270888282442748
-1.74197,-0.643004134729673,0.101497262907467,0.380218141964141,0.313242557945871
0.369598,0.160255514264631,0.0104207468071729,0.0620683340096044,-0.290951195350451
-0.249628,-0.0918125723191605,-0.119599052734657,-0.0368638384591518,-0.0236903459403192
0.708936,0.176710612333387,-0.0806388270542045,-0.371610214830199,-0.30231082130465
-0.832937,-0.291906794414012,-0.0478906443940381,-0.252414068703887,0.0551226814712006
0.256049,0.250366959452775,0.0293905504389577,-0.18709719057617,-0.343690359125607
-1.44978,-0.498807499104509,-0.0104818173027621,0.0433032740068143,0.196320416724497
0.5468,0.208824433469092,-0.0300681316194489,-0.0606259725414652,-0.226069546495489
0.606955,0.230105639884769,-0.0139294902694283,0.252277189253354,-0.12765864018043
0.865731,0.281067104361116,-0.0874034944464266,0.168553970424845,-0.314888146079112
-1.73811,-0.645208942436912,0.156386443513311,-0.112365726313629,0.246387845940319
0.405743,0.170963980385975,-0.00175850899679173,-0.249565497218438,-0.389648976405274
-1.20013,-0.461105711686107,-0.00451046400310454,-0.256790656545826,0.164339195697432
0.158663,0.192805363112003,0.052874167316341,-0.186442653194085,-0.0477193789035392
0.61694,0.183187732256104,-0.0203165598857935,0.238134034538779,0.0336855208188758
0.874363,0.255351303701905,-0.0962417479586849,0.297323643247318,-0.0248173924358085
-0.2533,-0.0606880874792396,-0.0764035015409241,0.226329476749259,0.251862578764747
0.713027,0.217710906692454,-0.0620189391635835,0.243037724131939,-0.201881221374046
-0.830885,-0.271439136543239,-0.0213499434620933,-0.201956091301553,0.0641097841776545
0.264735,0.274956597217242,0.0366485004269362,-0.18671729547168,-0.443909890700902
-1.46212,-0.535462182755387,0.0101855462437684,-0.643023046801019,-0.107759245662734
0.558674,0.224623530133116,-0.0333983129955652,-0.43943005498983,-0.77391389833449
-1.73867,-0.771054993052752,0.0317218720589363,-0.734057635119949,-0.177555132546842
0.40857,0.243449095571967,0.017385419033621,-0.461566824543215,-0.743880153018737
-1.2109,-0.628414259236082,-0.0965830414223166,-0.946275072186332,-0.216980261970853
0.158946,0.225185573291,0.0740565661169515,-0.490668086439941,-0.569986880638445
-1.48411,-0.713245398936415,-0.0301565320254241,-0.43008584205076,0.0411483407356003
0.562741,0.242310276369315,-0.00168190634516221,-0.178565312126889,-0.333179384108258
0.605004,0.272279326003223,-0.0132056777028,0.245328824178917,-0.164474922623178
0.869835,0.34290936185263,-0.0699950820477668,0.163859341789411,-0.359782282442748
-1.75191,-0.84593183309471,-0.00286461729503379,-0.127118440005662,0.196871468771686
0.408404,0.234004102210789,-0.00654097891101388,-0.30995293213087,-0.488555543025677
-1.22718,-0.612664467857534,-0.139681396234028,-0.417290496111896,0.00124631297709925
0.154613,0.23471277387091,0.07239419450681,-0.343416388847367,-0.306652990631506
-0.227938,-0.186821804580948,-0.110087490370993,-0.327616866689848,-0.0735453695350451
0.724042,0.173766277709534,-0.0385451454146099,-0.455953041643147,-0.310214860860514
-0.84687,-0.342901477303509,-0.0626273024552224,-0.00569182141537908,0.14880043129771
0.278973,0.261907445096514,0.0225191935669523,0.0525770460321265,-0.184996915336572
-0.226683,-0.164823242435219,-0.0837768289013259,-0.160628139662595,0.0138748046495489
0.724015,0.166317743410749,-0.0387173501020383,-0.378675994602857,-0.273702455239417
-0.848539,-0.42593450063285,-0.0492378408446828,-0.273899395985958,0.0907773136710617
0.270264,0.264783982080843,0.0398178228913266,-0.185327922118008,-0.330836368841083
-1.49335,-0.750061439929033,-0.13963811272741,0.0566395809249386,0.19902400277585
0.555919,0.232826229632898,-0.0318391724312709,-0.0963173149069484,-0.235185911866759
0.610582,0.267894310598365,-0.00195304324687953,0.243183196601555,-0.134634404580153
0.871716,0.351035123848315,-0.0358045026741148,0.158183277869665,-0.376523004510756
-1.76406,-0.885117941822654,0.00334834751785001,-0.111331696793954,0.13590777480916
0.414453,0.252375765846771,0.0100947753145562,-0.299407940705299,-0.582564613462873
-1.25698,-0.657323750477279,-0.0961878613095913,-0.946260799110246,-0.127636182859126
0.157766,0.21817269488744,0.0618154430207244,-0.272819609220901,-0.54585160999306
-1.21399,-0.58500721185093,-0.074528238651477,-0.830268748451429,-0.120636014226232
0.163583,0.244565807484486,0.0810450100862998,-0.134265753703116,-0.413944066620402
-0.213106,-0.156837428785016,-0.067809149112989,-0.379961731400808,-0.135686201596114
0.736462,0.175192827510201,-0.0520265945908534,-0.438927751413444,-0.360246585010409
-0.830252,-0.299493717660493,-0.0595421127522945,-0.297310058532536,0.0627151696738377
0.289301,0.320114062920771,0.0459276644234554,-0.168442633174998,-0.330066689798751
-1.46763,-0.473815606828897,0.0346560652406191,0.0534612700194941,0.211370368494101
0.576254,0.237800863621434,-0.0308520507110114,-0.0812519379259917,-0.233488844899375
0.618812,0.243648203835441,-0.0180715793640859,0.211228337265671,-0.134008888965996
0.876863,0.288962686521035,-0.0880704562478483,0.142443270690722,-0.387016584663428
-1.73772,-0.661034479885617,0.0852037991125253,-1.21796864981446,0.101662667938931
0.427169,0.250132336865513,0.0120721402582554,0.232296519993645,-0.621082776197085
-1.75,-0.726071487883016,0.00432232707636479,-1.29808370792173,-0.0165698712699514
0.432955,0.276221574737201,-0.00180986554458578,0.0964913755013396,-0.559163224496877
-1.21772,-0.437535289637265,0.0200069412285546,-0.365918662355885,0.0402114975711312
0.175113,0.237787699327556,0.0773117348638872,-0.187190611340904,-0.131150621096461
0.628154,0.180622136940223,-0.03341750694179,0.21269439164653,0.0278176453851492
0.879587,0.253722736048198,-0.0875559453679074,0.288545488899614,-0.0166952220680083
-0.248535,-0.0724586444965423,-0.0828811645500785,0.217788352957297,0.261163521165857
0.736268,0.245705378747511,-0.0525393243461691,0.233063299246568,-0.1320126537127
-0.84369,-0.284291271301703,-0.0375708289458715,-0.187126913049232,0.200691995142262
0.287665,0.330591183631415,0.0549851801938581,-0.177061471456798,-0.251023943789035
-1.46743,-0.492503866350057,-0.0221213197353799,0.0464267523826614,0.22665037925052
0.578898,0.254479205236757,-0.0218802885902348,-0.0833553167406121,-0.22375486814712
0.619032,0.249422206194473,-0.0251641978916473,0.206378298652847,-0.121524257113116
0.879132,0.309516966749692,-0.0843349741304563,0.137526426509244,-0.33877373907009
-1.77602,-0.657950173962949,0.0679217917388268,-0.124867512287054,0.212711939278279
0.425366,0.255419196459659,0.0131240630728425,-0.285026742316045,-0.485988737682165
-1.22736,-0.431682164952911,0.0110877339142966,-0.426211875563972,0.0112729201943095
0.176718,0.317464119501608,0.102168663391019,-0.295990338074374,-0.336581196391395
-0.220401,-0.169602138411159,-0.0876142326649907,-0.293638088178344,-0.126719748438584
0.745559,0.147181551662302,-0.0367475644804248,-0.445842625834519,-0.393526983691881
-0.852872,-0.303122356257617,-0.0463515718320046,-0.299235762616816,0.0255083376127689
0.295878,0.341820300939564,0.0620938180043273,-0.169886277596466,-0.388632545801527
-1.5005,-0.472507706069899,0.0222719687777031,-0.0853864244158527,0.127691197085357
0.583928,0.234303759039941,-0.0334614971797926,-0.139172875210605,-0.375710706453852
-0.237052,-0.157327755879382,-0.109227332329604,-0.210449638059776,-0.047337860166551
0.741363,0.184320847087908,-0.0411068765369961,-0.210958783870341,-0.324762809507287
-0.856012,-0.315556370069255,-0.0692992647715706,-0.217706451109952,0.0775092477446218
0.287567,0.345356874074757,0.0583952400489933,-0.180219673071969,-0.337283867106176
-1.51746,-0.529651499380785,0.0266918052336215,0.0417799697088927,0.216603172449688
0.583788,0.257527262485351,0.00114279432209173,-0.0998511709196054,-0.239231792852186
0.61428,0.243551633505328,-0.0415838043868797,0.21770107785043,-0.132726242192922
0.878764,0.3054053421931,-0.0670112618705545,0.138248373800985,-0.323615305343512
-1.80695,-0.678879854049399,0.109889257804928,-0.13888266893757,0.225170118320611
0.424895,0.275570674185017,0.0150909677146825,-0.293992893139044,-0.475317676960444
-1.25222,-0.488553363809037,-0.0559067903507294,-0.294032132192647,-0.175463196391395
0.176527,0.310248719225122,0.0865865648885108,-0.348644682048596,-0.616530620055517
0.794637,0.0274396058291002,0.0358911908512148,-0.479438506817998,-1.17953780395559
-0.288911,-0.0188595464836437,-0.16519584658867,-0.613760174636925,-1.53427888376128
-1.08048,-0.383197466431599,-0.0379794603313236,-0.294313810777686,-2.31732072519084
-7.64226,-4.30941911958179,-2.2679562442585,-3.44809652526834,-1.35240840860514
-0.356282,-0.0579752068606794,-0.162500066443962,-0.546642710954727,-3.58013807911173
-7.52669,-4.21890336993903,-0.233647711161726,-3.94450438711222,-1.44327382720333
0.290472,0.201802899402799,-0.106335096553604,-0.617132492379246,-2.96790556939625
-1.68782,-0.591384244754337,-0.137451221711337,-0.729819283350213,-1.78493193823734
-0.0927106,0.130073189959524,-0.149422307190647,-0.444946067724687,-1.92376268043026
-2.53587,-1.39111353335187,0.690130815488536,-0.793452534685937,-0.947500769951423
-0.477237,-0.233743901195474,-0.065222419937777,-0.590722764598913,-1.34168535079806
-1.26284,-0.659609314860251,0.0921129797525766,-0.871449965149289,-0.804954978660652
-0.210686,-0.0525512954520844,-0.08112816036084,-0.47240335761161,-1.08824623299792
-1.99053,-0.984308208297835,0.45011466778699,-0.503219258395662,-0.497359830013879
0.342583,0.131176191428352,-0.133607084343039,-0.272418320550876,-1.06149463827203
-0.332611,-0.198016480437241,-0.129908071314892,-0.333978286418121,-0.813559181644691
0.0059295,0.0416226894632723,-0.116932521327749,-0.21472804321168,-1.11517772241499
-3.19305,-2.0538576305727,-0.143713728387193,-1.06641175969314,-0.451639042852186
-0.377464,-0.151457661036573,-0.0994565895180971,-0.299540310740269,-1.27495154840389
-2.55698,-1.49408256408122,-0.212427729788086,-0.883030731251831,-0.430784251734906
0.839633,0.376674578085715,-0.0910661090482703,-0.187147106980597,-1.07410809455239
0.533929,0.203502253798912,-0.08902553094231,-0.0909092121226701,-0.874816943789035
-0.470493,-0.241389572205375,-0.109788663803026,-0.15917594916454,-0.894645528278973
-3.26572,-1.93144243954251,0.0496158127968047,-0.0646068712892961,-0.280231929736294
0.362306,0.14250479195539,-0.13805627093165,0.00175753923969021,-1.23171543112422
-1.02143,-0.520887902281272,-0.0950134012508742,-0.606666780729962,-0.727249347848716
0.0427485,0.0150662081753965,-0.138541575804216,-0.285969384478209,-1.08574542505205
-2.62667,-1.62524802248929,0.313887461948011,-0.579360506180956,-0.406457550485774
-0.313175,-0.148722792763,-0.128153537677896,-0.400237555690289,-0.894234933206107
-1.27186,-0.690909330596152,0.0446952479325157,-0.255388795750786,-0.279526984524636
0.845559,0.407178411383938,-0.0700515351016609,0.126972056915817,-0.63069366204025
0.735721,0.270272354425465,-0.0723134401815317,0.166286500454957,-0.507770271686329
-0.426175,-0.160681177171485,-0.1236752683786,-0.156119074968202,-0.374472335357391
-1.68258,-0.769641273353277,0.289571283209123,-0.505988555365827,-0.140730039729355
-0.0896959,0.00140511842985438,-0.147278269049044,-0.0355465952759766,-0.570742811589174
-1.81063,-0.977223964208273,0.452095160595901,-0.606133868687794,0.0899243333448994
0.847221,0.438895819435325,-0.087413666009906,0.321436040914061,-0.377600811762665
0.781892,0.343163374767942,-0.0988184669523532,0.35803335920762,-0.178560528278973
0.377328,0.200533963851586,-0.110259330582598,0.33311017780119,-0.121435319743234
-0.284553,-0.0971808008705321,-0.0767598744840527,0.270633846173859,-0.0923031946217904
0.0624612,0.0112845560756433,-0.129402871429943,0.0976385156357514,-0.446207623178348
-1.49424,-0.56593794255218,0.36440516809112,-0.304933618128426,-0.201197821790423
-0.30546,-0.118626302734151,-0.0777318212155452,-0.342787215063145,-0.682424735253296
-0.848315,-0.345373922540681,0.0355551004289224,-0.718322074923775,-0.598093510756419
-0.363319,-0.12232180605772,-0.0670194852676541,-0.393869531215592,-0.799248295281055
-1.29501,-0.537448485590237,0.111412739432655,-0.769803253255955,-0.54575985593338
-0.0698564,-0.026222489926777,-0.124053533659835,-0.428350128550407,-0.844126718251214
-1.71938,-0.753628074693456,0.40364388175202,-0.698274047080976,-0.30497336259542
-0.223686,-0.031017649095328,-0.071247870037932,-0.182007780041881,-0.551798006592644
-0.681891,-0.318912436760743,0.0281588455687506,-0.0501667641920628,-0.150135553573907
0.845883,0.362552892830923,-0.0778749846125951,0.22826245194708,-0.36396413185288
0.786668,0.259598757685457,-0.0697801730689905,0.240243928282529,-0.300479977238029
-0.365971,-0.0678600462632203,-0.0571667823369855,-0.035941830742235,-0.189199884385843
-1.22164,-0.521825488471017,0.208472245302334,-0.313743749271072,-0.100639886190146
-0.0562844,-0.0170696366293554,-0.111726568430014,-0.0273227540692362,-0.497514023594726
-1.35376,-0.573370396742444,0.400973769022987,-0.501636837540269,-0.0840380416377515
0.387919,0.155829776054749,-0.116225016803942,-0.0678931257395597,-0.438296449340736
0.0691822,0.0161149139660555,-0.0552197850285939,-0.0791077179744561,-0.264861852810548
0.120417,0.0563239694789091,-0.109921870768021,0.21185074505297,-0.320426270645385
-1.23734,-0.546855190315006,0.277211008505698,0.185191408871839,0.0347116591256072
0.373781,0.119047087839871,-0.128125500270509,0.048477412735331,-0.357316577723803
0.051075,-0.0118802087190183,-0.0737172035328861,-0.0415035538285737,-0.201476850798057
0.0846152,0.0238798435787222,-0.097368089785251,-0.00360451223815761,-0.278865309784872
-1.12068,-0.427940022668246,0.392200810618036,-0.102186878513158,-0.0217957661346287
-0.267197,-0.0994139757372492,-0.0628238160278893,0.0240940716440683,-0.204738574600972
-0.435972,-0.266642062100015,0.00681775108719377,-0.00349373998311078,0.0390659862248439
0.842275,0.266783976878696,-0.0478530401381448,0.264669673485321,-0.179598916551006
0.812004,0.195894368317952,-0.0789497055542472,0.284773653805305,-0.187927918875781
-0.374215,-0.139221796160119,-0.0773830695418921,0.0346898982194892,-0.0909943421235253
-0.723982,-0.343057185489431,0.200505273756489,-0.198751019428192,-0.163120191186676
-0.0661227,-0.0804801461865363,-0.1329829999079,-0.126698948135368,-0.46065325
-1.27999,-0.684236447080565,0.196920093274936,-0.776614485555318,-0.186381849410132
-0.0855489,-0.113170040139096,-0.140490361305,-0.0841108634107664,-0.514374062977099
-1.03493,-0.484863943142659,0.278233394893326,-0.791208598959777,-0.162475607564192
0.377096,0.0602346486499194,-0.113374158524595,-0.0267451811535043,-0.384833828591256
0.224053,-0.0257042963938975,-0.0542358951510615,-0.0420382649668134,-0.22182723740458
0.104865,-0.0638188326204593,-0.112008693325398,0.0455313146863949,-0.205475888098543
-0.853606,-0.219614490744075,0.341609397130219,-0.0422591245677673,0.0249465944136017
-0.246006,-0.0979324244429885,-0.0805965168274195,0.10379013026901,-0.106341778625954
-0.35429,-0.257843188902388,0.0315946322339459,0.0316756936126383,0.0822603487161694
0.842628,0.21480786558119,-0.0387650281721195,0.295791597630695,-0.126957632546842
0.817017,0.161766013643131,-0.0650992352185173,0.297796925336543,-0.153879311797363
-0.359779,-0.140676341048265,-0.06385944101334,-0.115396052425663,-0.0686294177654408
-0.735816,-0.289161088129316,0.220210366495586,-0.424152930271346,-0.126979157876475
-0.323391,-0.107691076274183,-0.0634762620173975,-0.195933966240351,-0.302088193615545
-0.72783,-0.364405419798333,0.133734905125791,-0.646670613724484,-0.173296727272727
-0.0414436,-0.0832144568874265,-0.114434558829549,-0.213150807156347,-0.30068578834143
-1.1337,-0.580546364670217,0.325849715055997,-0.114959905666046,0.156685199514226
0.840998,0.27362335945492,-0.0671312645541593,0.403329962397608,-0.115959355655795
0.830626,0.234471504762072,-0.0484895685546977,0.432146336444392,0.0609298043025677
0.378889,0.0966234063849143,-0.102228162105116,0.404930074107132,0.158656265787647
0.156626,-0.0200347798741168,-0.0268338318264097,0.37965745808193,0.135404848160999
0.100524,-0.0505656059939966,-0.0865480490667609,0.211522046342254,0.0321963445523941
-0.655637,-0.116250053009429,0.308508977336448,0.0171766401500859,0.155573684594032
-0.256263,-0.110121242967335,-0.130408570034175,0.124869164619363,0.0359694725884802
-0.137166,-0.160573295748049,0.0400599171726036,0.102235200789857,0.118919162109646
0.843719,0.184797230674588,-0.0614475073331484,0.257950923896073,-0.0485947404580152
0.827795,0.110667846473498,-0.0918223665424295,0.258776977378248,-0.0770680548230396
-0.354219,-0.0965753924005711,-0.0666659598721321,0.103492849209819,0.0586542179042332
-0.580631,-0.280068856792089,0.164469205508113,-0.144300617952648,-0.0199427217210271
-0.0661998,-0.0898455070929076,-0.113431739570425,0.0344804737268592,-0.2434131648161
-1.01139,-0.41886561313353,0.218701165988269,-0.198904615896859,0.0167930159611381
0.377612,0.0117043439515171,-0.0748917540660126,-0.0104560716793739,-0.288671213046496
0.223998,-0.0274236542055651,-0.0420085563870811,-0.0346510579816493,-0.199229646079112
0.103339,-0.0597226682498356,-0.12203242567948,0.041086545008857,-0.207968825121443
-0.8478,-0.268969136995307,0.345626432489324,0.0226973048101647,-0.00444645274115196
-0.267782,-0.139243304611168,-0.0715850954720796,0.0555754385447606,-0.14830855482304
-0.190641,-0.0483465038990054,0.00855494719989251,0.00224583676916815,-0.0517873525329632
0.375079,0.0640011481873463,-0.105338966612259,0.0156766806339182,-0.128653305690493
0.31004,0.0343689692466858,-0.044221123080771,-0.0256791539051842,-0.0850713490631506
0.100522,0.009598455942356,-0.106009869169143,0.0747403389887133,-0.0879891502428869
-0.74803,-0.116715423185531,0.235768825174014,0.00450183635630769,0.0805144174184594
-0.251392,-0.0301682298232323,-0.0746884748426849,0.123483369667619,-0.0321452050659265
-0.268835,-0.101916907722196,0.00635728867941979,0.0766787428006685,0.110335639000694
0.848948,0.250862449666947,-0.080490346503629,0.30196590250692,-0.0899012331714087
0.831764,0.196663272551471,-0.105056421905675,0.299774735595354,-0.105031034351145
-0.362752,-0.0203212676464216,-0.0283724916533265,0.0498852807121183,0.0566081415683553
-0.69483,-0.20865509939599,0.164644294805629,-0.152044685685014,-0.000807593684941016
-0.0780054,-0.00342715420554381,-0.10254683778002,0.0293153633004784,-0.179416958015267
-1.03866,-0.401617207541488,0.292085574791192,-0.117436037935857,0.154638442748092
0.765157,0.311986374613627,-0.0576781722421654,0.37501206019218,-0.162233660305343
0.912049,0.254550393820325,-0.0961170572115579,0.398006811182955,-0.139944709923664
-0.974233,-0.316965410316234,-0.0494690062445053,0.0213953702249329,0.367260116238723
0.762727,0.381747965349888,0.0209775398980681,0.116039739556397,-0.0787161975711312
-0.598251,-0.24326727883861,-0.126276135645999,0.0407141180634353,0.360957419847328
0.657402,0.54365438208115,0.0939707816649896,0.170538840526488,0.0990093639833449
0.215063,-0.0588710729717673,-0.120714615703773,0.0569723841237988,0.285535513879251
0.897289,0.202474245062614,-0.0570101703073378,-0.0193931514409922,0.0499279826509369
-0.342564,-0.182278600804965,-0.108693501508926,0.0823831090199025,0.336471077723803
0.708244,0.487406540762707,0.0918046226881355,0.204061660916172,-0.0639900215128383
-1.01366,-0.344669711477488,-0.0917864928124713,-0.206662048949552,0.370497308813324
0.834052,0.286523864839497,-0.0055711172128988,-0.219474441338109,-0.148337701596114
-0.771716,-0.323596226725682,-0.0992756244808124,-0.313246367112452,0.342344083969466
0.658184,0.595015666465787,0.120731424073258,0.0709646284339491,-0.00184993025676609
0.124309,-0.0770512369234361,-0.105911009624024,0.0177687106540408,0.246116896599584
0.896877,0.208281661916702,-0.0457078430058038,-0.0963939361576074,0.0358561287300485
-0.426974,-0.220702049015935,-0.13238934679563,0.0262772583024814,0.3841336648161
0.710491,0.524768405045143,0.0944681894977915,0.159962808138883,-0.0286206006245663
-1.10419,-0.352345324595849,-0.0431887230421394,0.348736293870136,0.494139603053435
0.838572,0.333393353092045,0.011610291331912,0.145167836930949,0.0661707939972242
0.711493,0.222146571238098,-0.0459708335887797,0.370068155905657,0.201646386710618
0.91019,0.253111086011438,-0.102753766535495,0.307943215995703,0.0276642503469813
-1.40219,-0.471926471675346,-0.0151778635365675,0.626026566262194,0.565252057078418
0.763732,0.35317924425115,0.057963371027367,0.226092772151743,-0.0269393988549618
0.0703103,-0.0261474404879027,-0.101124413840427,0.145780071887578,0.267261488202637
0.887204,0.199165845738506,-0.0401062906993075,-0.101781538588786,0.027010430777238
-0.468284,-0.210685686404833,-0.105112632539271,-0.0020890459964944,0.34792039295628
0.69276,0.532857891278387,0.102895962933889,0.130880251626684,-0.0631297822692575
-1.12654,-0.310825047192568,-0.0473443239223152,0.305206865232093,0.480316710097155
0.830662,0.302466151831397,0.0233959519473885,0.1146628175918,0.0230699199514226
0.700141,0.163727361037942,-0.0487216570430959,0.340574710545203,0.139734043025677
0.908985,0.184057638500002,-0.115902997746861,0.283325144872222,-0.0357049399722415
-1.41933,-0.402447964751812,0.00548166267892585,0.121082320838402,0.480166355655795
0.756796,0.388020105638608,0.0541186266261924,-0.0014777976632063,-0.133108065475364
-0.871475,-0.275508086747655,-0.0893129856783768,-0.0651147478234548,0.437467015440666
0.654188,0.51445937403719,0.133984382799067,0.111976697483989,0.161935612942401
0.702977,0.141581719312834,-0.0404495496570171,0.387568438744718,0.314006451943095
0.912997,0.206438721138193,-0.132635852288538,0.426869199788367,0.249049064018043
0.0259263,0.0173519657731913,-0.0964949951338221,0.377051682901897,0.47491513185288
0.892576,0.308125103735882,-0.0315328358920457,0.363370003863335,0.0785764078764746
-0.500852,-0.185899474361675,-0.0949307635624747,0.0492877511778823,0.343736176786954
0.704257,0.560657171709381,0.0928520803389641,0.134508964839382,-0.167871464781402
-1.12771,-0.429323887958198,-0.0790434967759234,-0.403878128784427,0.209752435634976
0.831664,0.350753610033139,0.0204900695533463,-0.209743331550525,-0.440398320506593
-1.4521,-0.636677936561135,-0.175067209190508,-0.498146234233566,0.153566260235947
0.757896,0.489532088755731,0.0750716909806035,-0.158656920302354,-0.425060801179736
-0.915641,-0.500167409445686,-0.156951299230839,-0.763315382374283,0.114822435808466
0.638462,0.666063118201846,0.141777710072009,-0.107903951542373,-0.30011606870229
-1.17572,-0.546213608348707,-0.149004395102573,-0.216211990337824,0.32312785704372
0.830696,0.345784932128424,0.0461551135454356,-0.0179858675785466,-0.0927631637751561
0.680713,0.217585557053165,-0.0394539236343539,0.340737008699539,0.0873726592643998
0.899948,0.26461260566309,-0.0719271218231265,0.277548480521231,-0.102794816065232
-1.51132,-0.677029558785811,-0.0223889141092836,0.130444349911765,0.431225644170715
0.75075,0.423891764000902,0.146515655054396,-0.0385196948527948,-0.238603864503817
-0.924058,-0.464417374606215,-0.167127652168306,-0.161723851501159,0.300151339521166
0.644353,0.596796029084812,0.210647587117244,0.011635350375657,-0.0440711217904234
0.0403631,-0.145090489630988,-0.118424029021653,-0.113373467662656,0.2352027611034
0.889286,0.245576979017973,0.0166625456000321,-0.181606645118222,0.0142824160305343
-0.541535,-0.285507744523129,-0.117437888054798,0.257006615507443,0.443272905621097
0.692007,0.47311848921388,0.14027582619897,0.298171513451955,0.0831816419153366
0.0262165,-0.113758412681991,-0.0969826146408754,0.0277899297244818,0.311970394691187
0.887657,0.21224036834918,0.0324856099587826,-0.100951737835756,0.0327043766828591
-0.536967,-0.300173927614695,-0.116911000969871,-0.0486484768872247,0.363143553608605
0.690894,0.556969265788053,0.130424528012521,0.104580334231106,-0.0851802437543373
-1.21264,-0.525702353535566,-0.0699757425566479,0.287206117059974,0.456951668459403
0.824336,0.342286377261975,0.0618915572376024,0.0970731537301539,-0.0187277326509369
0.678595,0.226222582182643,-0.0370254728415819,0.323888809964428,0.104070488202637
0.903478,0.268627843506492,-0.0743308662035416,0.255338197474356,-0.126654561068702
-1.53199,-0.710492767587701,-0.06331967012498,0.103344491288507,0.376805397293546
0.753419,0.435101135272784,0.0821734772481516,-0.0380165465807089,-0.31922617574601
-0.941212,-0.493894224207953,-0.1520719340037,-0.735893002623027,0.184526584489938
0.64157,0.644011450919436,0.186847521543277,0.335839281427114,-0.253962118494101
-0.926868,-0.449396057829337,-0.143084352554736,-0.594930695411917,0.234218342297016
0.640941,0.590676019996793,0.149123109041942,0.420988267426846,-0.1230697388966
0.0323615,-0.118529084389692,-0.102996711945631,-0.157877968449625,0.183300678348369
0.885983,0.239242571480251,0.0507923260015011,-0.191033988946573,-0.0501201989937544
-0.572603,-0.333798816202476,-0.161415396319818,-0.10723735575496,0.333778449861207
0.695552,0.575957097765578,0.177639055086722,0.0944214081377456,-0.109397583448994
-1.22672,-0.506616432621378,-0.0865982172148785,0.235520058435303,0.451344103226926
0.827631,0.358517744066113,0.0477844627039699,0.080817172094858,-0.0432682177307425
0.672506,0.22346152846072,-0.0506221035157661,0.328103927464118,0.0747634781401806
0.905155,0.273258579392162,-0.0813821337665422,0.25589813630756,-0.176236235253296
-1.55005,-0.738911689210245,0.00243333833402565,-0.776271218703289,0.304591840041638
0.756622,0.447569733571556,0.0990928349912921,0.385318687492845,-0.426098716169327
-1.54761,-0.734903450932414,-0.101732055920402,-0.932876722578242,0.231667514573213
0.759146,0.508073224832422,0.0871775988523523,0.252225397337027,-0.333035954753643
-0.979282,-0.486845232970624,-0.0989925206219606,-0.21935332019342,0.293734157876475
0.639911,0.534540391110536,0.185505480282575,0.0665955099542841,0.0397728591256072
0.668875,0.147757518800671,-0.0409825917360939,0.315689682746437,0.267454475017349
0.901801,0.168681101502732,-0.0768611624252445,0.364323133830296,0.196063835877863
-0.0536996,-0.078736785193395,-0.0965940045341752,0.318819742161581,0.437546641221374
0.885189,0.230445200860809,0.0155202228396423,0.305026817308987,0.0751301335877862
-0.617545,-0.279167803980876,-0.093910074062736,-0.0481429223383024,0.411329984385843
0.686865,0.586445105429044,0.135884206872887,0.0605476158061491,-0.0768959299097849
-1.25815,-0.438794007676366,-0.0706026823462412,0.210994844786785,0.444895625260236
0.826294,0.343258253855835,0.0490457438422638,0.0415991737088921,-0.0441161240804996
0.670052,0.179228606726297,-0.0394807727965824,0.278532970958587,0.0870111217904234
0.906834,0.216489174302557,-0.0986696290524765,0.215309667821774,-0.121913556065232
-1.58191,-0.643649698722082,0.0773357687626292,0.0931164582525993,0.420140265683553
0.757172,0.458409837786773,0.0787030075195304,-0.0480223290244212,-0.274324031054823
-0.984077,-0.443503203755137,-0.115061710433226,-0.218357625016346,0.284147716689799
0.644369,0.627030313974448,0.155900495213025,0.00634002190128044,-0.112711174705066
-0.00540418,-0.135325149469345,-0.0769465403483981,-0.141973691460135,0.154773699514226
0.896845,0.268577418360232,0.00140320073994023,-0.222469815182184,-0.107468640423317
-0.602722,-0.301323573027727,-0.094713442410306,-0.126457687917608,0.288415023768217
0.695633,0.589656534908067,0.141870793562284,0.0825633724937567,-0.166010690666204
-1.3053,-0.491275216741842,-0.0617694242774407,0.114295764842554,0.394674924600972
0.830708,0.375547187981977,0.0516587729245672,0.070367930262366,-0.144060440173491
-0.0403182,-0.150143815074324,-0.122037794475983,-0.106506643844451,0.1888818240805
0.895031,0.24758496361775,0.0172489618049824,-0.0459653479574813,-0.0795766627342123
-0.636823,-0.304194427217902,-0.0943929495703287,-0.0662430416742722,0.313337690145732
0.690923,0.599392715682006,0.169386736955503,0.0634580437212618,-0.149549285218598
-1.30473,-0.468272179492571,-0.0581118176295115,0.222639122089041,0.439387943442054
0.826582,0.350081226586553,0.0404856939643394,0.047879703503364,-0.0609108238029146
0.66469,0.207759731413799,-0.0514989290392599,0.268337233108906,0.0715353757807079
0.906875,0.231429677912497,-0.100646926342865,0.201685248070836,-0.123233315405968
-1.63535,-0.618329885363135,0.0122888901732099,0.0518402848184447,0.443367562109646
0.752152,0.441847974900164,0.098474693380961,-0.074819165242321,-0.270065039902845
-1.01925,-0.445383182421719,-0.101674343530184,-0.151561727722686,0.319536023594726
0.637837,0.541913964889996,0.182357149626005,0.0495610920116381,-0.0414723580846634
0.673758,0.200177708138051,-0.0362904783818907,0.276147228121282,0.0334698681471201
0.908341,0.243482368168827,-0.121430367524429,0.187283029824873,-0.156190507945871
-1.58212,-0.675554804600096,-0.00904603072882504,-0.0112442045611365,0.413157379424011
0.755963,0.48650358355918,0.10182266496112,-0.168961689843703,-0.285863854094379
-0.995901,-0.45417582315673,-0.112704815489487,-0.267962664722219,0.26647943945177
0.593195,0.538516372099283,0.112466527482279,-0.0986459835455723,-0.117156051179736
-0.0103619,-0.154858150932108,-0.0986668697356351,-0.169642691008442,0.140550534004164
0.894127,0.251784435054238,0.00509348551504393,-0.251852482465308,-0.145072721200555
-0.607315,-0.320054668213632,-0.0943165992498048,-0.140117834722476,0.228857018563498
0.688405,0.596656026649619,0.159801611567292,0.0770014463061013,-0.240188515093685
-1.29661,-0.526700440511908,-0.111683389884432,-0.405428438491952,0.277012072345593
0.824278,0.392500676082632,0.090126990955774,-0.375553479735185,-0.311654682130465
-1.01256,-0.450728855302804,-0.105729415943144,-0.50793744680187,0.255398220333102
0.636737,0.64598543840418,0.178948590447578,-0.0453077018959626,-0.140131726231783
-0.023302,-0.130050093231749,-0.101326249090818,-0.145288539984067,0.158056582234559
0.894154,0.259094184528616,0.00251415366329324,-0.241525753813102,-0.0890739996530187
-0.62439,-0.299088823716115,-0.107693086696627,-0.139551462550406,0.317503318528799
0.687289,0.595536008524791,0.144388654144291,0.0813332075298583,-0.144962413254684
-1.29826,-0.466087991009293,-0.0749458701793997,0.225075624329423,0.435746432685635
0.827315,0.344633902363374,0.0490830693219455,0.0502881276379593,-0.0308295023941707
0.661498,0.174334119035453,-0.0566159918628335,0.295356476988837,0.127505108084664
0.906711,0.221531600261661,-0.0917223754010207,0.219312862789772,-0.0685436441707147
-1.62492,-0.589964149513833,0.0283631269735081,0.589361347761359,0.524306915510062
0.753307,0.405919976054106,0.0997965462553281,0.159733106224085,-0.1249059203678
-0.0376469,-0.0530761822245165,-0.114309536296905,0.0481872246955421,0.20652802463567
0.897659,0.254036404264836,-0.0184765967714009,-0.204447536932074,-0.0656353037820957
-0.62902,-0.284130503472516,-0.0933057346293092,-0.104177442594609,0.301410289555864
0.691239,0.634886754417322,0.153264820889445,0.0747918895156011,-0.155149681644691
-1.29218,-0.443637045961873,-0.0838171085814145,0.231764808083315,0.442063535912561
0.829362,0.369618951484093,0.0452982635770691,0.0486581189407862,-0.051732613428175
0.669104,0.227787022217229,-0.0466129962411697,0.274071538944881,0.082054977446218
0.910856,0.257281968779551,-0.130877498153772,0.210371760618022,-0.108958341429563
-1.59439,-0.548893730970784,0.0474848917391328,0.074393788110632,0.450554018043026
0.753225,0.459210881926343,0.0929292127389202,-0.060958523618284,-0.209294707529494
-0.987768,-0.377912512774912,-0.0799139783031805,-0.126429772550511,0.402362877689105
0.640266,0.568658265586278,0.177113898387249,0.0632124448605598,0.106711385322693
0.67903,0.168350125825914,-0.0546482783497244,0.333434953894647,0.270542732650937
0.914366,0.231346134921706,-0.123909913796107,0.37303797048417,0.1953789148161
-0.0626691,-0.0175833483378339,-0.0914176662237474,0.327114691731522,0.443262251561416
0.891555,0.325865194776678,-0.0245042307084327,0.309008123928529,0.0143424321651631
-0.611454,-0.224599095486056,-0.108148590469394,-0.0306897884753784,0.304937324600972
0.690212,0.626928106839402,0.142633376353025,0.0739903751780838,-0.238661013358779
-1.26506,-0.449682067193638,-0.0631794318486999,-0.715731223056361,0.172444187196391
0.829669,0.388096689355311,0.0424639304029849,-0.171335695184432,-0.510857138133241
-1.55099,-0.541874590868591,0.0140512075029305,-0.711491388276177,0.118550696044414
0.760106,0.524146136950393,0.0786797630368126,-0.111979937095408,-0.479498103400417
-0.968403,-0.408932900873217,-0.065885182019624,-0.847226004651364,0.0844489687716863
0.635585,0.748321689867519,0.153922221849332,-0.163168291919566,-0.341578716169327
-1.25615,-0.45184140595412,-0.0581209669851348,-0.287123511469566,0.309208942748092
0.829736,0.373431076984949,0.0328869071198834,-0.069673135473747,-0.120577561068702
0.677085,0.237353829743931,-0.0502943804712752,0.278580661763711,0.0698139028452464
0.911801,0.266493961277331,-0.11227455260806,0.225628145692987,-0.123230166724497
-1.55895,-0.560826154812685,0.0157433287383779,0.0950845145172216,0.427487997744622
0.753314,0.468691856087668,0.0946774399016764,-0.0461954902545531,-0.253522368320611
-0.936861,-0.363780115469077,-0.103542054004402,-0.223199357692992,0.293849207668286
0.636362,0.659201217472894,0.18466865984799,0.0166152220760079,-0.048375900832755
0.0312075,-0.111692649905551,-0.0943957450031714,-0.117446837684798,0.235833644864677
0.898177,0.226351333475619,-0.0204221436872452,-0.194117595030821,0.0168118917418459
-0.521193,-0.214167287705424,-0.0717839232429106,0.254958230438771,0.448505947952811
0.688028,0.50920278923219,0.136599782697052,0.307815223195889,0.103286397987509
0.0557573,-0.0869728761236348,-0.121708663042196,0.00843355225772041,0.329799114330326
0.890483,0.199170650973869,-0.00834131533201855,-0.0845932914996478,0.0667635274115198
-0.485713,-0.227480427903141,-0.0921246768304747,-0.00843255480369218,0.394004365197779
0.692508,0.59675007913431,0.13021085632573,0.151151343551893,-0.0211624463913949
-1.02996,-0.350172704103471,-0.0658153244076832,0.308444907959148,0.482539393303262
0.825723,0.342115114114103,0.0293935194308031,0.125565844919084,0.0605576590215128
0.706036,0.183538095722311,-0.062807725282293,0.353053280026328,0.178390184941013
0.903421,0.212917126432289,-0.081948393191101,0.299230984610484,-0.017974927480916
-1.25067,-0.411290151380917,-0.0195813157194579,0.199087858210043,0.432258240458015
0.754538,0.423126991280314,0.0857551385112374,0.0456667062672091,-0.175351444829979
-0.708663,-0.30993514269033,-0.101593721893994,-0.54718147633808,0.264744328938238
0.64405,0.69393706360536,0.197699601360324,0.410004026327676,-0.104777948646773
-0.665528,-0.293430045597096,-0.101949325733997,-0.472108977168189,0.310418816446912
0.649726,0.588040392068255,0.138911238717293,0.478701133559188,0.0187499163775156
0.173401,-0.0570104382083378,-0.128764121723469,-0.00578437454915434,0.277353942054129
0.893633,0.210717897054138,-0.0293295211203471,-0.048126624462456,0.0857653768216517
-0.334634,-0.175959942831278,-0.116691670469974,0.0495676397265334,0.409491456627342
0.700503,0.518568048916618,0.10158086379471,0.207637348148096,0.0412933612074948
-0.930851,-0.307969747305205,-0.0628800254847443,0.359084693894262,0.516291821998612
0.833183,0.331354498353672,0.0267049657494256,0.176574962268665,0.0956863362248438
0.725569,0.205808265968516,-0.0686100847018141,0.387740414913147,0.192614595072866
0.912778,0.232503987559662,-0.100445692774485,0.332153594321654,-0.0171959541984733
-1.19653,-0.507103677790933,-0.0152087642045498,-0.641237434478785,0.394744778278973
0.76359,0.431873909524522,0.0553282202252836,0.494129251432248,-0.224616346981263
-1.16259,-0.479091241898261,-0.0766418201372602,-0.753789461206858,0.328816614156836
0.765155,0.486000320208967,0.0576774033374962,0.393626243417002,-0.1384994888966
-0.663361,-0.304890968897199,-0.104974097052905,-0.0459869663694016,0.382990632199861
0.650113,0.495581996239531,0.118996916293076,0.186681738379029,0.188670956974323
0.728864,0.2248872587599,-0.0592762325388426,0.421563239564464,0.373766544066621
0.915509,0.28176436543324,-0.102818902528391,0.469886422393086,0.325106278278973
0.142719,0.0602927035210261,-0.0980174572140785,0.467287868454811,0.524848885843165
0.894024,0.31187967688837,-0.0424245884212083,0.428465046025465,0.233371315405968
-0.306502,-0.100459194512394,-0.0438448212486324,0.156848668341536,0.497123150242887
0.704735,0.500242312923164,0.0694201916793746,0.20409051394004,0.104413726231783
-0.899761,-0.31109003500876,-0.0865315086439526,0.380483219099162,0.528659411172797
0.833009,0.334054136301962,0.00556741472497452,0.188346754886115,0.121931674531575
0.732242,0.242931455656809,-0.0613097189456732,0.404011143818126,0.222067746009715
0.914201,0.272145093928565,-0.0906938060902537,0.351207602566968,0.0514339836918807
-1.1817,-0.401581549556524,-0.0154984504482363,0.239503219013212,0.505273414989591
0.766784,0.393786571747409,0.0232568413373272,0.0734860478569289,-0.0701200430256765
-0.640968,-0.241373035702738,-0.0673829976899134,-0.0246346811742845,0.386988516655101
0.6536,0.55511044573748,0.111067865568217,0.133079532770873,0.0799358504510757
0.214038,-0.0451319572504875,-0.0963257030036803,0.0683447277270088,0.281260704718945
0.893292,0.196941401612154,-0.0537133571260738,-0.0104996131987301,0.087984126648161
-0.295393,-0.161016137057693,-0.0923665647543995,0.107613406671335,0.402428919847328
0.707406,0.480061164836726,0.0572245869456297,0.223261646803021,0.0483978268563497
-0.879071,-0.302591737307529,-0.127215279218467,0.300037138083436,0.49550913740458
0.83188,0.298348632003932,-0.014413832423931,0.202006128392838,0.0717419153365718
0.196873,-0.0224882317795914,-0.0859264768815414,0.134939766387273,0.327240265093685
0.893353,0.238516370193983,-0.0528035752464908,0.136551226517993,0.129570230395559
-0.281385,-0.142712130205544,-0.102714881487935,0.158020607025391,0.427809612074948
0.704984,0.462427966522983,0.0590988242006021,0.224668060799463,0.0724082820957668
-0.870123,-0.282724070342866,-0.0416214331938753,0.390144189994998,0.533849358778626
0.829717,0.324664657273937,-0.013094514313202,0.205829367502956,0.136778417418459
0.739522,0.250630251623554,-0.0468890373986727,0.413521353896104,0.231970797709924
0.915251,0.267434686581933,-0.187228244555507,0.364878316633893,0.0832065586398334
-1.14969,-0.384315879964903,-0.0389248612534156,0.236474043713159,0.542029479528106
0.763907,0.372783633173456,0.00302862062463702,0.0743126453384213,-0.0140666755725191
-0.610519,-0.235949473573995,-0.0830976299351573,0.0494713706945484,0.462426201943095
0.653206,0.434997235214339,0.0814714501339201,0.193841386160604,0.229500212005552
0.878127,0.270912661441709,-0.0829852453368753,0.441605789975978,0.276505026023595
0.894286,0.217058374143243,-0.104062949154792,0.451387151190621,0.224330483344899
-0.676696,-0.201705334119712,-0.0709448458968314,0.413925353997361,0.607120382373352
0.815042,0.389686957998341,0.0861542847166438,0.250570682836658,0.184671206523248
-0.126071,-0.105542012327108,-0.0803051311061207,0.194088105601499,0.502803770992367
0.681969,0.50319265366839,0.233818124800148,0.312473895532315,0.310811823039556
0.416018,0.0358822803631666,-0.090771998667076,0.296834523613797,0.421845015614157
0.781935,0.205699871929508,-0.0466024721647477,0.256108178892492,0.293479662179042
0.0911302,-0.0507518505464933,-0.0759185660530366,0.317227415146766,0.453175695697433
0.62091,0.308572952791141,0.156710955236015,0.367301104807723,0.236653438584316
-0.348778,-0.130048698220002,-0.0444674189861518,0.255105862305722,0.484747146773074
0.701639,0.1714187862698,0.0177128437799987,0.154288777354812,0.209778692574601
-0.0350296,-0.0863708796080157,-0.0663757173794526,0.183640015493247,0.457484675225538
0.598489,0.363919531334523,0.218934594935827,0.337016372132949,0.325268257529493
0.473486,0.0577592951543907,-0.0896961598143981,0.354233223162978,0.421842137751561
0.783858,0.159205935043212,-0.0459518215417375,0.302000449542444,0.343387836918806
0.186039,-0.0284849883672574,-0.0807271362522488,0.338366644883218,0.491429072172103
0.522197,0.260276813876705,0.18387762626092,0.38907855542899,0.332995020610687
-0.231583,-0.089690958876421,-0.0495923508823764,0.499422278848001,0.546603595419847
0.590686,0.182517182018823,0.038901716311445,0.401124964519331,0.397719699861207
0.876029,0.230937439450108,-0.0850262809653546,0.558241707159245,0.398451595419847
0.881093,0.251642544587379,-0.0949252448551762,0.553644371431142,0.348380503122831
-0.343758,-0.100452374641046,-0.0430081394268437,0.652538477698135,0.608519132199861
0.504683,0.128640717397767,0.122396822209947,0.47894951772492,0.364762111727967
0.498729,0.140383836465533,-0.0992248005120577,0.440830096729504,0.419623379250521
0.70672,0.166434472746183,-0.0373183274644247,0.281809955967319,0.36277723629424
0.240976,-0.0100827554554186,-0.10279685539485,0.357800497735931,0.45395474184594
0.452167,0.228818555395554,0.185036166631804,0.396899379556188,0.338740905968078
-0.177721,-0.0684304759431871,-0.0649211102618014,0.5103843441451,0.536400719986121
0.600868,0.198104540342256,0.0375651744155226,0.415045147492248,0.39559028185288
0.872831,0.237421842404403,-0.0978863298248058,0.579039394647146,0.385233130985427
0.889788,0.268625271922403,-0.105287882826081,0.57176128141051,0.337147935634976
-0.279491,-0.0626996312844794,-0.0441692549093966,0.470098337770228,0.576619122310895
0.498662,0.192567615575678,0.0999438277093488,0.345572363247769,0.344970683726579
0.0982293,-0.0138563708575642,-0.0824533864384883,0.358146719422336,0.514136871616933
0.408183,0.220220528915237,0.217476348454592,0.39579680723694,0.514616653192228
0.873067,0.266439870899617,-0.0926757902303093,0.628781362565401,0.48869882425399
0.893256,0.295037577389708,-0.101444406512422,0.645245413261011,0.497989625086745
0.501439,0.185431140547955,-0.0826194049806951,0.593253121770496,0.579884409958362
0.703601,0.271837187667547,-0.0362824521138789,0.595185290607452,0.423440651734906
0.226551,0.0494220988325892,-0.0959172756926258,0.430231575622414,0.451874896946565
0.428641,0.220031025724682,0.174117076646673,0.383839935555305,0.280501913636364
-0.202492,-0.0929031313956343,-0.076825020473911,0.0325987203444084,0.366118965128383
0.570777,0.131480531630302,0.0208414218894245,0.169978060138272,0.101199589417071
-0.263515,-0.104302415651028,-0.0697316289222293,0.00947857716013106,0.313614446391395
0.46651,0.210336231632221,0.0821985601636855,0.209817893896017,0.137551218424705
0.0945451,-0.0980893189807785,-0.0903786213355888,0.00515062728403919,0.287799689798751
0.349303,0.383770720658938,0.218854224381433,0.230888920294215,0.237590356176266
-0.0959908,-0.0631035670384188,-0.0811655485937204,0.303039767462533,0.434920557078418
0.572319,0.16947659189616,0.0137035212964353,0.376761865335545,0.353105221929216
0.872558,0.21758043923854,-0.0868195666368482,0.572471910127844,0.361768105482304
0.888825,0.25182206549777,-0.108944297593377,0.564703353697035,0.310140062317835
-0.266679,-0.0384163870149178,-0.0384212523396628,0.441687761488232,0.530667051526718
0.434031,0.171968395158036,0.0957826026513596,0.32374961178111,0.29029188573907
0.0802291,-0.0303017042282681,-0.0879349174639621,0.293436873338499,0.400556757807078
0.342838,0.252459164984424,0.224538026179616,0.310152414883795,0.366503339868147
0.496509,0.0886386487475976,-0.0967171217012362,0.321483579691323,0.383474060895212
0.704055,0.168894198483155,-0.0519417639201645,0.299519361919205,0.342341428001388
0.230907,0.0421017436576316,-0.0998606335601015,0.509354530573401,0.471389032789729
0.357427,0.144911790260698,0.175275951560688,0.531224501924495,0.41591044555864
0.470945,0.131615996319354,-0.107033211272021,0.385147964003981,0.402491187369882
0.698016,0.159860010699005,-0.00631256876293488,0.309261063279382,0.330834606870229
0.174742,-0.04055907523476,-0.097757425350986,0.301594754750238,0.428436104788341
0.352493,0.173289204488264,0.178514219222937,0.356870970830182,0.314806527064538
-0.212098,-0.107780976479715,-0.110889053192936,0.460332743603589,0.484869260582929
0.547169,0.145214627825856,0.0331482639927535,0.367289434397746,0.361712264469119
0.868228,0.211793887723748,-0.101099523320145,0.521214655856177,0.343826598195697
0.891004,0.232540405348502,-0.109115003714477,0.522864857009487,0.272513337578071
-0.307161,-0.142684772252774,-0.0888099428132859,0.429777536339092,0.482120816620403
0.437022,0.140714122325373,0.102719714533402,0.287559773147351,0.214380970333102
0.0553052,-0.0708681120670969,-0.0763324767188241,0.0870737914287601,0.309503371096461
0.265873,0.302539398829861,0.190331822755184,0.247899273507219,0.236609127862595
0.0406149,-0.0690911982363115,-0.0890833685974948,0.176601831201305,0.313967709229702
0.306109,0.229634032609556,0.216077592339837,0.28131688172393,0.284886080673144
0.480552,0.0190849774715623,-0.0962061834310505,0.302322312959474,0.324071369708536
0.702194,0.117390698376357,-0.0274782690569301,0.280207553609498,0.293141913497571
0.232866,-0.0300593550630116,-0.0986432828456535,0.320621555705207,0.408616332234559
0.345119,0.174645089043255,0.182080419454751,0.371583015845132,0.329716574219292
-0.163707,-0.117989071117757,-0.0924899325564243,0.483235332678344,0.485887829285219
0.530756,0.154650184160972,0.0699248990727036,0.395190246921878,0.366934968771686
0.869251,0.166399480516405,-0.0788515450423686,0.510925922288061,0.336680150589868
0.883735,0.186860367954637,-0.0809534924332138,0.499901741925751,0.259305320506593
-0.28348,-0.114252029268187,-0.0738460204913422,0.109943841224248,0.443682267696044
0.3874,0.0935420570936702,0.0916947564073709,0.347857677057732,0.185195421755725
-0.233462,-0.111500420984625,-0.0714854391532264,0.00484872397699485,0.353769616759195
0.399215,0.166398886286422,0.0630693509743622,0.254663660589043,0.216385460964608
0.0854117,-0.0726325758749106,-0.116156638519364,0.249164729614976,0.374176807425399
0.236837,0.154087709459799,0.249559320473177,0.362400331198753,0.443701355135323
0.87101,0.22491940600587,-0.0772165450063781,0.596872870183632,0.424402237855656
0.890742,0.252909789196464,-0.111546181327346,0.621833729434888,0.463090542158223
0.492685,0.196996636650498,-0.081329868648171,0.57992652305771,0.552047107390701
0.671079,0.246346247954582,-0.0368754320683706,0.584171164383023,0.439195204614851
0.234468,0.0562718449144864,-0.10018382590736,0.407441277570339,0.491698162734212
0.361392,0.237202652189141,0.234626445937401,0.377918041497792,0.380009582928522
-0.171548,-0.0540084598188399,-0.0734703569745763,0.483556019250807,0.511077913254684
0.555529,0.142613057534316,0.0194861027642305,0.398762593191071,0.377094805447606
0.870037,0.199780712033385,-0.0865210799402287,0.524430880379103,0.354592613983345
0.885398,0.184291795758723,-0.0786262036571061,0.521518290266583,0.295450299271339
-0.259982,-0.105270158710096,-0.0975863151710357,0.422117011251681,0.504553643129771
0.393694,0.120502581516275,0.0763793488086393,0.292526585390154,0.268754360340042
0.0589403,-0.070721484000558,-0.0904598054707181,0.263721775225324,0.365472083275503
0.238499,0.220041204570818,0.20547084555988,0.291219105272203,0.333451107390701
0.488942,-0.0255759200303452,-0.0979855403344059,0.309787377119358,0.314074037994448
0.68577,0.0532191977782235,-0.0177235736546737,0.278786460145383,0.270786369361554
0.238142,-0.0472956667797083,-0.0933128445378187,0.313975532507308,0.375036934594032
0.298705,0.162667146246593,0.212176225746498,0.38164288142906,0.307907308223456
-0.143608,-0.0545559269068958,-0.0767097782306166,0.427906493144233,0.432929520818876
0.531667,0.100682739883127,0.02856954294705,0.366576907832797,0.299421616238723
0.490276,0.0147541461031563,-0.092872761878033,0.311023831020274,0.366341911866759
0.700476,0.0631733139072364,-0.0278535030991814,0.319365173831923,0.316266601318529
0.245758,-0.0379250230972979,-0.0970603818337127,0.334471288358926,0.413919420541291
0.31056,0.187837156275986,0.199500104776043,0.381589245415433,0.343365320263706
-0.140909,-0.127288714313791,-0.138722418964075,0.473589535778107,0.486005940319223
0.514115,0.0709686570257014,0.0416597896339566,0.38739802423559,0.382416745315753
0.871853,0.190175362428664,-0.0998025059900838,0.537705489595287,0.350417349063151
0.891315,0.18541267874062,-0.0955719209838027,0.532296302326608,0.305148174531575
-0.226824,-0.0121996071266137,-0.0338891951982125,0.420278170877091,0.520607057251908
0.362458,0.136219431330076,0.115357125288422,0.294860800674296,0.30305175260236
0.087819,-0.0113318827888612,-0.0787024809877053,0.319041694140345,0.40016828834143
0.200104,0.116798050775664,0.230420987650955,0.352250536605514,0.421548888965996
0.872571,0.168681562170436,-0.0880955809531614,0.533186199275233,0.300786717210271
0.892289,0.13896635297812,-0.112100626597952,0.5298415370238,0.262844171408744
-0.24636,-0.0526908595835057,-0.0510587597144131,0.384135499108108,0.495905888272033
0.396702,0.140570917035094,0.110007561906778,0.307038007966982,0.271293926786954
0.075235,-0.0252412770180149,-0.112487217719858,0.287605400003282,0.365233815058987
0.259649,0.233088773076287,0.220617535521997,0.301088017034595,0.342927195697432
0.494246,0.0626515476555017,-0.0974751818140858,0.312211775673646,0.326549301179736
0.700887,0.116534772631288,-0.0354851692927105,0.286083302932404,0.267310552914643
0.253883,0.00631709057838539,-0.0873693075598485,0.33918932073985,0.346766005725191
0.280036,0.156016041549106,0.155284934632868,0.387254748646083,0.271102667418459
-0.121483,-0.031536772778141,-0.0616839063180033,0.260418342218598,0.362198100798057
0.524422,0.0975681034649214,0.0203494235691993,0.131741449316013,0.199967559854268
0.0794535,-0.01757246607515,-0.0722031957667891,0.156676920124091,0.337687391047883
0.210924,0.20528199627123,0.213325629950206,0.348293778963523,0.32740281870229
0.498435,0.0755878529683865,-0.0976993376467098,0.331832144595184,0.319242886710618
0.68971,0.144869075859899,-0.015666661989335,0.292922966858648,0.304825187890354
0.264554,0.0142723877469164,-0.0788008531591319,0.336578662780631,0.415332804129077
0.337199,0.222474025671462,0.206379628103187,0.393729974622828,0.346566026197085
-0.110952,-0.0161406714826221,-0.072479473757087,0.489501526768438,0.488745527064538
0.530741,0.148092133933629,0.029870465737943,0.408949002879699,0.40564780499653
0.871262,0.19956697192868,-0.0900716160064393,0.52505484185863,0.394951633240805
0.890932,0.196471342991507,-0.112001681640461,0.522863038509044,0.351814521512838
-0.225126,-0.0175782393238047,-0.0378265882440244,0.614302336449927,0.575071801179736
0.3771,0.0875785588236219,0.104221475916396,0.505853691683033,0.38912019389313
0.494694,0.147267716473552,-0.0995231645562702,0.43142500696422,0.401069403192228
0.699407,0.134423038338427,-0.0337167827803548,0.27322170343894,0.348877650936849
0.270882,0.0234534201961828,-0.101118503819382,0.345497852902807,0.426947182859126
0.332302,0.219257299285256,0.193922681231084,0.399186609470616,0.351785105482304
-0.0977632,-0.0146034150550377,-0.0590543778391985,0.493024151773118,0.495246584316447
0.534156,0.138848771651235,0.0375797883809329,0.410761581905616,0.398634053226926
0.872168,0.206892817463599,-0.0913329218452606,0.538342142740996,0.368710946564886
0.891924,0.203031547606197,-0.104908558918043,0.535942962185805,0.321801670020819
-0.216885,-0.00365040394959654,-0.0339799916277774,0.42754777438896,0.536312096460791
0.382986,0.147715377988212,0.116083904105223,0.320909513595694,0.339593668216516
0.0917654,-0.000609118768930465,-0.0672097164053504,0.330508075061549,0.466427562803609
0.281097,0.167597146682524,0.247021361650326,0.363433388649289,0.500993668979875
0.871006,0.240684958601077,-0.0894953116540509,0.599195246471082,0.448249468771686
0.896562,0.242986291430515,-0.0956426492340986,0.624472259083478,0.467164693268563
0.488686,0.161257278983421,-0.0759172117067562,0.56784636185234,0.553579704371964
0.67291,0.253373944549535,-0.0218804157554575,0.579158671002058,0.404134739208883
0.237626,0.0635509613418075,-0.0863502313307335,0.405607658409991,0.415653093684941
0.31514,0.215158170846463,0.208231587155989,0.370189931306625,0.277721664642609
-0.147949,-0.0540114394322652,-0.0625759072155316,0.0502950071036779,0.315546153192228
0.508263,0.104856166268952,0.0268242528580896,0.136407174902945,0.0789350012144344
-0.250634,-0.0653342891382104,-0.0537439078990996,0.0290024433187842,0.260885725017349
0.370369,0.187642057448495,0.0997328526574409,0.168321885680051,0.104371014052741
0.0772465,-0.0815311394832237,-0.0839567468240771,-0.0257230249493394,0.224277812630118
0.196234,0.344405499693359,0.243720485035031,0.187880973260684,0.212458050832755
-0.101545,-0.0431467940810257,-0.049187303525194,0.2630558409479,0.375732300312283
0.509942,0.131601585900833,0.0238695390076174,0.346668702602312,0.323734877723803
0.870129,0.199207699419692,-0.0855118338174619,0.514771371577592,0.325370595766829
0.891261,0.225091599750975,-0.105567976483199,0.512808209896573,0.281234253643303
-0.234126,-0.0206413603263549,-0.0404308757177643,0.40870834437577,0.489039841256072
0.328904,0.149231485947888,0.139353063192027,0.296247733404114,0.278810410652325
0.0743911,-0.0188668897425603,-0.0777926649715912,0.275510437257985,0.353886276891048
0.237232,0.235137098353667,0.255650938953307,0.277423442251124,0.348351335010409
0.491145,0.0508923947808788,-0.112904950105483,0.299476735412381,0.344942889486468
0.691476,0.115375565975741,-0.0358934351675611,0.278582752427936,0.314638219118668
0.246026,0.0247900416288012,-0.0882696389169189,0.494483819577286,0.43474358795975
0.266433,0.10037708583039,0.213547881242872,0.528433651705867,0.410673862283137
0.474066,0.105067053710516,-0.0717457046032288,0.377903835462415,0.376155860860514
0.678909,0.0993068064287657,-0.0118293963081538,0.301805253610565,0.319774702637058
0.206021,-0.043813353315165,-0.0815488820680618,0.284652176671641,0.406160164122137
0.267348,0.179528324290062,0.166819443422675,0.366575326679617,0.327987102012491
-0.140693,-0.0319373852342279,-0.0722596313625955,0.444716152202277,0.459987306037474
0.511884,0.137135064336194,0.0297868401539726,0.381117692821143,0.369869324705066
0.869533,0.165529700744706,-0.0992136790753398,0.489109864173973,0.34057480222068
0.893787,0.184920068826538,-0.0855763496914522,0.482043986144855,0.271413269465649
-0.259088,-0.107217582727721,-0.0739152165287825,0.45802764301142,0.463284819222762
0.381123,0.171720278514212,0.13814780423759,0.281419255872123,0.216126473976405
0.0672738,-0.0307230246009524,-0.0789051782267613,0.114132080812127,0.282697306037474
0.186638,0.284436017140979,0.225282125048193,0.22329904027017,0.230827132893824
0.0537136,-0.0102847064735892,-0.108618715079739,0.168483993678071,0.281619118667592
0.24673,0.242058334191977,0.266592944600866,0.209664798848843,0.274235515267176
0.479676,0.0582491289394812,-0.10349357309177,0.282623535618302,0.300440835530881
0.699707,0.118686617305318,-0.0346733043284771,0.269119782216106,0.274919902081887
0.234514,0.0109501752594589,-0.0920500780139135,0.361006672276754,0.388073447605829
0.288878,0.158269364476302,0.216035445093351,0.362028888484941,0.325619694864677
-0.157622,-0.12898716274618,-0.0963063767264127,0.49473814109469,0.465832324427481
0.501197,0.130292271292665,0.0453756368160952,0.388756454660735,0.361199215475364
0.866295,0.168389802626398,-0.0663314984077719,0.476752368736328,0.32682028556558
0.891227,0.212825243656039,-0.0932943556331052,0.48055730680868,0.24987089351145
-0.256531,-0.0325480016624184,-0.0321004475124406,0.0462045638282322,0.425119416551006
0.343934,0.122064089065728,0.110084441536638,0.318762456534226,0.179186353400416
-0.237967,-0.0589119954210031,-0.0598996920653335,-0.0253346465082246,0.330304316620402
0.349946,0.173615252950555,0.0945044507527266,0.232367554248559,0.200952898160999
0.0724931,-0.05666053408394,-0.0856526709582902,0.155323979886086,0.346637950381679
0.175082,0.0843570330586723,0.199117274549324,0.346809823748639,0.431128128903539
0.86764,0.217199556225952,-0.0992131416231175,0.595058434423075,0.400993603920888
0.897266,0.255685973450058,-0.0917470383882579,0.615154065988273,0.443972960270645
0.479265,0.137222586529935,-0.0939375942040349,0.561051402380833,0.538840535912561
0.656941,0.252201940095937,-0.0248710370479918,0.575027967649015,0.426459767904233
0.229536,0.0505900614520457,-0.0862029227999935,0.40062330354383,0.475686132893824
0.311935,0.217344104217238,0.216214541402962,0.369743890674207,0.377998890353921
-0.152214,-0.0467263573965901,-0.0845822204390669,0.466943810084094,0.493158473282443
0.53032,0.15000148952391,0.0382869789461355,0.390073914976043,0.374615950173491
0.87079,0.236526530872204,-0.0821686771541902,0.535098713081875,0.347344437196391
0.897028,0.231064911805181,-0.117254503549238,0.52800278664228,0.287287767175572
-0.252188,-0.0447116720632496,-0.0535299024177839,0.424056241248469,0.494882705412908
0.361409,0.150987338620585,0.116286049125839,0.282047826944314,0.266774848716169
0.0737164,0.00499538492875972,-0.059785812310054,0.277775764886023,0.345568650242887
0.184583,0.227190745051271,0.238527238965336,0.281910299170159,0.33059744240111
0.481214,0.0734476047908088,-0.100860493032213,0.295571948200585,0.299745045454546
0.679062,0.147370206974885,-0.0236293643615654,0.267883588024428,0.259765626995142
0.242563,0.0233877551925055,-0.0934514555792128,0.321560611371038,0.362862259888966
0.258275,0.213531750933927,0.206324761714657,0.381856059303306,0.311957736086051
-0.105686,-0.0248847924991017,-0.0634310379869475,0.418102811184663,0.419056425052047
0.514903,0.162324927596339,0.0354152604917291,0.359639185075576,0.305059578278973
0.48803,0.0920009331964361,-0.102335625999822,0.319486512082324,0.370006066620402
0.698965,0.175764030979154,-0.00558900964674762,0.320178845548048,0.324495280360861
0.277127,0.0514359670860428,-0.0869758512610602,0.359578709288017,0.417544625954199
0.285539,0.184686590721313,0.191715364609445,0.400428087825116,0.369922026717557
-0.0602224,-0.0245801871145916,-0.0574536758071258,0.485438489033935,0.487790971200555
0.511376,0.173732817129544,0.0472962642863179,0.411244590858352,0.408149845593338
0.871425,0.270969073006477,-0.0991641383105087,0.535087366213657,0.375256550312283
0.893987,0.268953276340082,-0.100098628652918,0.53091105851579,0.335609729007634
-0.133888,0.0206165162324243,-0.0356960388515363,0.446257035395553,0.531772119014573
0.359311,0.164301402395505,0.106001258216008,0.327212912769924,0.330059642470507
0.152315,0.0422395347575567,-0.0646624474140713,0.363095908811923,0.399231788688411
0.200578,0.168992618605576,0.230154550421177,0.379752349183138,0.417107154857738
0.876112,0.275295986186149,-0.0676180463021392,0.487078524124595,0.276036715995836
0.887532,0.225427277387077,-0.105163594319151,0.506330632249524,0.209248288167939
-0.591571,-0.187178101630573,-0.0810408262924956,0.324958020043457,0.5204022611034
0.521949,0.269187281695602,0.150047959748066,0.255805510310035,0.186593783310201
-0.0831937,-0.0726053649854748,-0.073782533114492,0.16799817239916,0.391466772380292
0.479008,0.382428070316854,0.25899991805522,0.256295455162374,0.287537967210271
0.449227,0.0990107026373456,-0.0872004473478359,0.278795642959661,0.347746954024983
0.719878,0.212014704168618,-0.0359415049532909,0.255801300186204,0.262738893372658
0.151091,-0.00209233260293393,-0.0790535892111618,0.311471064714345,0.386375537300486
0.48644,0.323236164102551,0.228720139706056,0.346992802926938,0.225938278730049
-0.285368,-0.0939804143859564,-0.0284599726747214,0.251301243782637,0.411603578417765
0.580872,0.176778426865142,0.0434226627240921,0.112304182768298,0.182281174184594
0.0238832,-0.0339270117335785,-0.0686109315604711,0.140023293531116,0.359843284871617
0.313512,0.307780493565136,0.276005015593916,0.308344429757922,0.310473626648161
0.501169,0.132125553159847,-0.0905265418845771,0.326654613105708,0.323117581193616
0.66593,0.193904063253847,-0.0207112549973201,0.2792856817077,0.298394095766829
0.229017,0.0335278582357682,-0.0897862110864065,0.337284479668155,0.406482108605135
0.348704,0.267617316315822,0.244816508651838,0.343649888499815,0.315562374462179
-0.163299,-0.0464749851822291,-0.0801040630252489,0.466446611473087,0.464126165163081
0.447529,0.164437869308796,0.0459453324476734,0.368102411027859,0.383234347675226
0.875602,0.254548048021708,-0.100116245993589,0.502855395392169,0.350143020471895
0.875538,0.228359775435859,-0.0986297722585212,0.496438746566488,0.3123196592644
-0.264196,-0.0260439768420194,-0.0438598694439037,0.57673862106158,0.532535797362942
0.265651,0.0653553739727477,0.148811043188971,0.459027283276502,0.361297757113116
0.515536,0.173283531759632,-0.105166202924811,0.4141176966315,0.337697075988897
0.615075,0.134406149927274,-0.0241681194845747,0.239091403125024,0.314556844552394
0.279261,0.0318810039045915,-0.0942530078301897,0.333308739087341,0.362568333102013
0.208179,0.200345214704883,0.253847570143767,0.349071170828686,0.320223583969466
-0.122775,0.00624656753991754,-0.0644181663767469,0.461192698396179,0.437130121443442
0.437309,0.143969982883657,0.0467178627524504,0.364800073729268,0.371683867106176
0.876899,0.197699042331889,-0.098458123685356,0.501804594406307,0.323059670714781
0.880288,0.189083774588532,-0.104164251657904,0.502979614322665,0.290860878556558
-0.199545,0.0256765428426517,-0.0547694727510736,0.425616503464736,0.495811484385843
0.273899,0.123518896054101,0.162615675745652,0.28439056625883,0.333360543372658
0.147954,0.0406111966496667,-0.0647586641298075,0.334901135890396,0.412732182512144
0.153916,0.160996932799213,0.297556191339175,0.328078746250682,0.498987184594032
0.877081,0.214984821012363,-0.098163163535531,0.597325317140913,0.412603815058987
0.882994,0.244417338451846,-0.101517043276777,0.614246704339257,0.445780319569743
0.521251,0.189895802919543,-0.0795727333672309,0.577573369149348,0.51639404129077
0.581766,0.232377833734133,-0.0214681546562835,0.566122784621676,0.400069465648855
0.281597,0.0966830394064752,-0.0951420213411219,0.424532293823172,0.367157870575989
0.187637,0.20739828309307,0.24609262921329,0.340151773749503,0.278522998959056
-0.097439,-0.0135216774092353,-0.0632027921276217,0.0541620020839822,0.266470991950035
0.400168,0.091571469869059,0.046853371519622,0.0970336361595787,0.0799818440562109
-0.153969,0.000638028422924645,-0.0549097718174736,0.0274702905468855,0.206715769587092
0.241282,0.138943363592456,0.116805544652612,0.128711417629407,0.112611458795975
0.171852,-0.0149944437673598,-0.0670128783425753,0.0235590835186769,0.16819054259195
0.0302908,0.294660755811014,0.295071242961459,0.167370135720078,0.231618206540597
-0.00101203,0.000681790679847544,-0.0623551599998845,0.299571747960503,0.32273295593338
0.406271,0.116413811271558,0.0503953805107758,0.351226154751707,0.333941787387231
0.877924,0.167456795632702,-0.0898870010213999,0.521253439632845,0.306884202446218
0.877743,0.200753947085567,-0.102563969389837,0.521036396104615,0.283802802827897
-0.118506,0.00266258960707538,-0.0539173029243762,0.417294475370573,0.454691056644691
0.199866,0.114193625545117,0.134206773743962,0.292364857840591,0.308987361231784
0.182114,0.0301481458051767,-0.0842066730130549,0.310207441670724,0.307844016828591
0.0942747,0.197806403582948,0.301133878754346,0.260274082697687,0.36776372519084
0.549355,0.104402520740441,-0.0953141767241864,0.329989891274071,0.306969537647467
0.620952,0.134256192738884,-0.0261340268633667,0.314130698682594,0.315710240631506
0.327272,0.0881007636447739,-0.0608100168288284,0.518127881229864,0.38641982702984
0.110918,0.0875110068063976,0.222212174188447,0.533695928060892,0.428022241984733
0.535392,0.170664034265745,-0.104181192425375,0.396445400497897,0.334779043095073
0.609217,0.15972543757379,-0.0280437367667449,0.338185426107118,0.323862834316447
0.295947,0.0520352794343561,-0.0924516540777642,0.346807389507539,0.366491109125607
0.129013,0.168614833018114,0.238624661332767,0.368924849295812,0.354739551873699
-0.0247691,0.0146768579125019,-0.0603970523218452,0.454851248605045,0.417353214087439
0.41783,0.13355148125169,0.0407344889319004,0.374984711055158,0.390980528972935
0.876731,0.227426341652147,-0.0860889799713806,0.522696661099542,0.334317730152672
0.883262,0.21377530063257,-0.101604600873099,0.525569039855183,0.285818386016655
-0.132351,0.0497399313728323,-0.0360394302197457,0.438323561135035,0.439657441533657
0.27257,0.135321779113177,0.154553963878399,0.286447189269925,0.255448966655101
0.191475,0.0149976888581902,-0.0640150650262329,0.187621093511244,0.249244071825121
0.0461298,0.189585382968245,0.230811026852528,0.124161838919431,0.268003014920194
0.178596,0.0439475436180877,-0.0787952256656549,0.248546801059203,0.240716885843164
0.105097,0.197468776417339,0.297917198934537,0.152823116933197,0.30732581592991
0.551754,0.123828201120118,-0.074193606639018,0.333480616416408,0.276270188358779
0.650885,0.154578284603979,-0.0182680552524764,0.319766936348597,0.294191259108258
0.333018,0.0498270454065287,-0.0883102043493711,0.367632867464158,0.367555376839001
0.174158,0.168415382012075,0.243348410521922,0.392375187297894,0.371762439885496
0.00327071,0.00623096054942094,-0.0662181113878384,0.480052490638784,0.43579973629424
0.418927,0.122914503936268,0.0412751937409392,0.402309535412329,0.400181723681471
0.875851,0.225101754518524,-0.0790930165062462,0.526314790971047,0.337264285478834
0.882916,0.219633421578797,-0.0995626783371075,0.522373942012303,0.27958019925399
-0.111108,0.0152275106168218,-0.0503842521222756,0.174477164361048,0.412615091099931
0.232908,0.0976257889327828,0.147873477183936,0.268287428265371,0.235061894521166
-0.0798021,-0.000715806347212915,-0.0562981505846322,0.0987472402774693,0.305170424011103
0.250458,0.119817724241232,0.11527307918232,0.126278081553076,0.240944701769604
0.200859,0.0171506811491771,-0.0678918249115001,0.201063599519511,0.310494675399028
0.0120052,0.0900593318294362,0.280420944035657,0.355657889549488,0.463864143129771
0.877178,0.269782936652632,-0.107318620110681,0.6060725981425,0.383807985600278
0.886315,0.281920414251936,-0.101815899321715,0.627026836232585,0.45136752518737
0.552392,0.218253911229589,-0.0784750992674612,0.600039893749601,0.527570532668286
0.603401,0.239311085817149,0.000824974416903671,0.594192762614902,0.455992918199167
0.327886,0.0710206901153674,-0.085077106332558,0.468817849048051,0.463308807061069
0.219015,0.190176444093482,0.252641020682751,0.394684355926592,0.42664838037821
0.00864349,-0.0384295030053109,-0.0689482403534084,0.48660628066115,0.471593505898682
0.456016,0.106046338053051,0.0466676397031442,0.414382861206917,0.412585553174878
0.873294,0.207225115736036,-0.0850496292191394,0.537569060295839,0.356790926561416
0.883297,0.194678519896693,-0.0974476343902003,0.532581776296081,0.310548046235253
-0.107902,-0.0344491862039265,-0.0451436052579757,0.441852433236609,0.473301381037474
0.252974,0.0841881147029341,0.144325777723677,0.283373711243557,0.30922936630465
0.180776,0.0191073997757542,-0.0785371863732149,0.332907491302511,0.31463703573907
0.0577826,0.172613573070606,0.256597704732,0.280419929585761,0.360722731079112
0.545832,0.114777127712342,-0.0989361716639152,0.334839470911262,0.275206875069396
0.622344,0.152768836465606,-0.00233779711552469,0.311879154660498,0.271932573993754
0.335381,0.0645688460436558,-0.0688045249415714,0.356094397665877,0.328214367019431
0.116786,0.143747506406272,0.234095813978221,0.385811497106829,0.341854365111034
0.00367737,-0.00524031389451922,-0.0689962172720655,0.43325395113394,0.37767511054823
0.417722,0.140950428444023,0.0540324713235224,0.356147709163507,0.324813692349063
0.545462,0.131263234179159,-0.0813651523079783,0.33756421674916,0.344512273854962
0.646543,0.179448692510102,-0.00636017906304522,0.326973588223899,0.330575071391395
0.345927,0.0851420548806305,-0.069831652883156,0.389410630947356,0.384921025485774
0.166773,0.162010463909135,0.209056564061267,0.394250152531713,0.388122035589868
0.0322851,0.000655457642622118,-0.076785210787482,0.483014308619191,0.440845979701596
0.404587,0.137582149310526,0.0421001766460446,0.407778203761458,0.413416524982651
0.873714,0.243269113590435,-0.101496335775955,0.529737086381473,0.343087265648855
0.881947,0.239592245438184,-0.0938473032712752,0.525390283634594,0.305957866412214
-0.0871159,0.0294996204787489,-0.0396050919799876,0.417796855386627,0.471646516828591
0.202843,0.116971754972075,0.144674769049318,0.270663096521275,0.231153740666204
0.183518,0.0119497071301618,-0.0618706565760778,0.3302513984805,0.17886283778626
-0.0216464,0.0997802127147493,0.278270268712995,0.325379648541733,0.113241296495489
0.817193,0.357117420634812,0.045755358296467,0.0696789125014334,-0.246883645905621
0.87012,0.188270897664023,-0.112304667027543,0.121410228384371,-0.637599717522554
-3.35597,-0.820052605555763,0.124818867122007,-0.59763876662293,0.152065625607217
0.451529,0.228513994005181,0.160896231979156,-0.412888353883887,-1.014092092644
-2.19185,-0.461853503759879,0.0346742656267336,-0.890783039584022,-0.205526567453158
0.454862,0.288011604750186,0.270770389756295,-0.66012952509318,-0.814159495836225
-0.517183,-0.0686353425719284,-0.0443723200305611,-0.638262034019409,-0.412045572519084
0.726665,0.120908569394687,-0.0435821833846435,-0.653147428463056,-0.838526155447606
-1.60048,-0.289927760467379,-0.0415573879206888,-0.60751120562966,-0.277430198126301
0.516431,0.313179691759299,0.21536357504948,-0.510413210198993,-1.05696413601666
-2.87976,-0.578246996772803,0.0260873168569816,-1.22570035670032,-0.1966056592644
0.613665,0.195804194758612,0.0357911555129074,-0.917154276010135,-1.17319038619015
-2.32325,-0.449625506954974,-0.0260214396066551,-1.18400433740798,-0.255538149201943
0.36927,0.284575797920121,0.27128700299002,-0.818279611515403,-0.886229710270645
-0.534135,-0.0526095725832088,-0.0481848203331299,-0.596220971909764,-0.448705903539209
0.703333,0.103584371900563,-0.0299434126166381,-0.732546421133926,-0.789211708535739
-1.63285,-0.262030560593735,-0.0492537254532648,-0.68469319516234,-0.178033518736988
0.402569,0.270820949350702,0.215560018075998,-0.587766217384172,-0.923663180083276
-2.97792,-0.580803060339872,-0.0179068556654558,-0.205406831535062,0.0484571599583623
0.49745,0.162313145123115,0.033689588036687,-0.228499092700366,-0.673666792158223
0.820261,0.376848540669858,0.038829656621042,-0.184062008541817,-0.534740340388619
0.875604,0.214605713047604,-0.0916378488754303,-0.147858513267879,-0.759624366759195
-3.39275,-0.960171811265116,0.000564621854478475,0.345037025719977,0.203222281401804
0.331115,0.147833153214606,0.158302075331944,-0.172922696346448,-0.825899297362942
-0.46804,-0.0274888537700592,-0.0753678288471099,-0.519057658570514,-0.411146954892436
0.633236,0.176630531729465,-0.0232480097230883,-0.691588221320998,-0.735542650936849
-1.5355,-0.260733919005194,-0.0307107068331322,-0.610583949736965,-0.246136133587786
0.267946,0.243440177102615,0.244613661252263,-0.619855485445189,-0.916277555517002
-2.89199,-0.622363349739668,0.0471231713338444,-0.182577609065703,0.0361649045801528
0.525186,0.178490487257601,0.0460129456905431,-0.256983093051254,-0.715715437196391
0.817894,0.39043517980491,0.04125781786476,-0.215317676706452,-0.617261396252602
0.881754,0.226699679713515,-0.0991968131153407,-0.130219166838458,-0.842443236988203
-3.40223,-0.838483756790766,0.100534564001497,-0.562495640747643,0.0791578289382374
0.40019,0.185781702748182,0.131169358844469,-0.507479840182408,-0.99546479666898
-2.32261,-0.51211547046584,0.0263190291797916,-0.727755916379896,-0.00866471131158912
0.26259,0.17060563161857,0.262410193353117,-0.600564962112745,-0.417990373351839
0.818651,0.338833966270478,0.0454850428270999,-0.0922922625964345,-0.243733835877863
0.890542,0.179225335237422,-0.108309398008261,0.170819006017249,-0.276045399028453
-0.557139,-0.0169225574968442,-0.0357068808443334,-0.0805580639717551,0.0567900072866066
0.655856,0.169525645881681,-0.0356725837832426,0.198201753111539,-0.601948084663428
-1.62552,-0.275273774356461,-0.020761734058141,-0.621112962532336,-0.228561414295628
0.326806,0.246846935021672,0.206862702070899,-0.609808246001398,-1.11895938376128
-2.93407,-0.603505641655564,0.101406998328665,-1.75361263081874,-0.478306560721721
0.547756,0.171563990518483,0.0431812093161693,-0.655879168786285,-1.6319099389313
-3.36363,-0.757002780977683,0.0556740918843176,-1.78686302116726,-0.607846375780708
0.432234,0.183782602156265,0.119442505168535,-0.745553406717279,-1.57195077099237
-2.33536,-0.475750177828019,-0.0770357047522662,-1.8125285789206,-0.650969400069396
0.239305,0.173934432589279,0.249342364106279,-1.11582797372845,-1.32020737335184
-2.91682,-0.594373809819575,0.0298018032107279,-0.96997531151053,-0.212409758848022
0.548714,0.17740718732864,0.0376153212176155,-0.34399538795795,-0.875069259195004
0.818283,0.401230604343301,0.0443696366598785,-0.246262713412608,-0.655762186675919
0.886633,0.218799542989507,-0.111758546322,-0.140204594228093,-0.895428491325468
-3.37482,-0.815572219807418,0.0619868055582018,-0.570130992602373,0.0143141745315753
0.404994,0.176444003596636,0.118290245321604,-0.497523787297288,-1.12903672102706
-2.32558,-0.507275930198229,-0.0199500158075384,-0.880990229218415,-0.245319057945871
0.266854,0.206281680018256,0.260013289260218,-0.759123010642976,-0.78964789833449
-0.494532,-0.0266391275990672,-0.0307987366623718,-0.708670991543007,-0.379738749826509
0.702086,0.163177540053733,-0.0278162726529412,-0.728174871813793,-0.683648674531575
-1.59421,-0.28826461556262,-0.00655528423462308,-0.145901660481477,0.00773443442054128
0.332531,0.304157444598094,0.201965047778763,-0.267633089356674,-0.554215105829285
-0.508476,-0.0349386505381937,-0.0334106487943775,-0.607005548366481,-0.24367511797363
0.696435,0.144634216994608,-0.0263386333666274,-0.601168202712367,-0.647021684247051
-1.571,-0.238778775447464,0.0190050861818219,-0.640807651171306,-0.142246495489244
0.349096,0.239247763312713,0.208962073695317,-0.581991276930067,-0.872406103400416
-2.93273,-0.575818300922447,0.0949403731127169,-0.187263740986247,0.0615557328244276
0.569476,0.182232304567938,0.0467759602984498,-0.189239138485266,-0.714327897640527
0.818563,0.426213147565292,0.0450844064536967,-0.199830531770789,-0.604208936502429
0.888059,0.24702720209615,-0.0998152541550375,-0.115287274788296,-0.925497244968772
-3.45158,-0.898253908661855,0.105943703102982,-0.54234584229661,-0.0618128681471198
0.452116,0.195711309690753,0.120146890393401,-0.440370346867958,-1.26467556731436
-2.28468,-0.525905146955191,-0.0208523832273391,-2.16148189949898,-0.447714412907703
0.316785,0.223075525689855,0.230931685006301,-0.0964969526914859,-1.16788114052741
-2.38852,-0.506151774521217,-0.0141025196564022,-1.8972867956995,-0.333461746009716
0.305223,0.281058964696511,0.249466484938805,0.0173928897862224,-0.931416880638446
-0.478295,-0.0298323797384306,-0.0383691726862461,-0.788239420489251,-0.459118716169327
0.723571,0.177778153799726,-0.0103744267746565,-0.701441816260795,-0.779978645038168
-1.58935,-0.287035922414066,-0.0209101548596813,-0.650181539659328,-0.185229293546148
0.375149,0.235624162028497,0.200936646342441,-0.548821980762625,-0.905467616238723
-3.00202,-0.666860079010087,0.020949477743397,-0.1764341700722,0.0733877827897293
0.579294,0.197760405204559,0.0374033324968045,-0.175524375916011,-0.753094221027065
0.817285,0.436853798153257,0.0607262471376108,-0.212349363047005,-0.650489766828591
0.889236,0.241872565689737,-0.10582056088613,-0.132065198692119,-0.994501318528799
-3.36519,-0.800649790396154,0.0710509115888621,-2.35505049145219,-0.204837410131853
0.441567,0.140253240174731,0.135884300870465,0.19118832208432,-1.44275835704372
-3.49238,-0.870929774403954,-0.00140180253458903,-2.39509251501541,-0.322842241151978
0.479311,0.193035288715631,0.118069623411989,-0.0444622880417942,-1.26126861450382
-2.2458,-0.457219196367225,-0.0621880653743268,-0.745468952048578,-0.223455433379597
0.25864,0.144960862934395,0.247494833050611,-0.608831207553651,-0.536777801873699
0.817345,0.384913153532981,0.0448192792772378,-0.0843895117222251,-0.244345724149896
0.892237,0.217291041585488,-0.110875691761721,0.174606541160978,-0.274019823039556
-0.550927,-0.0111503375269229,-0.0285611737087626,-0.101462850991538,0.053600899722415
0.67237,0.202197253838214,-0.00591050050947821,0.19403171859932,-0.501801440319223
-1.68638,-0.269727120272487,-0.0302679493654758,-0.6313002444364,-0.028107776891048
0.364291,0.256569444850708,0.217740269612493,-0.649857898454992,-0.850940645385149
-3.10652,-0.621932106483943,0.0568326522882465,-0.207942519024344,0.0557419795281055
0.568717,0.198330701204044,0.0439153595869587,-0.223184156295111,-0.775191289729355
0.817384,0.422649665072865,0.0494800722429358,-0.225270100098231,-0.655353206453852
0.892222,0.225602115856935,-0.118343456296668,-0.151875454120068,-0.931319457321304
-3.5718,-0.793500411048081,0.114710129815567,-0.583781483745328,0.00326768841082578
0.440193,0.199259331769972,0.143267843251846,-0.510877952021994,-1.20301104788341
-2.43289,-0.480824146554862,-0.00665395336948647,-0.903067666712582,-0.269880447952811
0.286244,0.206271850004038,0.262404819973494,-0.784841239899158,-0.9133593462873
-0.564841,-0.0369480239607131,-0.0376642875324779,-0.707473682710059,-0.524469803261624
0.694232,0.174654616573475,-0.0159331698517443,-0.775484777091907,-0.889568012144344
-1.62671,-0.305511526471571,-0.0168932201060256,-0.699697632238912,-0.285508563497571
0.316822,0.24769771944973,0.235700739236538,-0.649799176742737,-0.994250546495489
-3.01103,-0.706400423559624,-0.0120596535381823,-0.396188096588013,-0.0641005062456627
0.54462,0.217849612069279,0.0597858594268951,-0.350850495353925,-0.935088466689799
-0.480461,-0.0301263409149705,-0.0202290939357962,-0.592950201445042,-0.472271885843165
0.702587,0.226976148623771,-0.00379165438247547,-0.379370327279392,-0.807957352879945
-1.63762,-0.406212973904882,-0.0356245969776159,-0.60059622244276,-0.230648902845246
0.332252,0.262596601556772,0.238651488890706,-0.615886143612726,-0.966748355308813
-3.12803,-0.880057568044606,0.0117615964583959,-0.209933784339474,0.0365205281054824
0.521818,0.22013842227277,0.0538324600929507,-0.256425464043027,-0.782429433032616
0.818224,0.435557111572527,0.0328725139100234,-0.242739809528207,-0.681198685981957
0.89009,0.268020707185592,-0.105376539625215,-0.186411674141889,-0.921896333102012
-3.61208,-0.932552008725245,0.0787359053120042,-0.568453331068446,0.045993809854268
0.355042,0.191839827306572,0.150245264674644,-0.600306690243712,-1.15841522206801
-2.3752,-0.562224594942221,-0.00363757420039711,-0.753032882755362,-0.219858549618321
0.14894,0.128639988122385,0.263457173161638,-0.698486317043929,-0.72019086259542
0.819078,0.415659030147399,0.0340911599961081,-0.340037923099487,-0.739101528799445
0.889978,0.240318198380653,-0.110550910436841,-0.289296330744827,-0.985842282442748
-3.6019,-0.958390046789463,0.0685187288085196,-0.581150498755801,0.0105038591256073
0.392202,0.192043226202646,0.163070389078388,-0.557716929509245,-1.17988779666898
-2.29798,-0.56626218575769,-0.0196681726762412,-0.916524636384054,-0.297806305690493
0.242334,0.20924556574266,0.288058924987145,-0.797634493628345,-0.883463014226232
-0.511898,-0.065769600613526,-0.030056766843508,-0.701378782412584,-0.526220742886884
0.69705,0.240748916624545,-0.00823162685902826,-0.753250404265149,-0.938604651283831
-1.58718,-0.299896301723635,-0.0277603466370641,-0.708200031504598,-0.409245838306731
0.276047,0.232951019794231,0.229405093927206,-0.653195559105396,-1.15573457633588
-3.14385,-0.749939543947253,-0.00936627578333971,-1.28883691939603,-0.302673161346287
0.512146,0.216114797927665,0.0620134310237122,-1.09019810001725,-1.3060295222068
-2.38826,-0.560221961497038,0.0135097754518355,-1.34141383695621,-0.384213119708536
0.177647,0.197733121916585,0.263274968335426,-0.960447913159423,-0.969869750173491
-0.560584,-0.0707377148153273,-0.044249979124696,-0.681045119705985,-0.556849147467037
0.669315,0.220632745404946,-0.0204559147364585,-0.808948607570177,-0.876669643997224
-1.68262,-0.310141981724659,-0.0351483844996339,-0.738605185898369,-0.257226637751561
0.283894,0.243028480684979,0.250055369536629,-0.693500774267124,-0.990663070784178
-3.1637,-0.690327484182058,0.0293973698067346,-0.232175115773119,0.0103238976405273
0.52395,0.198013661333474,0.0507368870956928,-0.283523382257039,-0.73935121686329
0.818921,0.442046634857049,0.0340968896049602,-0.245452354949402,-0.569935147814018
0.889399,0.273110695982389,-0.107632345739923,-0.17643027164462,-0.7922421703678
-3.48572,-1.26569782868878,0.129691169038518,0.359658364198057,0.207340415336572
0.369001,0.189726172190399,0.164074233722067,-0.123792259584715,-0.850875634975711
-0.459223,-0.0688043866903848,-0.0227565726259158,-0.524443306819478,-0.420604446217904
0.687274,0.31701845255644,-0.0185514929423766,-0.646079727277945,-0.767101065579459
-1.61737,-0.431487187213228,-0.0660886184113099,-0.617646562978694,-0.257330627689105
0.322123,0.273283486684993,0.255136801980266,-0.647322375917976,-0.990844103053435
-3.16291,-0.947239192788801,0.0446078815177573,-0.199027312951601,0.0338373056904927
0.527296,0.239419777319469,0.047907865434169,-0.256340961650032,-0.790568486467731
0.818138,0.467846382843957,0.0322804469499449,-0.276797411013404,-0.68327782685635
0.891547,0.294259844206157,-0.10671283967426,-0.204251584655798,-0.921787750867453
-3.60479,-1.02604352008278,0.12262583874697,-0.592903147002932,0.0456218754337266
0.368669,0.197120463575241,0.160808156453879,-0.566829144250036,-1.07548040804997
-2.44977,-0.647346145260221,-0.059815731152961,-0.728799105415183,-0.0446593167938931
0.245314,0.173875707614482,0.284570622071538,-0.681696965759222,-0.431269795430203
0.818942,0.414451758957552,0.0321311549881698,-0.142370256990381,-0.225440319954989
0.891552,0.242350248880224,-0.11329723134298,-0.16243062984124,-0.119603461696026
-0.561101,-0.0692017560860265,-0.024297627406088,0.708725148081471,0.499772332526622
0.662188,0.294596656695522,-0.0166089876296472,0.48413943348437,0.00179864330326157
