1000
0.959565,0.403840885628383,0.097289310396921,0.426592408330104,0.188516566967384
0.842394,0.362284230733747,-0.281344988822544,0.550403076921181,0.116929096805421
-1.16594,-0.160214255253686,0.8415741716444,0.564606001533849,0.645888502662843
0.505575,0.134314651217458,-0.362759596823085,0.453684006915484,0.17531333795949
0.359998,0.0535165252080783,0.703586742611285,0.0697539992028925,0.318999298821849
0.247278,0.0518806648636461,-0.338623774856231,0.490362192994862,0.429008063844552
0.822064,0.394181743077779,0.309742964504349,0.508172278383304,0.325313057980569
0.897295,0.340104086531492,-0.267829045788603,0.352618077167807,0.26640738462873
0.499639,0.245081763055594,0.525936044426196,0.34380861038046,0.19363522814018
-0.450434,-0.317193259927097,-0.368367962814558,0.287766134425357,0.229410996009715
-0.1134,-0.0811127927508372,0.62642146086947,0.139754857129679,0.000310230222068025
-0.0999939,-0.0857841465390809,-0.32274246876729,-0.242620767950155,-0.0733326210964608
0.026029,0.01558144572814,0.556408831350977,-0.109579203356431,-0.200842041464261
-1.39734,-0.66587397021961,-0.328802146660658,0.158885913235465,0.176705892609299
0.69201,0.236555716720554,0.182171182079696,0.0904658121421284,-0.246084362421929
0.442798,0.0982440883144672,-0.277813064928394,0.13219559332182,-0.0421804640874393
0.253787,0.0990076097249575,0.423714305731074,0.0937756336321112,-0.00197459260929913
-0.403051,-0.183501166454073,-0.279435763299189,0.140064462327869,0.111347118667592
-0.307369,-0.151879694650896,0.59765585022831,0.200281438335289,0.0916654635669674
-0.136831,-0.00403427260704062,-0.31064512339157,0.258760517289733,0.206434886190146
0.826144,0.234651374877089,-0.0597296318329825,0.313745864208098,0.0850707279666898
0.7836,0.268514516090916,-0.27041606596438,0.338200639783273,0.127344054129077
-0.261538,-0.197129844229496,0.740101187073758,0.327083898938377,0.324184051700208
-0.299219,-0.168722369409113,-0.327775872231516,0.540831331846765,0.345950128036086
0.670532,0.218933083753833,0.217745942332023,0.440194621974772,0.176593374739764
0.637585,0.131669676362717,-0.298606050760633,0.197282700093682,0.233892648507981
0.539692,0.136863937352053,0.457592605472329,0.288536370933335,0.177477210964608
-0.507152,-0.16806951235356,-0.302289170870315,0.382766591644564,0.354045271686329
0.160298,-0.0175262196041288,0.643499770021946,0.335338288913177,0.150253810201249
0.109487,-0.0579402311431185,-0.3238649777314,0.2787440489256,0.221181286606523
0.683609,0.123689848149665,-0.0532765632926513,0.249334115406043,0.0398267175572519
0.501802,0.0243057039285079,-0.272784693210684,0.27224068715579,-0.00350241047883413
-0.100409,-0.013353715238552,0.766283150796472,0.0758502421535756,-0.0296130204718945
-1.06491,-0.324567125083781,-0.352272343528296,-0.0842501002664637,0.134503557945871
0.204271,0.0506661351668767,0.564316001144841,-0.117650879271059,-0.18075312352533
-1.08764,-0.358419323163039,-0.339400186499006,-0.159726903785868,0.327793811242193
0.904241,0.257151812625824,-0.0650323535249693,0.39491646017298,0.0204665149201943
0.630787,0.321380611335353,-0.277022283601011,0.646648659411485,0.294422600138793
0.891696,0.273304087398198,0.246249705063608,0.524209496910799,0.290864402845246
0.575421,0.178982167053133,-0.282310081311149,0.627038373104917,0.317525624566273
0.44248,0.141941424121728,0.461374606232595,0.426693687669123,0.165679922276197
-0.532846,-0.237295048391921,-0.303227825811535,0.354470849637839,0.260836108997224
-0.0437204,-0.0637606122106901,0.647789849725551,0.0075177940385486,-0.03064439259195
0.105723,0.0119858334057573,-0.334928167390825,-0.116906008430368,-0.176649647727273
-0.408436,-0.219502949119281,0.7032101339997,-0.0841177771924369,-0.156427720072866
-0.143954,-0.136818591975081,-0.338616760314156,-0.282171886472091,-0.301351177914643
-0.00769827,-0.0642301322287686,0.554055964635463,-0.478006811185464,-0.423833408743928
-1.25488,-0.27414163861039,-0.354202509435944,-0.2851575294785,-0.168380189850798
-0.630035,-0.121083646692956,0.617482191285524,-0.104366338839555,-0.282398922015961
-0.329619,-0.101470477307701,-0.356045180086998,-0.0287498337134048,-0.165913817054129
0.675439,0.235719302353123,-0.0623255646250476,0.0505865072209147,-0.285992088983345
0.623026,0.166241753416145,-0.277926520927914,0.142448437228698,-0.264364491627342
-0.790296,-0.178635858345523,0.764350134667138,0.105023462248213,-0.00833471269951426
-0.351735,-0.168485862827181,-0.342297977230862,-0.211702215273721,-0.166920125260236
0.122891,-0.0684203649909507,0.561406318335738,-0.236056439147107,-0.355353800832755
-1.44922,-0.381526700673918,-0.339662125719986,-0.107194913035447,0.0943247258848023
0.55777,0.166597582548757,0.202565527895038,0.086152274780422,-0.329858992366412
0.230723,-0.0920899731236513,-0.326456322493366,-0.0673264196270427,-0.150595656141568
0.404924,0.124192506249731,0.44560239162205,0.181828134445786,-0.266528018736988
-1.51332,-0.408119877558822,-0.347992251814929,0.377053646523637,0.18473190943789
0.543186,0.102313550697034,0.218734514195405,0.127071175797982,-0.331890726578765
0.191463,-0.0572633135159783,-0.296430659690871,-0.0472147563806159,-0.170078015961138
0.13624,0.0352580803297076,0.449118405019767,-0.127782581383031,-0.265245409784872
-1.26995,-0.327998960771566,-0.350376104034003,0.00876704405488943,0.00779277515614158
-0.216168,-0.0834429262053109,0.643208868128794,-0.0652192366386222,-0.242454351839001
-0.348004,-0.143098293233371,-0.354028395582507,-0.0370426804879078,-0.0247271653018737
0.704983,0.164668598093258,-0.0733540979258613,0.0123668207014953,-0.248583737335184
0.459966,0.0964565460248515,-0.276842601534744,0.212961541927554,-0.224839077064539
-0.497746,-0.171364404752858,0.765179273986913,-0.000139326235737106,-0.186305785392089
-0.408862,-0.194508246555902,-0.356796929078439,-0.348819056598459,-0.361053324947953
-0.0782644,-0.0410252448763716,0.547307943705424,-0.11203841664882,-0.631673227099237
-2.02814,-0.571448494818071,-0.371672085013556,-1.09316765351974,-0.213068570610687
0.0835729,0.0272026172742059,0.553905427487845,-0.216667680429179,-0.773607017002082
-1.83326,-0.574973335401167,-0.376139500239566,-1.07299013233819,-0.0863834776197086
0.519398,0.138757616375853,0.215598796471491,0.0893907635101672,-0.420921816273421
0.368481,-0.00381554662988986,-0.307923746007448,0.115353097636113,-0.0907518216169326
0.612329,0.157034419147907,0.45872322619348,0.15145436733049,-0.0373228013532269
-0.311429,-0.104695803532265,-0.325984768884282,0.258186146122398,0.265249531887578
0.172226,0.0522757936295552,0.660829803303421,0.359747947168384,0.149332265787647
-0.144901,-0.00818657730494008,-0.353344359159915,0.464534929790514,0.349476529493407
0.957129,0.285350280625178,-0.0588647212238215,0.372769467379592,0.103709518043026
0.818395,0.341450475786699,-0.278693657097854,0.413464612371202,0.0832086533657182
-0.144709,-0.0988603286756133,0.766169713158864,-0.103898050133671,0.116477319569743
-0.519765,-0.191928173495574,-0.353164341958175,-0.247877575355561,0.0732836304649549
-0.192965,-0.104962599611948,0.72862885687935,-0.0642387717389432,-0.0561968761276892
-0.392645,-0.134008297374477,-0.367427865023991,-0.457385087784755,0.0566439344205413
0.387805,0.117532413127319,0.56580999280203,-0.144035471518186,-0.0719983424705066
-0.826521,-0.443421215259093,-0.36356997407183,0.148272703882499,0.408672773074254
0.952777,0.445163979520095,-0.0764124107587805,0.553371609698489,0.154320052394171
0.899554,0.453092659327545,-0.279464942910902,0.65324714986678,0.34553683074254
0.679805,0.365862766417441,0.240796710402402,0.645440840893613,0.419692571131159
0.562587,0.29014268080409,-0.305861403322844,0.679112143471262,0.397943503469813
0.570886,0.226485233300206,0.4645944469473,0.430001387801222,0.264684864330326
-0.597584,-0.287352316703989,-0.334769444375431,0.373649538053374,0.470103030499653
0.0994352,0.00404614325611981,0.666530048297047,0.382672076830646,0.258789301006246
0.133243,0.0369151249138799,-0.34720722333519,0.386348710333665,0.348042508501041
0.955372,0.397096124352903,-0.0672836640822862,0.408471719847938,0.19538162092297
0.85739,0.311898368294792,-0.283059561472305,0.505001897147514,0.19636001092991
-0.0904601,-0.106626158051671,0.777323217770303,0.347684170568725,0.311122581887578
-0.10152,-0.107052704270971,-0.360881982240642,0.138033095608228,0.235927857633588
0.258922,0.0817562317866368,0.566867180974347,0.216496582536936,0.0692059484732824
-0.737243,-0.246968891705204,-0.376339446141674,0.171108034868401,0.350096910721721
0.824358,0.18877989535202,0.201690723426064,0.319705753513671,-0.000645948542678666
0.351463,0.0766799053686537,-0.313023252149456,0.3271947874762,0.180996832720333
0.687302,0.195019392625671,0.454772689467731,0.254205729950329,0.0459879170714782
-0.692332,-0.263637996848322,-0.333947203476626,0.327448813629591,0.343967953504511
0.0523862,0.0461822569594335,0.678592499597221,0.35902076244982,0.133793209923664
-0.0157412,-0.0102279570595172,-0.355412372165364,0.361880255929968,0.266553071512838
0.815422,0.30240184483986,0.21449459005238,0.223957525924015,0.112323553261624
0.609992,0.216955719585476,-0.310894559106636,0.226399441454135,0.175100362421929
0.374945,0.234498093278398,0.466580642028648,0.288512702003442,0.124905014746704
-0.665436,-0.301070440895476,-0.335514024654734,0.253126778869134,0.307293296946565
-0.0825789,-0.0197179165558058,0.673451191042633,0.265912633247421,0.139278908848022
-0.154911,-0.00158326464102864,-0.35664146171541,0.307454328264005,0.289870633934768
1.00742,0.413101833686081,-0.064706665101728,0.369480549235084,0.076277217557252
0.87919,0.366400712730457,-0.279708098654999,0.430508028545239,0.106554594725885
0.0158861,-0.0446450939645315,0.795544390760653,0.242239367386781,0.193938322519084
-0.620811,-0.104967227695659,-0.357761020992425,0.184528044898344,0.248700973490631
0.304915,0.0818834039791801,0.568308763862404,0.0936376298561792,-0.276265322172103
-0.736031,-0.284874412501178,-0.358888691136979,0.0489032535350301,-0.091142523074254
0.829897,0.236908731130031,-0.252474956841219,0.0954151955487405,-0.966842566446912
0.725828,0.301672515570736,0.350032876255248,-0.0532942075506221,-1.53838811689799
-0.261856,-0.254237453399166,0.248254187691151,0.162967719976627,-2.41236947848716
-8.82187,-5.87425409651819,1.69089955523348,-4.1083271996649,-1.07926847085357
0.428301,0.0658262280619835,0.062690814124238,0.139392575599797,-4.0217273945177
-9.91095,-5.7612898439743,2.15815174422844,-4.06388821160994,-1.0090912869535
0.630618,0.328254571794803,-0.0657756197654584,0.0761173510502668,-3.00353796773074
-0.551696,-0.552982320653449,0.558224437085252,-0.292780648224982,-1.70549013532269
0.623087,0.236250512428784,0.115249709550701,0.0857812668960031,-1.6216710981957
-2.42723,-1.41700010582552,0.862651601239948,-0.031388181799551,-0.409342902498265
0.324104,0.250134420233711,0.374775993470344,0.206006582845055,-0.976935961138099
-0.585941,-0.605734387132454,0.40609513944095,-0.454464331373102,-0.372715165510062
0.617321,0.412599177298896,0.298968875473363,0.121122186234171,-0.859631294587092
-2.89673,-1.71575826438594,0.434135944000209,0.0843827165346157,0.0477144188063844
0.845079,0.529260992311636,0.0350531924552067,0.307747314848239,-0.910717933726579
-0.22206,-0.0537977714934336,0.109517738993206,0.197552100953504,-0.503254735253296
0.70332,0.418654481973149,0.166610086178183,0.240693853897352,-0.952387034004164
-3.42616,-1.96135763395731,0.624733954100793,-0.589398162415056,-0.0158136741845941
0.433093,0.123484998573227,0.289136947169084,0.0302161392165212,-1.12451614330326
-2.14295,-1.189450616503,0.695199220752122,-0.663502858572442,-0.177704582928522
0.725419,0.448527637486562,-0.242398158614639,0.201957194130515,-0.746594834142956
0.693369,0.188738414685843,-0.0800882913014763,0.184604699098849,-0.625770510409438
0.3103,-0.0796206083772139,0.328941561917841,-0.0350631286581386,-0.877440732130465
-3.99166,-1.8135855845731,0.921324899780563,0.340436161136477,0.11279030777238
0.752078,0.243087976528597,-0.0157960988922336,0.378729497014526,-1.12271411172797
-0.419172,-0.339426693490051,0.350666925395071,-0.243252548196015,-0.6446503185288
0.557669,0.155567213841931,0.118183918217742,0.111901419205822,-1.06068039902845
-3.71815,-1.85544313839112,0.722660451189842,-0.149425321999145,-0.0223135444136016
0.317589,0.113254291776534,0.326010988841151,-0.0712379554066649,-0.951414045801527
-1.12385,-0.669468860742089,0.354710211086754,-0.151240073292464,-0.128021193962526
0.898588,0.474498306028515,-0.221770314939559,0.272068423697241,-0.484713475711312
0.733916,0.40191596346432,-0.185921064550744,0.397826137310883,-0.334427546495489
0.130255,0.102053281695315,0.414124048388951,0.153647611942461,-0.33625971963914
-1.58555,-0.950244030614312,0.46563483253232,-0.688548236777615,0.0199138632893823
0.555016,0.338850684233734,0.269907289991853,0.146584039875598,-0.669225142609299
-3.01363,-1.61184628657808,0.408904864539016,-0.340410896117598,0.409763054129077
0.943962,0.66543108134269,-0.215026409060462,0.601915618532815,-0.361506836918806
0.985963,0.551817041506786,-0.203779879909043,0.634979210122787,-0.0259562737682165
0.769215,0.539764734873465,0.0598395116725186,0.679316836909839,0.101339690145732
0.269814,0.041297933821592,0.124413692427841,0.5863782907123,0.190098448993754
0.719149,0.429714001385247,0.171481008259151,0.584281508050009,-0.197511230048577
-1.84239,-1.12243549982685,0.376817340257283,0.201017844756218,0.356046326509368
0.603994,0.322606632084895,0.386116318820421,0.330949524745378,-0.454353968424705
-0.640723,-0.48144405485772,0.185357235777871,-0.38611689511359,-0.160847268563498
0.480094,0.30358427623557,0.43045784188365,0.318764907372901,-0.587901594031922
-1.56967,-0.952910894909173,0.274764974555571,-0.470245500268823,-0.11581532685635
0.734531,0.439995841539904,0.284560526311094,0.189788634235266,-0.78930467314365
-2.43975,-1.6344312663502,0.369730889299677,-0.407146353116943,0.142055698473283
0.518057,0.33721865409925,0.37286791388884,0.298791042996124,-0.518794485773768
-0.496048,-0.406048391518423,0.124307455131339,0.254984371848762,0.0461732498265094
0.830044,0.634003951095042,-0.214744762849542,0.466331730566989,-0.19240726925746
0.842182,0.367717601046717,-0.221329027933014,0.432083376894051,-0.13554055759889
0.373824,0.192917064052687,0.463214511779781,0.264867454273293,-0.253765640874393
-1.81115,-0.711998714544339,0.30507274395246,-0.450478705785046,0.153133687022901
0.712832,0.356260337668677,0.290559578598205,0.318362108799488,-0.730135164122138
-2.68031,-1.31988626221136,0.230130251821585,-0.428284974274651,0.203691901457321
0.949567,0.503754513323863,0.0507755362583424,0.347160470874306,-0.603376355655795
0.121543,0.105847385861921,-0.0302187011908147,0.307167592588092,-0.208797764746704
0.736449,0.45756051821058,0.199471855950353,0.454758583820493,-0.475475239417072
-2.24066,-1.07931805406492,0.279529429800896,0.511108337958151,0.300165273421235
0.659171,0.45948841852702,0.0486773554513646,0.501833041459892,-0.40838516204025
0.256846,0.0652387677579833,-0.0330893769800839,0.257495368661536,-0.122062929215822
0.749373,0.378788129934546,0.207314175652554,0.252024200555764,-0.351180763011797
-1.90819,-1.03747775322639,0.23782441250412,0.140329256452482,0.265844213046495
0.374871,0.254550137088117,0.387848693235011,0.226568386476751,-0.341272841776544
-0.666222,-0.413870509229131,0.035953354321925,0.151708197712316,0.155322913601666
0.867446,0.492669920667389,-0.195837852211797,0.335394594355189,-0.232748006245663
0.739493,0.326797735939745,-0.237369231091406,0.379331926784545,-0.244480468424705
0.204233,0.124343368035356,0.494459340959022,0.106979571996521,-0.492330345246357
-1.72951,-0.815615941535224,0.142220228195071,-0.630861638017304,-0.299570767175573
0.497646,0.223852659224639,0.320746552062032,0.162302914255146,-1.2623111722068
-3.75812,-1.55531629169608,0.113636345049529,-2.13604939667468,-0.323758202116586
0.394367,0.161839480260911,0.316829899294335,0.133109349426142,-1.53019371773074
-3.28212,-1.38822103345631,0.115379699957044,-2.31234412411235,-0.3790292955517
0.601253,0.256367118108398,0.0629591514290705,0.0637746956276747,-1.12457141092991
-0.0605723,-0.0622524429319834,-0.103695182248971,0.0083681676789373,-0.625512714781402
0.563336,0.174654310086691,0.220771157292709,-0.0098372174934036,-0.79459129684247
-2.25565,-0.750983374918096,0.129384761645164,-0.166172609724519,-0.0365410497918112
0.00145012,0.0905782487351661,0.416810579461497,-0.00435127929174305,-0.609329702463567
-1.05136,-0.471560056949935,0.00791826069826159,-0.161926264812308,-0.0601155023594726
0.814563,0.260998431487901,-0.20219581449963,0.0623830116817245,-0.436030354545454
0.59072,0.141483315055556,-0.235468404758998,0.225517959046074,-0.346487373178348
-0.351745,-0.046813351285147,0.485840193441695,-0.0610820393451243,-0.364984145142262
-1.14857,-0.418763184655799,0.142992572816518,-1.19630915238309,-0.304744989861208
0.0989187,0.0475167364125687,0.456908222889935,-0.193639432138251,-0.793573594031922
-1.92503,-0.603626176701736,0.0525037783796493,-1.05017023420022,-0.315782556384455
0.41129,0.158455331634456,0.31305162410194,-0.316454656260161,-0.99695350537821
-3.07541,-1.22570238457738,0.0865568269130012,-0.481062782858502,0.0711692059333796
0.756632,0.32900708246636,-0.204703511131569,0.248033282251045,-0.66375319240111
0.539452,0.254205364184466,-0.248819808262012,0.401401352639961,-0.272554244309507
0.560177,0.255053736984905,0.0963902787996769,0.3660030295105,-0.264441191186676
-0.095205,-0.0797973753185267,-0.0502923910380682,0.26653668860635,-0.172887484038862
0.529069,0.100543766203606,0.214718038986598,0.147571732846047,-0.615550941013185
-2.83277,-0.648272141457755,0.0676707309410781,-0.195191087263757,0.116997204406662
0.0393022,0.0622021653587064,0.438563789375818,-0.194585566841924,-0.706809946044414
-1.20338,-0.375352254488313,-0.0664575607696496,-0.232507488677349,-0.185503521686329
0.570256,0.168726025260646,-0.190358364089574,-0.0254176391320001,-0.5642877611034
0.623753,0.0545768613957313,-0.255162651843497,-0.0322808081683585,-0.536800862421929
-0.0462219,0.0438886294895948,0.51318778052568,-0.144916713992578,-0.603910437196391
-1.95904,-0.679002301527707,0.0637719790904635,-0.847987577462928,-0.293449388723109
0.445611,0.109695569556086,0.3248709447124,-0.0915922772679707,-1.21666290163081
-3.79171,-1.36191842386035,-0.0295038752515672,-0.642393693432136,-0.127409501943095
0.662603,0.194035449348848,0.0615410489186512,-0.115410689957188,-1.16288426752255
-0.349052,-0.113347645439749,-0.0956077379385679,-0.123927607171501,-0.689962644136017
0.267236,0.137561370851277,0.234269102304171,-0.120928362522839,-0.873746454024983
-2.72521,-0.817539435822742,0.128604097081133,0.0339984154752402,-0.0146449012838307
-0.0804401,-0.0135926749586366,0.425714532769605,-0.0421669106690797,-0.526757231089521
-0.126447,-0.0873013733689922,-0.0129216569674854,-0.0288658656408567,-0.0663040543025677
0.954871,0.374489975924303,0.0837176586943308,0.360060257155826,-0.123358153782096
0.446517,0.156737672434633,-0.118809024682335,0.32339387230427,0.138156676266482
0.875716,0.48353221798746,0.257483273195349,0.532237669117024,-0.0357050732130465
-1.43942,-0.747386381957866,0.0726117990622603,0.471914921250958,0.572247651075642
0.586555,0.358023151045099,0.435036835199478,0.461511307025919,0.0787810327897294
-0.0461387,-0.170400391669813,0.00367590567376669,0.374198369149327,0.430515377862595
0.985937,0.580074802319137,-0.20398733649555,0.593191118726096,0.214398164295628
0.950115,0.421398072942523,-0.248237656546678,0.641166452084454,0.240008706627342
0.540681,0.321727133132464,0.546211411980919,0.503224084473028,0.191932852012491
-0.598744,-0.467820650093588,0.118239592754395,-0.0514665788569127,0.343926490111034
0.814123,0.449183489373517,0.345253799510813,0.410432435227139,-0.224093781991673
-2.16682,-1.0803548594912,0.105121362490877,0.231524064584687,0.538011281401804
0.989589,0.550436113290883,-0.121897612841645,0.488229047310126,-0.203585869188064
0.743832,0.560925010310718,-0.279446724467647,0.648418639503537,-0.00112035114503822
0.179199,0.0795012435329343,0.49713479708348,0.191181436018323,0.119065784177654
-0.31983,-0.214949055596972,-0.539061289058829,0.16043402328946,0.232799239417072
0.517261,0.275678447648271,0.360165771323122,0.341449149719652,-0.0434698646773074
-1.02426,-0.60662903961501,-0.60732490971784,0.229073704469835,0.462548770645385
0.920017,0.448605375934192,0.0508314458371459,0.454896632709994,0.0469325183900069
0.561234,0.237079869361635,-0.39256594620691,0.456955430303002,0.239292139833449
0.764805,0.370582534126771,0.279560473248781,0.483348084513232,0.110634998265094
-0.64692,-0.3843474029204,-0.565392905012053,0.517926507090085,0.425896402151284
0.476538,0.246415249136377,0.507854813038355,0.491898949378194,0.109934250173491
0.155801,-0.0845798442977634,-0.484248933629927,0.128705091048443,0.249229148160999
0.584478,0.305251392270062,0.428356977745176,0.361705290006148,0.067510054129077
-0.97197,-0.533546261353723,-0.598354540225874,0.507043235676655,0.488908471547536
0.886265,0.430380021094236,0.0977437680801629,0.498626344059544,0.087017287647467
0.609029,0.231932085087127,-0.396101847093513,0.450646001158974,0.282500375780708
0.718883,0.344159841812352,0.316355447923408,0.475016860271031,0.220891815058987
-0.538443,-0.332816351087746,-0.552555504188308,0.487457911568426,0.507752313671062
0.396465,0.200353977486584,0.558165340527626,0.495727948831561,0.27284897814018
0.117298,0.0248438026682048,-0.49091234264485,0.498251866688942,0.491471625954199
1.00214,0.459937419829487,-0.107200804885665,0.587260259310099,0.349066915683553
0.9501,0.41106195461819,-0.304754193559761,0.614837347651183,0.37668732130465
0.30365,0.105130110142599,0.67594159504257,0.463015776139311,0.415519629770992
-0.352225,-0.219669762379651,-0.547358051272191,0.664530990737673,0.534790556210965
0.634516,0.363010956949406,0.111301670382206,0.636799253253786,0.27898840388619
0.551902,0.157625866618517,-0.398154869809091,0.314734070897071,0.334446606176267
0.809562,0.310650439393483,0.330135151553186,0.374499767149445,0.187260887578071
-0.736544,-0.355686928933623,-0.556489509892196,0.462283615553967,0.51420484351145
0.438438,0.207497699346915,0.547465992417072,0.503905172867758,0.215571509021513
0.120527,-0.00856564771251396,-0.50034385009529,0.441035548851793,0.424435414642609
0.949839,0.410651342349967,-0.10346564264203,0.441571882558299,0.238829214781402
0.724473,0.363634053737124,-0.308965197295764,0.577577069804286,0.273610575641915
0.227759,0.126259999368565,0.673465636360933,0.448045368402695,0.283968453504511
-0.352456,-0.229777631788439,-0.557304446301929,0.155672385014919,0.379410303261624
0.597014,0.279658733378132,0.455426108046299,0.265861063659456,0.0983437786259542
-0.9779,-0.554419453731576,-0.618864539645298,0.264324520939876,0.604624710617627
0.894062,0.530883656849349,-0.110707027402894,0.723169392099457,0.27021909333796
0.969112,0.521620006111569,-0.313365019082798,0.72719800493529,0.432371183553088
0.932346,0.497880854918474,0.158811525918837,0.730341351157232,0.479737701471201
0.608668,0.286822839246637,-0.396180006716206,0.776183545326397,0.496560517140874
0.758337,0.349951068302939,0.346155717923975,0.657602742568284,0.25190843129771
-0.477766,-0.286952641029859,-0.562067328247478,0.460364777259949,0.411635685634976
0.391707,0.167331214208451,0.56027578598281,0.190408098957213,-0.0591045707841777
-0.00693356,-0.109457181843387,-0.49656477426316,-0.179163849484263,-0.149943130083276
-0.179603,0.0508636889725916,0.631845541450742,0.0601391546156421,-0.360141322866065
-1.06254,-0.452408245356502,-0.568483494213213,-0.530205523669868,-0.322627553261624
0.157194,0.0769745564455804,0.462177175429141,-0.302984427523548,-0.809564486641221
-2.56657,-0.83894841539117,-0.646367112310358,-0.457920144979957,-0.120158974358085
-0.0528899,0.0809007979808301,0.556082110120204,-0.190612226228143,-0.665328640999306
-0.430939,-0.261485070481178,-0.503223796084525,-0.155490487662397,-0.293008450138792
0.423122,0.156720871577912,-0.105719049470795,0.106046191037635,-0.383713922796669
0.610274,0.0709881541594005,-0.308315534027929,0.03317239163056,-0.395718011623872
-0.239563,-0.0282076119338047,0.68206613037624,-0.0892684162808091,-0.356350578244275
-1.26844,-0.474035762250756,-0.548663879552734,-0.486195443792671,-0.218438823004858
0.0682562,0.0799590765863148,0.459595778757487,-0.216060415707945,-0.752447171755725
-2.34285,-0.828031546899037,-0.634182403894517,-0.437991955125956,-0.106076240458015
0.353889,0.122101990206075,0.113014811838412,-0.124083240341622,-0.682984011769604
-0.105625,-0.107171564250331,-0.40465962607559,-0.199594771244676,-0.395224047258848
0.359689,0.14569155143504,0.336044115986522,0.00257680909718394,-0.543583299791811
-1.7122,-0.545957001174264,-0.580659685901636,0.185388565887815,0.0152854022553782
0.409638,0.115368903022647,0.132105651821123,0.0639979967431408,-0.500309949167245
-0.00359032,-0.0970058838878806,-0.406879404518055,-0.0959577923524727,-0.281356000520472
0.237337,0.167479447439854,0.363526993374665,-0.106848365683476,-0.449441287820958
-1.57224,-0.508245153034491,-0.599626743295525,-0.143802732357944,-0.0748414568008327
-0.0720809,0.0348637264117936,0.57467885666737,-0.134790822135564,-0.501344697085358
-0.792132,-0.256298967519097,-0.491101891056511,-0.150296710383072,-0.169886770888272
0.546395,0.0751693118158041,-0.102129789583014,-0.221988854514914,-0.52148713685635
0.157151,-0.0555354378604148,-0.305804417190989,-0.0277640870341583,-0.496306117349063
-0.67769,-0.031665239548274,0.687757028953296,-0.187350286546761,-0.567625444482998
-1.49035,-0.452814735964744,-0.561308649077559,-0.628106071431977,-0.512146543511451
0.150359,0.0571824948382215,0.471824814839826,-0.275931005591369,-1.09927131179736
-2.31931,-0.905547913096859,-0.636590140097614,-2.1187683616723,-0.520035943095073
-0.0474287,0.113260452839195,0.454612379625273,-0.101824525550139,-1.19542329510756
-2.72062,-0.95118749078336,-0.632827343610946,-1.71239230326736,-0.353898164122137
0.397257,0.133421595025015,0.125846239479816,-0.23844741947326,-0.907720599930604
-0.0196631,-0.0924139633550498,-0.397568834713392,-0.237846776491989,-0.510311946044414
0.201448,0.137245083932379,0.357699549469614,-0.12749883648039,-0.51288610444136
-1.3493,-0.448139286299298,-0.573560083017551,-0.0197652176509586,-0.0392791086745316
-0.029299,0.112350526351049,0.584729601712137,-0.0249277769673057,-0.30517938462873
-0.386649,-0.164807640095873,-0.495830184620303,0.0103944763604673,0.0103631441707148
0.638265,0.240739979601726,-0.10187644996475,0.15261537885493,-0.171908360895212
0.576749,0.137294387975701,-0.315143190833622,0.217917077522104,-0.150374341429563
-0.100699,0.00911318503349114,0.718520286838391,-0.181305361875357,-0.17328633240805
-0.672354,-0.259664581210609,-0.557205688848683,-0.807638485218821,-0.175954193962526
-0.277217,0.0079140327671946,0.656036341160155,-0.0826486988419949,-0.41856337092297
-1.21987,-0.36036639387513,-0.554982112337602,-0.644292485189574,-0.197282416030534
0.336485,0.163745226399107,0.472737728391218,-0.416064048809058,-0.610833970506592
-1.79952,-0.617638904755219,-0.631720046624252,-0.308880082172905,0.0637239989590562
0.598212,0.163185237603185,-0.110240076927901,0.133681244508156,-0.404069834836919
0.338744,0.0508053082867419,-0.333040393424497,0.26363626829164,-0.137865348716169
0.421122,0.168221150327892,0.171956062500855,0.163277168261766,-0.163977152671756
-0.106042,-0.0799356997213935,-0.3915266442786,0.166766525286043,-0.089570885149202
0.132724,0.0982217568244774,0.379087679990554,0.172914190976959,-0.318371946217904
-2.01666,-0.550898705324866,-0.561104059078578,0.0222031713119751,0.219803578972935
0.419607,0.144016052364337,0.592279471335658,-0.09120918551309,-0.342834575988897
-0.453634,-0.17460328444893,-0.486465171388615,0.0742826408883251,0.115778590909091
0.899169,0.268301528986561,-0.0972541931349719,0.264951468439283,-0.121768394170715
0.781881,0.254269276626882,-0.308137741373802,0.377249035886098,-0.0551806984732824
0.0165496,0.0383271751999027,0.715131383062557,0.209071390404894,-0.00395270645385144
-0.860038,-0.400770415697162,-0.531994326305504,-0.148569307456585,0.129008275850104
0.434622,0.242259287933387,0.487704831024203,0.122203432857173,-0.358635143650243
-1.73327,-0.931789304089359,-0.609714323352085,-0.0732086374480505,0.238189725884802
0.797043,0.40112281568115,0.135907498420862,0.209915897766114,-0.338784715128383
0.35111,0.080255353367905,-0.39179182315407,0.129823825442646,-0.121081816238723
0.553029,0.32274085357978,0.37849341861207,0.211492376913767,-0.253208913601665
-1.63076,-0.583436337882643,-0.583832881981396,0.248809354064168,0.272704858778626
0.260876,0.171142443438714,0.593859089128539,0.223611058223649,-0.210210366065233
-0.287061,-0.196887648353863,-0.49300255665689,0.109358559611695,0.131303688063845
0.812213,0.302685074393147,0.154804620665696,0.169408461903315,-0.0828316599583622
0.360844,0.122456143766349,-0.395828622063176,0.139862573626985,0.0544641939625261
0.508851,0.315600570289345,0.380369605902831,0.301952676713914,-0.108529039208883
-1.42277,-0.63946221402014,-0.557365245520972,0.226757650082687,0.33857941221374
0.310441,0.158934969399157,0.598016779162522,0.190631048294895,-0.107974921582235
-0.388234,-0.157440044365379,-0.486390754652563,0.192274090815759,0.239551150242887
0.885308,0.401037280089019,-0.0972648775475226,0.282029940861148,-0.0410667578070784
0.731184,0.24868793077015,-0.303854953784576,0.401966531932881,0.00604152428868837
0.13543,0.06359468588556,0.726438456053011,0.226813474982317,0.0111070287994448
-0.648173,-0.374492808125314,-0.544380623632965,-0.284453486711638,0.0732205287647467
0.375617,0.162580740679423,0.496584763383334,0.0778308630814083,-0.377071948126301
-2.25394,-0.721511425644516,-0.625076812863019,0.061340692109557,0.321590946391395
0.850357,0.325145899726998,-0.0987534969951969,0.294220004387775,-0.497821210444136
0.744537,0.275676166043298,-0.30167414412904,0.347096729441989,-0.409486906835531
-0.0138341,0.0697382890884276,0.712936474524866,0.0376615689794777,-0.398558551700208
-0.750742,-0.319849003923003,-0.548071111905052,-0.643592301465373,-0.469900467904233
0.346002,0.164340831583612,0.480345434551312,-0.0948404002973919,-1.18089998004858
-5.38859,-1.76324265286792,-0.835772724994607,0.0161901195047469,0.237293969292158
0.807612,0.20291574573867,0.136619073327386,0.0425683637351838,-1.1239136889313
0.233742,0.0115307666044807,-0.390775596908454,-0.0631385930856356,-0.547160557286607
0.603957,0.294638554270396,0.380146991979514,0.0618405099499602,-0.550956584663428
-1.20758,-0.624424947199016,-0.541994456575423,0.238947711939811,-0.0347268320610687
0.217305,0.169311686470861,0.582538131125176,0.211638872741019,-0.371684447258848
-0.255895,-0.188138999050554,-0.486789114780562,-0.238286238142983,-0.0764699777931991
0.304801,0.281883376162705,0.492795840601323,0.0320094075503458,-0.316124270645385
-1.48878,-0.764439330701924,-0.619064957560107,0.211549011791836,0.17445226370576
0.556318,0.354445043759396,0.143593836769783,0.262404642584683,-0.257416094725885
0.461998,0.0730817297011989,-0.40305068564894,0.0596493277969115,-0.083369953851492
0.543567,0.315402525487206,0.361636012370645,0.203439380338635,-0.15838471165857
-1.44259,-0.537330010392469,-0.550473459468735,0.288859035758399,0.313187754371964
0.307897,0.148463859705391,0.592150821606339,0.256597520869634,-0.0884657742886884
-0.1136,-0.1610162878681,-0.495774967553528,0.166368987532239,0.249238615718251
0.814648,0.414888610679921,-0.0980717781092531,0.352976383283046,0.147339116759195
0.771136,0.327638418009149,-0.30138217815367,0.44200907073451,0.221757263185288
0.0434391,0.022682671677873,0.709753879924115,0.427905403008148,0.354656445523942
-0.364215,-0.199243234484468,-0.532693299188749,0.619310173514839,0.515243070263706
0.96508,0.413512266823414,0.148675387402775,0.586655690672696,0.238281696946565
0.584719,0.172017423352049,-0.403545380906939,0.388471369594584,0.403663759195004
0.831413,0.31436109654156,0.37284644583104,0.536966953234614,0.272833150936849
-0.525464,-0.266066760654962,-0.536394307037789,0.499473459250192,0.551587509576683
0.458404,0.189625444276787,0.592965982926854,0.551513108523709,0.291740693789035
0.0358851,-0.0064366454771768,-0.487315919020611,0.543735152248062,0.517414611034004
1.06582,0.462006618150829,-0.0955128902555648,0.551395868745102,0.272402160478834
0.952179,0.443779843932413,-0.304440933767747,0.609773140403917,0.271741558119362
0.135393,0.111100996128387,0.708519198448831,0.50519328687506,0.333534072692575
-0.364733,-0.247513285493459,-0.527350236294166,0.108082935883032,0.373239823213047
0.655924,0.312130779589324,0.478152239316506,0.272720832795149,0.0500476252949341
-1.27172,-0.621440972169304,-0.5953937983801,0.253428862475227,0.636300873351839
0.990995,0.569847539136176,-0.105031619522695,0.68210438384153,0.198422750520472
0.906099,0.558278153952853,-0.304518259224039,0.776656718296597,0.409612292852186
0.911728,0.534523181754874,0.177828638819089,0.72940525382355,0.458641422623178
0.699218,0.369084562722564,-0.392001734297463,0.743847985588434,0.45978622519084
0.698892,0.400671010853702,0.371025061707078,0.628881167224651,0.275803696738376
-0.648347,-0.329030003537916,-0.530675365401158,0.505045324231865,0.510529233865371
0.33277,0.20248480677444,0.590241128155871,0.3378924412253,0.128872163081194
0.158748,-0.0133600295757465,-0.48072246135187,0.0654981338494051,0.149646254337266
0.260292,0.190931583925803,0.664567562227198,0.299209599688171,0.0732553424705066
-0.112591,-0.185433965864625,-0.536027327345325,-0.00378654439148647,0.152316565579459
0.663217,0.282508105269609,0.480216632086491,0.252722889929335,-0.0948417231089522
-1.23812,-0.425268730873218,-0.610577691799189,0.224571723868124,0.430970536433033
0.474022,0.216979367777093,0.564957590007693,0.464179199075599,0.0894137720333102
0.225354,-0.00859909923474856,-0.49091326098656,0.464535157908347,0.370591544760583
1.05572,0.496327489485691,-0.0958420390344388,0.546104676257379,0.248098311589174
0.915306,0.386011076307807,-0.308602887977,0.664355802738674,0.292743675225538
0.258546,0.139754561543877,0.704491315229249,0.530076752952747,0.326000661693269
-0.215367,-0.208561899755726,-0.533176942163075,0.0968995996799828,0.355261633240805
0.602535,0.3049936107676,0.479373765486689,0.356213363297613,-0.0102218671061763
-1.32504,-0.561653397478627,-0.587785336474368,0.280587020558544,0.48930179111728
0.846995,0.428637952431135,0.122867313889874,0.473051334547618,0.00975082616238722
0.612422,0.248623618730817,-0.388138087368915,0.349894667634873,0.185001261623872
0.737435,0.449841293622507,0.336755575699741,0.552374138723124,0.0843536998612075
-1.05372,-0.670614740078408,-0.534401909481011,0.686852604861162,0.518265244968772
0.794972,0.490595102482809,0.129537610643997,0.597637907494326,0.0597833976263011
0.49604,0.224769947669244,-0.386938500192286,0.386282769946425,0.22541672528279
0.76133,0.433454712113076,0.341694030113004,0.337760580523583,0.0609797126214435
-0.95026,-0.574671860679856,-0.562745553073895,0.387361014500915,0.410125869023248
0.206171,0.161698165161711,0.523122174710456,0.41377375157081,0.0958654107824427
-0.000330161,-0.0616130084707034,-0.489535593701585,0.320724157089846,0.302239126821652
0.801289,0.409558396666486,-0.112013682199449,0.402848949015618,0.136313867756766
0.790491,0.321543034586374,-0.30536818790013,0.424742632845837,0.116915627732477
0.0993629,0.0736508209614916,0.623898918704878,0.370198321972336,0.0925549319136017
-0.499167,-0.272228790728147,-0.544627020168919,0.0293104208039861,0.117872664734559
0.539229,0.234449108748671,0.409639188832422,0.335683317162178,-0.301738348209924
-1.2988,-0.732416327441224,-0.630622705099183,-1.21440969908716,0.0981031861554476
0.439447,0.272677823259113,0.389070157920711,0.405733692235266,-0.446934626127689
-1.67792,-0.741435592741834,-0.631938117776796,-0.883401853286334,0.190351283102013
0.764238,0.382983990162258,0.0764335935787712,0.334212086204093,-0.268150160027758
0.498986,0.20189562579391,-0.402676513328201,0.266107638474865,-0.00282511380985427
0.668821,0.37310847098867,0.283115884186465,0.3084173571204,-0.0558875916030534
-1.03839,-0.5718513053413,-0.573051920305663,0.393961839368418,0.386376670680083
0.295433,0.173282914977717,0.466709222065909,0.401665943158338,0.0776421455586398
0.0252518,-0.0274754715011749,-0.4828588682254,0.343882482975562,0.336838768043026
0.959455,0.484869167329698,-0.115960383796365,0.428381481976928,0.165408994968772
0.825731,0.389318931707885,-0.316327641026329,0.531679817645586,0.182050915857044
0.0729509,0.0376621057605779,0.575873316932191,0.252130393549849,0.185435744274809
-0.355528,-0.203152578112956,-0.538788758819402,-0.250611492959671,0.182967402671756
0.222749,0.0728481619533236,0.527305738559165,0.125950185116925,-0.0545513846981263
-0.499355,-0.338079824611302,-0.56434422052742,-0.33035130169209,0.114058811068702
0.495071,0.240326963390566,0.370560777366508,0.00847464460896896,-0.173502314538515
-1.46559,-0.73515956604103,-0.634990118295646,0.1734746214662,0.438596921547536
0.782171,0.497996562512333,-0.114703375576667,0.58549833720993,0.0551630454545455
0.875061,0.462239582327684,-0.309124144620407,0.62178998556501,0.268798212352533
0.781161,0.456282011862841,0.106627792975881,0.649301515179654,0.357497172796669
0.643552,0.264783464911323,-0.38292484342893,0.646997591196264,0.366315941360167
0.669115,0.375890757485126,0.272529803055919,0.521214082996208,0.215950071825121
-0.920675,-0.451667589566145,-0.577311112234612,0.468931717589492,0.540140342817488
0.217009,0.140749847674295,0.448620320545463,0.447437839556641,0.226008405968078
0.224297,-0.013501175337875,-0.47524055923918,0.357371169354712,0.340301931991673
0.852637,0.424105311036995,-0.113116268153787,0.490096547810008,0.234034149895906
0.887832,0.326649302041335,-0.30515486455666,0.506558107551069,0.199857754684247
0.104477,0.0452918942630015,0.557544671251948,0.403063899443555,0.268238951075642
-0.235395,-0.196853826440378,-0.548524422781073,0.132462957552037,0.264496631505899
0.396347,0.197293613585703,0.365273456763558,0.229844012540199,-0.0124212935461486
-0.950627,-0.414375650206112,-0.629874725662548,0.14735872327555,0.332024550659264
0.523184,0.246657364247414,0.0696088679003533,0.391516555518354,0.00842609899375432
0.432042,0.0918667526127121,-0.391871109276654,0.289295260685054,0.133339187543373
0.704558,0.246386811169485,0.249575390620573,0.282867931435631,0.062673864850798
-0.682325,-0.318144686017499,-0.575220025055386,0.380319125112553,0.417862466516308
0.365498,0.167296393230521,0.437101616402332,0.445908617204002,0.155305298230396
0.0825463,-0.0356604809231658,-0.490657115956585,0.416864740835947,0.360989860166551
0.864921,0.406563248049587,0.070170329575631,0.388701678100813,0.21280163074254
0.591496,0.275167761024695,-0.399903232405901,0.370115315629406,0.285629707494795
0.575049,0.336963984660027,0.248666246930404,0.456800086177541,0.179857760235947
-0.835306,-0.496810262715493,-0.57280943246549,0.42235588568518,0.477424329319917
0.365098,0.160237309388385,0.436464793998103,0.379568419231538,0.158198588584316
0.0170463,-0.0195892403587803,-0.47429326924031,0.378798082189008,0.362086832234559
0.911701,0.480735580025921,-0.124811997171206,0.464340920180534,0.15772296703678
0.863115,0.397028358258817,-0.301318701046194,0.489492237728998,0.134743858084663
0.0386681,0.0411583774325676,0.515833093398736,0.279347321636553,0.193831950208189
-0.569739,-0.265879283291527,-0.544639681178765,0.0586312757382318,0.237930993407356
0.296597,0.213137322523492,0.343567648402606,0.156463613821158,-0.0730961208188758
-1.19017,-0.709031275012399,-0.647921674501047,0.10994645581904,0.397968583102012
0.98259,0.51236172872033,-0.184284651506035,0.451297451710234,-0.0810067493060375
0.886749,0.444085993854202,-0.278068650915383,0.511006487890464,0.020597210999306
0.259522,0.169035867068835,0.462019493487578,0.302054614314079,0.0861737605829286
-0.579098,-0.326458174372415,-0.678612856979806,0.0488805265573581,0.199797154059681
0.608543,0.283288553833752,0.296002504930548,0.29270287982602,-0.273740024288688
-1.86624,-0.968182160663328,-0.990297525925242,0.165725315601171,0.380376451492019
0.846731,0.346685413966191,0.0655661745726251,0.416454168793778,-0.248163143927828
0.480097,0.0631191919714614,-0.369010178991875,0.306524749877322,-0.0445516700208188
0.750891,0.261742350551013,0.236681270854711,0.208222074755485,-0.248651427133935
-1.48869,-0.602282653347894,-0.674436605543907,0.358947327559972,0.236297877515614
-0.0227978,0.1872340983782,0.448122831834259,0.386271629933903,-0.152013299791811
0.0347322,-0.191952136609528,-0.492662706402927,-0.18101782308088,-0.0042434902845246
0.640278,0.233984273379104,0.299952323666514,0.0126195922012584,-0.178490264746704
-1.29398,-0.623452883164434,-0.78495445964118,0.379514088791416,0.378884333795975
0.933975,0.361184515724549,0.0303492949097962,0.48161997697408,-0.100879483032616
0.528725,0.119462914414701,-0.366604104943428,0.396776950864091,0.150048678591256
0.758955,0.304561733728549,0.192486138788097,0.428461935575765,0.0258991088480222
-1.18266,-0.643776549628673,-0.703692189452137,0.412937787637165,0.468660786780014
0.381664,0.228846864023641,0.372980449165032,0.410548365245687,0.0672247385496183
-0.0832341,-0.166174316168096,-0.495790066012844,0.32830953097662,0.38604797536433
1.00687,0.46428622437198,-0.193547303587518,0.559804539201385,0.218782152498265
0.921986,0.366479092218499,-0.256467355146666,0.585127078427891,0.273848560895212
0.400012,0.211642371088858,0.448107545014448,0.337736838014706,0.249078279840389
-0.974626,-0.576501254271751,-0.584559463971252,0.696617226855917,0.559776877689105
0.81835,0.475897445178451,0.00907102731643842,0.604939512978147,0.110048304233171
0.528496,0.100710445346195,-0.326726295928324,0.284987103205733,0.244527138619015
0.783475,0.34229033878347,0.160451890937942,0.427060845421382,0.0841196389659958
-1.17773,-0.662186104186048,-0.614591660168283,0.491773777854372,0.525731112942401
0.547626,0.291285409046353,0.366155799466037,0.446991234875925,0.108928907182512
0.0816079,-0.0507906366798852,-0.443687862046971,0.422675775085872,0.411242053435115
0.993332,0.469518467814232,-0.191303001982421,0.58581661535771,0.208829088653713
0.914936,0.356835419546756,-0.26580772557864,0.619533595671685,0.19944582702984
0.277268,0.203675293215177,0.449633870801806,0.386060917911573,0.191633343684941
-0.753446,-0.365038838512591,-0.518393544272367,0.0483122939671606,0.350079342643997
0.568683,0.31123470468858,0.241722232567178,0.260042589593995,-0.0718899986467731
-1.49586,-0.818139179355022,-0.683182041124032,0.113696453590643,0.570683028799445
0.974331,0.491946174353892,-0.202625642180062,0.648871111630715,0.106875632893824
0.910359,0.517797920545353,-0.263614535606332,0.747366367254728,0.348764545801527
0.951338,0.516481726598192,0.0458968273877545,0.70371213479172,0.395145325399028
0.610464,0.260111371851293,-0.312442875320153,0.731609740003846,0.441963724496877
0.724162,0.394800616006405,0.173997559693508,0.683914845778454,0.21366616204025
-0.903532,-0.521838460700789,-0.544183485791432,0.497749985459677,0.530753609646079
0.542753,0.253036962726049,0.390946089723607,0.395639793720798,0.0295763355308813
0.0272598,-0.136412418430334,-0.407856148466384,0.00258033670633784,0.138962399722415
0.430193,0.270103335670471,0.408327047535611,0.372537876139821,-0.0497238046495489
-0.502976,-0.303902724228359,-0.486057599322526,-0.0161630998049709,0.151244077723803
0.665452,0.267909607226225,0.243119884282989,0.257456659666454,-0.210611020471894
-1.43413,-0.641271092939754,-0.633357421081785,0.110028447958665,0.393310848369188
0.510028,0.26591008624318,0.338049074022316,0.398618091895604,0.00136598223455936
0.133981,-0.0600568889330858,-0.41393147835181,0.432657934794717,0.342162772727273
1.07457,0.450896625769457,-0.204016990275812,0.569630667565064,0.211573920541291
0.860441,0.372770085537401,-0.276594096610041,0.706415409320752,0.307971702637058
0.430194,0.245697673114392,0.450364991558752,0.495590929198237,0.294544142262318
-0.429238,-0.203990248862304,-0.44460695178656,0.227612815283572,0.443199201943095
0.683403,0.296760306049365,0.252867569180928,0.44959402052751,0.0283080017349062
-1.06713,-0.560675931242407,-0.580874383963114,0.266481042716741,0.514482325121444
0.902035,0.374826238625598,0.0130257332803077,0.544309089000767,0.0851386863289382
0.686778,0.16747359315039,-0.311843542358837,0.458814187916514,0.231029456280361
0.764932,0.351448435382569,0.180530823483804,0.658319713126259,0.0982857068008327
-1.11212,-0.68552717884829,-0.465390424491499,0.727968188156868,0.535122753296322
0.904876,0.450736397119405,0.0277962402177141,0.550774819987554,-0.00220199392088829
0.454808,0.159957046717785,-0.307048897704102,0.342515733936256,0.148360098612075
0.562109,0.365982720698455,0.198788743245959,0.37042890311282,-0.0293009521165857
-1.53206,-0.781814944064114,-0.495960602699834,0.411225551038892,0.417373712942401
0.451872,0.251394068021088,0.405607105885755,0.265132939319319,-0.0699663010062456
0.00841992,-0.159915879722759,-0.388145568511132,0.207945167506987,0.242270308639833
0.760225,0.315236448860399,-0.21215662629598,0.411293023572083,0.0699013239070091
0.825481,0.227723285177559,-0.291092738041093,0.406494659762952,0.00691160773768218
-0.0307223,0.0994385995662113,0.494434735873048,0.362356143186323,-0.025768432685635
-0.756014,-0.482847841557376,-0.441148245814647,-0.184851678992877,-0.00336230371269949
0.659696,0.250753754973123,0.281727720611076,0.175497060023013,-0.594098587085358
-2.03247,-1.02323826355552,-0.562607270429191,-1.50918262632172,-0.0239883589521166
0.369207,0.315676167635286,0.268072732490667,0.355360622315175,-0.779097164989591
-2.24061,-1.2387082435721,-0.579314118102725,-1.3225809544396,-0.00436355692227616
0.746222,0.436919084796614,0.0127099009248522,0.150892990178778,-0.584411161086052
0.222596,0.0924517952547793,-0.327397561175188,0.145953979892129,-0.230246393390007
0.586162,0.284390373908311,0.186421555516965,0.0983557382171143,-0.348821042765441
-1.52755,-0.602436924971661,-0.466905763672484,0.236163507507807,0.209147985513532
-0.00696975,0.151823003569597,0.374928222294386,0.225404991475824,-0.138492789729355
-0.088321,-0.11238020229672,-0.366601250037803,0.134581595458185,0.123185336832061
0.840962,0.244463035914468,-0.21300126428526,0.281988207083191,-0.0252765932512144
0.720261,0.154984897608177,-0.287940607846818,0.350681784525996,0.00611781844205417
0.106681,0.107081577937657,0.478794510790011,0.0978007668695423,-0.0561663840215127
-0.866465,-0.36914532901284,-0.406510885821832,-0.565266952709407,0.0617534426613463
0.0876175,0.146408738476292,0.419325030889479,0.0935448877853027,-0.284107688063845
-0.932574,-0.503101794517927,-0.426533018405688,-0.717093007442328,-0.00348107755031224
0.615942,0.278000648053889,0.25221250060408,-0.195958487238005,-0.399058432165163
-1.82086,-0.822797186666178,-0.493021507680284,-0.0267799357313763,0.387030334316447
0.822899,0.522281664124764,-0.210674741533668,0.564923575388439,-0.0533544942748091
0.799814,0.445655434450047,-0.291652637830406,0.655560936907338,0.263351074774462
0.932175,0.51168884995456,0.0671082658844671,0.668817379799048,0.327100026266482
0.565135,0.18862085139196,-0.298467853149289,0.702735397956846,0.432978040423317
0.845875,0.332022162198483,0.187523607358141,0.631954186603489,0.223334892609299
-0.855825,-0.458477000928012,-0.423784570679884,0.466121028760764,0.583988667800139
0.473845,0.231595247221883,0.397323432226484,0.474664852420277,0.155929229701596
-0.0680213,-0.135661269992265,-0.383075214117209,0.394311967876114,0.350680132026371
0.875381,0.294896256753861,-0.198714876891103,0.357215149612714,0.0480848386537127
0.637573,0.226269576974856,-0.2879053359558,0.441637990774779,0.0105315909090909
0.0544511,0.140430083563192,0.478960830188337,0.247616035499422,-0.084570228834143
-1.07738,-0.536738160007262,-0.410104344459819,-0.34636527292557,0.0326159462179043
0.497678,0.206599140767021,0.274990083852963,0.0147382258445606,-0.583773647744622
-2.56401,-1.05721849851222,-0.526620543109692,-0.145530334619862,0.224390197952811
0.658045,0.326683752776621,0.0201703785772468,0.235440832791165,-0.459590957841777
0.308328,0.0481932323317079,-0.300106536069041,0.174630710168622,-0.128743806696738
0.685045,0.354726073639715,0.19431857105198,0.248401595996463,-0.171936363636364
-1.13245,-0.538974447890566,-0.415152806391658,0.413127827423623,0.365493424705066
0.521927,0.304647128672292,0.394396079321584,0.409691988717191,0.0052758216516308
0.117238,-0.0917904652378524,-0.371709113246645,0.304540965243667,0.318257690492713
0.882705,0.377381400682651,0.0338865382691743,0.348348357492446,0.160835594725885
0.351925,0.0328239040749381,-0.306878471505649,0.410691675406508,0.309317650936849
0.630347,0.199846427942893,0.197554608210172,0.417222239374051,0.150673714434421
-0.654307,-0.327152739645287,-0.406159710529577,0.279818316638345,0.448300661346287
0.363739,0.123147847976776,0.364947379180812,0.355205454917909,0.166717394170715
-0.325204,-0.159727769735476,-0.37011339514724,0.431444022752245,0.478623596460791
1.10144,0.384906446576087,-0.207456259916882,0.535861653577939,0.178329056210965
0.92815,0.364680692087727,-0.284448694551193,0.632217225903998,0.259969794240111
0.380769,0.267278662851784,0.48471404863876,0.459079138232281,0.285374948993754
-0.306523,-0.299675371663359,-0.377274817823734,0.0723704650155617,0.351681926092991
0.68933,0.367045466314049,0.265838810961062,0.357539583065169,-0.0492097307425398
-1.63658,-0.806326905267471,-0.473262123946437,0.324251834768397,0.5788829944483
1.00026,0.493555220612986,-0.204216657516206,0.55379238868044,-0.0347267002081887
0.89698,0.427036135123546,-0.288897164972945,0.599585917048051,0.107912369535045
0.381007,0.306554454049776,0.499567840345686,0.361497030806036,0.190615399722415
-0.366815,-0.241978922992709,-0.389596363479498,0.149684001491215,0.32645865648855
0.6732,0.353475602236804,0.279696412384544,0.453874764971674,-0.048260160999306
-1.29844,-0.629050051008344,-0.493338032610201,0.284718533312121,0.534651336571825
0.965965,0.446324043880055,0.0248835908659699,0.557060212395961,0.0394093761276891
0.644395,0.181097007848408,-0.318720159642205,0.486626606538022,0.237261042331714
0.842353,0.373556016748731,0.188486111010527,0.559246262018197,0.0956058448993754
-0.819939,-0.366121822655478,-0.399435950942532,0.596529107208853,0.470054360166551
0.563172,0.267873511309641,0.373090274306788,0.564937542947371,0.0858925218598196
0.258317,-0.0588410415939426,-0.367043341582462,0.108873967085492,0.226657989937543
0.661502,0.300092791263218,0.283736875289951,0.397917559142443,0.0161405038167939
-1.29161,-0.595338328495163,-0.477494321223349,0.537397771823273,0.5093573185288
0.823136,0.368024953673828,0.0182200052719374,0.564785740378638,0.0334742990978488
0.541713,0.128068643948587,-0.311145296548794,0.469721991342525,0.262526256766135
0.821422,0.270834495118332,0.186404776065301,0.484746720030581,0.178699764399722
-0.515373,-0.258807653920118,-0.402651364752294,0.423894558403039,0.495110893476752
0.500749,0.22943763790211,0.389137016738653,0.507926434905535,0.222531726578765
-0.127341,-0.0332366814824804,-0.369813012054042,0.525784150226967,0.52963381054823
1.00698,0.338737349448186,-0.203153043984483,0.565714598591126,0.329001822345593
0.928254,0.344372254185807,-0.295280444319639,0.597473744954824,0.390216371963914
0.356278,0.24586417312262,0.484492625421155,0.465445585248024,0.430182489937543
-0.345199,-0.23764594946821,-0.378766348437084,0.709592783170837,0.592029133240805
0.877256,0.415306494311933,0.0251277998706989,0.646590801874201,0.285408155447606
0.575999,0.157964879816213,-0.319772544719907,0.402637693515728,0.394690902151284
0.802457,0.380303222067537,0.18178762218846,0.554094696203465,0.240745607564192
-0.819106,-0.399989154375521,-0.394977116044571,0.527520781307531,0.597036914989591
0.632848,0.314103088342968,0.379715843080613,0.518352676493639,0.238403561415683
0.10062,-0.0515838829761519,-0.36555556219078,0.488862180403032,0.52019123351839
1.00341,0.473420536297888,-0.202179293400866,0.619696536014805,0.313898282095767
0.935377,0.462357008046233,-0.291350932199805,0.658592585253321,0.31972074184594
0.471361,0.303166140256939,0.489882124858451,0.505110767458646,0.296964126648161
-0.434927,-0.336162953303037,-0.385056019252034,0.0822643315605859,0.422288263011797
0.694034,0.388571375749456,0.279478994425882,0.379602020116184,0.0164315551700208
-1.52403,-0.814092009512332,-0.474514537170122,0.28312448927476,0.653254400763359
0.961041,0.549028963115382,-0.202473862119456,0.682437012291475,0.157592574947953
0.962564,0.523232948390389,-0.297066386361225,0.719631341306367,0.365235388619015
0.896491,0.536721953189046,0.0691978290806692,0.712723914614092,0.425533466759195
0.529377,0.289600450887845,-0.283783293983507,0.749631168232125,0.482930076335878
0.785293,0.428990572790381,0.197702712874501,0.682539323275695,0.245708411519778
-0.716221,-0.379517739180423,-0.394835033115279,0.497578529945119,0.555114508674532
0.605209,0.316085197118627,0.398116667523761,0.456612330050563,0.0933580045107564
0.0362572,-0.119482047149716,-0.360809126574164,0.079037462853889,0.212830518736988
0.500459,0.313696103272565,0.450014142035249,0.429958379843246,0.00823698466342815
-0.454558,-0.240038331744953,-0.383105730355933,0.0430192139626814,0.218397908049965
0.715118,0.289007587960442,0.27303681296711,0.33561726578308,-0.136731941707148
-1.24063,-0.515326232199793,-0.454663693935287,0.129507660472157,0.423923526717557
0.582569,0.289162099391502,0.374768537505815,0.4317469488022,0.0379531534351146
0.0346288,-0.0574093247949624,-0.355173516761976,0.494563837992426,0.396374599583623
1.01831,0.450439892846863,-0.202916618781215,0.624997079380353,0.246857531922276
1.01463,0.426374306015054,-0.289098956296898,0.630552207301605,0.291760595766829
0.438913,0.275888324286027,0.482164121534442,0.50380365154603,0.305329228313671
-0.526815,-0.216020346133557,-0.355977530144256,0.221437962874062,0.466891492019431
0.726462,0.259637115662418,0.283695487498978,0.484121648444299,0.00923459847328238
-1.08047,-0.489896073518169,-0.469968741680996,0.224961987379344,0.513852278278973
0.932734,0.291472371970501,0.0279062833879993,0.553829176298668,0.066062671408744
0.642276,0.107012263903788,-0.311396249603636,0.452276523045999,0.221593068008327
0.794528,0.30062701845189,0.194510621651437,0.679750390517422,0.0737431811242192
-1.2783,-0.795176680097418,-0.382720874035532,0.718700878627071,0.576569186675919
0.940926,0.514753727990707,0.042094421178994,0.56518262356148,0.00842613983344893
0.389879,0.092669633876313,-0.306643056332154,0.398119814293776,0.237802794934074
0.634609,0.340616965853023,0.203390257117026,0.479929189097474,0.0886192057598889
-0.966287,-0.49940819190368,-0.363943943239927,0.411366703667581,0.453353560721721
0.676199,0.301795449444879,0.401220848640162,0.349323153845455,0.0341468705759889
-0.162525,-0.0646466313566894,-0.352923513535405,0.387500720653065,0.398527354614851
0.878111,0.353255433405588,-0.213519033043306,0.374214047433853,0.13606027203331
0.68628,0.248495543542046,-0.289398297834444,0.467518038379942,0.162136456627342
0.102899,0.132466969027357,0.488252535225221,0.35857598386295,0.119674836224844
-0.529149,-0.246879910934851,-0.34605869068184,0.00134952560331705,0.183339934767523
0.725455,0.333248268824231,0.288806488453106,0.454100042919412,-0.272924975017349
-1.30986,-0.623990724537153,-0.461465853221635,-1.22773230401716,0.212091777931992
0.667014,0.349538341246395,0.295065996440885,0.521600482285366,-0.397188891394865
-1.56073,-0.69584458837801,-0.459703043208227,-0.99266535072019,0.261126933032616
0.922483,0.421433392136249,0.0319792296487636,0.46253786935992,-0.244121534698126
0.505297,0.159641935152394,-0.316897666857616,0.340636409244189,-0.00292243893129765
0.764928,0.40964871256219,0.202573322705349,0.366006660259882,-0.168553404233171
-1.67821,-0.726665642369587,-0.387087553325026,0.447679381424135,0.416214384802221
0.187232,0.145539675772253,0.397588765190062,0.310175142746139,-0.0273367761970854
0.136706,-0.0570850708997988,-0.346399982421055,0.194321486250799,0.226690226231784
0.727861,0.352172683484595,-0.206068932212265,0.406691214203252,0.177535993407356
0.856204,0.289254590541887,-0.29087112211457,0.416784492633281,0.186368708188758
0.412768,0.25381171160556,0.502011984250395,0.436481002754699,0.1233358240805
-0.436024,-0.244620791016692,-0.348943823830202,-0.532559704072401,0.238111924705066
0.501059,0.260937134308348,0.434312210113207,0.386304517415486,-0.143272315752949
-0.864749,-0.335525533125821,-0.367902089129773,-0.390931588023159,0.134200115197779
0.777044,0.346163985149917,0.282686200362303,0.0849482332702348,-0.396610108258154
-2.44983,-1.25726682881082,-0.465824736339584,0.187635388930545,0.521605612421929
0.94819,0.546264580888031,-0.214099791796901,0.590570696159477,-0.128828836571825
0.92739,0.504136370418471,-0.293442528591578,0.674808575342844,0.191916713046496
0.792446,0.530179553573684,0.0659441432401601,0.681915566484615,0.311003624496877
0.524684,0.253756396664185,-0.291035027779089,0.703170521358288,0.387663780707842
0.803257,0.346321008668414,0.200230430361216,0.565713601420458,0.187745054476058
-0.895908,-0.384390666011089,-0.391374437293346,0.435410628114583,0.581138365718251
0.353968,0.268120451301477,0.405728665022438,0.482511524100922,0.221539083275503
0.0262058,-0.0578731143787765,-0.350240700544684,0.397878878073459,0.424371918459403
0.980124,0.412395735243653,-0.201913581069275,0.500513845997781,0.235947600277585
0.824022,0.31004893533438,-0.299285166256463,0.605487233795558,0.287609442054129
0.40641,0.23724429816741,0.514945792538104,0.471839605928657,0.275582396252602
-0.335202,-0.243175669800282,-0.359254643543017,0.140453651758739,0.385953605829285
0.669708,0.311083655471877,0.291077155730021,0.436557261628026,-0.00319978424705073
-1.24547,-0.56135602853252,-0.438962269359551,0.27730616174049,0.510027004510756
0.88735,0.365917823372341,0.0337143559971604,0.533077304132899,0.0295340625607216
0.609309,0.187499849688908,-0.29336557640368,0.448802398433984,0.211299824600972
0.779506,0.363310999152318,0.194457232288376,0.543725674150032,0.126974503643303
-0.847333,-0.412275956712351,-0.344844793069808,0.496856505906618,0.532232970680083
0.628053,0.33650363509458,0.390492807662967,0.516684224040498,0.134607575468425
-0.0131527,-0.0761512107458656,-0.348393491044918,0.428382162897196,0.433069181818182
0.914749,0.43624764808854,0.0339253537087176,0.535494100415291,0.223384431089521
0.529249,0.182425192125444,-0.309161845753424,0.420224879064466,0.326985664469119
0.834366,0.452711691631654,0.201374847546549,0.538225147780754,0.128223338306731
-1.20157,-0.655805638829831,-0.383664811796798,0.490261813209007,0.604135807078418
0.593757,0.33209339196704,0.371641590741947,0.484250841421094,0.139451691464261
-0.0112931,-0.122576619461483,-0.348835729082063,0.419078208974234,0.459713247397641
1.01931,0.561669299712431,-0.197059731180087,0.57654533236857,0.242198204892436
0.935689,0.457292936001694,-0.292708085929957,0.618835102940612,0.268401857564192
0.53989,0.335628836482182,0.474935646500279,0.477762772338982,0.219977406141568
-0.742114,-0.3916810015163,-0.370640699418996,0.124826612304462,0.430349030707842
0.763785,0.407878341336229,0.26427785904109,0.393106855730974,-0.109486263393477
-1.55729,-0.86700078380488,-0.471138672420736,0.206652754203645,0.533047562456627
0.99972,0.542781317943036,-0.170446777895541,0.556637429934578,-0.0627703681471199
0.981097,0.435374242416818,-0.270949771760997,0.559152852451306,0.0266460801526718
0.311973,0.180092463600134,0.505115609055762,0.257483760265139,0.0917049073560028
-0.812975,-0.368420089370532,-0.526557963691067,0.0690856300062353,0.295890391047883
0.66215,0.282498129469298,0.301296516564913,0.292593905061504,-0.196163086051353
-1.38721,-0.732800943118195,-0.705507868724377,0.050420216406917,0.418386817140874
0.848488,0.352301420182899,0.0414757273952443,0.424904387118264,-0.0700615687716864
0.505962,0.12154895002967,-0.350738340622353,0.409917011325212,0.136708317140874
0.746142,0.329730879967287,0.201237326199289,0.437730745880864,-0.0095199705065926
-0.858499,-0.437475939891608,-0.561968048376026,0.475706767535603,0.367759232130465
0.508247,0.255097907003364,0.423628971727455,0.453986235632714,-0.0194399455239417
0.0819278,-0.157205475198205,-0.433664131290739,0.0565032525732045,0.145338349410132
0.612009,0.270103562537468,0.261352466233836,0.311702482476453,-0.12284008778626
-1.58455,-0.774880344628505,-0.697399821971457,0.474248214603938,0.432074117626648
0.918172,0.367960040501636,-0.00654629960315716,0.471723284125178,-0.147248443789035
0.451502,0.157823235366193,-0.317401765865885,0.412349841339616,0.107612205065926
0.77028,0.345674341429532,0.15194550365411,0.403130151785889,-0.0453544098542679
-1.28295,-0.703714595335818,-0.549160971146127,0.378253764346256,0.432738593684941
0.368245,0.247601995715541,0.346649351436697,0.366729628556807,0.01263090388619
-0.162116,-0.170153655090639,-0.390345389453596,0.3335844770556,0.365210143997224
0.978625,0.488044903272855,-0.204591472155912,0.535391995412145,0.199418858778626
0.965004,0.366616933897973,-0.275048368580835,0.523022931043409,0.24969258778626
0.423968,0.210521080443546,0.419147257130412,0.311245401010646,0.237080652324774
-1.08426,-0.518348832683574,-0.421716140194532,0.724935845404254,0.585838914642609
0.892793,0.442327748472719,-0.0121058652092011,0.600442484968443,0.0988951561415683
0.584889,0.073127306763671,-0.27967588330925,0.323050484956456,0.242224136363636
0.722178,0.247665090715131,0.121700608750462,0.448280242899259,0.110987759195003
-1.01719,-0.438097034349641,-0.461463981871813,0.47719665441379,0.483877215475364
0.381482,0.214355850208077,0.328543513683669,0.453311767753498,0.132246289382373
0.105886,-0.0555512138578125,-0.353725463887089,0.382056746780073,0.373734104094379
0.885331,0.378455665894546,-0.208209917089929,0.572156118271857,0.20719759333796
0.955743,0.295723438360428,-0.280781237951516,0.504804083973865,0.163749186328938
0.353537,0.216701376667489,0.40711009362995,0.362591211571307,0.144197858778626
-0.977639,-0.36762277892474,-0.391322718204216,0.0459598529723577,0.370539334142956
0.58093,0.297999480895288,0.202736962771875,0.321372906767191,-0.102678757807078
-1.43785,-0.738326235206892,-0.509351133188886,0.0300402498319122,0.543732892088827
0.999152,0.437122983887129,-0.204437315099575,0.632133682325352,0.0847540034698126
0.927334,0.453938273968566,-0.277688486006808,0.724403626575321,0.307397194309507
0.867274,0.489265932821239,0.0205580499384589,0.709026899882841,0.353567248403886
0.464584,0.219537890010052,-0.265917651835752,0.703749731650513,0.404011431818182
0.743369,0.384909997562532,0.124415411069172,0.615404453818637,0.11582012647467
-1.10868,-0.43028192280002,-0.400630062172807,0.451161885129727,0.481400905447606
0.486747,0.225132087425702,0.327688933915027,0.374441391335676,-0.0660191459056211
0.0445469,-0.145909150254241,-0.3319511667737,-0.092442732289333,0.0240794427480916
0.400335,0.216375510366778,0.360956127993526,0.309363057414935,-0.178573875503123
-0.772128,-0.363417655202652,-0.376697984926293,-0.124430773977162,0.0537150891741846
0.500675,0.272127950492107,0.196919267502821,0.258412475357001,-0.356904930603747
-1.78596,-0.700367461708808,-0.454993075789869,-0.0262913699384744,0.318842546842471
0.59877,0.266314892306336,0.27423420319588,0.245139960428676,-0.156646641429563
0.0281353,-0.131330667727487,-0.334304750515166,0.331149571184227,0.260893990631506
1.06327,0.455345638872275,-0.211044676646006,0.471508669502812,0.09704984888966
0.737505,0.326294382007576,-0.274339694820107,0.676238287400253,0.222125442921582
0.449799,0.198694331740724,0.368636494778292,0.409949577642931,0.146166275676613
-0.615812,-0.385058880550403,-0.33041653586735,-0.00984607771169002,0.31870548074254
0.584941,0.319744297899021,0.196762095555087,0.421890492610236,-0.169500407945871
-1.67479,-0.799954092986697,-0.454567957806809,0.13620554154851,0.438182397293546
0.928244,0.405552413768198,-0.0267248896578529,0.457290469878253,-0.130580624219292
0.446014,0.169169564802034,-0.284115291079832,0.417042210255637,0.14165859611381
0.773795,0.443551450135451,0.120652848475634,0.620172545168102,0.006384207147814
-1.11376,-0.686251434137747,-0.34229563999084,0.664346769894508,0.502584642262318
0.865879,0.442765529017959,-0.00910596720717472,0.560244457942258,0.0173695402498264
0.418826,0.157059689805265,-0.278527968994966,0.45751402212994,0.238303136016655
0.66564,0.315048760323518,0.133177020299876,0.471584453080149,0.0974572820957667
-0.906313,-0.416956001536227,-0.342619957083393,0.381336615338423,0.461942914989591
0.515833,0.230746752703036,0.307185089364839,0.38867972069868,0.102856403539209
-0.13729,-0.0853309251451441,-0.320386573715172,0.418764627284254,0.444978646079112
0.988714,0.44492438288316,-0.209865164587049,0.567263219599444,0.180247758848022
0.923823,0.430572963456927,-0.282050737296045,0.587657349729504,0.1818035
0.407451,0.269177496825512,0.39717029802137,0.43455230334323,0.0491945270645385
-0.684935,-0.542274435307402,-0.333723899414278,-0.0709705404391489,0.12196213462873
0.739054,0.420112338247736,0.214940622749197,0.475027710588114,-0.52203809611381
-2.26998,-1.25164948866275,-0.465456278850386,-1.49989395660062,0.114424383414296
0.644717,0.383297556323895,0.21469223593106,0.499583529969537,-0.769321902151284
-2.43292,-1.35491838080032,-0.424384639891967,-1.3561377974064,0.171117096460791
0.955704,0.590501027578506,-0.0135029026975703,0.384153340693347,-0.472748099583623
0.443407,0.107419370208448,-0.294927918926353,0.368801390949582,-0.0526416138098543
0.774544,0.378776522016962,0.128106207132557,0.488621053155263,-0.103719029840389
-1.15386,-0.635143921762519,-0.356739106787966,0.435213800102584,0.465901972241499
0.648586,0.305137066356415,0.30351146776883,0.431368825260215,0.0401055083275503
-0.157098,-0.138141165887814,-0.317415449998599,0.442195157317726,0.466265658570437
1.09535,0.514363493728765,-0.211544592271721,0.568002010475952,0.209353261970854
0.928636,0.449892864601681,-0.279318621302568,0.648066261460569,0.250868056210965
0.435512,0.277867928931761,0.397340438894466,0.382755143067843,0.154462671755725
-0.81154,-0.378409662788931,-0.310365119542352,-0.0714534132068363,0.340690148854962
0.472839,0.239564263853343,0.350809888025795,0.357778242894248,-0.103470492019431
-0.586291,-0.327401644885712,-0.347313881968122,-0.485426260064588,0.170375037126995
0.608814,0.312063538099027,0.20810464727639,0.16219820320761,-0.180673490978487
-1.54467,-0.723062152726594,-0.387784743156921,0.192527217614477,0.48318412630118
0.981933,0.474161467836417,-0.213753288439096,0.558456179720291,-0.00739096287300492
0.67555,0.413536782588704,-0.284550440799681,0.732398077596574,0.304605804649549
0.917937,0.442881936022756,0.0216182266207912,0.663689122212948,0.254934488549618
0.472503,0.16137124540546,-0.259421600644651,0.623302454393837,0.318396085704372
0.770575,0.414698375297604,0.12498383626286,0.564019188484534,0.0372158164469118
-1.56983,-0.957898522953172,-0.35683768368879,0.32077776394468,0.530233191880639
0.431255,0.31529472216226,0.324339607102531,0.348166516199296,-0.0379141956974325
-0.397033,-0.299567039088739,-0.347106940432868,0.28312665831788,0.331219338653713
1.14199,0.535627368130466,-0.201693927471745,0.362210890760134,-0.013105333795975
0.776058,0.409371547435266,-0.28546029029589,0.573707852105647,0.0744328400416378
0.119751,0.190526815478194,0.419307704784105,0.318785892800429,0.0535754840388619
-0.900307,-0.54811601571889,-0.317892270127075,-0.143762233697271,0.2111623462873
0.642442,0.375185129206759,0.218232297769263,0.278217186496837,-0.34553926370576
-1.90786,-1.07425553560965,-0.40929790411831,-0.0541804715544245,0.352969798750867
0.96197,0.543286255589045,-0.016824201496667,0.423442884921223,-0.309040776197085
0.25395,0.157286627848557,-0.286033471555395,0.408496488655285,0.0115513504510757
0.834797,0.456379599440992,0.131208878763172,0.39464349991921,-0.188487402498265
-1.39313,-0.862741300174725,-0.298614737615683,0.305552112162329,0.365833641221374
0.406365,0.324443731713983,0.310048678703424,0.382739304837958,-0.122487066273421
-0.355425,-0.249783909246177,-0.314673558026727,0.26559114350474,0.2495169944483
0.889201,0.498503721723597,-0.0114012150844385,0.334903111615836,-0.0109747051006245
0.383128,0.15629494207002,-0.286936458603508,0.26605509543456,0.149074671582235
0.666012,0.432186587913191,0.132582278402025,0.404278967493742,-0.0468237892088827
-1.42276,-0.633363425400965,-0.355751895273178,0.382836905111422,0.459020621963914
0.374293,0.261463538621127,0.298738498273327,0.353412459944551,0.0229389425746009
-0.0161321,-0.151652214035807,-0.315351383884313,0.220512116678389,0.319184153365718
0.88183,0.427779963721707,-0.212058099095122,0.467401003249114,0.154038466516308
0.784582,0.264942837506349,-0.284071775964327,0.552600712126639,0.210414907529493
0.56481,0.220288829601006,0.397280452882926,0.402913183597463,0.150453969986121
-0.558765,-0.394875793843632,-0.282069605744264,-0.0175000267740507,0.301601355829285
0.603449,0.318893924447746,0.213533970542194,0.400275334925318,-0.1771718907356
-1.79103,-0.922045361608602,-0.359858938860431,0.24706782905153,0.4245200111034
0.960184,0.591719303290359,-0.0436399411982902,0.203513551905329,-0.258307233865371
0.953009,0.438915377043562,-0.274745809719084,0.240678254404759,-0.236056007286607
-0.676272,-0.25426641464058,1.16478023393896,-0.143315473261767,0.0528416315058987
-0.385949,-0.219453226476893,-0.385509098222626,-0.236537974793879,-0.119154014920194
-0.022348,0.092303360192432,0.895372325435004,-0.204572494880235,-0.291008710270645
-1.45176,-0.611208070715799,-0.606345327376919,-0.0361410673349361,0.156946358431645
0.660892,0.381133077860164,0.397149714534572,0.000862059999008569,-0.264584436502429
0.622102,0.168039060665243,-0.322755918340586,-0.113197433151538,-0.164724692123525
0.301865,0.226657371618068,0.731801130559183,-0.117215558810349,-0.188425570263706
-0.790798,-0.268980036368425,-0.50228810751769,0.255916089281399,-0.037258378036086
-0.626664,-0.0714077577509963,1.09319549040223,0.0158131883713663,-0.125737080673144
0.180935,-0.0158387702107882,-0.371598749737903,-0.543820732273962,-0.276891702116586
-0.0866397,0.0888714901087224,0.913770269336356,-0.380342430807959,-0.24454972796669
-1.46336,-0.590107110353511,-0.595616315749456,0.177364591706406,0.156835731263012
0.748475,0.371177863817595,0.412893114824539,0.121465121835331,-0.252162225468425
0.675206,0.132912862925654,-0.302337430866168,-0.0677979819450054,-0.0693612532963219
0.347245,0.261105968206482,0.739648026761382,-0.0287491097547565,-0.00928743511450385
-0.752688,-0.279714921180507,-0.48876574905339,0.274968883648396,0.164468782373352
-0.44334,-0.0481613269003926,1.06010060755386,0.244820781482688,0.101157480048577
0.0652757,-0.0200751427682815,-0.344847531801423,0.251841444536064,0.165929977446218
1.02544,0.553655477974202,-0.0567401730145872,0.147711531375406,0.0439668592990978
0.992709,0.345926884102754,-0.276490391839555,0.228879761218093,0.00514582564191532
-0.891326,-0.376871711468904,1.13397050009762,0.390223121638478,0.330378167418459
-0.38336,-0.270381619283417,-0.404972880000118,0.494651511573525,0.165786310027758
0.57756,0.322668768549706,0.364737894293887,0.231545165923898,-0.0147813660305344
0.51904,0.157003980954646,-0.273089816702785,-0.115451090807049,0.0139898750867453
0.290207,0.239677085210616,0.691124121003273,-0.000295277933534038,-0.0475694975711312
-0.983316,-0.380012698714809,-0.469214876963214,0.199338229944887,0.139006882026371
-0.360254,-0.0399105541011148,1.03908940382878,0.130519188327994,0.0158610603747397
0.0101094,-0.0106870763746149,-0.349923008583509,0.193651517969032,0.073059907702984
0.909041,0.570266015835879,-0.034492584612151,0.04605543582627,-0.0982039347675225
0.898369,0.340068945404961,-0.280606719713877,0.165267072977401,-0.172390651630812
-1.05985,-0.358675290126103,1.17594832600889,0.126627745240849,0.171772404927134
-0.228494,-0.201604304507685,-0.386544222493935,-0.263620253647629,-0.112282360513532
-0.165611,0.000251324729705567,0.89757761007057,-0.329253650788556,-0.101045523802915
-1.28999,-0.593923133943552,-0.527062729849618,-0.0133960493954935,0.347581793199167
1.00036,0.548950659081242,-0.033464426701504,0.301457490863535,-0.012159349410132
0.972807,0.410056046796599,-0.295135779930193,0.457783191713877,0.178940010756419
0.691912,0.421429209452203,0.465216508744573,0.406163244534314,0.286030749479528
0.520814,0.227818588980187,-0.283599999640838,0.61521642020017,0.169109324774462
0.227892,0.165335514401883,0.718115139800214,0.190956456027122,-0.00472930048577379
-0.745584,-0.246474299929027,-0.417487106412059,0.215765896172296,0.0132606766134629
-0.619614,-0.190387222516515,1.07314409426486,-0.499258516771655,-0.234190016655101
0.157414,0.0178584579370442,-0.346334584183899,-0.45725459023357,-0.577274625607217
-1.13665,-0.38762850467731,1.12737933345206,-0.48362142278626,-0.344720426439972
-0.391009,-0.198130091815753,-0.401824230267019,-0.50404312942229,-0.575188979181124
-0.38022,-0.00866253536081902,0.87340142961354,-0.633634292785118,-0.559478958362248
-1.43984,-0.559261300557426,-0.505346774389184,-0.406044072072092,-0.222361476058293
-0.463218,-0.106111887544152,1.02329005462354,-0.314818729969981,-0.270563239764053
0.108072,-0.0246366328358203,-0.346968867988466,0.0932070229192696,-0.133411243927828
1.01853,0.606273031992478,-0.0155214465510618,0.01635828841832,-0.19082009333796
0.970581,0.381998517103922,-0.292838027817524,0.153875155570233,-0.237663586398335
-1.02604,-0.460556277502606,1.22335379235501,0.0339830962450998,0.0767154816099931
-0.468711,-0.205753551690233,-0.376718838468006,-0.238931225957786,-0.204024630811936
-0.38333,-0.0760368602711627,0.876529649758936,-0.344414640170455,-0.305043696391395
-1.25253,-0.53037578342261,-0.494827210463789,-0.221065847373663,-0.00999924774462181
0.490469,0.319795684978997,0.40922619739676,-0.139842853259296,-0.309614088480222
0.489833,0.108980552301933,-0.317945145771873,-0.323353670643915,-0.194720811242193
0.195887,0.27256687511919,0.74405946748886,0.0568689479601514,-0.151609090215128
-1.28166,-0.615026847577722,-0.413479746415907,0.43151078702976,0.202656055863983
0.525663,0.357313953065718,0.410669510819988,0.0972944032223785,-0.202698925329632
0.462176,0.0794853476648223,-0.315334073554051,-0.199757792706925,-0.10371503573907
0.149752,0.200907306030849,0.726953733763064,-0.202588879142644,-0.107945604094379
-0.935392,-0.327036949221924,-0.412666745093636,0.143105194913796,0.0490693067314365
-0.512937,-0.108324304785191,1.05934890460425,0.0754189687800569,-0.0356679587092297
0.0385612,-0.0410853647406787,-0.358059509698453,0.140468135030597,-0.00059184212352538
0.871956,0.599179663951646,-0.0153903217575026,0.00050601896276975,-0.154702402498265
0.935191,0.384462841851997,-0.289791607058577,0.0678854142104981,-0.303826446217904
-1.27069,-0.465179390172381,1.23289631303362,0.0637860511063511,-0.00173770194309508
-0.437417,-0.193494171367733,-0.376447202696871,-0.273966056800713,-0.375223764052741
-0.243547,-0.0890115522873552,0.877730239474167,-0.358485198209705,-0.501531431228314
-1.25283,-0.530488160081051,-0.502318860528968,-1.01139436810609,-0.275721462873005
-0.288385,0.103669993279683,0.910130992410864,-0.273949889560229,-0.513224906315059
-1.16808,-0.531780098369109,-0.486606228615646,-0.971307320079097,-0.140253149895906
0.578362,0.332218862199864,0.406380270639038,-0.163969947103463,-0.354513780707842
0.606513,0.189333969496438,-0.323789157999902,-0.177177812654766,-0.208156794587092
0.208703,0.173387961605864,0.727445443771869,-0.187903273881694,-0.141211745662734
-0.765801,-0.331199712466115,-0.411382518503117,0.126252442745512,0.0057587838306731
-0.862668,-0.237169664199498,1.08904699726848,0.165005638250488,0.0350779312977099
-0.023294,-0.0277006455913445,-0.356501340337616,0.155619416358791,-0.0328516058292852
1.04164,0.644068995430922,-0.00551567035266683,-0.0771924998201776,-0.218716928174879
0.827734,0.422395712758868,-0.299137200502371,0.0779336654846987,-0.299040702637058
-1.09354,-0.5679600089969,1.21214401789486,-0.860303707638507,-0.0953063518390006
-0.409157,-0.241579558069644,-0.378188266207284,-0.371892712934532,-0.478198798403886
-1.28596,-0.608466662579423,1.10909457656003,-0.784404008193194,-0.301270196738376
-0.479895,-0.185621376788869,-0.401778876568415,-0.550183729135829,-0.469507948993754
-0.401523,-0.0706571450124112,0.872160712922117,-0.64066359172849,-0.371737055517002
-1.21914,-0.618437236275576,-0.466370837228086,-0.210729262407003,0.0742019526023595
0.890831,0.579652048399386,-0.020794366644201,0.117631043853877,-0.144433636710618
0.952037,0.422972198213111,-0.301185318803506,0.34740242559175,0.0433359829979181
0.409061,0.359507661821258,0.457880702468948,0.30622733600179,0.214574344899375
0.517707,0.197699170022431,-0.299133040193345,0.501994339023158,0.0883893986814712
0.0272104,0.105563152458682,0.733750044236224,0.0207631311848922,0.0538420312283137
-0.710863,-0.279850317851026,-0.387838469910482,0.0629756777026674,0.0752409302567661
-0.930437,-0.32978927229682,1.07105572250403,0.11381160733331,0.0957405294934073
0.104747,0.0281894821091412,-0.348935793205817,0.159120023620389,-0.0365055281054824
1.03094,0.65884799548639,-0.0151779289257362,-0.011840687698392,-0.181344737682165
0.900569,0.462414727199997,-0.303562259487743,0.112134106183897,-0.250685584524636
-1.21381,-0.56643939274706,1.25389203422681,0.07603300234734,0.0894910929909784
-0.365996,-0.204409208043618,-0.348460242955414,-0.28863629537727,-0.263738741186676
-0.318433,-0.111639943684744,0.902497609362154,-0.38306485214349,-0.326883865891742
-1.32335,-0.612526317395075,-0.450734395299768,-0.185458618499889,-0.0399268599930604
0.533293,0.314059102754756,0.407100117042264,-0.189490624892288,-0.413436295454545
0.518458,0.16176523224994,-0.308214907253577,-0.31822334429369,-0.346292678174879
-0.0570371,0.13528497794531,0.713811070283455,-0.30413207849517,-0.269239718251214
-1.11465,-0.410202503261906,-0.37497725927045,0.0384314172773933,-0.111141526648161
-0.928328,-0.278757979590605,1.04429291455557,-0.0374009722396554,-0.137313859125607
0.021275,-0.037363200997275,-0.339699622855264,-0.0386064030054606,-0.199293684247051
0.542614,0.283275101287738,0.389678955039799,-0.20132693763187,-0.200117338244275
0.458733,0.185237943357666,-0.309131342990351,-0.0929011009209959,-0.158798589278279
-0.0792503,0.144214034445032,0.723588810807884,-0.0312044134860637,-0.104203410999306
-0.844974,-0.259545245522444,-0.373797090507931,0.068635111378794,-0.00757360964607917
-0.688601,-0.19339406405322,1.07594364854102,0.0172155675400261,-0.012305848369188
0.00839678,-0.0253522120573959,-0.33137545273836,0.0841038661634957,-0.0417196875433727
0.980253,0.624523358701348,-0.0314483880692549,-0.0306048210473869,-0.228710503122831
0.894224,0.430288029307227,-0.29869105933575,0.057543550922999,-0.318706081818182
-1.33502,-0.559400416423814,1.23449565755572,0.00651414276809587,0.0450886247397641
-0.612895,-0.260821566199837,-0.319020021500397,-0.377551785097557,-0.301519823282443
-0.319956,-0.113801366665033,0.867316663725702,-0.544501949245984,-0.400518071068702
-1.47738,-0.708433690511561,-0.400649029630059,-0.259559996691937,-0.0114910926439972
0.947749,0.609956163261173,-0.0439100240029735,-0.189599173630938,-0.552105239764053
0.870155,0.432171466766181,-0.298296325534161,-0.0920018565809003,-0.552996842817488
-1.38969,-0.54067400084598,1.22377040704779,-0.310320416743454,-0.110289650242887
-0.556,-0.329763190650835,-0.334695969956817,-0.523158415007283,-0.449910062664816
-0.419277,-0.138018722153746,0.874216287496911,-0.553829709721275,-0.5360580111034
-1.7671,-0.728708031750615,-0.444370224725293,-0.311457774613227,-0.0974965704371964
0.503174,0.321289017762072,0.40309326520233,-0.271855238320815,-0.523521199340736
0.525178,0.148719974811413,-0.308529349531039,-0.372998225083946,-0.424836645211658
-0.0206916,0.137875246869743,0.710938995310772,-0.315582511561234,-0.366999875954199
-0.987322,-0.331321291513006,-0.358891663974606,0.0760239421947707,-0.240258889139486
-0.808355,-0.248557530728545,1.05809031250058,-0.290069914029781,-0.307911147640527
0.0728685,-0.0155668499021164,-0.319025172291486,-0.726040417963329,-0.467658890319223
-0.481699,-0.0559578332890484,0.87482064796099,-0.530190709721169,-0.340844116238723
-1.31532,-0.557862609100026,-0.422660019869323,-0.0220427088879289,-0.0609727205412908
0.576751,0.296540203914731,0.396239657586287,-0.0740157082889688,-0.374772376925746
0.58836,0.167065030641566,-0.293482675270069,-0.271482125385831,-0.233017605655795
0.0714011,0.177609294725864,0.713478865640689,-0.178312192705671,-0.13597010444136
-0.969726,-0.316258989580719,-0.334647845977185,0.143317882316713,0.014008220333102
-0.634561,-0.190796447629945,1.06069748828999,0.0704316818537866,-0.0299598584316448
0.0577457,-0.0154586575494107,-0.328984674243644,0.12739597303857,0.00384397345593329
0.978306,0.6218997427384,-0.0293774417086333,-0.0103844542641617,-0.102343836224844
0.965143,0.427858938582054,-0.298950199486788,0.0862817016873081,-0.182998322321305
-1.40172,-0.639241495337138,1.21622928340473,0.328772796959763,0.254630409767523
-0.513867,-0.274035256492189,-0.327249988466684,0.404324719379249,-0.0109165963740459
0.500058,0.283055251003196,0.374085062815101,0.0142735025784501,-0.175288263341429
0.473448,0.209360648881617,-0.299875901810583,-0.251312715039258,-0.145701111988203
-0.00302113,0.0875984397758011,0.701998579767041,-0.201221668028958,-0.135075987682165
-0.709708,-0.246475815916132,-0.348386130236746,0.00660783603086472,-0.11646909741499
-1.07925,-0.292365513870578,1.06234193728135,0.0683329830607943,0.0145580186502429
-0.0205409,0.0124857815190684,-0.321922744337131,0.115706594983464,-0.0859513359646079
0.984397,0.647226889826733,-0.0215672757341155,-0.0763875857494919,-0.240160153383067
0.913263,0.474399386816235,-0.301464534622255,0.0196426267040255,-0.29813434074601
-1.27736,-0.558419563477525,1.25213609221577,0.0548257677780929,0.0896120754684247
-0.433397,-0.234606090266481,-0.316561194267564,-0.315870263611798,-0.215160035565579
-0.278859,-0.119219055147707,0.887737236533727,-0.455398934990135,-0.197690478105482
-1.35137,-0.655688915708794,-0.427511814143367,-0.15728637225792,0.2590249953588
0.965064,0.579701634449149,-0.0240003718664391,0.156813519951883,-0.0897368705926482
0.930252,0.403180130389955,-0.301404467305914,0.31224687813926,0.16900582548136
0.528584,0.389910870663727,0.460725482148116,0.415705978895117,0.444008774443369
0.56132,0.301976443549527,-0.276054170818142,0.835866649940886,0.479754594725885
